	res_adaptive	time_adaptive	w
0	(1.0677309785538869-0.060172159704730964j)	0.3091902732849121	0.001
1	(1.2732707770781453-0.3292996984974985j)	0.2897179126739502	0.09632793136320304
2	(1.3719006810206995-0.4968353097458192j)	0.2831149101257324	0.19165586272640608
3	(1.44229335951642-0.6419608352648407j)	0.2830970287322998	0.2869837940896091
4	(1.497765849668434-0.7742129348764515j)	0.29149484634399414	0.38231172545281217
5	(1.5416652666164496-0.896756111463343j)	0.28548502922058105	0.4776396568160152
6	(1.5747684877823287-1.0128214806627782j)	0.2803530693054199	0.5729675881792182
7	(1.5987419199692785-1.125525728702094j)	0.281419038772583	0.6682955195424213
8	(1.6161226644545597-1.236003419586829j)	0.2833530902862549	0.7636234509056243
9	(1.628353251320322-1.343346007977035j)	0.28095102310180664	0.8589513822688274
10	(1.6349796659133093-1.44661764080025j)	0.2819669246673584	0.9542793136320304
11	(1.635128833376004-1.5463824800347128j)	0.2810630798339844	1.0496072449952334
12	(1.6289612295244575-1.64397880702604j)	0.29201793670654297	1.1449351763584363
13	(1.6190146112343953-1.7396868042237412j)	0.2815079689025879	1.2402631077216395
14	(1.605399558974846-1.8325611178262189j)	0.28145909309387207	1.3355910390848424
15	(1.5880261766202748-1.92172900099463j)	0.2815978527069092	1.4309189704480456
16	(1.5661103213390721-2.007666739875033j)	0.28308820724487305	1.5262469018112486
17	(1.5399022356584664-2.0915422200830434j)	0.28040099143981934	1.6215748331744515
18	(1.5105492988984832-2.1736871000313363j)	0.2805318832397461	1.7169027645376547
19	(1.4786872551227435-2.25325404286795j)	0.28139281272888184	1.8122306959008576
20	(1.443743371106463-2.329428929778731j)	0.278994083404541	1.9075586272640608
21	(1.4048818069421039-2.4024712488667284j)	0.28130388259887695	2.0028865586272637
22	(1.362263807048549-2.4731923819874995j)	0.2796750068664551	2.098214489990467
23	(1.3169308967005209-2.54167211799373j)	0.2866780757904053	2.19354242135367
24	(1.2695471499421302-2.607013547867433j)	0.28006601333618164	2.288870352716873
25	(1.2197555160098685-2.6684516717568054j)	0.2799339294433594	2.384198284080076
26	(1.1669784502179794-2.726275593393834j)	0.283038854598999	2.479526215443279
27	(1.1114928782081954-2.781329194382075j)	0.2835080623626709	2.574854146806482
28	(1.0542776332720514-2.8338224505886402j)	0.28513526916503906	2.670182078169685
29	(0.9958701389816726-2.883082567395386j)	0.28041696548461914	2.765510009532888
30	(0.9358193931067762-2.9285255997385895j)	0.2827179431915283	2.8608379408960913
31	(0.8734671806656868-2.970455897930769j)	0.28124475479125977	2.956165872259294
32	(0.80896238660743-3.009588506066744j)	0.2804241180419922	3.0514938036224972
33	(0.7431379248455052-3.045985153617388j)	0.28362607955932617	3.1468217349857004
34	(0.6764782023336375-3.0788851516843194j)	0.2822849750518799	3.242149666348903
35	(0.6086346436904432-3.1076531522387514j)	0.28331613540649414	3.3374775977121063
36	(0.5391404757662533-3.132535146522792j)	0.2811851501464844	3.4328055290753094
37	(0.46830142578427664-3.1542143691193174j)	0.28514981269836426	3.5281334604385126
38	(0.39701810565894463-3.1728225991514507j)	0.27983593940734863	3.6234613918017153
39	(0.3257900422586264-3.187783987397545j)	0.28043484687805176	3.7187893231649185
40	(0.25427074337418354-3.1986696105333503j)	0.28034305572509766	3.8141172545281217
41	(0.1819588079779399-3.2058492432804986j)	0.28185176849365234	3.9094451858913244
42	(0.10904463960711608-3.210024260621798j)	0.28133296966552734	4.004773117254528
43	(0.03625739089795099-3.211295598781661j)	0.28090596199035645	4.100101048617731
44	(-0.03603754288087513-3.2090486719744113j)	0.2816951274871826	4.195428979980934
45	(-0.10820706315062556-3.2027952184802255j)	0.28012990951538086	4.290756911344137
46	(-0.1806765223778708-3.19280335263694j)	0.2806568145751953	4.386084842707341
47	(-0.25315426163847043-3.179672952257472j)	0.28401684761047363	4.481412774070543
48	(-0.3248287127754853-3.163479896646562j)	0.28624582290649414	4.576740705433746
49	(-0.3952563221171197-3.143702999254063j)	0.28144216537475586	4.67206863679695
50	(-0.4647244052538392-3.120009719218382j)	0.2808542251586914	4.7673965681601524
51	(-0.5336151678294101-3.092810492260835j)	0.2834618091583252	4.862724499523355
52	(-0.601686248139893-3.0627990659948736j)	0.28494882583618164	4.958052430886559
53	(-0.6682631435401337-3.030118504041404j)	0.2827479839324951	5.0533803622497615
54	(-0.7330581069461344-2.9942911029304273j)	0.2813889980316162	5.148708293612964
55	(-0.7964579002534046-2.9549811912850688j)	0.28552818298339844	5.244036224976168
56	(-0.858876722369101-2.912519484656141j)	0.2810680866241455	5.339364156339371
57	(-0.9200667736321033-2.867476224136366j)	0.28383922576904297	5.434692087702573
58	(-0.9789306026918658-2.819803059346726j)	0.28568387031555176	5.530020019065777
59	(-1.036308967546581-2.7693189831979064j)	0.2854959964752197	5.62534795042898
60	(-1.091292542537234-2.7154505934633257j)	0.28074097633361816	5.720675881792183
61	(-1.144593612492559-2.6587195400368104j)	0.2861330509185791	5.816003813155386
62	(-1.1959350851570945-2.5997898794255003j)	0.2832331657409668	5.911331744518589
63	(-1.2446696236654444-2.5388572543526373j)	0.2794530391693115	6.006659675881792
64	(-1.2905449230235861-2.475421836873392j)	0.2857217788696289	6.101987607244995
65	(-1.3340685152995293-2.4094356562148005j)	0.2807612419128418	6.197315538608198
66	(-1.3755130554589194-2.341227014940992j)	0.2808818817138672	6.292643469971401
67	(-1.4147269355286864-2.271385373880679j)	0.28217196464538574	6.387971401334604
68	(-1.4510558326264746-2.199942701168327j)	0.3009359836578369	6.483299332697807
69	(-1.4844902833323141-2.1265264777023654j)	0.2864682674407959	6.57862726406101
70	(-1.515133262069097-2.050846599135003j)	0.28427624702453613	6.673955195424213
71	(-1.5433599051276505-1.9733379109771814j)	0.2824971675872803	6.769283126787417
72	(-1.5688942470556817-1.8946104991986608j)	0.28064680099487305	6.8646110581506194
73	(-1.5911452231634118-1.8147999925040574j)	0.27948498725891113	6.959938989513822
74	(-1.6099225454006092-1.7335890584297649j)	0.2814362049102783	7.055266920877026
75	(-1.625620914212639-1.6508708020995142j)	0.28174424171447754	7.1505948522402285
76	(-1.6386276931266464-1.5671113067567104j)	0.28769397735595703	7.245922783603431
77	(-1.6487783879482802-1.4828986851046553j)	0.28136110305786133	7.341250714966635
78	(-1.655600319910616-1.3983039794590462j)	0.28016114234924316	7.436578646329838
79	(-1.658981292064923-1.3129394225505733j)	0.28153491020202637	7.53190657769304
80	(-1.6593180928805882-1.2266308578124958j)	0.2821202278137207	7.627234509056244
81	(-1.6569385379855426-1.1397797758000858j)	0.2791268825531006	7.722562440419447
82	(-1.6516045836345365-1.0529293756284566j)	0.27843403816223145	7.817890371782649
83	(-1.642794142635019-0.9661635242710396j)	0.28026604652404785	7.913218303145853
84	(-1.630239610758763-0.8791229178504996j)	0.2801826000213623	8.008546234509055
85	(-1.614738197971832-0.791896037109424j)	0.2822449207305908	8.103874165872258
86	(-1.596250471672921-0.704819408738271j)	0.2822229862213135	8.19920209723546
87	(-1.574451776336287-0.6184038978429075j)	0.282228946685791	8.294530028598665
88	(-1.549873982263619-0.5330919401225318j)	0.28003787994384766	8.389857959961867
89	(-1.5215809157454225-0.4481842091124335j)	0.2796790599822998	8.48518589132507
90	(-1.4903467099284622-0.3636792161700121j)	0.28189921379089355	8.580513822688273
91	(-1.4565417113126296-0.2799724843043629j)	0.2808709144592285	8.675841754051476
92	(-1.4199897983321934-0.1975443061206984j)	0.28107500076293945	8.77116968541468
93	(-1.380259757778208-0.1164131172420988j)	0.28056883811950684	8.866497616777883
94	(-1.3378142991841102-0.03646995062735764j)	0.286466121673584	8.961825548141086
95	(-1.2914984381184509+0.043018137874318685j)	0.28151679039001465	9.057153479504288
96	(-1.2432170507484974+0.12091693518788876j)	0.28000783920288086	9.152481410867491
97	(-1.1920024729253962+0.1970414157737964j)	0.28362298011779785	9.247809342230694
98	(-1.138397595568628+0.27093735764051136j)	0.2803680896759033	9.343137273593898
99	(-1.0815732585115558+0.34330126109581527j)	0.28310394287109375	9.438465204957101
100	(-1.0223354519001688+0.41407956553118386j)	0.2814140319824219	9.533793136320304
101	(-0.9611202469051645+0.4823720608597952j)	0.2959442138671875	9.629121067683506
102	(-0.8977104650589292+0.5492651483937477j)	0.28069615364074707	9.72444899904671
103	(-0.8318743880279625+0.6132880759346441j)	0.2802248001098633	9.819776930409914
104	(-0.7636061026739339+0.6753118829245717j)	0.2812683582305908	9.915104861773116
105	(-0.693348299535305+0.7354283112613029j)	0.2872741222381592	10.010432793136319
106	(-0.621427355626338+0.7932281687602782j)	0.2858569622039795	10.105760724499522
107	(-0.5476894619378954+0.8482524425692026j)	0.2802770137786865	10.201088655862725
108	(-0.4718220809114339+0.9004916985360222j)	0.2869760990142822	10.296416587225927
109	(-0.3939170481642502+0.9502496005724002j)	0.2824211120605469	10.391744518589132
110	(-0.3144956784843318+0.9975790037920675j)	0.282059907913208	10.487072449952334
111	(-0.23396161029260784+1.0420886349500664j)	0.2841770648956299	10.582400381315537
112	(-0.15223644214962423+1.0833958786995646j)	0.2803168296813965	10.67772831267874
113	(-0.06906927198461765+1.121592533197807j)	0.2803478240966797	10.773056244041943
114	(0.015429663759068235+1.1570734928626065j)	0.2793281078338623	10.868384175405145
115	(0.10077910587431049+1.1899621484247982j)	0.28179097175598145	10.96371210676835
116	(0.18665301405650697+1.2199189397835581j)	0.28081703186035156	11.059040038131553
117	(0.2732032930652645+1.2465863099510892j)	0.27972412109375	11.154367969494755
118	(0.36072035818537856+1.2700377825104578j)	0.2824440002441406	11.249695900857958
119	(0.44909778434842956+1.290609474887414j)	0.2796158790588379	11.34502383222116
120	(0.5378344064640863+1.3083584728477495j)	0.28295397758483887	11.440351763584365
121	(0.6265598353111388+1.322915219288535j)	0.27953314781188965	11.535679694947568
122	(0.7153522848790633+1.333942469038586j)	0.28140711784362793	11.63100762631077
123	(0.8044146011854714+1.3415702699782583j)	0.28307008743286133	11.726335557673973
124	(0.8935794252814075+1.3462092303107673j)	0.2792041301727295	11.821663489037176
125	(0.9823357526615617+1.3480002812392111j)	0.2819678783416748	11.916991420400379
126	(1.0703576738038287+1.346666780289043j)	0.28316807746887207	12.012319351763583
127	(1.1577895298314034+1.3419517040694258j)	0.2813539505004883	12.107647283126786
128	(1.2448986332309362+1.3340228726541463j)	0.28017115592956543	12.202975214489989
129	(1.3319462773498678+1.3235899431016227j)	0.2902491092681885	12.298303145853192
130	(1.4173453214179714+1.3097823025301134j)	0.28928208351135254	12.393631077216394
131	(1.5019078916983946+1.29323242847704j)	0.280163049697876	12.488959008579599
132	(1.5853738434435498+1.2733393512971127j)	0.28244519233703613	12.584286939942801
133	(1.667939431817156+1.2502706124332894j)	0.2802560329437256	12.679614871306004
134	(1.7494150663233854+1.2244391812616615j)	0.2802700996398926	12.774942802669207
135	(1.8292911265632308+1.1959874742833043j)	0.28328704833984375	12.87027073403241
136	(1.9071946974978053+1.1647697869073106j)	0.28548312187194824	12.965598665395612
137	(1.9834459206671902+1.1303385839156124j)	0.282581090927124	13.060926596758817
138	(2.0581096951255264+1.0932148052258253j)	0.28091001510620117	13.15625452812202
139	(2.1311252160952483+1.0537534836849045j)	0.28228020668029785	13.251582459485222
140	(2.202067494563762+1.0120861285622775j)	0.2805607318878174	13.346910390848425
141	(2.270697169960763+0.9679445961888218j)	0.2830681800842285	13.442238322211628
142	(2.337185663405156+0.9211164997975159j)	0.28078222274780273	13.537566253574832
143	(2.4017555402220605+0.8718122599126318j)	0.290647029876709	13.632894184938035
144	(2.4642357076240473+0.820445246354073j)	0.2806119918823242	13.728222116301238
145	(2.5241520757452354+0.7671456319105833j)	0.2837541103363037	13.82355004766444
146	(2.5812318636175764+0.7116933593526487j)	0.2809159755706787	13.918877979027643
147	(2.6356293725171325+0.6539634554691572j)	0.2810189723968506	14.014205910390846
148	(2.6875727062523374+0.594258463327215j)	0.281505823135376	14.10953384175405
149	(2.7369340329084246+0.5330585537958021j)	0.282289981842041	14.204861773117253
150	(2.783323250606113+0.4705290980494157j)	0.282329797744751	14.300189704480456
151	(2.826567705338852+0.4064605563932515j)	0.2842752933502197	14.395517635843659
152	(2.866900334884178+0.34071409356767424j)	0.2849700450897217	14.490845567206861
153	(2.9045858430608744+0.2735489951328858j)	0.2823519706726074	14.586173498570064
154	(2.9394979635242082+0.2053822474614726j)	0.28677916526794434	14.681501429933268
155	(2.9712291703347145+0.13632727629728603j)	0.2820699214935303	14.776829361296471
156	(2.9995771527644837+0.06616432643105208j)	0.2815868854522705	14.872157292659674
157	(3.024734613182897-0.0052089242253667845j)	0.2833988666534424	14.967485224022877
158	(3.046931070364315-0.07747148395755721j)	0.2824242115020752	15.06281315538608
159	(3.066038633538695-0.15014185031929195j)	0.28167200088500977	15.158141086749284
160	(3.0816976994532572-0.22304877995157701j)	0.28218579292297363	15.253469018112487
161	(3.0937919006869663-0.2963623857975044j)	0.2885148525238037	15.34879694947569
162	(3.1026052949544054-0.3701584014414756j)	0.28156018257141113	15.444124880838892
163	(3.108440769468759-0.44413104614190946j)	0.28384995460510254	15.539452812202095
164	(3.1112245228441155-0.5178573970658367j)	0.28373026847839355	15.634780743565297
165	(3.1199067331927584-0.5833003376155652j)	0.26165294647216797	15.730108674928502
166	(3.106540441690391-0.6645069924822611j)	0.2813870906829834	15.825436606291705
167	(3.099217927518329-0.7377509347732922j)	0.28073716163635254	15.920764537654907
168	(3.0889118773459012-0.8106621872102238j)	0.2825007438659668	16.016092469018112
169	(3.0755080422300427-0.8827925215777683j)	0.2812988758087158	16.111420400381316
170	(3.0586810946900647-0.9540002515079693j)	0.28036999702453613	16.206748331744517
171	(3.0383615837844093-1.0244478151046525j)	0.28543901443481445	16.302076263107722
172	(3.014868435192649-1.0941754752936232j)	0.2845571041107178	16.397404194470923
173	(2.9885264487422756-1.162848542711953j)	0.28401994705200195	16.492732125834127
174	(2.9592917165164567-1.2300519419465088j)	0.28095102310180664	16.588060057197332
175	(2.9269350806915-1.2956824648152372j)	0.28432512283325195	16.683387988560533
176	(2.891416695054802-1.3599910744298058j)	0.2804837226867676	16.778715919923737
177	(2.853070317608554-1.4230683261845427j)	0.280764102935791	16.874043851286938
178	(2.8121860396401153-1.4846280234005875j)	0.28135085105895996	16.969371782650143
179	(2.768679554861404-1.5442780548211208j)	0.2795827388763428	17.064699714013347
180	(2.7222682794250916-1.6019360446743836j)	0.27957606315612793	17.160027645376548
181	(2.670694479980573-1.6578787740207832j)	0.26172304153442383	17.255355576739753
182	(2.620995937987146-1.7118868137392482j)	0.28052401542663574	17.350683508102954
183	(2.5668027680486274-1.7638841532374754j)	0.28316736221313477	17.446011439466158
184	(2.510325300119467-1.813381969403712j)	0.30538296699523926	17.541339370829363
185	(2.4513663021150642-1.8603201966953675j)	0.2922518253326416	17.636667302192564
186	(2.3899824378566676-1.9049348773108097j)	0.2810401916503906	17.731995233555768
187	(2.3265620200531583-1.9473236594750545j)	0.27941393852233887	17.82732316491897
188	(2.2614350942362074-1.9872260811194242j)	0.2798001766204834	17.922651096282173
189	(2.1945539654571697-2.024315333953536j)	0.2879970073699951	18.017979027645374
190	(2.1256861887997713-2.058583032724785j)	0.27849507331848145	18.11330695900858
191	(2.054853508560554-2.0902735897953977j)	0.2832069396972656	18.208634890371783
192	(1.9824124474859213-2.1194549700414376j)	0.28375768661499023	18.303962821734984
193	(1.9086769825524579-2.145825564895189j)	0.2824671268463135	18.39929075309819
194	(1.8336181154670215-2.169028464510563j)	0.2845289707183838	18.49461868446139
195	(1.7570624291099648-2.189042710974423j)	0.29103612899780273	18.589946615824594
196	(1.6791103066880793-2.2061172105105955j)	0.29677796363830566	18.6852745471878
197	(1.6001855694695637-2.22034923710458j)	0.2887611389160156	18.780602478551
198	(1.5206400906049924-2.2315008833147463j)	0.2824711799621582	18.875930409914204
199	(1.4404555943827715-2.2393041699604446j)	0.2862510681152344	18.971258341277405
200	(1.3594486820134917-2.243824187499033j)	0.2845890522003174	19.06658627264061
201	(1.277687760953427-2.245364605192874j)	0.286865234375	19.161914204003814
202	(1.1955448667250401-2.2440401194266753j)	0.280548095703125	19.257242135367015
203	(1.113313711268769-2.239605324576224j)	0.28174805641174316	19.35257006673022
204	(1.0314469580587935-2.2321670106697757j)	0.2853271961212158	19.44789799809342
205	(0.9482594546264536-2.2205845437821323j)	0.28032708168029785	19.543225929456625
206	(0.8653735287258778-2.2063124886115086j)	0.280501127243042	19.63855386081983
207	(0.7827097472991904-2.189060822705189j)	0.28507113456726074	19.73388179218303
208	(0.7006111407792841-2.168610333707511j)	0.28075170516967773	19.829209723546235
209	(0.6190647200814179-2.1447407703533106j)	0.2800559997558594	19.924537654909436
210	(0.5379216300643258-2.11757720638293j)	0.28118014335632324	20.01986558627264
211	(0.4572896458017667-2.0874719315014527j)	0.27988409996032715	20.11519351763584
212	(0.37755039829388837-2.0545841991501135j)	0.2829740047454834	20.210521448999046
213	(0.29897770523231215-2.018731123379212j)	0.28000402450561523	20.30584938036225
214	(0.22149298032071219-1.979709163353097j)	0.2836008071899414	20.40117731172545
215	(0.1449069427450439-1.937631766786947j)	0.279926061630249	20.496505243088656
216	(0.06931819779130388-1.8928161413361269j)	0.2866671085357666	20.591833174451857
217	(-0.00488037920516593-1.8453798451424317j)	0.28432607650756836	20.68716110581506
218	(-0.07738913828572891-1.795124292827381j)	0.2809460163116455	20.782489037178266
219	(-0.1482463232748773-1.7418691108953372j)	0.28181886672973633	20.877816968541467
220	(-0.21759466855617138-1.6857809439664315j)	0.2851719856262207	20.97314489990467
221	(-0.28530694278127755-1.627240132821692j)	0.28200602531433105	21.068472831267872
222	(-0.3510014435660538-1.5664322190049966j)	0.28033995628356934	21.163800762631077
223	(-0.4144284981321737-1.503223529911429j)	0.2801988124847412	21.25912869399428
224	(-0.475694515827949-1.4374881950711627j)	0.28101420402526855	21.354456625357482
225	(-0.5350063812531386-1.3694161589321592j)	0.2817819118499756	21.449784556720687
226	(-0.5922892365998876-1.2993710870228308j)	0.28028106689453125	21.545112488083888
227	(-0.6471999574825446-1.2274951593035317j)	0.283038854598999	21.640440419447092
228	(-0.699508088094096-1.1536153350411487j)	0.28352999687194824	21.735768350810293
229	(-0.7493062710698797-1.0775870190741437j)	0.27993083000183105	21.831096282173498
230	(-0.7967619059507525-0.9996052541180729j)	0.28286004066467285	21.926424213536702
231	(-0.8417560985936721-0.9200568489238913j)	0.2816047668457031	22.021752144899903
232	(-0.8839264596625198-0.8391270396547874j)	0.2828531265258789	22.117080076263107
233	(-0.9230577375759923-0.7567071688445353j)	0.28043508529663086	22.21240800762631
234	(-0.9592846735748789-0.67272569242247j)	0.28068089485168457	22.307735938989513
235	(-0.9928296358552686-0.5874317145348475j)	0.2849259376525879	22.403063870352717
236	(-1.0236394024534252-0.5012283592167666j)	0.2860260009765625	22.49839180171592
237	(-1.0514251556991185-0.41428088329375296j)	0.28723573684692383	22.593719733079123
238	(-1.076034039602177-0.32642120420177273j)	0.28929710388183594	22.689047664442324
239	(-1.0976318992457985-0.23761069748903313j)	0.29882001876831055	22.78437559580553
240	(-1.1164319509970186-0.14799465595875588j)	0.28140687942504883	22.879703527168733
241	(-1.1323505071849866-0.05797474714648648j)	0.283297061920166	22.975031458531934
242	(-1.144812284356507+0.03272093003630838j)	0.28492021560668945	23.07035938989514
243	(-1.154420369402403+0.12290267291602269j)	0.280897855758667	23.16568732125834
244	(-1.1605755352846505+0.21392151473522808j)	0.28573107719421387	23.261015252621544
245	(-1.1637698266584584+0.3050649705179983j)	0.2818450927734375	23.356343183984748
246	(-1.1639662416247325+0.3959147085790647j)	0.2833871841430664	23.45167111534795
247	(-1.1609212861325577+0.48629591401336314j)	0.2826838493347168	23.546999046711154
248	(-1.1545536740728883+0.5763320191535771j)	0.2809717655181885	23.642326978074355
249	(-1.1451003073775108+0.6660991929467055j)	0.2845168113708496	23.73765490943756
250	(-1.132829057328428+0.7553640944265049j)	0.28000783920288086	23.83298284080076
251	(-1.1177056648106831+0.8437668317681378j)	0.28467893600463867	23.928310772163965
252	(-1.0994726998436342+0.9311803717022302j)	0.2801039218902588	24.02363870352717
253	(-1.0780310239910356+1.0177441080726415j)	0.2821629047393799	24.11896663489037
254	(-1.0535964175457497+1.1035085357696364j)	0.28271007537841797	24.214294566253574
255	(-1.026414321087825+1.188213641370632j)	0.28637194633483887	24.309622497616775
256	(-0.9964661197783401+1.2714445928102713j)	0.28041768074035645	24.40495042897998
257	(-0.9635380612189945+1.3530487825641169j)	0.2839009761810303	24.500278360343184
258	(-0.9275611974108833+1.4332331026699088j)	0.28261804580688477	24.595606291706385
259	(-0.8889581746809264+1.5117899171410267j)	0.2826199531555176	24.69093422306959
260	(-0.8479090070844048+1.5887375475654257j)	0.2887570858001709	24.78626215443279
261	(-0.8044709101649745+1.6636490085238027j)	0.28004884719848633	24.881590085795995
262	(-0.7584524984710432+1.7364382031950698j)	0.28333115577697754	24.9769180171592
263	(-0.7098284479117521+1.8072806109579629j)	0.2837660312652588	25.0722459485224
264	(-0.6588660811623567+1.8762570065007211j)	0.28061580657958984	25.167573879885605
265	(-0.6058383454789106+1.9431257058693672j)	0.28238415718078613	25.262901811248806
266	(-0.5507297935576042+2.007533724270893j)	0.2837851047515869	25.35822974261201
267	(-0.49335311198803167+2.0693717197599373j)	0.28697896003723145	25.45355767397521
268	(-0.433719714268483+2.1287808905968575j)	0.28168511390686035	25.548885605338416
269	(-0.3721519095410367+2.1858152021734845j)	0.2835359573364258	25.64421353670162
270	(-0.30898102572315855+2.2402324644957523j)	0.28693294525146484	25.73954146806482
271	(-0.2442482744025266+2.2917178490710803j)	0.2861349582672119	25.834869399428026
272	(-0.17781670222848778+2.3402267937601846j)	0.2906322479248047	25.930197330791227
273	(-0.10972845730163838+2.3859705983127237j)	0.28153276443481445	26.02552526215443
274	(-0.04030246946404703+2.4290609863750663j)	0.2836008071899414	26.120853193517636
275	(0.030164498169991227+2.4693003505655264j)	0.2795288562774658	26.216181124880837
276	(0.10167716720703535+2.5064044922339277j)	0.28170180320739746	26.31150905624404
277	(0.17440328558037488+2.5403356755038176j)	0.28099727630615234	26.406836987607242
278	(0.24826450946784717+2.571170681754558j)	0.27935314178466797	26.502164918970447
279	(0.3230625141524601+2.5993221244086357j)	0.2827887535095215	26.59749285033365
280	(0.39834056066515866+2.624231979327994j)	0.28049778938293457	26.692820781696852
281	(0.47410224531378736+2.6457328098711614j)	0.28452610969543457	26.788148713060057
282	(0.5504568905681577+2.6638219644981977j)	0.2807021141052246	26.883476644423258
283	(0.6273600080455373+2.678859819923987j)	0.27910876274108887	26.978804575786462
284	(0.7043237116376282+2.6906293781937873j)	0.28208208084106445	27.074132507149667
285	(0.7811678346251232+2.6993299742767523j)	0.28179192543029785	27.169460438512868
286	(0.8578438234212418+2.70463026979649j)	0.28510093688964844	27.264788369876072
287	(0.9345030732816965+2.706573325713006j)	0.2809879779815674	27.360116301239273
288	(1.0110953838446237+2.705412369881384j)	0.2824058532714844	27.455444232602478
289	(1.0872963834941929+2.7012641937704314j)	0.28084397315979004	27.55077216396568
290	(1.1628121709705195+2.693946219001365j)	0.3000969886779785	27.646100095328883
291	(1.2376296607574289+2.6832280605129224j)	0.2940828800201416	27.741428026692088
292	(1.312986902618566+2.6706129462935824j)	0.25820016860961914	27.83675595805529
293	(1.3854047358016293+2.6519920435048583j)	0.29221224784851074	27.932083889418493
294	(1.4578932707857346+2.631896445482939j)	0.2895848751068115	28.027411820781694
295	(1.529018586146504+2.6087433696128963j)	0.2941780090332031	28.1227397521449
296	(1.598777872466228+2.5823792897607953j)	0.2917208671569824	28.218067683508103
297	(1.6673112468432572+2.5529201952412666j)	0.28833723068237305	28.313395614871304
298	(1.7345576740647033+2.5206808756177264j)	0.28904008865356445	28.40872354623451
299	(1.8002067370043529+2.4858256194527804j)	0.2882378101348877	28.50405147759771
300	(1.8640065558141596+2.448222107821337j)	0.2933046817779541	28.599379408960914
301	(1.92599012284811+2.407700024344716j)	0.29045915603637695	28.69470734032412
302	(1.986527988423746+2.36442613816076j)	0.28641605377197266	28.79003527168732
303	(2.044847170814061+2.3184865633617955j)	0.28528904914855957	28.885363203050524
304	(2.101289679224898+2.270252564494957j)	0.28107428550720215	28.980691134413725
305	(2.1553491185242963+2.219547599980992j)	0.285388708114624	29.07601906577693
306	(2.207044365511691+2.1662589555953873j)	0.2841198444366455	29.17134699714013
307	(2.256516586509676+2.110554688342138j)	0.2937891483306885	29.266674928503335
308	(2.303700721083036+2.0527934018882195j)	0.28334903717041016	29.36200285986654
309	(2.3483039633066536+1.9931761383573616j)	0.2849750518798828	29.45733079122974
310	(2.3901195472172114+1.931617653742707j)	0.2815070152282715	29.552658722592945
311	(2.4292333299030693+1.8680091953051272j)	0.2837839126586914	29.647986653956146
312	(2.4658289570618317+1.8025028690627705j)	0.2890899181365967	29.74331458531935
313	(2.49985649913479+1.7354231424242546j)	0.28116679191589355	29.838642516682555
314	(2.5310205987464003+1.6669349050161186j)	0.2871863842010498	29.933970448045756
315	(2.559101319465702+1.5969365626092924j)	0.27951693534851074	30.02929837940896
316	(2.5840602940915636+1.5248661029616952j)	0.2861800193786621	30.12462631077216
317	(2.6063692714872944+1.4523414427107655j)	0.28096985816955566	30.219954242135366
318	(2.6256011220069855+1.3783234245052272j)	0.2796051502227783	30.31528217349857
319	(2.6417641470527387+1.30346466485135j)	0.2803940773010254	30.41061010486177
320	(2.6545212855633595+1.2277450016205593j)	0.28418731689453125	30.505938036224975
321	(2.6643576584422255+1.1513515290840326j)	0.285520076751709	30.601265967588176
322	(2.670622866545801+1.0737086535241525j)	0.2795841693878174	30.69659389895138
323	(2.674185606849117+0.9959407694354796j)	0.2873408794403076	30.791921830314585
324	(2.6745191962838555+0.9179563093151022j)	0.2872660160064697	30.887249761677786
325	(2.671480982908415+0.8396550163017691j)	0.2857029438018799	30.98257769304099
326	(2.6652007598062672+0.7609553349634093j)	0.2814648151397705	31.077905624404192
327	(2.6558777329871095+0.6820570647785325j)	0.2876300811767578	31.173233555767396
328	(2.6434778782878037+0.6033235598685629j)	0.2924659252166748	31.268561487130597
329	(2.627762030457893+0.5249502522840357j)	0.2963278293609619	31.3638894184938
330	(2.608611618011518+0.4468806131497552j)	0.28464794158935547	31.459217349857006
331	(2.5862043327236206+0.36907879968052176j)	0.28412294387817383	31.554545281220207
332	(2.560796063047859+0.29177537293091876j)	0.28365206718444824	31.64987321258341
333	(2.5324148579268053+0.2153300664766732j)	0.2915608882904053	31.745201143946613
334	(2.5008848513554836+0.13990468908695647j)	0.28197765350341797	31.840529075309817
335	(2.466140044192779+0.06539550653286247j)	0.27980613708496094	31.93585700667302
336	(2.4283841400619286-0.008276497811761097j)	0.280825138092041	32.03118493803622
337	(2.38786544455903-0.08092009464798702j)	0.2853729724884033	32.12651286939942
338	(2.344586147160949-0.15220447996616254j)	0.28140997886657715	32.22184080076263
339	(2.2983482624254687-0.22197697076430123j)	0.2805900573730469	32.31716873212583
340	(2.249080077927938-0.29032411665883484j)	0.2802889347076416	32.41249666348903
341	(2.1969950599810937-0.3572866926281679j)	0.28911590576171875	32.50782459485224
342	(2.1423682699250963-0.4226339621532505j)	0.28679871559143066	32.60315252621544
343	(2.0852466713544873-0.4860162303310691j)	0.2955491542816162	32.69848045757864
344	(2.025496069250601-0.547290356716315j)	0.29947495460510254	32.79380838894184
345	(1.963115358637094-0.6065701040788322j)	0.2916889190673828	32.88913632030505
346	(1.89837017787665-0.6639378628257917j)	0.28140974044799805	32.98446425166825
347	(1.8315572599842758-0.719215719905811j)	0.28235816955566406	33.07979218303145
348	(1.7627182277200124-0.7721136264048362j)	0.2798910140991211	33.17512011439466
349	(1.6917014723857773-0.8225381681825973j)	0.28098511695861816	33.27044804575786
350	(1.6184850699535465-0.8706257202488764j)	0.34628987312316895	33.36577597712106
351	(1.5433152988823151-0.9164490659515048j)	0.31455016136169434	33.46110390848427
352	(1.46647667528841-0.9598051119199232j)	0.29580116271972656	33.55643183984747
353	(1.3878478254648292-1.00037142751565j)	0.3597829341888428	33.65175977121067
354	(1.3078267143643987-1.0380721766465881j)	0.2882709503173828	33.74708770257387
355	(1.2259403037554162-1.0730158520489594j)	0.30851101875305176	33.84241563393708
356	(1.142665591840653-1.105302203589908j)	0.4547441005706787	33.93774356530028
357	(1.0583286041132987-1.1347695849548842j)	0.657088041305542	34.03307149666348
358	(0.9730001215665-1.1611703387946544j)	0.767956018447876	34.12839942802669
359	(0.8865701322816776-1.1844713706149939j)	0.3447728157043457	34.22372735938989
360	(0.799065615236968-1.204838126954327j)	0.3507201671600342	34.31905529075309
361	(0.7107613276192213-1.2224738279583507j)	0.3221011161804199	34.41438322211629
362	(0.6219437964844478-1.2371384779092927j)	0.3265268802642822	34.5097111534795
363	(0.5326547940375311-1.2486071857102414j)	0.3423497676849365	34.6050390848427
364	(0.44278208773880784-1.2568346584548218j)	0.32210707664489746	34.7003670162059
365	(0.35237802178154704-1.261997118466053j)	0.36298394203186035	34.79569494756911
366	(0.2617602933414902-1.2642030378495155j)	0.32457995414733887	34.89102287893231
367	(0.171255887902604-1.2633097223813299j)	0.35477399826049805	34.98635081029551
368	(0.08094144636063312-1.2591091732018784j)	0.3246617317199707	35.08167874165872
369	(-0.009268508280119433-1.2516224888639458j)	0.3224630355834961	35.17700667302192
370	(-0.09931103961651283-1.2410939281514393j)	0.32943201065063477	35.27233460438512
371	(-0.1888875041953402-1.2276864259946285j)	0.33721494674682617	35.36766253574832
372	(-0.27771359075907803-1.2115244166589347j)	0.3295738697052002	35.46299046711153
373	(-0.3657693952200183-1.1917451807830723j)	0.33076906204223633	35.55831839847473
374	(-0.45317177269442205-1.1690565280834837j)	0.3209519386291504	35.65364632983793
375	(-0.539875420259066-1.1434603483947452j)	0.37921619415283203	35.74897426120114
376	(-0.6255776911414246-1.1150943049458593j)	0.32233595848083496	35.84430219256434
377	(-0.7099810457216449-1.0838404718961288j)	0.32372117042541504	35.93963012392754
378	(-0.7930329657220044-1.0495286397604822j)	0.3216738700866699	36.034958055290744
379	(-0.8748190689511772-1.0122247266221356j)	0.3206477165222168	36.13028598665395
380	(-0.955263002275338-0.9722096348387184j)	0.32354044914245605	36.22561391801715
381	(-1.0338098407460612-0.9298101750321677j)	0.31442975997924805	36.320941849380354
382	(-1.1109359099414338-0.8845664498208782j)	0.3242061138153076	36.41626978074356
383	(-1.1858914085196697-0.8367609797595134j)	0.32549095153808594	36.51159771210676
384	(-1.2590622510429055-0.7863620408468901j)	0.33092236518859863	36.606925643469964
385	(-1.3304174215440092-0.7336539651934028j)	0.3242981433868408	36.70225357483317
386	(-1.3996862076738477-0.6788097398459211j)	0.31635522842407227	36.79758150619637
387	(-1.4666230812999317-0.6217421517174047j)	0.36868786811828613	36.892909437559574
388	(-1.5312257984607893-0.5623189180631128j)	0.34435415267944336	36.988237368922775
389	(-1.5936090446512818-0.500642741599041j)	0.335280179977417	37.08356530028598
390	(-1.6537087896144016-0.437016798926367j)	0.31978487968444824	37.178893231649184
391	(-1.7112338914478127-0.3716441293599487j)	0.34261298179626465	37.274221163012385
392	(-1.765942122790517-0.30448871301640784j)	0.37354111671447754	37.36954909437559
393	(-1.817859080522756-0.2354782073214694j)	0.4190819263458252	37.464877025738794
394	(-1.8671402804272614-0.16477149026369364j)	0.4727909564971924	37.560204957101995
395	(-1.9137725166380248-0.09269991119369328j)	0.41301417350769043	37.655532888465196
396	(-1.9575246257811156-0.01946724273694278j)	0.6662840843200684	37.750860819828404
397	(-1.9982109733264313+0.054982984255046385j)	0.3930542469024658	37.846188751191605
398	(-2.0358963023831533+0.13074518004466845j)	0.3520691394805908	37.941516682554806
399	(-2.070744005471777+0.20768542653614486j)	0.3429250717163086	38.036844613918014
400	(-2.102725944271569+0.2854903659324633j)	0.34796619415283203	38.132172545281215
401	(-2.1315904131904464+0.36396399359196246j)	0.33436083793640137	38.227500476644416
402	(-2.1571406387916423+0.4431431829755939j)	0.33710408210754395	38.322828408007624
403	(-2.179443318058064+0.5230799550039134j)	0.34064412117004395	38.418156339370825
404	(-2.198676977013265+0.6035850711629736j)	0.33640408515930176	38.513484270734025
405	(-2.214845232552853+0.6843037974110713j)	0.345905065536499	38.608812202097226
406	(-2.2277535938962547+0.7650174682472823j)	0.38544297218322754	38.704140133460434
407	(-2.2372756922330663+0.8457623597180517j)	0.33752989768981934	38.799468064823635
408	(-2.243542185185564+0.9266010376809977j)	0.3432159423828125	38.894795996186836
409	(-2.246772892529953+1.0073736171453387j)	0.34488701820373535	38.990123927550044
410	(-2.2469875158764685+1.0877647625220934j)	0.3395240306854248	39.085451858913245
411	(-2.243989862827796+1.1675974782243332j)	0.3424861431121826	39.180779790276446
412	(-2.237647434402748+1.2469285373740362j)	0.3451540470123291	39.276107721639654
413	(-2.228078261045702+1.3258130929845398j)	0.3485391139984131	39.371435653002855
414	(-2.215489781040161+1.404055511013265j)	0.34604692459106445	39.466763584366056
415	(-2.199907678235952+1.4813247860589263j)	0.3471212387084961	39.56209151572926
416	(-2.181163921362195+1.557397047273489j)	0.4032471179962158	39.657419447092465
417	(-2.1594243175550436+1.6323474463439935j)	0.3694601058959961	39.752747378455666
418	(-2.134151773632903+1.7061225135480118j)	0.3395819664001465	39.84807530981887
419	(-2.1063355826865897+1.7786440348822445j)	0.350261926651001	39.943403241182075
420	(-2.0758003245184438+1.8495705817996206j)	0.33271193504333496	40.038731172545276
421	(-2.0424088747070055+1.9187513079886538j)	0.32446885108947754	40.13405910390848
422	(-2.006099330511539+1.9862717274001667j)	0.3195798397064209	40.22938703527168
423	(-1.9670487598987858+2.052207856419807j)	0.32928013801574707	40.324714966634886
424	(-1.9255028438177177+2.116391416162529j)	0.3203582763671875	40.42004289799809
425	(-1.8815042402483613+2.1785096248926474j)	0.32937192916870117	40.51537082936129
426	(-1.8348910588048009+2.238310161969432j)	0.327988862991333	40.610698760724496
427	(-1.7856946115670564+2.29611491361736j)	0.32454395294189453	40.7060266920877
428	(-1.73406905048512+2.3517143083179435j)	0.3255600929260254	40.8013546234509
429	(-1.6803326059587294+2.4050184819568643j)	0.32651758193969727	40.896682554814106
430	(-1.624578399917262+2.4557343538105707j)	0.3523881435394287	40.99201048617731
431	(-1.566717641372132+2.503743763084607j)	0.37708187103271484	41.08733841754051
432	(-1.5067507123249582+2.5491646140939617j)	0.3223142623901367	41.18266634890371
433	(-1.4449136194146424+2.5920997312646805j)	0.3202629089355469	41.27799428026692
434	(-1.381486614739294+2.6324151027008735j)	0.3187100887298584	41.37332221163012
435	(-1.3165341189318815+2.6698510383587646j)	0.3258533477783203	41.46865014299332
436	(-1.2499407488109748+2.704304484023602j)	0.32764482498168945	41.56397807435653
437	(-1.1816992058131282+2.735888469784411j)	0.32419681549072266	41.65930600571973
438	(-1.1120523982096482+2.764680946229277j)	0.32823801040649414	41.75463393708293
439	(-1.0413013003800404+2.790526319072593j)	0.3240320682525635	41.84996186844613
440	(-0.9695457317684734+2.813162921473719j)	0.3224649429321289	41.94528979980934
441	(-0.8967180474520663+2.8325113780378164j)	0.325214147567749	42.04061773117254
442	(-0.8228629279862463+2.848723288160484j)	0.3285789489746094	42.13594566253574
443	(-0.7482574602870217+2.86192801368417j)	0.320950984954834	42.23127359389895
444	(-0.6732079672357354+2.872025046735011j)	0.36857104301452637	42.32660152526215
445	(-0.597794467008849+2.8788138495994566j)	0.36871981620788574	42.42192945662535
446	(-0.5219218304920525+2.882263067742143j)	0.32534289360046387	42.51725738798856
447	(-0.44560520322565333+2.8825489313462267j)	0.3277902603149414	42.61258531935176
448	(-0.3690970841972907+2.879796411517656j)	0.32493114471435547	42.70791325071496
449	(-0.29268460499381777+2.873888960319751j)	0.32128071784973145	42.80324118207816
450	(-0.216449407688304+2.8646115579780878j)	0.32715582847595215	42.89856911344137
451	(-0.14032086174836667+2.8519340345816397j)	0.32289600372314453	42.99389704480457
452	(-0.06435773195127303+2.836043071531759j)	0.3210282325744629	43.08922497616777
453	(0.01114747086731882+2.817091128262065j)	0.32132577896118164	43.18455290753098
454	(0.08588436032041069+2.7950063222665196j)	0.3345198631286621	43.27988083889418
455	(0.1597712050592094+2.7696375933704576j)	0.3218681812286377	43.37520877025738
456	(0.232877867665503+2.7410549301480724j)	0.3282191753387451	43.47053670162058
457	(0.3052150356262461+2.709396902720933j)	0.32177114486694336	43.56586463298379
458	(0.376488807391965+2.674938701916407j)	0.3303358554840088	43.66119256434699
459	(0.44645041971442456+2.6375803729143907j)	0.32352495193481445	43.75652049571019
460	(0.515053501197001+2.597164526141147j)	0.32700324058532715	43.8518484270734
461	(0.5823935980125562+2.5537180053377004j)	0.32520222663879395	43.9471763584366
462	(0.6484252724761037+2.5074678209512284j)	0.3207738399505615	44.0425042897998
463	(0.712868812655698+2.4585886376647954j)	0.3224608898162842	44.13783222116301
464	(0.7754424624423794+2.407017764703613j)	0.32651591300964355	44.23316015252621
465	(0.8360800570721796+2.3526536648652785j)	0.324038028717041	44.32848808388941
466	(0.8948710881115015+2.295579891413968j)	0.3238840103149414	44.42381601525261
467	(0.9517814291826465+2.236082388958148j)	0.32120203971862793	44.51914394661582
468	(1.006565584799048+2.174376991530437j)	0.32733678817749023	44.61447187797902
469	(1.059146327444541+2.110514834083073j)	0.3551480770111084	44.70979980934222
470	(1.1090561937099959+2.0441780324821326j)	0.3668520450592041	44.80512774070543
471	(1.1568927651052485+1.9756721141841134j)	0.33408689498901367	44.90045567206863
472	(1.2024875549135943+1.9051916224343823j)	0.32259631156921387	44.99578360343183
473	(1.2456015581652489+1.8329250790162865j)	0.3259730339050293	45.09111153479503
474	(1.2859967584850818+1.7588359261548505j)	0.3207817077636719	45.18643946615824
475	(1.3236579215758453+1.682834994060781j)	0.3319268226623535	45.28176739752144
476	(1.358699474376748+1.605040583334636j)	0.32935285568237305	45.37709532888464
477	(1.3910967578489237+1.5257640546655338j)	0.3288850784301758	45.47242326024785
478	(1.4206227377814247+1.4452391607186148j)	0.32443904876708984	45.56775119161105
479	(1.447080687058945+1.3634706824497913j)	0.3222770690917969	45.66307912297425
480	(1.4705125275262483+1.280406294340714j)	0.32683420181274414	45.75840705433746
481	(1.4910902585193424+1.1961823762718313j)	0.32223987579345703	45.85373498570066
482	(1.5088384528271224+1.1111017892269854j)	0.35905003547668457	45.94906291706386
483	(1.5235683837421605+1.0253683167602274j)	0.33860015869140625	46.044390848427064
484	(1.535109460306737+0.9389530077478353j)	0.3243217468261719	46.13971877979027
485	(1.543510656025459+0.851781484754852j)	0.33225488662719727	46.23504671115347
486	(1.5489312706961569+0.763987040321103j)	0.32923388481140137	46.330374642516674
487	(1.551375008132345+0.6758815415614565j)	0.32250499725341797	46.42570257387988
488	(1.5506452259697652+0.5876909313310736j)	0.32750725746154785	46.52103050524308
489	(1.5465865965889567+0.49942082666697324j)	0.3322479724884033	46.61635843660628
490	(1.5392843181698432+0.41103950856595245j)	0.3573262691497803	46.71168636796949
491	(1.5289451620177805+0.3227148170092794j)	0.35498905181884766	46.80701429933269
492	(1.51562685216853+0.23476953678488005j)	0.3562307357788086	46.90234223069589
493	(1.4991898949949167+0.14741220985986825j)	0.3304119110107422	46.997670162059094
494	(1.4795331454779914+0.060616165906398844j)	0.33141517639160156	47.0929980934223
495	(1.456776714890327-0.025686011059420144j)	0.32128095626831055	47.1883260247855
496	(1.4311354487067347-0.11135848076186816j)	0.3236861228942871	47.283653956148704
497	(1.4026546164178102-0.1961050377465371j)	0.32606005668640137	47.37898188751191
498	(1.3711791432913747-0.27973156289628875j)	0.33095383644104004	47.47430981887511
499	(1.3366021052534314-0.36225784898672353j)	0.32485032081604004	47.569637750238314
500	(1.2990518370971382-0.4437225991237345j)	0.32030487060546875	47.664965681601515
501	(1.2587625793577248-0.5239547151194819j)	0.35277795791625977	47.76029361296472
502	(1.2158151388045693-0.6026350346267715j)	0.3235630989074707	47.855621544327924
503	(1.1701074294723293-0.6795674146709092j)	0.32382798194885254	47.950949475691125
504	(1.1215958976502338-0.7547880283140112j)	0.381544828414917	48.04627740705433
505	(1.070464637213818-0.828364019654653j)	0.33121418952941895	48.141605338417534
506	(1.0169806059857698-0.9001648573101001j)	0.3249499797821045	48.236933269780735
507	(0.9612325410980405-0.9699207856169481j)	0.3319573402404785	48.33226120114394
508	(0.9031124526580478-1.03748257660618j)	0.32939887046813965	48.427589132507144
509	(0.8425661738007739-1.1029150154180356j)	0.32159900665283203	48.522917063870345
510	(0.7797649561104418-1.1662873308823434j)	0.3263590335845947	48.618244995233546
511	(0.7149657241800527-1.22745243333349j)	0.3579878807067871	48.713572926596754
512	(0.6482599984771055-1.2861216158817523j)	0.37755799293518066	48.808900857959955
513	(0.5795675035832661-1.3421339149035243j)	0.3236417770385742	48.904228789323156
514	(0.5088833622674753-1.3955507719450841j)	0.3250582218170166	48.999556720686364
515	(0.4364348257023023-1.4464506794640277j)	0.3242979049682617	49.094884652049565
516	(0.362524382702871-1.4947142411698349j)	0.3278980255126953	49.190212583412766
517	(0.2872725309618277-1.5401027593843184j)	0.3362851142883301	49.28554051477597
518	(0.2106127035973312-1.5825174446785255j)	0.33621668815612793	49.380868446139175
519	(0.1325407407922552-1.6220750085599172j)	0.3231847286224365	49.476196377502376
520	(0.05326779121891245-1.6588881984385477j)	0.3292422294616699	49.57152430886558
521	(-0.02693195746541477-1.692852612219105j)	0.32463788986206055	49.666852240228785
522	(-0.10796423666599098-1.7237319056958271j)	0.3235018253326416	49.762180171591986
523	(-0.18990269557428108-1.7514222408325195j)	0.3229398727416992	49.85750810295519
524	(-0.27273412834365296-1.7760287581225367j)	0.32126498222351074	49.952836034318395
525	(-0.35619707744870044-1.7975561716197745j)	0.3280680179595947	50.048163965681596
526	(-0.4400272956881708-1.8162000163621563j)	0.3240470886230469	50.1434918970448
527	(-0.5240479321323229-1.831460036714335j)	0.32027482986450195	50.238819828408
528	(-0.6083178424254235-1.8433847055936154j)	0.3279857635498047	50.334147759771206
529	(-0.6928050547757711-1.8521401122856311j)	0.32377123832702637	50.42947569113441
530	(-0.7772672432241242-1.8578825666946535j)	0.3239586353302002	50.52480362249761
531	(-0.8614205158287523-1.8605556234781748j)	0.32915210723876953	50.620131553860816
532	(-0.9453594386497309-1.8601472371974133j)	0.3210780620574951	50.71545948522402
533	(-1.0286087940822868-1.8561388303530784j)	0.32210683822631836	50.81078741658722
534	(-1.1117058732450271-1.8491792858546334j)	0.3258950710296631	50.90611534795042
535	(-1.1942256439320953-1.8392465155680504j)	0.33878588676452637	51.00144327931363
536	(-1.2758740538936493-1.826270099922023j)	0.3239269256591797	51.09677121067683
537	(-1.3565405541216624-1.8100824644688984j)	0.3544788360595703	51.19209914204003
538	(-1.4362708721824025-1.7906788467981036j)	0.3798708915710449	51.28742707340324
539	(-1.5150195506750428-1.7682667154882745j)	0.3290390968322754	51.38275500476644
540	(-1.5925309238810506-1.7430350355483193j)	0.3294520378112793	51.47808293612964
541	(-1.6685242300539596-1.7149678286958525j)	0.32132816314697266	51.573410867492846
542	(-1.7429232966699142-1.6839493339547795j)	0.3227531909942627	51.66873879885605
543	(-1.815815734345514-1.6500175181662222j)	0.32215309143066406	51.76406673021925
544	(-1.887194843331534-1.6133970657191352j)	0.3301081657409668	51.85939466158245
545	(-1.9566676485845242-1.574105287777615j)	0.33074283599853516	51.95472259294566
546	(-2.0244942049660777-1.5326052987356629j)	0.3211178779602051	52.05005052430886
547	(-2.090092187623432-1.488272804738653j)	0.3263123035430908	52.14537845567206
548	(-2.1537078878566085-1.4413108921236817j)	0.3233671188354492	52.24070638703527
549	(-2.2153088074596043-1.3919588735559065j)	0.3311600685119629	52.33603431839847
550	(-2.2746507594650716-1.3404250302800833j)	0.3312079906463623	52.43136224976167
551	(-2.331474012572976-1.2867156782113556j)	0.32814621925354004	52.52669018112488
552	(-2.3857286521572445-1.2307577176103939j)	0.3228020668029785	52.62201811248808
553	(-2.4375193904243297-1.172645895157094j)	0.3306448459625244	52.71734604385128
554	(-2.486853815430604-1.1126560146331343j)	0.32300806045532227	52.81267397521448
555	(-2.533537816137202-1.0510107350201405j)	0.32712888717651367	52.90800190657769
556	(-2.577363848912582-0.9877089147051913j)	0.32629871368408203	53.00332983794089
557	(-2.6183244581478498-0.9226653800164287j)	0.3263559341430664	53.09865776930409
558	(-2.6565371003265446-0.8559513222270658j)	0.3048219680786133	53.1939857006673
559	(-2.6919622578093803-0.7878992692288833j)	0.34814000129699707	53.2893136320305
560	(-2.724548700991513-0.7185465402187985j)	0.34697484970092773	53.3846415633937
561	(-2.7539120368902745-0.6480686783403269j)	0.3582940101623535	53.4799694947569
562	(-2.7800993589022642-0.5763618170065397j)	0.32387876510620117	53.57529742612011
563	(-2.80324405273905-0.5035512501977164j)	0.3305699825286865	53.67062535748331
564	(-2.8233712299269715-0.429943282490834j)	0.32646799087524414	53.76595328884651
565	(-2.8403157014313494-0.3557805924199897j)	0.33222484588623047	53.86128122020972
566	(-2.8539200747983067-0.28108559503457253j)	0.32553982734680176	53.95660915157292
567	(-2.8642371895433563-0.20580670330227413j)	0.3206777572631836	54.05193708293612
568	(-2.871445028818219-0.13005421226766423j)	0.3204832077026367	54.14726501429933
569	(-2.875665035692893-0.05404536173783159j)	0.3267669677734375	54.24259294566253
570	(-2.876524000106329+0.021828883352125183j)	0.32153916358947754	54.33792087702573
571	(-2.8740819135792184+0.097750753876239j)	0.3296818733215332	54.43324880838893
572	(-2.867959403441729+0.1743295490411625j)	0.3162112236022949	54.52857673975214
573	(-2.8593844980821164+0.24957620159336913j)	0.3211231231689453	54.62390467111534
574	(-2.84734863972779+0.32503975282333086j)	0.3221890926361084	54.71923260247854
575	(-2.832068020252204+0.3998638481959982j)	0.3189210891723633	54.81456053384175
576	(-2.8134309114067646+0.474025098559808j)	0.3245108127593994	54.90988846520495
577	(-2.791543124708514+0.5475579693245012j)	0.3209667205810547	55.00521639656815
578	(-2.7666314483288197+0.6203308618935512j)	0.3236210346221924	55.10054432793135
579	(-2.738215911666653+0.6918831819738889j)	0.3432180881500244	55.19587225929456
580	(-2.7079173852632916+0.7625507568744487j)	0.3548920154571533	55.29120019065776
581	(-2.6739237814542687+0.8318229879700088j)	0.36199498176574707	55.38652812202096
582	(-2.6369189523777488+0.8999431456480372j)	0.3246009349822998	55.48185605338417
583	(-2.597272352429731+0.9669064064090946j)	0.32703089714050293	55.57718398474737
584	(-2.5546010395028813+1.0320862175471661j)	0.3242919445037842	55.67251191611057
585	(-2.509258231863795+1.0956217438904141j)	0.3278939723968506	55.76783984747378
586	(-2.4610187481593084+1.157400288568021j)	0.32286691665649414	55.86316777883698
587	(-2.4100296561453565+1.2174630066457177j)	0.3222627639770508	55.95849571020018
588	(-2.356551222094275+1.2756758392030036j)	0.32668590545654297	56.05382364156338
589	(-2.300709424199+1.3317637123275508j)	0.3195970058441162	56.14915157292659
590	(-2.242444911727079+1.3855549731292482j)	0.3212580680847168	56.24447950428979
591	(-2.181732083381332+1.4370976918552292j)	0.3256499767303467	56.33980743565299
592	(-2.118735782058139+1.4864766145875752j)	0.32599782943725586	56.4351353670162
593	(-2.053722752966906+1.5336019749207586j)	0.329211950302124	56.5304632983794
594	(-1.986798489012418+1.5782299967976063j)	0.3184671401977539	56.6257912297426
595	(-1.9178851530433556+1.62021205729883j)	0.3279271125793457	56.721119161105804
596	(-1.8469449678604983+1.6595960778218333j)	0.325775146484375	56.81644709246901
597	(-1.7741550239562927+1.6964561211289273j)	0.3213038444519043	56.91177502383221
598	(-1.6997921032378611+1.730677943289562j)	0.3311798572540283	57.007102955195414
599	(-1.6239924134217478+1.762012570406279j)	0.32202577590942383	57.10243088655862
600	(-1.546720108960285+1.7903238245511557j)	0.3204982280731201	57.19775881792182
601	(-1.467988209538814+1.815691259134581j)	0.326261043548584	57.293086749285024
602	(-1.3880139971172638+1.8382282152421285j)	0.3237130641937256	57.38841468064823
603	(-1.3070913222002414+1.857870117828208j)	0.35401391983032227	57.48374261201143
604	(-1.225350917085399+1.8744213355260027j)	0.3963742256164551	57.579070543374634
605	(-1.1427402873932833+1.8877969396974836j)	0.3232100009918213	57.674398474737835
606	(-1.0592502606629233+1.8981072693866907j)	0.32165074348449707	57.76972640610104
607	(-0.9750780673961638+1.905473694922036j)	0.34877490997314453	57.865054337464244
608	(-0.8905018545754835+1.909821934382745j)	0.3238379955291748	57.960382268827445
609	(-0.8056481486833695+1.910947198137103j)	0.3251311779022217	58.05571020019065
610	(-0.720481010430956+1.9087623843154395j)	0.33120203018188477	58.151038131553854
611	(-0.6350290481734907+1.9033862959442671j)	0.32831525802612305	58.246366062917055
612	(-0.5495290790177997+1.8949595953923826j)	0.32720398902893066	58.341693994280256
613	(-0.46428709115190947+1.8834439307348019j)	0.33010387420654297	58.437021925643464
614	(-0.3794401929510538+1.8686876927377423j)	0.3247089385986328	58.532349857006665
615	(-0.294950372274563+1.8506654952985895j)	0.3260369300842285	58.627677788369866
616	(-0.21082783682298012+1.8295536248726756j)	0.32480597496032715	58.723005719733074
617	(-0.12592579910780222+1.804790257313206j)	0.30687618255615234	58.818333651096275
618	(-0.04458026381114899+1.7785461115282264j)	0.3219330310821533	58.913661582459476
619	(0.037174912260034776+1.748478055008791j)	0.32126379013061523	59.008989513822684
620	(0.11803929837200189+1.71528986422026j)	0.327984094619751	59.104317445185885
621	(0.1979929354550215+1.679147344993712j)	0.32181406021118164	59.199645376549086
622	(0.27680771951740246+1.6402195262966766j)	0.31993770599365234	59.29497330791229
623	(0.3541932341554089+1.598491184516961j)	0.32067203521728516	59.390301239275495
624	(0.43002984029807356+1.5538470835160738j)	0.322066068649292	59.485629170638695
625	(0.5043606011110002+1.506312202898311j)	0.43494701385498047	59.580957102001896
626	(0.5771681477178003+1.4561095208230987j)	0.36873316764831543	59.676285033365104
627	(0.6482421836824485+1.4034549213070049j)	0.32520389556884766	59.771612964728305
628	(0.7173350969204553+1.348368153197655j)	0.32515382766723633	59.866940896091506
629	(0.7843774593623061+1.2907579771945277j)	0.3201138973236084	59.962268827454714
630	(0.84945637483866+1.230657487443313j)	0.46323299407958984	60.057596758817915
631	(0.9126153695363513+1.1682672266440646j)	0.6019129753112793	60.152924690181116
632	(0.973546340017818+1.1038343818099032j)	0.2978780269622803	60.24825262154432
633	(1.0321105761166232+1.0373136317232465j)	0.2886772155761719	60.343580552907525
634	(1.0881941557708745+0.9686347803958604j)	0.30801892280578613	60.438908484270726
635	(1.1418677302238873+0.8978573080211831j)	0.288938045501709	60.53423641563393
636	(1.1931241121231304+0.8252367931002711j)	0.29741525650024414	60.629564346997135
637	(1.2417729248875995+0.7510096071558712j)	0.2939300537109375	60.724892278360336
638	(1.2875981274718198+0.6752218611268761j)	0.29532480239868164	60.82022020972354
639	(1.3305394559866404+0.5978388111787063j)	0.29267001152038574	60.91554814108674
640	(1.370751649604622+0.5189330636271112j)	0.30203914642333984	61.010876072449946
641	(1.408263781843492+0.43877052870546046j)	0.4078350067138672	61.10620400381315
642	(1.4429206647693236+0.3575718225393563j)	0.2990431785583496	61.20153193517635
643	(1.4745314079593932+0.27536040995459177j)	0.2973339557647705	61.296859866539556
644	(1.5032631187842365+0.1919955137881359j)	0.47121620178222656	61.39218779790276
645	(1.5286856324828169+0.10777881924150257j)	0.3119640350341797	61.48751572926596
646	(1.551373839504478+0.022756702723293887j)	0.3268249034881592	61.582843660629166
647	(1.5709776126919037-0.06275721335293433j)	0.3169257640838623	61.67817159199237
648	(1.58731519223679-0.14871182801202348j)	0.45393800735473633	61.77349952335557
649	(1.600802895595943-0.2348170565022496j)	0.5357959270477295	61.86882745471877
650	(1.610384285631678-0.3219027202289867j)	0.29932212829589844	61.96415538608198
651	(1.6173469976743464-0.4087323203155382j)	0.3245871067047119	62.05948331744518
652	(1.62117220310847-0.4953855951782776j)	0.3129880428314209	62.15481124880838
653	(1.6217314470122093-0.5818317710272953j)	0.29462313652038574	62.25013918017159
654	(1.6190769392654778-0.6681259300458412j)	0.29062914848327637	62.34546711153479
655	(1.613387291637293-0.7541723397568922j)	0.29958391189575195	62.44079504289799
656	(1.604731727778581-0.8397099419195777j)	0.2938828468322754	62.53612297426119
657	(1.5929865540942054-0.924517369347216j)	0.2963829040527344	62.6314509056244
658	(1.578018166815357-1.0085629205930133j)	0.296252965927124	62.7267788369876
659	(1.559885814726021-1.091880064637587j)	0.2878599166870117	62.8221067683508
660	(1.5387373259530983-1.1743274841619589j)	0.29023098945617676	62.91743469971401
661	(1.5148050205267207-1.255659564085033j)	0.28989481925964355	63.01276263107721
662	(1.4878755054466581-1.3356012725806745j)	0.3127281665802002	63.10809056244041
663	(1.457918905494128-1.4141417130648342j)	0.42217135429382324	63.20341849380362
664	(1.425049951718698-1.491331871681839j)	0.30484676361083984	63.29874642516682
665	(1.38950175216571-1.5670776077023048j)	0.3332657814025879	63.39407435653002
666	(1.3513915679575288-1.6411270103858477j)	0.3002490997314453	63.48940228789322
667	(1.310643887089673-1.7132935792617898j)	0.2885410785675049	63.58473021925643
668	(1.267179545137983-1.7835830191868465j)	0.442188024520874	63.68005815061963
669	(1.2211080221019097-1.852056076986256j)	0.29413700103759766	63.77538608198283
670	(1.1726543806046787-1.9186064088193382j)	0.506350040435791	63.87071401334604
671	(1.1219359522043097-1.9829681628553217j)	0.321746826171875	63.96604194470924
672	(1.0688973931257109-2.0449403959513464j)	0.4412353038787842	64.06136987607245
673	(1.0134133796754454-2.1044972206964836j)	0.28901124000549316	64.15669780743565
674	(0.9559083493381595-2.16177975445489j)	0.4538741111755371	64.25202573879885
675	(0.8963933817917948-2.2166200342494387j)	0.5269119739532471	64.34735367016206
676	(0.835107489639348-2.2688157459044356j)	0.5478031635284424	64.44268160152527
677	(0.7720164609534534-2.3182191699698036j)	0.4597017765045166	64.53800953288847
678	(0.7070518000840109-2.3649901717095516j)	0.3171360492706299	64.63333746425167
679	(0.6404987464065413-2.408909323814516j)	0.31401896476745605	64.72866539561487
680	(0.5724844564457418-2.4502267071432025j)	0.3107321262359619	64.82399332697807
681	(0.5031768236425722-2.4885999093509543j)	0.30226898193359375	64.91932125834127
682	(0.4330233805991375-2.52391918087258j)	0.31023097038269043	65.01464918970449
683	(0.3606466139078216-2.5562318624647666j)	0.30384016036987305	65.10997712106769
684	(0.287416580521731-2.5855572693630884j)	0.295421838760376	65.20530505243089
685	(0.21340123427488533-2.611891211397082j)	0.300152063369751	65.30063298379409
686	(0.13874968909993002-2.6346677173617103j)	0.29125189781188965	65.39596091515729
687	(0.06324295156227777-2.6548269450684407j)	0.3011469841003418	65.49128884652049
688	(-0.01289795145037248-2.6714239284331116j)	0.29652881622314453	65.58661677788369
689	(-0.08954894043217171-2.6849486069360906j)	0.30253005027770996	65.6819447092469
690	(-0.16643282064255516-2.6953752659082726j)	0.3104708194732666	65.77727264061011
691	(-0.2434141423555852-2.7025391173850855j)	0.32587695121765137	65.87260057197331
692	(-0.32053250452591275-2.706360837160551j)	0.3556478023529053	65.96792850333651
693	(-0.39779400835915507-2.7069452427259617j)	0.5060548782348633	66.06325643469971
694	(-0.47500755144480206-2.704425883607304j)	0.4484100341796875	66.15858436606291
695	(-0.5518905956653951-2.698764537775867j)	0.28881406784057617	66.25391229742611
696	(-0.62828900566679-2.689798575905761j)	0.3607211112976074	66.34924022878933
697	(-0.7042166546931632-2.6774687612609855j)	0.343151330947876	66.44456816015253
698	(-0.7796457738699718-2.6619174997650865j)	0.45111894607543945	66.53989609151573
699	(-0.8543640351573087-2.6433216788993805j)	0.3086416721343994	66.63522402287893
700	(-0.9280887558575035-2.6216930437044965j)	0.29238390922546387	66.73055195424213
701	(-1.0006894131947905-2.596921908628583j)	0.3257021903991699	66.82587988560533
702	(-1.0722100927876053-2.5689939935174277j)	0.29564785957336426	66.92120781696855
703	(-1.142657397494054-2.538080681322921j)	0.2996401786804199	67.01653574833175
704	(-1.211850390128319-2.5043634528870813j)	0.2916710376739502	67.11186367969495
705	(-1.2795310302057183-2.4678450263148646j)	0.2878892421722412	67.20719161105815
706	(-1.3455835029767909-2.4284057411020044j)	0.29015398025512695	67.30251954242135
707	(-1.41004482789207-2.3860321538723976j)	0.2858908176422119	67.39784747378455
708	(-1.473145756797272-2.34085594908397j)	0.30851316452026367	67.49317540514775
709	(-1.5339473837119166-2.2932300515495934j)	0.2847020626068115	67.58850333651097
710	(-1.59291501943739-2.2430403313472915j)	0.2966139316558838	67.68383126787417
711	(-1.649736683715767-2.1901845538040274j)	0.3061177730560303	67.77915919923737
712	(-1.704345171957506-2.1349520217081954j)	0.2942497730255127	67.87448713060057
713	(-1.7568824470648357-2.0773211368297817j)	0.2983551025390625	67.96981506196377
714	(-1.8071426018297223-2.017600311681535j)	0.2921469211578369	68.06514299332697
715	(-1.854906228342675-1.9558315457203879j)	0.3025400638580322	68.16047092469017
716	(-1.9001051362471655-1.8919384795124106j)	0.29685306549072266	68.25579885605339
717	(-1.942823281903465-1.82595492333318j)	0.31732678413391113	68.35112678741659
718	(-1.9830284086351815-1.7581038821721309j)	0.31208014488220215	68.44645471877979
719	(-2.0206995426112018-1.6885769396176777j)	0.32206273078918457	68.54178265014299
720	(-2.0554474228211403-1.6173189483785888j)	0.3403770923614502	68.63711058150619
721	(-2.087272280602068-1.5446640314566231j)	0.2968578338623047	68.7324385128694
722	(-2.116241424073353-1.47029693043731j)	0.29938483238220215	68.8277664442326
723	(-2.142396421643672-1.3946082430694802j)	0.3061690330505371	68.92309437559581
724	(-2.16559464825409-1.317850925442137j)	0.3217432498931885	69.01842230695901
725	(-2.185657878553752-1.2400931588799589j)	0.34873485565185547	69.11375023832221
726	(-2.202573242204765-1.1612953010572835j)	0.2976701259613037	69.20907816968541
727	(-2.2164758187790925-1.0815302272676028j)	0.2908470630645752	69.30440610104861
728	(-2.2274298338592917-1.0010393177462178j)	0.2977478504180908	69.39973403241181
729	(-2.2353093873370886-0.9200482270136974j)	0.297879695892334	69.49506196377502
730	(-2.2399402425891064-0.8386041207744447j)	0.3028409481048584	69.59038989513823
731	(-2.2413093198927867-0.7566628167971475j)	0.29907822608947754	69.68571782650143
732	(-2.2395449181245173-0.674313316595928j)	0.29436278343200684	69.78104575786463
733	(-2.2347092261053207-0.5918243733363027j)	0.28462791442871094	69.87637368922783
734	(-2.2266883021750865-0.5094502835836789j)	0.292407751083374	69.97170162059103
735	(-2.2153448202220543-0.42726482991629716j)	0.28597497940063477	70.06702955195423
736	(-2.2006008249410653-0.3454426574592976j)	0.29679083824157715	70.16235748331745
737	(-2.182986177823971-0.263488502611412j)	0.287916898727417	70.25768541468065
738	(-2.162263248320662-0.18225473792589464j)	0.293245792388916	70.35301334604385
739	(-2.1384720993560995-0.1017666281703075j)	0.29918408393859863	70.44834127740705
740	(-2.1115036039537394-0.022059147965187903j)	0.28837108612060547	70.54366920877025
741	(-2.0814096531462036+0.05691931480968601j)	0.290576696395874	70.63899714013345
742	(-2.0483709683851528+0.13508582004657876j)	0.2838709354400635	70.73432507149666
743	(-2.0124839757463997+0.2121864333786514j)	0.28970885276794434	70.82965300285987
744	(-1.9736671181955077+0.2879916214425575j)	0.2900090217590332	70.92498093422307
745	(-1.931824337393181+0.36244907247350333j)	0.2920360565185547	71.02030886558627
746	(-1.8870356759209728+0.43558863239329837j)	0.28871679306030273	71.11563679694947
747	(-1.8395232109403075+0.5073073387467405j)	0.28986668586730957	71.21096472831267
748	(-1.7894288245422154+0.577348117547636j)	0.29172706604003906	71.30629265967588
749	(-1.73671949906966+0.6455017784938742j)	0.285768985748291	71.40162059103908
750	(-1.6813427430921737+0.7117530845154948j)	0.2915010452270508	71.49694852240229
751	(-1.6234136871273768+0.7761713912195175j)	0.29639506340026855	71.59227645376549
752	(-1.5631665320711485+0.8386901133223159j)	0.29395318031311035	71.6876043851287
753	(-1.5007344435773837+0.8990861735939544j)	0.28669285774230957	71.7829323164919
754	(-1.436070108638276+0.9571746903377578j)	0.2910342216491699	71.8782602478551
755	(-1.369114885629779+1.012950159135403j)	0.29605579376220703	71.9735881792183
756	(-1.2999871577184199+1.066471353956475j)	0.2968287467956543	72.0689161105815
757	(-1.228933246436172+1.117654585986275j)	0.28711771965026855	72.16424404194471
758	(-1.1561115185898783+1.1662650176360636j)	0.2953479290008545	72.25957197330791
759	(-1.0815121285925744+1.2121233078886315j)	0.29152417182922363	72.35489990467111
760	(-1.0051247608254537+1.2552450187332367j)	0.2911679744720459	72.45022783603432
761	(-0.9271121575144804+1.2957218387198421j)	0.2872490882873535	72.54555576739752
762	(-0.8477480736536054+1.3335110293451142j)	0.28837084770202637	72.64088369876072
763	(-0.7671970681651549+1.3684278743465328j)	0.2916221618652344	72.73621163012393
764	(-0.685440970996487+1.4003402840945423j)	0.2876307964324951	72.83153956148713
765	(-0.6024554404344505+1.429301931167363j)	0.2912280559539795	72.92686749285033
766	(-0.5183896905460208+1.455420005783408j)	0.2853262424468994	73.02219542421354
767	(-0.4335021851484721+1.478649291245422j)	0.29122090339660645	73.11752335557674
768	(-0.34795133591240085+1.4987964061294208j)	0.33189916610717773	73.21285128693994
769	(-0.2617310913595127+1.5157292303444327j)	0.28638601303100586	73.30817921830314
770	(-0.1748484041204278+1.5295048471981763j)	0.2915668487548828	73.40350714966635
771	(-0.08749049881510423+1.5402447980877607j)	0.2835366725921631	73.49883508102955
772	(5.039293197972583e-05+1.5479309174371174j)	0.29442882537841797	73.59416301239276
773	(0.08759759989821009+1.5524151067743839j)	0.2838888168334961	73.68949094375596
774	(0.17515104278256738+1.553622792705226j)	0.29647397994995117	73.78481887511916
775	(0.26271046044116325+1.551665739908437j)	0.2906317710876465	73.88014680648236
776	(0.3501067794403153+1.5467035013667922j)	0.2908029556274414	73.97547473784556
777	(0.4370272000788121+1.538808750176495j)	0.2801821231842041	74.07080266920877
778	(0.5234803911179661+1.5276364222856114j)	0.289597749710083	74.16613060057198
779	(0.6093310414665333+1.5133192133419928j)	0.2937297821044922	74.26145853193518
780	(0.6946291235313419+1.4958992262376374j)	0.28603601455688477	74.35678646329838
781	(0.7791885216905801+1.4755310066898937j)	0.2984929084777832	74.45211439466158
782	(0.8627255815794466+1.4522242826885075j)	0.28614282608032227	74.54744232602478
783	(0.9450759070599162+1.4258649325537625j)	0.2929971218109131	74.64277025738798
784	(1.0262427640928142+1.3964259774842551j)	0.28893303871154785	74.7380981887512
785	(1.1062177620652498+1.3640707090012867j)	0.29091405868530273	74.8334261201144
786	(1.1848226342630768+1.3290033629336482j)	0.28740811347961426	74.9287540514776
787	(1.2618040124330112+1.2912722650940323j)	0.2910032272338867	75.0240819828408
788	(1.3369682227914639+1.251087976405147j)	0.28362298011779785	75.119409914204
789	(1.4105739991090016+1.2075602043347027j)	0.29337096214294434	75.2147378455672
790	(1.4824252459349532+1.1617345305097737j)	0.28774404525756836	75.3100657769304
791	(1.5524307625696023+1.113510797333285j)	0.28801798820495605	75.40539370829362
792	(1.6203390440684475+1.0629265667431407j)	0.2908790111541748	75.50072163965682
793	(1.6860233279946106+1.0098979278807385j)	0.28844285011291504	75.59604957102002
794	(1.7495209071660354+0.9544372105576149j)	0.2902078628540039	75.69137750238322
795	(1.8108181834199217+0.8967396840520353j)	0.2845141887664795	75.78670543374642
796	(1.869762920300605+0.8370432202849813j)	0.29291296005249023	75.88203336510962
797	(1.9261160638526378+0.7754247816810742j)	0.2862839698791504	75.97736129647284
798	(1.979787141280243+0.7118421900939841j)	0.29247522354125977	76.07268922783604
799	(2.0308526608808717+0.6463412850786185j)	0.29653406143188477	76.16801715919924
800	(2.0793583217613096+0.5791386300518143j)	0.2911231517791748	76.26334509056244
801	(2.125175486915501+0.5104622151827218j)	0.2948801517486572	76.35867302192564
802	(2.1681032119183907+0.44037266100769845j)	0.28474998474121094	76.45400095328884
803	(2.208071458616991+0.3688129086427656j)	0.29407787322998047	76.54932888465204
804	(2.2451583544195244+0.295821520430377j)	0.28649282455444336	76.64465681601526
805	(2.2793980806748135+0.2216201322594903j)	0.29200315475463867	76.73998474737846
806	(2.3106591705430244+0.14645337867080221j)	0.29236817359924316	76.83531267874166
807	(2.33873278189458+0.07040491297909113j)	0.2876012325286865	76.93064061010486
808	(2.3635725147090065-0.006544855322140886j)	0.2867920398712158	77.02596854146806
809	(2.3852894565923153-0.08431474966400287j)	0.291780948638916	77.12129647283126
810	(2.403960528668689-0.1626556453941228j)	0.2955169677734375	77.21662440419446
811	(2.4194933087679282-0.24131635044396593j)	0.28316807746887207	77.31195233555768
812	(2.431739756034947-0.3202211347772501j)	0.2928290367126465	77.40728026692088
813	(2.4406954196281325-0.3994079475100124j)	0.2860889434814453	77.50260819828408
814	(2.4465045385120217-0.47883246790559875j)	0.2784700393676758	77.59793612964728
815	(2.449232419772441-0.55822060543085j)	0.29022812843322754	77.69326406101048
816	(2.4487989008196296-0.6373830147161154j)	0.28876495361328125	77.78859199237368
817	(2.4450475444645487-0.7162312758668831j)	0.29148125648498535	77.88391992373688
818	(2.437976026313198-0.7947870256174554j)	0.2926473617553711	77.9792478551001
819	(2.4277373352804275-0.8729628898634886j)	0.28769707679748535	78.0745757864633
820	(2.414433945337909-0.9504988279241474j)	0.2950160503387451	78.1699037178265
821	(2.3980073222440215-1.0271429255621967j)	0.2869760990142822	78.2652316491897
822	(2.3783583210249706-1.1028201897554328j)	0.2948873043060303	78.3605595805529
823	(2.355542890751532-1.1775613964228548j)	0.31604790687561035	78.4558875119161
824	(2.3297566558582243-1.2512989033021968j)	0.29424405097961426	78.55121544327932
825	(2.3011310758953023-1.3238030533735539j)	0.2934143543243408	78.64654337464252
826	(2.269618658459646-1.3948623633689314j)	0.2861979007720947	78.74187130600572
827	(2.2351239198347974-1.4644324620556821j)	0.293651819229126	78.83719923736892
828	(2.1977013150961824-1.532559060520065j)	0.2928590774536133	78.93252716873212
829	(2.157540990001324-1.5991679508786238j)	0.2920520305633545	79.02785510009532
830	(2.1147739414188216-1.6640166898887627j)	0.2918081283569336	79.12318303145852
831	(2.0693681823027203-1.726881723703635j)	0.28798699378967285	79.21851096282174
832	(2.021261068566251-1.787705533372744j)	0.29749608039855957	79.31383889418494
833	(1.9705557420422517-1.8465319309333479j)	0.2893540859222412	79.40916682554814
834	(1.917492164662506-1.9032937617300538j)	0.29329395294189453	79.50449475691134
835	(1.862240860550068-1.9577773938606826j)	0.28501296043395996	79.59982268827454
836	(1.8047962780850537-2.0097984405839258j)	0.29347801208496094	79.69515061963774
837	(1.7451175670357522-2.0593524816426014j)	0.2874257564544678	79.79047855100094
838	(1.6833106051472222-2.1065203492723175j)	0.28840184211730957	79.88580648236416
839	(1.6196085173072763-2.1512596867242477j)	0.2906148433685303	79.98113441372736
840	(1.5541628208608866-2.193368136616236j)	0.28772997856140137	80.07646234509056
841	(1.4869588181993407-2.2326660135743506j)	0.2953488826751709	80.17179027645376
842	(1.4179622108846672-2.2691445517256112j)	0.2916300296783447	80.26711820781696
843	(1.3473055678225352-2.302873758534161j)	0.2882230281829834	80.36244613918016
844	(1.2752518852684165-2.333807572643826j)	0.2866699695587158	80.45777407054337
845	(1.20199048078261-2.3617556292073267j)	0.2903890609741211	80.55310200190658
846	(1.1275411205551553-2.386569610754029j)	0.2858619689941406	80.64842993326978
847	(1.0519013035004958-2.4082882104698626j)	0.2891201972961426	80.74375786463298
848	(0.9752223197449136-2.4270310626273752j)	0.28670597076416016	80.83908579599618
849	(0.8977650846710612-2.4427952787278517j)	0.29111504554748535	80.93441372735938
850	(0.8196994990857939-2.455426911161327j)	0.2854599952697754	81.02974165872259
851	(0.7410215094982638-2.4648084619602857j)	0.29628896713256836	81.12506959008579
852	(0.6617114973052777-2.470989555711702j)	0.2918050289154053	81.220397521449
853	(0.581916506397058-2.4740899004971393j)	0.28736281394958496	81.3157254528122
854	(0.5019020290636138-2.474094867323817j)	0.2889871597290039	81.4110533841754
855	(0.42185107076813677-2.4708494874670865j)	0.286179780960083	81.5063813155386
856	(0.34178533499656283-2.4642504368585225j)	0.2906348705291748	81.6017092469018
857	(0.2617190756698069-2.454378808302616j)	0.2866098880767822	81.697037178265
858	(0.18182518532849679-2.4413917122273414j)	0.29343223571777344	81.79236510962822
859	(0.10238017193017968-2.4253203440851254j)	0.2893099784851074	81.88769304099142
860	(0.023556644446458108-2.406060842879224j)	0.29466986656188965	81.98302097235462
861	(-0.05464735013654476-2.3835575406168665j)	0.2963118553161621	82.07834890371782
862	(-0.13224475885625697-2.357927620267261j)	0.29196810722351074	82.17367683508103
863	(-0.2090898097954862-2.3293413880052065j)	0.29144811630249023	82.26900476644423
864	(-0.28492980779098664-2.2978296412443764j)	0.28344011306762695	82.36433269780743
865	(-0.35960762773826427-2.2632811011852265j)	0.294619083404541	82.45966062917064
866	(-0.4331258346303112-2.22564191062063j)	0.2859787940979004	82.55498856053384
867	(-0.5054793399198104-2.1850369832797303j)	0.2908041477203369	82.65031649189704
868	(-0.5764972285090233-2.1416538986020917j)	0.2914888858795166	82.74564442326025
869	(-0.6459118607924309-2.0955518183204247j)	0.2875099182128906	82.84097235462345
870	(-0.71356544632891-2.0466643963676705j)	0.28640007972717285	82.93630028598665
871	(-0.779470742342028-1.9949903832389175j)	0.29093313217163086	83.03162821734985
872	(-0.8436464467516492-1.9407031158504484j)	0.29277896881103516	83.12695614871306
873	(-0.905954151967308-1.8840223988219318j)	0.2848639488220215	83.22228408007626
874	(-0.9661679386031812-1.8250213080252258j)	0.3284790515899658	83.31761201143946
875	(-1.024171315565936-1.7636355553886949j)	0.29390692710876465	83.41293994280267
876	(-1.0800059086220677-1.6998613778257115j)	0.3010420799255371	83.50826787416587
877	(-1.1336976856361511-1.6338648405417304j)	0.3096601963043213	83.60359580552907
878	(-1.1851034090386365-1.565860288077922j)	0.2906200885772705	83.69892373689227
879	(-1.2339870249384268-1.4959244440940775j)	0.29233789443969727	83.79425166825548
880	(-1.2802279514858932-1.424013493755775j)	0.2879931926727295	83.88957959961868
881	(-1.3238668531617668-1.3501629117928933j)	0.28919076919555664	83.98490753098189
882	(-1.3649372028613753-1.2745822364081525j)	0.30704307556152344	84.08023546234509
883	(-1.4033217326783476-1.1975314088946543j)	0.3980391025543213	84.17556339370829
884	(-1.4388239478625533-1.1191059464113058j)	0.5716269016265869	84.27089132507149
885	(-1.4713749300877967-1.0392825187978716j)	0.6316702365875244	84.3662192564347
886	(-1.5010646010046302-0.9581005602160788j)	0.3511080741882324	84.4615471877979
887	(-1.527960879294282-0.8757656508135412j)	0.29764366149902344	84.5568751191611
888	(-1.5519640183933134-0.792508087169406j)	0.2837672233581543	84.6522030505243
889	(-1.5728900944220867-0.7084121471955512j)	0.28728318214416504	84.74753098188751
890	(-1.5906723462860104-0.6234453808525307j)	0.28650808334350586	84.84285891325071
891	(-1.6053961891486255-0.537658477748276j)	0.28473401069641113	84.93818684461391
892	(-1.6177267563169617-0.4515752126235951j)	0.2668297290802002	85.03351477597712
893	(-1.625769388200781-0.36457796145400656j)	0.3830599784851074	85.12884270734033
894	(-1.6311676233160881-0.27765299626512907j)	0.44571995735168457	85.22417063870353
895	(-1.6332994933298541-0.1905037141173368j)	0.35874009132385254	85.31949857006673
896	(-1.632301245010013-0.10319888345122719j)	0.45801806449890137	85.41482650142993
897	(-1.628284888171021-0.015968042961615136j)	0.2918119430541992	85.51015443279313
898	(-1.621197200015745+0.07094871790330337j)	0.3500678539276123	85.60548236415633
899	(-1.6109140706228948+0.15746991977849145j)	0.4187138080596924	85.70081029551955
900	(-1.5974343307518486+0.24362928623746072j)	0.42461729049682617	85.79613822688275
901	(-1.5808999964227453+0.32937319861261427j)	0.29108691215515137	85.89146615824595
902	(-1.5614153637432846+0.4144786915744265j)	0.4499070644378662	85.98679408960915
903	(-1.5389213184948871+0.4987015689071027j)	0.46538329124450684	86.08212202097235
904	(-1.5132503062097022+0.5818906178205804j)	0.3892548084259033	86.17744995233555
905	(-1.4845777095386425+0.664225386594754j)	0.44973111152648926	86.27277788369875
906	(-1.45292924484369+0.7454615993064404j)	0.3747520446777344	86.36810581506197
907	(-1.4185021696477287+0.8254203305777372j)	0.3789389133453369	86.46343374642517
908	(-1.3812826822539015+0.9038667449149342j)	0.4294579029083252	86.55876167778837
909	(-1.341202482539071+0.9807327176968893j)	0.40291595458984375	86.65408960915157
910	(-1.2983235256571046+1.056062547721236j)	0.3925750255584717	86.74941754051477
911	(-1.2528467504840417+1.1298137436851932j)	0.464555025100708	86.84474547187797
912	(-1.204918410067589+1.2017822329350083j)	0.47911977767944336	86.94007340324117
913	(-1.1545178571045043+1.2717586815845814j)	0.3333730697631836	87.03540133460439
914	(-1.101571032338166+1.3396891106353794j)	0.44708776473999023	87.13072926596759
915	(-1.0461402592368167+1.4056161226306607j)	0.3835117816925049	87.22605719733079
916	(-0.9897711539264991+1.4705162196534727j)	0.49007678031921387	87.32138512869399
917	(-0.9286423811416771+1.531046407727961j)	0.300626277923584	87.41671306005719
918	(-0.8667511254848934+1.5901279033265021j)	0.3032658100128174	87.51204099142039
919	(-0.8027417387844817+1.6466737660318902j)	0.2872631549835205	87.6073689227836
920	(-0.7367256002269071+1.700750301636086j)	0.2888491153717041	87.70269685414681
921	(-0.6689485615987465+1.7523309626982293j)	0.29015612602233887	87.79802478551001
922	(-0.5995951667773436+1.8012404979149634j)	0.2859508991241455	87.89335271687321
923	(-0.5286787997029176+1.8473163951187248j)	0.29279279708862305	87.98868064823641
924	(-0.45616374553939587+1.8905566101817857j)	0.29323887825012207	88.08400857959961
925	(-0.3821539316686601+1.9310475135314171j)	0.29044508934020996	88.17933651096281
926	(-0.30688189820236167+1.9687666615792154j)	0.28648996353149414	88.27466444232603
927	(-0.23052742388152658+2.0035344959727492j)	0.2890501022338867	88.36999237368923
928	(-0.15310973749512713+2.0351854154279927j)	0.28817200660705566	88.46532030505243
929	(-0.07462152459110993+2.063719692381058j)	0.28664612770080566	88.56064823641563
930	(0.004798189375614603+2.089231650296247j)	0.2858419418334961	88.65597616777883
931	(0.08487852083592362+2.1117202443237715j)	0.29143691062927246	88.75130409914203
932	(0.16541638357043054+2.131042972284194j)	0.2912740707397461	88.84663203050523
933	(0.2463768786480598+2.1470850578575886j)	0.28960585594177246	88.94195996186845
934	(0.3277669756969559+2.1598999881590326j)	0.2871580123901367	89.03728789323165
935	(0.40945479013829533+2.1696262868973863j)	0.28677988052368164	89.13261582459485
936	(0.49119113138378945+2.176288413680579j)	0.28772401809692383	89.22794375595805
937	(0.572576676649079+2.1794887853468667j)	0.28685593605041504	89.32327168732125
938	(0.6542694988304264+2.1799299401975905j)	0.28787803649902344	89.41859961868445
939	(0.7356048571451189+2.1768569817326577j)	0.28690671920776367	89.51392755004765
940	(0.8166620635834675+2.1706748447590023j)	0.2884552478790283	89.60925548141087
941	(0.8971716602484967+2.1614113933982173j)	0.283890962600708	89.70458341277407
942	(0.9769372173845028+2.14895689009856j)	0.2947120666503906	89.79991134413727
943	(1.0559243076940417+2.1332420055884196j)	0.28229784965515137	89.89523927550047
944	(1.1341292888144143+2.114372987004472j)	0.2904682159423828	89.99056720686367
945	(1.211401922875388+2.092530183540415j)	0.3067319393157959	90.08589513822687
946	(1.287495501169032+2.0677874843227864j)	0.2850828170776367	90.18122306959008
947	(1.362245116807578+2.040068170805329j)	0.28814196586608887	90.27655100095329
948	(1.4356539285513208+2.009328037688609j)	0.2901449203491211	90.37187893231649
949	(1.5077446805757375+1.97568205682069j)	0.2934262752532959	90.46720686367969
