	res_adaptive	time_adaptive	w
0	(1.0154370446111463-0.04891104750847293j)	0.32945680618286133	0.001
1	(1.065550298217043-0.09904781593375779j)	0.29635190963745117	0.09633
2	(1.1060754051881185-0.1454687309356207j)	0.5338320732116699	0.19166
3	(1.1453820957325247-0.1835587975122566j)	0.348344087600708	0.28698
4	(1.1797465469847168-0.21012527220864421j)	0.3770592212677002	0.38231
5	(1.2083362841178007-0.23670025361096578j)	0.29811573028564453	0.47764
6	(1.235552806482644-0.25669278900189313j)	0.47822070121765137	0.57297
7	(1.2652984452450597-0.2761409242128795j)	0.3721439838409424	0.6683
8	(1.2919588125944492-0.28940760142413996j)	0.3603537082672119	0.76362
9	(1.3162102906204691-0.30472476960526523j)	0.3393871784210205	0.85895
10	(1.3392686495359012-0.3161934360617942j)	0.42695116996765137	0.95428
11	(1.3649329838571786-0.327403037219866j)	0.30884599685668945	1.04961
12	(1.3876320759008354-0.33718381517053597j)	0.29687929153442383	1.14494
13	(1.409958332131775-0.3436771438198696j)	0.3773210048675537	1.24026
14	(1.4304865368318243-0.350114786235569j)	0.3422830104827881	1.33559
15	(1.4534870281510233-0.35611159434285544j)	0.339000940322876	1.43092
16	(1.4741473910817402-0.36150840706755405j)	0.3465249538421631	1.52625
17	(1.4942852788001622-0.364028294168172j)	0.38607192039489746	1.62157
18	(1.5128711097245628-0.36691321654196757j)	0.3215012550354004	1.7169
19	(1.533736190155479-0.36910007363450714j)	0.35318708419799805	1.81223
20	(1.5527175962240254-0.3712001252241356j)	0.3367040157318115	1.90756
21	(1.5711205589017385-0.37017207795024054j)	0.34140968322753906	2.00289
22	(1.587886794335043-0.37084874120025957j)	0.3028068542480469	2.09821
23	(1.606848125840132-0.3700566161128823j)	0.3133227825164795	2.19354
24	(1.6243088391237033-0.36952005257971715j)	0.3082268238067627	2.28887
25	(1.6408512928007388-0.36620891360600394j)	0.33440279960632324	2.3842
26	(1.6577871567520501-0.36376023595490015j)	0.42884206771850586	2.47953
27	(1.673366875759998-0.36136565568635753j)	0.48313474655151367	2.57485
28	(1.689375679236082-0.3586499708806847j)	0.294097900390625	2.67018
29	(1.704171298811312-0.35349707494775406j)	0.2869088649749756	2.76551
30	(1.7195226824683414-0.3489723526233936j)	0.29572296142578125	2.86084
31	(1.7328390737175-0.3448602900956433j)	0.2880592346191406	2.95617
32	(1.7481413602712101-0.3402122616264123j)	0.3528270721435547	3.05149
33	(1.7612634909443659-0.3335639529813488j)	0.3442091941833496	3.14682
34	(1.7750348843816526-0.3273085954603049j)	0.37079429626464844	3.24215
35	(1.7869964896413815-0.3217747119109659j)	0.29561495780944824	3.33748
36	(1.799564463009972-0.314736740616614j)	0.3056299686431885	3.43281
37	(1.8122258651557313-0.30764788589148573j)	0.34392786026000977	3.52813
38	(1.8244130708763786-0.2999554388563807j)	0.3471500873565674	3.62346
39	(1.8350358300985978-0.2932368022363224j)	0.2959401607513428	3.71879
40	(1.845963852737119-0.2850298189954861j)	0.34493398666381836	3.81412
41	(1.8576256994228686-0.2775076537417012j)	0.31116199493408203	3.90945
42	(1.867723097847898-0.26793171752013506j)	0.29001808166503906	4.00477
43	(1.8770189310138592-0.2602336931515283j)	0.3987400531768799	4.1001
44	(1.8863392758804922-0.2511071288279425j)	0.5023939609527588	4.19543
45	(1.8965371310663852-0.24249281646693888j)	0.3428809642791748	4.29076
46	(1.9050309393316254-0.23213794844050506j)	0.30570483207702637	4.38608
47	(1.9130122875492672-0.22364328181232312j)	0.3497321605682373	4.48141
48	(1.920762692690339-0.21382022549381574j)	0.3251960277557373	4.57674
49	(1.9294910453742442-0.2043187203353774j)	0.3275589942932129	4.67207
50	(1.9364904384612036-0.194476026943745j)	0.3643639087677002	4.7674
51	(1.943100082371667-0.18426099876406526j)	0.31246376037597656	4.86272
52	(1.94932540272105-0.17394253421147748j)	0.35187315940856934	4.95805
53	(1.9561280745735192-0.1638508972023171j)	0.3217899799346924	5.05338
54	(1.9622125729600295-0.153495059237218j)	0.3063161373138428	5.14871
55	(1.9676376718888602-0.1419953118693788j)	0.321331262588501	5.24404
56	(1.9721441495301073-0.13218362643083703j)	0.29302382469177246	5.33936
57	(1.9779480111477485-0.1214693086564454j)	0.3322160243988037	5.43469
58	(1.9822482921233184-0.1109574588139618j)	0.3209218978881836	5.53002
59	(1.9861570524745775-0.09921202716106747j)	0.29933738708496094	5.62535
60	(1.990077425190918-0.0887366321618368j)	0.31550002098083496	5.72068
61	(1.9937315120695187-0.07813636633176346j)	0.48530101776123047	5.816
62	(1.9958601149265833-0.06697698610620395j)	0.4131200313568115	5.91133
63	(1.9991832356629473-0.05567846227345241j)	0.40839505195617676	6.00666
64	(2.0018227261650847-0.04501536991062671j)	0.46375489234924316	6.10199
65	(2.0031953530557667-0.0345202511674515j)	0.371060848236084	6.19732
66	(2.0059238926442506-0.023688676525815522j)	0.37741971015930176	6.29264
67	(2.006936906510346-0.011958440234965506j)	0.35702085494995117	6.38797
68	(2.008328209215707-0.0012385814024330477j)	0.39586400985717773	6.4833
69	(2.0085105208559773+0.009087395128345777j)	0.4010910987854004	6.57863
70	(2.009424991695176+0.020221970602036343j)	0.49267101287841797	6.67396
71	(2.009645390671037+0.031424071911885676j)	0.4348599910736084	6.76928
72	(2.0098283234214493+0.042076903503758256j)	0.3750929832458496	6.86461
73	(2.0088971432794156+0.05212805474102644j)	0.380631685256958	6.95994
74	(2.0085184799718974+0.0630746339868078j)	0.3649120330810547	7.05527
75	(2.007562530218445+0.07398889273812126j)	0.5732240676879883	7.15059
76	(2.006584117024472+0.08445805484265057j)	0.46074604988098145	7.24592
77	(2.0046199031805396+0.09414098470647181j)	0.3850128650665283	7.34125
78	(2.003020147241301+0.10477050271352306j)	0.36548614501953125	7.43658
79	(2.001658009294413+0.11468133580024331j)	0.3616020679473877	7.53191
80	(1.9988815128680224+0.12547479538998274j)	0.3782989978790283	7.62723
81	(1.9959665306716217+0.13470859002061641j)	0.46881580352783203	7.72256
82	(1.9932269703709435+0.14490373288655634j)	0.5034549236297607	7.81789
83	(1.990878230744331+0.15447421443770204j)	0.38133883476257324	7.91322
84	(1.9870842394191484+0.16428311594919764j)	0.4397752285003662	8.00855
85	(1.9832463123675326+0.1734545496925849j)	0.4956202507019043	8.10387
86	(1.9794557525725374+0.1831106759702702j)	0.3835132122039795	8.1992
87	(1.9761829637480561+0.19226081342858514j)	0.5484619140625	8.29453
88	(1.9714873659127572+0.20142062718834863j)	0.38127899169921875	8.38986
89	(1.9666642508428005+0.21046518913634837j)	0.43071794509887695	8.48519
90	(1.9620402049610317+0.21906962356718063j)	0.417766809463501	8.58051
91	(1.957909290618343+0.22772660419167862j)	0.4563891887664795	8.67584
92	(1.9529676491006223+0.2360889758327928j)	0.41742897033691406	8.77117
93	(1.9469976991994344+0.24509392992547646j)	0.33220934867858887	8.8665
94	(1.9415594649358299+0.2526422633423948j)	0.42179203033447266	8.96183
95	(1.9364077096854082+0.2605984561795556j)	0.42404675483703613	9.05715
96	(1.9302162026036591+0.2682897065385117j)	0.45076584815979004	9.15248
97	(1.9239735862090879+0.27649038580124j)	0.3826119899749756	9.24781
98	(1.917916261889989+0.28338179486131837j)	0.5873448848724365	9.34314
99	(1.9110626056296625+0.2903300232724641j)	0.6303203105926514	9.43847
100	(1.9052522933224085+0.297541203965962j)	0.5823202133178711	9.53379
101	(1.898279751759979+0.3049586042145263j)	0.5242424011230469	9.62912
102	(1.8916806486720257+0.3111582600184291j)	0.4141721725463867	9.72445
103	(1.8843371505993607+0.317284944296601j)	0.3382148742675781	9.81978
104	(1.8778883813091558+0.3237508723849277j)	0.35009002685546875	9.9151
105	(1.8702862624560963+0.3303299891227291j)	0.3351321220397949	10.01043
106	(1.8632216028850637+0.33580968595289284j)	0.3998870849609375	10.10576
107	(1.8562180324020883+0.34144645343241165j)	0.39168286323547363	10.20109
108	(1.8483618151720005+0.3468600156043219j)	0.34794116020202637	10.29642
109	(1.8403638929383772+0.3524747416707915j)	0.3292829990386963	10.39174
110	(1.8329095903585249+0.35721284197595793j)	0.33309316635131836	10.48707
111	(1.824772837571785+0.36156475795902154j)	0.3294837474822998	10.5824
112	(1.8172383037620383+0.36657919613769596j)	0.32620811462402344	10.67773
113	(1.8096197163445449+0.3707823164756669j)	0.33896803855895996	10.77306
114	(1.8011132509129917+0.3752821331661243j)	0.5329561233520508	10.86838
115	(1.792736901118943+0.3787355344941361j)	0.6239831447601318	10.96371
116	(1.7848226317688503+0.3829305737040784j)	0.513725996017456	11.05904
117	(1.7769894969746691+0.38634904826749406j)	0.538010835647583	11.15437
118	(1.7681234845037879+0.38996699437250326j)	0.3919868469238281	11.2497
119	(1.7596797338065557+0.39253070499729953j)	0.6756155490875244	11.34502
120	(1.7514761107719403+0.39588464558533587j)	0.5544459819793701	11.44035
121	(1.7435043466885904+0.39852575126513334j)	0.4334220886230469	11.53568
122	(1.7344755237863665+0.40119920724007885j)	0.3782179355621338	11.63101
123	(1.7264154967807297+0.40369981072998534j)	0.3598761558532715	11.72634
124	(1.7175508785289058+0.4054457838293384j)	0.41320300102233887	11.82166
125	(1.7095123357159216+0.40732274371332733j)	0.4051220417022705	11.91699
126	(1.700422535667249+0.40906286382031337j)	0.38523006439208984	12.01232
127	(1.6918637486908459+0.4108571267742759j)	0.6317520141601562	12.10765
128	(1.6833347953409423+0.41146604926103275j)	0.5409698486328125	12.20298
129	(1.6753495759197474+0.41278089087537917j)	0.4215390682220459	12.2983
130	(1.6662961079376062+0.4136097386044227j)	0.32564592361450195	12.39363
131	(1.657696066567897+0.4145988615750313j)	0.3471217155456543	12.48896
132	(1.6493085197038733+0.41442506153933145j)	0.29322099685668945	12.58429
133	(1.6413380892990248+0.4149714401580206j)	0.3636469841003418	12.67961
134	(1.6324125739161586+0.414920085628292j)	0.3015422821044922	12.77494
135	(1.6238462671500677+0.41511344517376825j)	0.44213390350341797	12.87027
136	(1.61566704405066+0.4141965676810209j)	0.38500404357910156	12.9656
137	(1.6071069504745445+0.4135696559124306j)	0.632918119430542	13.06093
138	(1.599071283145033+0.41310074216432147j)	0.5650861263275146	13.15625
139	(1.5906115079241236+0.4125136799357471j)	0.29468798637390137	13.25158
140	(1.5827008718494522+0.41089789567224805j)	0.4995739459991455	13.34691
141	(1.5743607400339157+0.40945775689086666j)	0.4585261344909668	13.44224
142	(1.5668118543787033+0.4083550081952444j)	0.2980926036834717	13.53757
143	(1.558271047452554+0.4069373895861169j)	0.45482587814331055	13.63289
144	(1.5506818942557659+0.40466943590185833j)	0.775658130645752	13.72822
145	(1.5426407726324864+0.40245725313204445j)	0.3249480724334717	13.82355
146	(1.5353134464385376+0.4007141674244756j)	0.362246036529541	13.91888
147	(1.5277167159147744+0.3981991562347173j)	0.42136502265930176	14.01421
148	(1.5198608554504744+0.3956724332328029j)	0.31075596809387207	14.10953
149	(1.5121913640251659+0.3927371584681263j)	0.30748915672302246	14.20486
150	(1.5051361921414994+0.39038480661166736j)	0.30427122116088867	14.30019
151	(1.4979634697209412+0.3872503935944376j)	0.286700963973999	14.39552
152	(1.490210045193942+0.38437697241728125j)	0.39916014671325684	14.49085
153	(1.4832340806646966+0.38048388030563973j)	0.3006401062011719	14.58617
154	(1.4764994189213758+0.3775556299675209j)	0.30094003677368164	14.6815
155	(1.4697945743307996+0.37386402914484396j)	0.30448365211486816	14.77683
156	(1.4624451623806696+0.3703250976570935j)	0.2892470359802246	14.87216
157	(1.455955504804315+0.3665289742553722j)	0.29412078857421875	14.96749
158	(1.449598128602218+0.36243163466639317j)	0.33914685249328613	15.06281
159	(1.4433972581677514+0.3582457532694936j)	0.32419800758361816	15.15814
160	(1.4365102859351564+0.35409373718480963j)	0.5860588550567627	15.25347
161	(1.4304661799148146+0.3498358635924113j)	0.6466779708862305	15.3488
162	(1.424603496947447+0.3452294499148287j)	0.33913588523864746	15.44412
163	(1.4189346601313793+0.34061366278175664j)	0.34150075912475586	15.53945
164	(1.412562432916897+0.33590581468536773j)	0.34787702560424805	15.63478
165	(1.4069901777130167+0.33123289980971393j)	0.35580992698669434	15.73011
166	(1.401566223014552+0.32574166068489663j)	0.41541385650634766	15.82544
167	(1.3965456605477433+0.3211938154976355j)	0.370560884475708	15.92076
168	(1.3907334507454938+0.31599179893521534j)	0.32204699516296387	16.01609
169	(1.3856558409232032+0.310951459472261j)	0.3022618293762207	16.11142
170	(1.3808659081965227+0.3051047839001827j)	0.28970909118652344	16.20675
171	(1.3759112149549155+0.29987717235619815j)	0.286085844039917	16.30208
172	(1.3711306715035136+0.29458862651879136j)	0.3017551898956299	16.3974
173	(1.366565979465054+0.28922784076009755j)	0.3717918395996094	16.49273
174	(1.3624256881554073+0.2830990935983543j)	0.3078179359436035	16.58806
175	(1.3580235330134918+0.277511954089379j)	0.3228600025177002	16.68339
176	(1.3543435633063856+0.2720847355997229j)	0.3157980442047119	16.77872
177	(1.349800273304395+0.2663026673745571j)	0.31375694274902344	16.87404
178	(1.3463171401100353+0.2599637346004887j)	0.3303201198577881	16.96937
179	(1.3424936356034523+0.2540741615534058j)	0.3132808208465576	17.0647
180	(1.3393564781901262+0.24847759745784814j)	0.30696606636047363	17.16003
181	(1.3358204873860688+0.2422441668808345j)	0.36953306198120117	17.25536
182	(1.3325864897815887+0.23593764497334957j)	0.33904409408569336	17.35068
183	(1.329363345138691+0.22980498769529167j)	0.3002159595489502	17.44601
184	(1.3267652066236968+0.2240893809502471j)	0.34499216079711914	17.54134
185	(1.323892639568972+0.21768904004542378j)	0.32595205307006836	17.63667
186	(1.3208342591954279+0.21167194110882315j)	0.3189687728881836	17.732
187	(1.3186501125537093+0.20494338442956872j)	0.34445691108703613	17.82732
188	(1.316585029968664+0.19915522000852726j)	0.3206498622894287	17.92265
189	(1.3143740562398833+0.19265992087277628j)	0.30353307723999023	18.01798
190	(1.3118829919376789+0.18649133700047926j)	0.2968711853027344	18.11331
191	(1.3103495803606182+0.17972331430329624j)	0.298846960067749	18.20863
192	(1.3088079669734203+0.17390735411983504j)	0.29744887351989746	18.30396
193	(1.307249701470137+0.16738547033529838j)	0.31855106353759766	18.39929
194	(1.3053311955401685+0.16111612239201256j)	0.31290388107299805	18.49462
195	(1.30435282549184+0.1547216400152135j)	0.3964700698852539	18.58995
196	(1.3034061838104027+0.14857034501785238j)	0.3359079360961914	18.68527
197	(1.3024839800782346+0.14208800251565035j)	0.31231093406677246	18.7806
198	(1.3011396996924611+0.13576972899223194j)	0.29497790336608887	18.87593
199	(1.3007195755775247+0.12947299713797533j)	0.3235609531402588	18.97126
200	(1.3002554875486214+0.1227544473554506j)	0.32773494720458984	19.06659
201	(1.3001122163707746+0.11708485521891299j)	0.33669495582580566	19.16191
202	(1.299249087424411+0.11066401807026782j)	0.3116121292114258	19.25724
203	(1.299359650544282+0.1045092535645542j)	0.4373958110809326	19.35257
204	(1.2995232454500973+0.09790111337387986j)	0.38831210136413574	19.4479
205	(1.2996051578876662+0.09210761195835804j)	0.37561893463134766	19.54323
206	(1.2995824565175718+0.08600157517728346j)	0.3616759777069092	19.63855
207	(1.300193735902217+0.08002795344081726j)	0.42265892028808594	19.73388
208	(1.3009609061142737+0.07359051656790239j)	0.4926002025604248	19.82921
209	(1.301631939417026+0.06805729743316391j)	0.338482141494751	19.92454
210	(1.302636555790237+0.06221509798309566j)	0.4002101421356201	20.01987
211	(1.3031263668885682+0.056214165614691614j)	0.3461618423461914	20.11519
212	(1.3044664075037091+0.05000392408743071j)	0.405137300491333	20.21052
213	(1.3054886286699192+0.044490720893418434j)	0.4693770408630371	20.30585
214	(1.3070684456132025+0.0390619176041449j)	0.333585262298584	20.40118
215	(1.308158020508903+0.0331740431353289j)	0.31191396713256836	20.49651
216	(1.30992545950835+0.02730927772435532j)	0.3208961486816406	20.59183
217	(1.3116440329724308+0.022098987674323833j)	0.3180408477783203	20.68716
218	(1.3133914741048875+0.016868903181994632j)	0.31359314918518066	20.78249
219	(1.3149932140397464+0.011212660524233309j)	0.3055438995361328	20.87782
220	(1.3172095617964334+0.005658710580543902j)	0.3699917793273926	20.97314
221	(1.3190942982112062+0.0005655303696097125j)	0.33902907371520996	21.06847
222	(1.3214750161667563-0.004218940300341201j)	0.3151261806488037	21.1638
223	(1.3235571468933247-0.00959724795603023j)	0.34760499000549316	21.25913
224	(1.3256331078200787-0.014492048795767709j)	0.30847597122192383	21.35446
225	(1.3284627357473855-0.019644497985155995j)	0.299436092376709	21.44978
226	(1.3311773691377833-0.024070972539464996j)	0.2922496795654297	21.54511
227	(1.3337043915659856-0.02912937503836699j)	0.3485100269317627	21.64044
228	(1.3361206172010802-0.033739301751020245j)	0.49924802780151367	21.73577
229	(1.339368033349631-0.038463342343222795j)	0.42515015602111816	21.8311
230	(1.3423503647881885-0.04257359574855524j)	0.34083986282348633	21.92642
231	(1.3452818542253995-0.04727393559755899j)	0.32462215423583984	22.02175
232	(1.34800930932455-0.05158048445080998j)	0.34563302993774414	22.11708
233	(1.351577659131313-0.0558702895841916j)	0.3488352298736572	22.21241
234	(1.3548345953611902-0.06025706112921125j)	0.33065319061279297	22.30774
235	(1.358130427252919-0.06393776743994717j)	0.32882094383239746	22.40306
236	(1.361139889505161-0.06792356510664754j)	0.3272972106933594	22.49839
237	(1.3649769474594964-0.07176331053014529j)	0.3437619209289551	22.59372
238	(1.3685605518061252-0.07577229418745335j)	0.3289918899536133	22.68905
239	(1.3720837898072589-0.0789579085928217j)	0.33173608779907227	22.78438
240	(1.3753486088788311-0.082695143428405j)	0.3438751697540283	22.8797
241	(1.3794023257768875-0.08607439227988456j)	0.5275449752807617	22.97503
242	(1.3832736183868934-0.08967980169241441j)	0.5363619327545166	23.07036
243	(1.3869553179402292-0.09248590452296612j)	0.32506799697875977	23.16569
244	(1.3909941409456155-0.09554256510960002j)	0.504518985748291	23.26102
245	(1.394688499913225-0.09875153662823166j)	0.5998759269714355	23.35634
246	(1.3988056703902978-0.10193173309197423j)	0.508141279220581	23.45167
247	(1.4026117075354105-0.10435824893779866j)	0.32512497901916504	23.547
248	(1.4068158641515887-0.10694425599932222j)	0.3578681945800781	23.64233
249	(1.4106696118570416-0.10975896214740599j)	0.5384409427642822	23.73765
250	(1.4148142014493803-0.11225073172013655j)	0.3122837543487549	23.83298
251	(1.4188867774241862-0.114545791349011j)	0.44967174530029297	23.92831
252	(1.4232043826321201-0.11665810051900138j)	0.321544885635376	24.02364
253	(1.4270468900403248-0.11914024818752089j)	0.3925929069519043	24.11897
254	(1.4316575859834735-0.12135778567463651j)	0.3170912265777588	24.21429
255	(1.4356156413545462-0.12303476008231395j)	0.30236005783081055	24.30962
256	(1.4399953924983446-0.1246758395385063j)	0.3993091583251953	24.40495
257	(1.4439722413490328-0.12676972893046795j)	0.30513501167297363	24.50028
258	(1.4481273223842108-0.12829229930755554j)	0.34279322624206543	24.59561
259	(1.4526363653552692-0.12982667724880925j)	0.4748220443725586	24.69093
260	(1.457029259714451-0.13100485711387283j)	0.3631322383880615	24.78626
261	(1.4611049753066572-0.13270329003100123j)	0.31087684631347656	24.88159
262	(1.4652467807037899-0.13383194947615434j)	0.3122832775115967	24.97692
263	(1.4699735414278012-0.1351010395641849j)	0.3091130256652832	25.07225
264	(1.474262284047649-0.13617310905177726j)	0.3238058090209961	25.16757
265	(1.4782887358358234-0.1369648601265116j)	0.3533210754394531	25.2629
266	(1.4823857223224026-0.13771649397653224j)	0.3544487953186035	25.35823
267	(1.487103460811855-0.138509590996855j)	0.32006025314331055	25.45356
268	(1.4912651504182413-0.13920391580066616j)	0.3068199157714844	25.54889
269	(1.495373653634351-0.1395923843106197j)	0.3397550582885742	25.64421
270	(1.499397286099184-0.13998510889100185j)	0.31023502349853516	25.73954
271	(1.5040586323457508-0.1403140480827315j)	0.29541921615600586	25.83487
272	(1.5081901429920235-0.14064643642787467j)	0.29371094703674316	25.9302
273	(1.5123013620726553-0.14031580753617962j)	0.29158878326416016	26.02553
274	(1.5161416819043516-0.14068932576343468j)	0.29083895683288574	26.12085
275	(1.5207014003455859-0.1405711530966064j)	0.2877829074859619	26.21618
276	(1.5247755610143574-0.1405487283212813j)	0.33411693572998047	26.31151
277	(1.5287165782784-0.13986126037031799j)	0.39353489875793457	26.40684
278	(1.532486999838208-0.13989160407850187j)	0.29769396781921387	26.50216
279	(1.536902887874178-0.13934815750997248j)	0.29271793365478516	26.59749
280	(1.540892883681885-0.13897973495089488j)	0.2886626720428467	26.69282
281	(1.544636761238848-0.13796520442467086j)	0.2904050350189209	26.78815
282	(1.5486470463718167-0.13734604610382117j)	0.3178277015686035	26.88348
283	(1.5525434699841498-0.13672264886809532j)	0.4212667942047119	26.9788
284	(1.5564224785854526-0.1360188509608698j)	0.40296196937561035	27.07413
285	(1.5599480340735299-0.13470775478805636j)	0.29644179344177246	27.16946
286	(1.5637988526205742-0.13371684378544257j)	0.303922176361084	27.26479
287	(1.5671655872894772-0.1329191566505975j)	0.3209829330444336	27.36012
288	(1.5712556643079756-0.13175346834860713j)	0.3085339069366455	27.45544
289	(1.5745447413687872-0.13017735348986076j)	0.3987698554992676	27.55077
290	(1.5782021117658647-0.128837415383792j)	0.30477309226989746	27.6461
291	(1.5814156671723554-0.12778579842925142j)	0.41813087463378906	27.74143
292	(1.5849322179511902-0.12613603837968473j)	0.28546786308288574	27.83676
293	(1.588333250205372-0.12446916818863019j)	0.286945104598999	27.93208
294	(1.591764980559412-0.12280658414721007j)	0.2951498031616211	28.02741
295	(1.5948105597352222-0.12151720458414605j)	0.4216151237487793	28.12274
296	(1.5980452740163993-0.11962931080851796j)	0.5367441177368164	28.21807
297	(1.6015695632766325-0.1179611437440174j)	0.29085206985473633	28.3134
298	(1.6044071559122397-0.11572897967127038j)	0.30722784996032715	28.40872
299	(1.6072716173670354-0.11421895782215713j)	0.3050808906555176	28.50405
300	(1.610217464499882-0.11210260247309073j)	0.2905867099761963	28.59938
301	(1.6135138894480807-0.11014427495849877j)	0.40563082695007324	28.69471
302	(1.616118333606021-0.10801191484227463j)	0.5150151252746582	28.79004
303	(1.6187302389546925-0.1059998010633939j)	0.5145511627197266	28.88536
304	(1.6213768486821125-0.10369203805387422j)	0.4151930809020996	28.98069
305	(1.6244209876744429-0.10146805514436491j)	0.4866831302642822	29.07602
306	(1.6267749348245635-0.0991848763564504j)	0.4585721492767334	29.17135
307	(1.6291306806104318-0.0969730089750947j)	0.31812405586242676	29.26667
308	(1.6314714674426456-0.09450992174709882j)	0.30791568756103516	29.362
309	(1.6342410400170901-0.09204832974981625j)	0.3378028869628906	29.45733
310	(1.6363423622265898-0.0896371443381826j)	0.6489372253417969	29.55266
311	(1.6384436995908938-0.08678846669664403j)	0.5685739517211914	29.64799
312	(1.6404608329888986-0.084670601188168j)	0.3786780834197998	29.74331
313	(1.64293640240036-0.082000434779044j)	0.37305283546447754	29.83864
314	(1.6447842689494745-0.07948382839405921j)	0.39067697525024414	29.93397
315	(1.6465419454676857-0.07651620873121179j)	0.3807651996612549	30.0293
316	(1.6484807647847366-0.07411056244126951j)	0.34566593170166016	30.12463
317	(1.650480564640868-0.07144206282588966j)	0.3114962577819824	30.21995
318	(1.6520755860941858-0.06884022536861345j)	0.3920280933380127	30.31528
319	(1.6534884093969722-0.06579276925093125j)	0.4376339912414551	30.41061
320	(1.6551685744487417-0.06325364680082285j)	0.41112399101257324	30.50594
321	(1.6564145772903986-0.06071975221887782j)	0.34813404083251953	30.60127
322	(1.6582017260159272-0.05782170261899183j)	0.32335925102233887	30.69659
323	(1.6592722963087296-0.054732394163172604j)	0.4155590534210205	30.79192
324	(1.660684336866402-0.0520835629035479j)	0.38683390617370605	30.88725
325	(1.661670222028455-0.04953437598367927j)	0.32178211212158203	30.98258
326	(1.6630163225192616-0.046492754894910504j)	0.38920021057128906	31.07791
327	(1.6638951187614432-0.043446428433723455j)	0.29943299293518066	31.17323
328	(1.6650308544192487-0.04071337064296712j)	0.2873349189758301	31.26856
329	(1.6657670027045983-0.038170435124573826j)	0.3581829071044922	31.36389
330	(1.6667752804914324-0.03508349325139393j)	0.33605003356933594	31.45922
331	(1.6678032581608906-0.032324590047625695j)	0.3086690902709961	31.55455
332	(1.6682207046154744-0.029252934233769456j)	0.3171520233154297	31.64987
333	(1.6687182492400654-0.026735185351486085j)	0.3027060031890869	31.7452
334	(1.6693931680805125-0.023639574430050686j)	0.34456706047058105	31.84053
335	(1.6701678049939415-0.020845456915769417j)	0.3547370433807373	31.93586
336	(1.6702759082586067-0.017808244976112664j)	0.38683414459228516	32.03118
337	(1.6705478687409598-0.015332886709290061j)	0.32012295722961426	32.12651
338	(1.6708971021557204-0.012263383494853897j)	0.41572093963623047	32.22184
339	(1.6714182831945381-0.00945353186906775j)	0.36839795112609863	32.31717
340	(1.6712434764838893-0.006570549606691178j)	0.2933938503265381	32.4125
341	(1.6712865186592092-0.004062128669189952j)	0.29053425788879395	32.50782
342	(1.6713226594093333-0.0010523022883736355j)	0.30069923400878906	32.60315
343	(1.671591302555398+0.0017541492782040535j)	0.2868819236755371	32.69848
344	(1.671164131084344+0.0045237746711294935j)	0.2919189929962158	32.79381
345	(1.6709325042277037+0.00749778989039343j)	0.29396510124206543	32.88914
346	(1.670712961049707+0.009902250533470297j)	0.28736114501953125	32.98446
347	(1.6707312045923708+0.01268516657433355j)	0.37830471992492676	33.07979
348	(1.670074030722577+0.015323678473170815j)	0.3177971839904785	33.17512
349	(1.6695494776191988+0.018213011426195275j)	0.30842089653015137	33.27045
350	(1.6691481881486512+0.020488061880370986j)	0.2939128875732422	33.36578
351	(1.6688897694356408+0.023253432862004514j)	0.28759002685546875	33.4611
352	(1.6680243020632461+0.025746933985928713j)	0.2863810062408447	33.55643
353	(1.6672195482368837+0.028521984983376478j)	0.29030299186706543	33.65176
354	(1.6666379705234133+0.03071546858617004j)	0.2875688076019287	33.74709
355	(1.6657065381120975+0.03309506471088676j)	0.3280189037322998	33.84242
356	(1.665073107474812+0.035717885364309726j)	0.3344881534576416	33.93774
357	(1.6640060009130866+0.038351838714328984j)	0.41060400009155273	34.03307
358	(1.6632525282250763+0.04045282480816507j)	0.4725029468536377	34.1284
359	(1.662250586829791+0.042652665895441415j)	0.47804880142211914	34.22373
360	(1.6613829523042996+0.04521448414732129j)	0.3904287815093994	34.31906
361	(1.6599742083062232+0.047635733024832476j)	0.32402491569519043	34.41438
362	(1.6590570416046668+0.04963412519417999j)	0.412308931350708	34.50971
363	(1.6577594644890756+0.05164939780585599j)	0.3315713405609131	34.60504
364	(1.656785032411626+0.05408770867107177j)	0.5852949619293213	34.70037
365	(1.6551946881740818+0.05631495604383381j)	0.4594731330871582	34.79569
366	(1.6541233254716152+0.058200864866998006j)	0.3166959285736084	34.89102
367	(1.6526817390432138+0.060018986965966976j)	0.3657388687133789	34.98635
368	(1.6514891914791898+0.0623158494360367j)	0.30693697929382324	35.08168
369	(1.6502036285864288+0.06418692452800848j)	0.29682493209838867	35.17701
370	(1.6485252655825295+0.06610239778460936j)	0.31204795837402344	35.27233
371	(1.6469657339722108+0.06771782894077105j)	0.3523988723754883	35.36766
372	(1.6455720243183602+0.06985279044584969j)	0.30774879455566406	35.46299
373	(1.644172592270291+0.07157466778810789j)	0.3226621150970459	35.55832
374	(1.6422061086360205+0.07338732486235461j)	0.2945091724395752	35.65365
375	(1.6406876574366818+0.07470646213602937j)	0.39757418632507324	35.74897
376	(1.6391119202909608+0.07666112828213888j)	0.384692907333374	35.8443
377	(1.6376118949234026+0.07823165341322345j)	0.38560986518859863	35.93963
378	(1.6355249098282825+0.07979981624914724j)	0.5774078369140625	36.03496
379	(1.6338355224072827+0.08139634409612617j)	0.3569200038909912	36.13029
380	(1.6321884892333125+0.08271143005899013j)	0.4575490951538086	36.22561
381	(1.6306004887875623+0.08412889572073887j)	0.57283616065979	36.32094
382	(1.6284227567194902+0.08544836662828678j)	0.4732780456542969	36.41627
383	(1.6266056103616178+0.0868697018983266j)	0.35451221466064453	36.5116
384	(1.6248463514166631+0.08774508997031513j)	0.3894681930541992	36.60693
385	(1.623217977477675+0.08924516366831914j)	0.5857491493225098	36.70225
386	(1.620978531207841+0.09031490458399914j)	0.29985809326171875	36.79758
387	(1.6190499298153587+0.09155008791373823j)	0.3005518913269043	36.89291
388	(1.6172738764381038+0.09224764198075144j)	0.4276890754699707	36.98824
389	(1.6152385892505896+0.09330282446479034j)	0.30180883407592773	37.08357
390	(1.613432508330881+0.09424832006879626j)	0.33231496810913086	37.17889
391	(1.6112484852340754+0.09542869257495984j)	0.2979872226715088	37.27422
392	(1.609350888244333+0.09623601127224532j)	0.29300808906555176	37.36955
393	(1.607380825224168+0.09677411190492348j)	0.4968688488006592	37.46488
394	(1.6053773390974249+0.09766968635683443j)	0.4373660087585449	37.5602
395	(1.6032797573150723+0.09850380033942176j)	0.29576897621154785	37.65553
396	(1.601513556485636+0.09886904098243875j)	0.3091278076171875	37.75086
397	(1.599396592406089+0.09945057746648976j)	0.3168158531188965	37.84619
398	(1.5976239447275633+0.10028945777473572j)	0.306926965713501	37.94152
399	(1.595221117579679+0.10078191022588111j)	0.3301198482513428	38.03684
400	(1.5934775716034022+0.10099352182101695j)	0.3212888240814209	38.13217
401	(1.5913603203216424+0.10134179486962419j)	0.35817599296569824	38.2275
402	(1.5895396477457306+0.10201786337603486j)	0.4573650360107422	38.32283
403	(1.5875008294512774+0.1022001339364875j)	0.5610330104827881	38.41816
404	(1.5854350309380834+0.10234178658192489j)	0.3538522720336914	38.51348
405	(1.5833439800831173+0.10246366988238217j)	0.39662790298461914	38.60881
406	(1.581487759825923+0.10297332664729297j)	0.37067317962646484	38.70414
407	(1.5795057325660984+0.10297562471283273j)	0.33077096939086914	38.79947
408	(1.5771701174070898+0.10312446271342862j)	0.33723998069763184	38.8948
409	(1.575415041298509+0.10283818002615489j)	0.47745680809020996	38.99012
410	(1.5735375766509845+0.10317828812735438j)	0.35195398330688477	39.08545
411	(1.5716250272477243+0.10301539999779949j)	0.4606921672821045	39.18078
412	(1.569317854526195+0.10293087693228525j)	0.41281795501708984	39.27611
413	(1.5675865838136454+0.10260697026921001j)	0.4398798942565918	39.37144
414	(1.5657540257509628+0.10266134393346354j)	0.32585692405700684	39.46676
415	(1.563921619363115+0.10234762246759935j)	0.3301098346710205	39.56209
416	(1.5616673445375304+0.10203686213670043j)	0.36245203018188477	39.65742
417	(1.5599401520892024+0.10174730924010883j)	0.2906229496002197	39.75275
418	(1.5581664750963895+0.10106444479847557j)	0.29390907287597656	39.84808
419	(1.5564541154288047+0.10100609566528382j)	0.29161810874938965	39.9434
420	(1.5542762157805141+0.10047925439594163j)	0.3170931339263916	40.03873
421	(1.552594902873844+0.10005802155761229j)	0.33181166648864746	40.13406
422	(1.5509473653670853+0.09922726651253472j)	0.28893113136291504	40.22939
423	(1.5492765206702077+0.09902896878089062j)	0.3976860046386719	40.32471
424	(1.5471971207225537+0.09829821810052525j)	0.32344484329223633	40.42004
425	(1.5455695301242456+0.09774925295836184j)	0.2915821075439453	40.51537
426	(1.5440577007632803+0.09679005634686216j)	0.28979992866516113	40.6107
427	(1.5422909202477284+0.0962590249139263j)	0.2990682125091553	40.70603
428	(1.5404777947446924+0.09553796721785218j)	0.28823304176330566	40.80135
429	(1.5390560499820896+0.09490481836095399j)	0.2851719856262207	40.89668
430	(1.5375430087679627+0.09379744804547385j)	0.2882120609283447	40.99201
431	(1.535856778217662+0.09309871601643926j)	0.28771495819091797	41.08734
432	(1.5345085388138036+0.09246892670876083j)	0.28559398651123047	41.18267
433	(1.532664351810735+0.09145278809159285j)	0.29139208793640137	41.27799
434	(1.5314432522759476+0.09029684545153044j)	0.304793119430542	41.37332
435	(1.5298547711769284+0.08944046545132278j)	0.3076140880584717	41.46865
436	(1.5285855497211362+0.08872921486801716j)	0.3196721076965332	41.56398
437	(1.527033163751908+0.08753349465735105j)	0.37105679512023926	41.65931
438	(1.5257374333905707+0.08651315518685704j)	0.3410639762878418	41.75463
439	(1.5243188340827154+0.08533609074746629j)	0.30352783203125	41.84996
440	(1.523129768745459+0.08455021667375112j)	0.31069397926330566	41.94529
441	(1.5217417112666396+0.08324555064053063j)	0.3112361431121826	42.04062
442	(1.520233804951851+0.08217640564716072j)	0.3106272220611572	42.13595
443	(1.5192768845671492+0.08083912782957625j)	0.33290791511535645	42.23127
444	(1.5181691573859633+0.079984688654815j)	0.33388614654541016	42.3266
445	(1.5169509040403568+0.0785930105787977j)	0.3346531391143799	42.42193
446	(1.515552861167688+0.07739905511404022j)	0.3298020362854004	42.51726
447	(1.5147346623005864+0.0760953969525055j)	0.317274808883667	42.61259
448	(1.5137258554536177+0.07508674829509987j)	0.3991727828979492	42.70791
449	(1.5126804095658153+0.07362958681592863j)	0.3291809558868408	42.80324
450	(1.511404191506883+0.07232090877483416j)	0.35980725288391113	42.89857
451	(1.510712806268731+0.0709959192910905j)	0.31868600845336914	42.9939
452	(1.509817894360004+0.06991076541091695j)	0.327347993850708	43.08922
453	(1.5089444775844032+0.06840954912894959j)	0.39662981033325195	43.18455
454	(1.5078013981596161+0.06699765021984394j)	0.30945515632629395	43.27988
455	(1.5072315533003995+0.06566172327048864j)	0.3027689456939697	43.37521
456	(1.5065310836903723+0.06407410184607931j)	0.2875800132751465	43.47054
457	(1.5057524748756856+0.06298666350845833j)	0.3097870349884033	43.56586
458	(1.5047527749662157+0.061484300095588584j)	0.30213236808776855	43.66119
459	(1.5042986328106993+0.06014672474143523j)	0.30364537239074707	43.75652
460	(1.5037788720779224+0.05852796563053858j)	0.29544687271118164	43.85185
461	(1.5030653749252714+0.05739540695632972j)	0.28795695304870605	43.94718
462	(1.5022611112841495+0.055836570410804476j)	0.287736177444458	44.0425
463	(1.5019168737984274+0.054504327941791386j)	0.2888779640197754	44.13783
464	(1.5015770807354243+0.052876224752156364j)	0.28725576400756836	44.23316
465	(1.5009656580586321+0.05169313743732251j)	0.3043792247772217	44.32849
466	(1.500650939216722+0.05042790558311683j)	0.3531336784362793	44.42382
467	(1.5000842733524955+0.04878687440821938j)	0.2868800163269043	44.51914
468	(1.4999201430250642+0.04717005428531895j)	0.28783607482910156	44.61447
469	(1.4994163183328122+0.04594446149153775j)	0.2888350486755371	44.7098
470	(1.4992373143173738+0.044673135723849344j)	0.2892630100250244	44.80513
471	(1.4987525145691478+0.043004277227794985j)	0.2887539863586426	44.90046
472	(1.4987995566850834+0.0414598972338297j)	0.28876495361328125	44.99578
473	(1.498407931591213+0.04020020186442386j)	0.31246209144592285	45.09111
474	(1.498341345951376+0.038959888354986205j)	0.38651013374328613	45.18644
475	(1.498026689117763+0.03729090610934771j)	0.2970402240753174	45.28177
476	(1.4977978792209785+0.03594656221485537j)	0.2869758605957031	45.3771
477	(1.4979264325903223+0.034509024761193774j)	0.28943586349487305	45.47242
478	(1.4979521196541565+0.03332628914801572j)	0.28877687454223633	45.56775
479	(1.4978152172218937+0.03165695169523075j)	0.2867121696472168	45.66308
480	(1.4976853602918987+0.030313408248052842j)	0.29022908210754395	45.75841
481	(1.4979537738317878+0.028917093899256452j)	0.31931591033935547	45.85373
482	(1.4980658562859106+0.027786893904281906j)	0.3206620216369629	45.94906
483	(1.498097480062272+0.02614652050710453j)	0.3148691654205322	46.04439
484	(1.4984097436813297+0.02509440213122127j)	0.3677370548248291	46.13972
485	(1.4985623927592924+0.0234253925697262j)	0.39969897270202637	46.23505
486	(1.4986565990784657+0.02239320193096761j)	0.3963048458099365	46.33037
487	(1.4988497496834372+0.020800260509801216j)	0.417374849319458	46.4257
488	(1.498918491744052+0.01947271843530174j)	0.40943098068237305	46.52103
489	(1.499520790082919+0.018187435591100254j)	0.4123499393463135	46.61636
490	(1.4998179169701003+0.016788488805411617j)	0.2913177013397217	46.71169
491	(1.5000452154998578+0.0156557327847916j)	0.32653021812438965	46.80701
492	(1.5002136365232634+0.014345376243241281j)	0.34459686279296875	46.90234
493	(1.5009073227701026+0.013163597799467852j)	0.49785280227661133	46.99767
494	(1.5013413699167946+0.011813576903028755j)	0.387592077255249	47.093
495	(1.5016603034376614+0.010921153547350237j)	0.5035018920898438	47.18833
496	(1.5019228616144438+0.009460158617235148j)	0.42430806159973145	47.28365
497	(1.5026924558618273+0.008386331085580068j)	0.43012213706970215	47.37898
498	(1.5032571540079862+0.007100130861614207j)	0.40442490577697754	47.47431
499	(1.503626510867364+0.0062521348442348135j)	0.3133721351623535	47.56964
500	(1.5042754579082565+0.005121085450538465j)	0.4499552249908447	47.66497
501	(1.504844568706156+0.003884823116290015j)	0.3252890110015869	47.76029
502	(1.5055319783601442+0.0026767164151154654j)	0.3902862071990967	47.85562
503	(1.5059321286095426+0.0018975936431833151j)	0.3045487403869629	47.95095
504	(1.506681164352837+0.0008528771780830224j)	0.32544898986816406	48.04628
505	(1.5071132764197617-0.0004176213697019149j)	0.35889410972595215	48.14161
506	(1.508130776625884-0.001431726959382873j)	0.32486486434936523	48.23693
507	(1.5085916994164152-0.0021915025565298896j)	0.33704090118408203	48.33226
508	(1.5093919643345248-0.0030959295055008607j)	0.4671752452850342	48.42759
509	(1.5099347457841035-0.004312326700462332j)	0.31313514709472656	48.52292
510	(1.5110165414898105-0.005205160763860017j)	0.38228774070739746	48.61824
511	(1.5115200142782594-0.0059203781758566665j)	0.2924070358276367	48.71357
512	(1.5123713213011103-0.0067064724309783275j)	0.41419506072998047	48.8089
513	(1.5130202386299705-0.007857319252463801j)	0.394916296005249	48.90423
514	(1.5138086611570767-0.008586377384202315j)	0.3390841484069824	48.99956
515	(1.5146966995979987-0.009296182395332697j)	0.3672919273376465	49.09488
516	(1.5154705995601094-0.010048253664178608j)	0.3061070442199707	49.19021
517	(1.5163315855759092-0.011037851183134717j)	0.4167160987854004	49.28554
518	(1.5171403616752086-0.011689566393493944j)	0.5205750465393066	49.38087
519	(1.5183270116747059-0.012436169232515448j)	0.5322487354278564	49.4762
520	(1.5190378479115065-0.01291736697408663j)	0.4076681137084961	49.57152
521	(1.5198305099997889-0.013843178469697293j)	0.32772302627563477	49.66685
522	(1.5206542161666545-0.014421634867899824j)	0.39394092559814453	49.76218
523	(1.5218826488313484-0.015025552683090693j)	0.6206741333007812	49.85751
524	(1.5226684721469774-0.015647663029107473j)	0.5257978439331055	49.95284
525	(1.5234782550809003-0.01626599435060616j)	0.36916303634643555	50.04816
526	(1.5243126921750503-0.016774868175548185j)	0.448199987411499	50.14349
527	(1.5254750833782396-0.01712571785209993j)	0.3341507911682129	50.23882
528	(1.5264008681236074-0.01778756820736105j)	0.41359806060791016	50.33415
529	(1.5272330059417856-0.017977259034529625j)	0.4500100612640381	50.42948
530	(1.528078761543428-0.018745847264896143j)	0.33648204803466797	50.5248
531	(1.5293381740083336-0.019063860970138458j)	0.3274407386779785	50.62013
532	(1.5302189156254076-0.019540631607185777j)	0.31560397148132324	50.71546
533	(1.5310226549780732-0.019650287617431705j)	0.3182029724121094	50.81079
534	(1.5320622556101324-0.02015397069289515j)	0.5208420753479004	50.90612
535	(1.5331653289332046-0.020514179438962277j)	0.4234621524810791	51.00144
536	(1.5340853898108553-0.020909272803497525j)	0.29763007164001465	51.09677
537	(1.5348543329130078-0.020947663907941227j)	0.3319532871246338	51.1921
538	(1.535917764035574-0.021326162539405336j)	0.43724703788757324	51.28743
539	(1.536696803097354-0.021772756733436704j)	0.6647889614105225	51.38276
540	(1.5379646134441907-0.02189874690814342j)	0.6987428665161133	51.47808
541	(1.5386953854169496-0.021874304541106282j)	0.3959848880767822	51.57341
542	(1.5397664420812385-0.022127579878278847j)	0.3431663513183594	51.66874
543	(1.5405691457744242-0.02251589399263254j)	0.2964968681335449	51.76407
544	(1.5418221619938501-0.02251759962529265j)	0.32912683486938477	51.85939
545	(1.542512186696071-0.022438771283240677j)	0.30130696296691895	51.95472
546	(1.5435754849922492-0.022568665898527795j)	0.30895185470581055	52.05005
547	(1.5443997768575075-0.022896062466284284j)	0.38808202743530273	52.14538
548	(1.5454377119210347-0.02276700156728273j)	0.29797911643981934	52.24071
549	(1.5462731519477595-0.022652318615184797j)	0.31210970878601074	52.33603
550	(1.5473140368877911-0.022662533356677894j)	0.33210301399230957	52.43136
551	(1.5481568119822993-0.022925802484590863j)	0.3077690601348877	52.52669
552	(1.5491342304617266-0.022711822957485084j)	0.3088040351867676	52.62202
553	(1.550013818081132-0.02275380701833063j)	0.3155326843261719	52.71735
554	(1.5509530492959356-0.022424749737734895j)	0.3002791404724121	52.81267
555	(1.5518113396051847-0.022620843023474446j)	0.29491591453552246	52.908
556	(1.5527226905374432-0.022333426846295912j)	0.31248903274536133	53.00333
557	(1.5538680031535677-0.022176085023327796j)	0.5176458358764648	53.09866
558	(1.554510298886255-0.021983642639337386j)	0.4130122661590576	53.19399
559	(1.5553347547880825-0.021998396713379775j)	0.37925291061401367	53.28931
560	(1.5561774847681848-0.02164929521359893j)	0.3529520034790039	53.38464
561	(1.5572887271433151-0.021374958344204775j)	0.3060879707336426	53.47997
562	(1.557904252219874-0.021147726334508787j)	0.31099486351013184	53.5753
563	(1.558654613340853-0.02068443870564929j)	0.3148202896118164	53.67063
564	(1.559474961096978-0.020678566319946023j)	0.3040950298309326	53.76595
565	(1.5605390064977707-0.02029290653097826j)	0.4124259948730469	53.86128
566	(1.561128677324541-0.020031323081193153j)	0.49434804916381836	53.95661
567	(1.5617935871169715-0.01950584222788465j)	0.35288000106811523	54.05194
568	(1.562639207163472-0.01941566271950601j)	0.4677858352661133	54.14727
569	(1.5635980998381394-0.018951025276231603j)	0.40326786041259766	54.24259
570	(1.564162610904964-0.018656552180483565j)	0.6786379814147949	54.33792
571	(1.5648929654616663-0.018209509272225977j)	0.7489049434661865	54.43325
572	(1.5655642923394466-0.01790642755281957j)	0.3856339454650879	54.52858
573	(1.5664481192494963-0.017374172871364002j)	0.396716833114624	54.6239
574	(1.566987668148709-0.017046638024529215j)	0.3921630382537842	54.71923
575	(1.5674723856215196-0.016436355146097537j)	0.3568000793457031	54.81456
576	(1.568268383572664-0.016176946223694033j)	0.43428802490234375	54.90989
577	(1.5687894593552274-0.01586700275134867j)	0.3462707996368408	55.00522
578	(1.5695878852299705-0.015226152539790427j)	0.350203275680542	55.10054
579	(1.5699817912338778-0.014592958833885561j)	0.46853089332580566	55.19587
580	(1.5707377493488548-0.014252913780368859j)	0.4051070213317871	55.2912
581	(1.5712212613899492-0.013928350805344936j)	0.4843909740447998	55.38653
582	(1.571947366633176-0.013190376546933336j)	0.3282959461212158	55.48186
583	(1.57225436210215-0.012577496646424602j)	0.3315610885620117	55.57718
584	(1.5729610129257856-0.012160646185146784j)	0.3167102336883545	55.67251
585	(1.57340979481857-0.011823286199301175j)	0.3248000144958496	55.76784
586	(1.5740330366679534-0.01103575322718875j)	0.3013131618499756	55.86317
587	(1.5746614276036226-0.010521642556525768j)	0.3095841407775879	55.9585
588	(1.574929651168849-0.009926777071923243j)	0.4569251537322998	56.05382
589	(1.575347781028658-0.009578027106898368j)	0.4082648754119873	56.14915
590	(1.5758649554035766-0.00875483240453423j)	0.3899390697479248	56.24448
591	(1.5764485390619232-0.008184893507609536j)	0.2973520755767822	56.33981
592	(1.5765633756747883-0.007544393633595492j)	0.3063030242919922	56.43514
593	(1.5770281153615393-0.007217972554461771j)	0.3190889358520508	56.53046
594	(1.5774388614378168-0.006373298298608443j)	0.3094611167907715	56.62579
595	(1.577970941302995-0.005749062670772909j)	0.30406713485717773	56.72112
596	(1.5780238440330274-0.005132675438446865j)	0.409329891204834	56.81645
597	(1.5783560673049903-0.004402341049999925j)	0.309938907623291	56.91178
598	(1.5787529244008516-0.003916530791268302j)	0.3226339817047119	57.0071
599	(1.5792264803239786-0.0032414762744877867j)	0.309218168258667	57.10243
600	(1.5792250808012165-0.0026531977601317314j)	0.29725003242492676	57.19776
601	(1.579460971777245-0.0019007929719579986j)	0.2903590202331543	57.29309
602	(1.5798073254193314-0.001409194648433587j)	0.2991209030151367	57.38841
603	(1.5802160131531608-0.000688849507727407j)	0.3088080883026123	57.48374
604	(1.5801672872113917-0.00013112353260480436j)	0.303070068359375	57.57907
605	(1.5803062268845063+0.0006312422802621231j)	0.3002488613128662	57.6744
606	(1.58061731966663+0.0010019526676562363j)	0.3094363212585449	57.76973
607	(1.5809417652378714+0.001885016218683755j)	0.2983272075653076	57.86505
608	(1.5808532008235305+0.002410001282295071j)	0.32033371925354004	57.96038
609	(1.5808952011010815+0.0031689398896386223j)	0.3202478885650635	58.05571
610	(1.5811782830253014+0.0035659166979943313j)	0.37712907791137695	58.15104
611	(1.5811850906048677+0.004176076590406419j)	0.3188021183013916	58.24637
612	(1.5812874022912595+0.0049472405033784694j)	0.3789639472961426	58.34169
613	(1.5812349852302299+0.005689849999226171j)	0.3048739433288574	58.43702
614	(1.5814861077398872+0.006112851635250771j)	0.31542491912841797	58.53235
615	(1.5814372608452247+0.006684270330029829j)	0.294996976852417	58.62768
616	(1.5816350057857953+0.007554575981040479j)	0.30243873596191406	58.72301
617	(1.5813339337326098+0.008172365794416714j)	0.2997620105743408	58.81833
618	(1.5815484205037171+0.008620096187386905j)	0.30383992195129395	58.91366
619	(1.581453264450462+0.009149429593289349j)	0.42229795455932617	59.00899
620	(1.5815533124906813+0.010026852665862451j)	0.3248162269592285	59.10432
621	(1.581519726803789+0.01054501989585932j)	0.35059213638305664	59.19965
622	(1.5813757688540673+0.011066737809313665j)	0.2964191436767578	59.29497
623	(1.5812428531580902+0.011551979159325154j)	0.29262495040893555	59.3903
624	(1.58124550321589+0.012424108871245343j)	0.29192304611206055	59.48563
625	(1.5811844137968942+0.01293525680522567j)	0.4121401309967041	59.58096
626	(1.5807717280970304+0.01355676955036944j)	0.43569397926330566	59.67629
627	(1.5808164988906614+0.013873600934223629j)	0.3871490955352783	59.77161
628	(1.5807237107647303+0.014728837840441766j)	0.31650400161743164	59.86694
629	(1.5806352290252685+0.015233402729725398j)	0.4610450267791748	59.96227
630	(1.5801675122704966+0.015785213699385903j)	0.3757619857788086	60.0576
631	(1.5801881014747523+0.016097463148542546j)	0.4093751907348633	60.15292
632	(1.5800338130682443+0.016762196834485543j)	0.3104419708251953	60.24825
633	(1.5798853386239788+0.017423459517345252j)	0.38589000701904297	60.34358
634	(1.5793740915470398+0.0179011064959409j)	0.38370704650878906	60.43891
635	(1.5792341659793094+0.018465672929339316j)	0.31841111183166504	60.53424
636	(1.5790977807616216+0.01899481978621742j)	0.41510510444641113	60.62956
637	(1.5789495776842855+0.0194894512550271j)	0.30647706985473633	60.72489
638	(1.5784063241782569+0.019891442922780445j)	0.3195531368255615	60.82022
639	(1.5781996047705218+0.020439576954219052j)	0.31643104553222656	60.91555
640	(1.5780535678682996+0.020658105098270818j)	0.32464098930358887	61.01088
641	(1.5778437407396178+0.021417600122092595j)	0.314741849899292	61.1062
642	(1.5772796956830004+0.021743032026927844j)	0.30852699279785156	61.20153
643	(1.577007361547984+0.022266422776700212j)	0.36287784576416016	61.29686
644	(1.576862255068843+0.02246738721958874j)	0.44869518280029297	61.39219
645	(1.5764533503279037+0.022994550434058958j)	0.43472981452941895	61.48752
646	(1.5760105152979462+0.02344618888471328j)	0.3015460968017578	61.58284
647	(1.575675068344151+0.023935894987721973j)	0.3038201332092285	61.67817
648	(1.5755319853598933+0.02412366948423783j)	0.2917659282684326	61.7735
649	(1.5750806852046944+0.024580514260136743j)	0.288053035736084	61.86883
650	(1.574871037365225+0.025172849110126183j)	0.29526615142822266	61.96416
651	(1.5742210640660956+0.025440099123211657j)	0.2953789234161377	62.05948
652	(1.5740791097168494+0.025617976563963307j)	0.2904329299926758	62.15481
653	(1.5735962362004419+0.0260018036173002j)	0.2923741340637207	62.25014
654	(1.5733288274363444+0.026578079663800602j)	0.2951638698577881	62.34547
655	(1.5728449566042477+0.02675513173361299j)	0.3073091506958008	62.4408
656	(1.5725206713006992+0.026942763681908732j)	0.32975292205810547	62.53612
657	(1.5720182020256117+0.027253049554193887j)	0.3452732563018799	62.63145
658	(1.571693248958121+0.027805811094453403j)	0.33306121826171875	62.72678
659	(1.5712223257732116+0.027937852086018067j)	0.3286862373352051	62.82211
660	(1.5708753737858427+0.028093451900222832j)	0.32747697830200195	62.91743
661	(1.5703637389675498+0.028330668305342033j)	0.4166250228881836	63.01276
662	(1.5699817060262469+0.02885292549632662j)	0.34035611152648926	63.10809
663	(1.5695274094871656+0.02894568696957811j)	0.5308947563171387	63.20342
664	(1.5688440170558509+0.029166174322476257j)	0.6425950527191162	63.29875
665	(1.5686496745278171+0.02923246335191587j)	0.4010138511657715	63.39407
666	(1.5682133289595919+0.029716816600575235j)	0.38726186752319336	63.4894
667	(1.5677774489511325+0.029776334747301236j)	0.801185131072998	63.58473
668	(1.5670789786287327+0.02991217846748423j)	0.34410881996154785	63.68006
669	(1.56682309248768+0.0300809282601584j)	0.316741943359375	63.77539
670	(1.5664063836710689+0.03039713060827509j)	0.3416440486907959	63.87071
671	(1.5659896684887946+0.030428913417895664j)	0.38363003730773926	63.96604
672	(1.5652874601731104+0.03047979996765343j)	0.6535890102386475	64.06137
673	(1.5650098864233601+0.03063485552023376j)	0.31938815116882324	64.1567
674	(1.5646538521283242+0.03054890153946771j)	0.31961774826049805	64.25203
675	(1.5641800935514543+0.030904933664783918j)	0.32460999488830566	64.34735
676	(1.5634858785165129+0.03087234880049039j)	0.3347809314727783	64.44268
677	(1.5631858404890568+0.031009163959775043j)	0.32495713233947754	64.53801
678	(1.5628653475915164+0.030888824425011896j)	0.5672037601470947	64.63334
679	(1.5623163573411705+0.031144574127566882j)	0.32894086837768555	64.72867
680	(1.5616903926098034+0.031092330644570843j)	0.5218610763549805	64.82399
681	(1.5613676181772398+0.031207144839139056j)	0.4219820499420166	64.91932
682	(1.5610855603802758+0.0310608035306163j)	0.3244359493255615	65.01465
683	(1.5605169794642755+0.03124627731898033j)	0.30411577224731445	65.10998
684	(1.560188657785204+0.031388757030588466j)	0.33472108840942383	65.20531
685	(1.5595713089401233+0.031234062349070446j)	0.5016260147094727	65.30063
686	(1.5593277631064535+0.031068832806221025j)	0.3161768913269043	65.39596
687	(1.5589591195445598+0.031141621632142236j)	0.7141597270965576	65.49129
688	(1.5577053656982318+0.030357956286293897j)	0.3032371997833252	65.58662
689	(1.5578120453356274+0.031095846948265338j)	0.46625494956970215	65.68194
690	(1.5576069128360335+0.03091990741336187j)	0.3159599304199219	65.77727
691	(1.5569721407499024+0.029878056217014393j)	0.30689573287963867	65.8726
692	(1.556677723901666+0.031078445446982295j)	0.3467860221862793	65.96793
693	(1.5561418744711042+0.03078428951840967j)	0.3908529281616211	66.06326
694	(1.555935345443034+0.030620542178517673j)	0.3082160949707031	66.15858
695	(1.5553682294067162+0.030591540524118166j)	0.48895788192749023	66.25391
696	(1.5550026255421296+0.0306913905661661j)	0.33478593826293945	66.34924
697	(1.554520575794856+0.030355857369435746j)	0.3325371742248535	66.44457
698	(1.553967577171633+0.030246204371154217j)	0.3316831588745117	66.5399
699	(1.5537778895311511+0.030081750588690476j)	0.30432701110839844	66.63522
700	(1.5533968500471427+0.030161594708052825j)	0.29309988021850586	66.73055
701	(1.5529717784168948+0.029793694765211987j)	0.2903778553009033	66.82588
702	(1.5524255543721788+0.029621495124458136j)	0.31740808486938477	66.92121
703	(1.5523138674705528+0.02944034882424343j)	0.35332298278808594	67.01654
704	(1.551872502709336+0.029498567500273937j)	0.38369083404541016	67.11186
705	(1.5515051682135794+0.029107671938109786j)	0.36258721351623535	67.20719
706	(1.5509740246814436+0.028873486694241696j)	0.3092520236968994	67.30252
707	(1.5508763300266413+0.02870107832321417j)	0.3131263256072998	67.39785
708	(1.550554673202167+0.028377205278066614j)	0.3274989128112793	67.49318
709	(1.5501294563671248+0.02830805543471515j)	0.3992619514465332	67.5885
710	(1.5496221880832215+0.028012370883629872j)	0.3572080135345459	67.68383
711	(1.5495340288935502+0.027849606561837492j)	0.36112213134765625	67.77916
712	(1.5492682777944535+0.02749666704681525j)	0.3238179683685303	67.87449
713	(1.5488438710012205+0.02750816248764648j)	0.341022253036499	67.96982
714	(1.548377473051699+0.02705103018574101j)	0.32497501373291016	68.06514
715	(1.5482947685499073+0.026896766701023894j)	0.5162270069122314	68.16047
716	(1.5480867128984235+0.026523704965303693j)	0.44269394874572754	68.2558
717	(1.5476575417973746+0.026489494086077703j)	0.41933703422546387	68.35113
718	(1.5472455972149788+0.02600256463320262j)	0.5982909202575684	68.44645
719	(1.5471653584780434+0.025854023394071987j)	0.5459158420562744	68.54178
720	(1.547016610321246+0.025471535091618244j)	0.3366987705230713	68.63711
721	(1.5465876637905895+0.025388524495714923j)	0.32475805282592773	68.73244
722	(1.5464212327445872+0.02516211487884841j)	0.3922402858734131	68.82777
723	(1.5461514356930395+0.024733689082699073j)	0.4283759593963623	68.92309
724	(1.5460605650247987+0.02435042165442814j)	0.33528590202331543	69.01842
725	(1.5456392331185136+0.0242181662990398j)	0.4083518981933594	69.11375
726	(1.545491633097078+0.02400346040546862j)	0.37639594078063965	69.20908
727	(1.545147044213843+0.023460729295198005j)	0.3239569664001465	69.30441
728	(1.545221975767727+0.023172650904774078j)	0.30892395973205566	69.39973
729	(1.5448157005729541+0.022991554838057517j)	0.3039569854736328	69.49506
730	(1.544682154473725+0.02278870566246518j)	0.2964510917663574	69.59039
731	(1.544405980633285+0.02222052516732422j)	0.2879810333251953	69.68572
732	(1.5441895252023126+0.021971474294277833j)	0.2943098545074463	69.78105
733	(1.5441184589845636+0.021721226529747673j)	0.29489994049072266	69.87637
734	(1.5439937793435412+0.021529873659942585j)	0.29279470443725586	69.9717
735	(1.543788812497402+0.020945759943508203j)	0.29169416427612305	70.06703
736	(1.543581399296856+0.02067121435979152j)	0.2991299629211426	70.16236
737	(1.5437254375492855+0.02033746854036437j)	0.3108561038970947	70.25769
738	(1.5434290014756005+0.020238704797499826j)	0.30725598335266113	70.35301
739	(1.5432346711757472+0.01964714240125318j)	0.32186007499694824	70.44834
740	(1.543100361050262+0.019348072790796332j)	0.34360194206237793	70.54367
741	(1.543273560807326+0.01905109222929177j)	0.3364410400390625	70.639
742	(1.5431046086049998+0.01867655712691002j)	0.3059101104736328	70.73433
743	(1.5429221645254518+0.01834081432257125j)	0.4099142551422119	70.82965
744	(1.5427460299615243+0.01801282022891678j)	0.5449738502502441	70.92498
745	(1.542940705505741+0.017754943643754878j)	0.48436403274536133	71.02031
746	(1.5428246701516735+0.0173632927269219j)	0.3253910541534424	71.11564
747	(1.54266920699193+0.01703284681065645j)	0.3727610111236572	71.21096
748	(1.5425162147561953+0.016677955402726458j)	0.3956620693206787	71.30629
749	(1.5427249612166187+0.016459085110742122j)	0.35792088508605957	71.40162
750	(1.5426637282626527+0.016058701686673713j)	0.3738081455230713	71.49695
751	(1.5424868224900905+0.01595731617951833j)	0.3423600196838379	71.59228
752	(1.5424073117274+0.015355389198798919j)	0.32627034187316895	71.6876
753	(1.5426235723675863+0.01517471541777568j)	0.3511059284210205	71.78293
754	(1.5426181734117124+0.01477396258611044j)	0.3296821117401123	71.87826
755	(1.5424367726955361+0.014654383775089624j)	0.314227819442749	71.97359
756	(1.5425301763322254+0.01427375171492784j)	0.3216831684112549	72.06892
757	(1.5426328051319282+0.01391140267731239j)	0.3373250961303711	72.16424
758	(1.5426827046508633+0.013518517323320739j)	0.36000776290893555	72.25957
759	(1.5425006746451508+0.013378063028196052j)	0.32825493812561035	72.3549
760	(1.5426247347994593+0.013033985354494099j)	0.3085000514984131	72.45023
761	(1.542543683944919+0.012502526522051222j)	0.4064488410949707	72.54556
762	(1.5428514608807506+0.012300802633275265j)	0.31696009635925293	72.64088
763	(1.5427220165951179+0.012144054822475714j)	0.30855321884155273	72.73621
764	(1.5428197572539954+0.011832221477189958j)	0.31351399421691895	72.83154
765	(1.542797392056728+0.011291796632347834j)	0.31369996070861816	72.92687
766	(1.5429216225589142+0.011127046573543214j)	0.3128941059112549	73.0222
767	(1.542946904053214+0.010942137994107703j)	0.31800198554992676	73.11752
768	(1.5431098027942851+0.01067607705729931j)	0.3238389492034912	73.21285
769	(1.5431472276783365+0.010135049279004688j)	0.31814002990722656	73.30818
770	(1.5432650565102322+0.009979271269994594j)	0.31098484992980957	73.40351
771	(1.5436017542533438+0.009696017405983581j)	0.312654972076416	73.49884
772	(1.5434890930456957+0.009572712364668001j)	0.3178741931915283	73.59416
773	(1.5435873948635752+0.00903875213075922j)	0.31302905082702637	73.68949
774	(1.5436982346987433+0.008888178177435146j)	0.3714299201965332	73.78482
775	(1.5440609916294827+0.008657746646585085j)	0.3412048816680908	73.88015
776	(1.543950104148832+0.008528223339970165j)	0.45609188079833984	73.97547
777	(1.544108100771464+0.008010176414213477j)	0.4468390941619873	74.0708
778	(1.544214038673314+0.007860746658102602j)	0.3392667770385742	74.16613
779	(1.5445942040966196+0.007685481016553641j)	0.302232027053833	74.26146
780	(1.5445832533180783+0.007420133567621445j)	0.3294351100921631	74.35679
781	(1.5447015615553241+0.007054483467761941j)	0.37493205070495605	74.45211
782	(1.5448047457850707+0.006903326322930059j)	0.40126514434814453	74.54744
783	(1.545193860659905+0.00678313064578645j)	0.5567700862884521	74.64277
784	(1.5452184065768397+0.006512665107792526j)	0.42305684089660645	74.7381
785	(1.5452644493112266+0.0064792713878576436j)	0.43823909759521484	74.83343
786	(1.5454628344653938+0.006020679694129227j)	0.37680697441101074	74.92875
787	(1.5458488797155148+0.005955123529057971j)	0.5191552639007568	75.02408
788	(1.545914084191671+0.005685676263426198j)	0.4428868293762207	75.11941
789	(1.5459410754815832+0.005657398680690262j)	0.5696780681610107	75.21474
790	(1.5462285540650331+0.0053086742605588655j)	0.4365088939666748	75.31007
791	(1.5465609014330233+0.005205416959707998j)	0.5183649063110352	75.40539
792	(1.5466609959966737+0.004942250541695781j)	0.500363826751709	75.50072
793	(1.5467751331421298+0.0049423945915213485j)	0.4921681880950928	75.59605
794	(1.5469855057298618+0.004614465851845828j)	0.31938600540161133	75.69138
795	(1.5470838943723695+0.004292256758943069j)	0.3169279098510742	75.78671
796	(1.54745013656069+0.00428526195444634j)	0.33276820182800293	75.88203
797	(1.5474424804718587+0.004252334130511959j)	0.35920286178588867	75.97736
798	(1.5477780997584925+0.004003990314449757j)	0.36202216148376465	76.07269
799	(1.5479086220020957+0.0036795410612284196j)	0.35036206245422363	76.16802
800	(1.5482274883194962+0.0037294760415422235j)	0.3349478244781494	76.26335
801	(1.5486999464921143+0.0038099453076525513j)	0.3233911991119385	76.35867
802	(1.5487921738010222+0.0034954745473614324j)	0.35635805130004883	76.454
803	(1.5487625372561213+0.003156193006783825j)	0.41191601753234863	76.54933
804	(1.549053116970637+0.0032336647703785637j)	0.4503152370452881	76.64466
805	(1.5490867255502254+0.003180326318065585j)	0.5101907253265381	76.73998
806	(1.5494372845078899+0.0030362331624161354j)	0.5189502239227295	76.83531
807	(1.549638027365571+0.0027222773561697j)	0.3464779853820801	76.93064
808	(1.5498977719837297+0.002821172374024017j)	0.3761308193206787	77.02597
809	(1.5502768647320213+0.00273876743043866j)	0.5010640621185303	77.1213
810	(1.5502880371397376+0.0026781408124424977j)	0.46442484855651855	77.21662
811	(1.5505256229416449+0.0023778027417000747j)	0.3798048496246338	77.31195
812	(1.5507540134165976+0.0024915679702109395j)	0.5295372009277344	77.40728
813	(1.5511417742465414+0.0024604698081646115j)	0.5043132305145264	77.50261
814	(1.5511276368653102+0.0023824795037377666j)	0.3067910671234131	77.59794
815	(1.5514160233884133+0.0021215701581743796j)	0.31025004386901855	77.69326
816	(1.551614425060003+0.0022440658170617134j)	0.2988297939300537	77.78859
817	(1.5520028058374993+0.0022660652265261705j)	0.2909698486328125	77.88392
818	(1.5520010245440066+0.0021749418930728792j)	0.2894618511199951	77.97925
819	(1.552166710491832+0.0022571706267785485j)	0.29026317596435547	78.07458
820	(1.552471913828809+0.0020771847629131868j)	0.2948317527770996	78.1699
821	(1.5528527525305027+0.0021520548680529217j)	0.3115079402923584	78.26523
822	(1.552866999981558+0.002050674546496767j)	0.5049738883972168	78.36056
823	(1.5530005931339812+0.002150621145683873j)	0.38124513626098633	78.45589
824	(1.5533383911135532+0.0019255257216590493j)	0.3135521411895752	78.55122
825	(1.553685248947153+0.0021144871126007603j)	0.4409909248352051	78.64654
826	(1.5537181222817735+0.0020075369384955355j)	0.3819098472595215	78.74187
827	(1.5539090137103142+0.0021567630666783355j)	0.30979013442993164	78.8372
828	(1.5541771649891003+0.0019376209737087535j)	0.30947303771972656	78.93253
829	(1.5543033505669601+0.0018916954950193299j)	0.31052613258361816	79.02786
830	(1.5545471929502939+0.0020418181029361326j)	0.300307035446167	79.12318
831	(1.5546134093767257+0.0021552804236586454j)	0.3109860420227051	79.21851
832	(1.5549016424616304+0.0022110180162757676j)	0.3182351589202881	79.31384
833	(1.5551164515802125+0.0019695883411852133j)	0.2975170612335205	79.40917
834	(1.5553475774264875+0.002149820102279376j)	0.3009459972381592	79.50449
835	(1.555381946238+0.002260752875410388j)	0.2908589839935303	79.59982
836	(1.5557622965566782+0.0021777941793761357j)	0.30049586296081543	79.69515
837	(1.5558983929043952+0.002117771365419463j)	0.29084181785583496	79.79048
838	(1.5561835124992+0.002400509977594778j)	0.2937302589416504	79.88581
839	(1.5561178995423024+0.002428878233652898j)	0.3286159038543701	79.98113
840	(1.5564978479743905+0.0023959961983487377j)	0.2961909770965576	80.07646
841	(1.5566447165224957+0.002331759709208403j)	0.2954752445220947	80.17179
842	(1.5568824183047092+0.002637560156983576j)	0.3028407096862793	80.26712
843	(1.5571229362449261+0.0026611620632509547j)	0.3014819622039795	80.36245
844	(1.5571888791234647+0.0026722634573446147j)	0.2927699089050293	80.45777
845	(1.557348997711925+0.002606961257449969j)	0.31079697608947754	80.5531
846	(1.5575387607277222+0.0029277795283234598j)	0.299530029296875	80.64843
847	(1.5577842728115825+0.0029854669137311385j)	0.38628101348876953	80.74376
848	(1.5576847806676608+0.0030511022446894076j)	0.3054008483886719	80.83909
849	(1.5579288995764515+0.003082745821039512j)	0.3017420768737793	80.93441
850	(1.5581486362015367+0.003266515644789969j)	0.45263099670410156	81.02974
851	(1.5583937596111732+0.0033601220381250796j)	0.4668898582458496	81.12507
852	(1.5582888770564318+0.0033996595764936854j)	0.42165708541870117	81.2204
853	(1.5584757199723829+0.003558238355997112j)	0.3010098934173584	81.31573
854	(1.5587095631440722+0.003648374007042876j)	0.34184885025024414	81.41105
855	(1.5589485316655836+0.0037784269490459543j)	0.3630177974700928	81.50638
856	(1.5588435461852561+0.0037933808133704394j)	0.4342930316925049	81.60171
857	(1.5589933957442172+0.003972240831833229j)	0.41100215911865234	81.69704
858	(1.5592517798718397+0.003866869846668286j)	0.5748889446258545	81.79237
859	(1.5594449351763195+0.004235397826307996j)	0.6104240417480469	81.88769
860	(1.5593458301929266+0.004226054296709081j)	0.4966599941253662	81.98302
861	(1.5594561715459494+0.004418310523560565j)	0.41834092140197754	82.07835
862	(1.5597318796599664+0.0043424083681213865j)	0.4632291793823242	82.17368
863	(1.5598822453773706+0.004723184099181377j)	0.29436588287353516	82.269
864	(1.5597933886806126+0.004692719067105j)	0.37325525283813477	82.36433
865	(1.559863529009523+0.004891600514618677j)	0.3369579315185547	82.45966
866	(1.5601513567305192+0.0048480947013247455j)	0.3030557632446289	82.55499
867	(1.560163991073599+0.005002937787146666j)	0.49095988273620605	82.65032
868	(1.5601842049607753+0.005188104711620678j)	0.42700815200805664	82.74564
869	(1.5602144138799914+0.005385628394419584j)	0.3071470260620117	82.84097
870	(1.560509867337584+0.005378000029863106j)	0.3163571357727051	82.9363
871	(1.5605100872753332+0.005511442436045844j)	0.31995296478271484	83.03163
872	(1.5606765122542603+0.005873285148993546j)	0.3129868507385254	83.12696
873	(1.5605089871849884+0.0058954179948644825j)	0.3195788860321045	83.22228
874	(1.560806287296294+0.0059255305360484956j)	0.3280792236328125	83.31761
875	(1.5607993297358298+0.006037514775889985j)	0.34639883041381836	83.41294
876	(1.5609183905805606+0.006414305273061749j)	0.42093682289123535	83.50827
877	(1.5609548096673587+0.006440129823628626j)	0.3419759273529053	83.6036
878	(1.5610403127769825+0.006483997032454281j)	0.3358590602874756	83.69892
879	(1.5610313464455174+0.0065758120876344694j)	0.33827805519104004	83.79425
880	(1.561099664642649+0.006962373635914232j)	0.31855201721191406	83.88958
881	(1.5611471145591416+0.006998830662449551j)	0.3346750736236572	83.98491
882	(1.5609554282330569+0.0071165004796999165j)	0.3500969409942627	84.08024
883	(1.5612071532163303+0.007121397345145053j)	0.33324098587036133	84.17556
884	(1.561223580262717+0.007509854510109326j)	0.3373148441314697	84.27089
885	(1.5612792336041288+0.007560565671132391j)	0.2993133068084717	84.36622
886	(1.561073728116663+0.007641920704700045j)	0.31575608253479004	84.46155
887	(1.561309065884632+0.007857648531257921j)	0.309924840927124	84.55688
888	(1.5612925440053753+0.008051648274989942j)	0.2896850109100342	84.6522
889	(1.5613525164403963+0.008119366412805085j)	0.2991509437561035	84.74753
890	(1.5611396759618934+0.008164264731141513j)	0.29375696182250977	84.84286
891	(1.5612700868852345+0.008342728495081553j)	0.303009033203125	84.93819
892	(1.5613072591488262+0.008583280243349312j)	0.3560788631439209	85.03351
893	(1.5613750736676069+0.008675932553596999j)	0.3524320125579834	85.12884
894	(1.561154983656945+0.008678011096187932j)	0.31331706047058105	85.22417
895	(1.5612507651325251+0.008871518136335022j)	0.29071497917175293	85.3195
896	(1.5613795600225502+0.008837097594637133j)	0.29210686683654785	85.41483
897	(1.5613292178632237+0.009207761596501163j)	0.29106712341308594	85.51015
898	(1.5611212733864972+0.009180331052916824j)	0.2965219020843506	85.60548
899	(1.5611806620978763+0.009382284649478101j)	0.29543399810791016	85.70081
900	(1.5613260357517527+0.009362073907658641j)	0.2971768379211426	85.79614
901	(1.5611936335052525+0.009609139756276752j)	0.29473090171813965	85.89147
902	(1.561041089064028+0.009666302902999635j)	0.29453301429748535	85.98679
903	(1.5610629374965002+0.009870510555186396j)	0.2931499481201172	86.08212
904	(1.5612221941793882+0.009868971962159634j)	0.29333019256591797	86.17745
905	(1.5610673389686547+0.010082369100991029j)	0.30253100395202637	86.27278
906	(1.5611043533217992+0.010373033234216344j)	0.3181009292602539	86.36811
907	(1.560901264156199+0.010332770194152907j)	0.30769991874694824	86.46343
908	(1.5610711243703206+0.010354042056457402j)	0.295759916305542	86.55876
909	(1.560900020643513+0.010531537554843595j)	0.2962527275085449	86.65409
910	(1.5609007935437913+0.010833810260004406j)	0.29762721061706543	86.74942
911	(1.5607704026498888+0.010768155615313635j)	0.2913818359375	86.84475
912	(1.5608747829214489+0.01081178453602838j)	0.2984480857849121	86.94007
913	(1.5606950474938732+0.010953946981851925j)	0.29169511795043945	87.0354
914	(1.5606561479794259+0.011262443569983183j)	0.29772019386291504	87.13073
915	(1.5605485263591456+0.011188463815189675j)	0.2988290786743164	87.22606
916	(1.5603257622921298+0.01128601043333577j)	0.2888660430908203	87.32139
917	(1.560455418584401+0.011347293635649125j)	0.2969520092010498	87.41671
918	(1.5603759895502565+0.011655623776415713j)	0.292464017868042	87.51204
919	(1.5602901180629734+0.011578712899879218j)	0.2940537929534912	87.60737
920	(1.5600515911567794+0.011639217169158611j)	0.29022717475891113	87.7027
921	(1.5601845426070788+0.011709302518054243j)	0.2976338863372803	87.79802
922	(1.56006337408632+0.012011234337515053j)	0.2955048084259033	87.89335
923	(1.5599985748578544+0.011936191790365536j)	0.2926976680755615	87.98868
924	(1.5597512144273906+0.011956278844247992j)	0.29614901542663574	88.08401
925	(1.5598728444633658+0.012074215109980524j)	0.29616498947143555	88.17934
926	(1.5597235167417687+0.012327247093615101j)	0.2998631000518799	88.27466
927	(1.559677436818224+0.01225856351159138j)	0.31661009788513184	88.36999
928	(1.5594280989629032+0.012238031393884019j)	0.31763505935668945	88.46532
929	(1.5595267390093484+0.012374779822818871j)	0.3246328830718994	88.56065
930	(1.559513860944091+0.01232669666716002j)	0.29967308044433594	88.65598
931	(1.5593305626239706+0.01254377125778905j)	0.31093406677246094	88.7513
932	(1.5589744669926295+0.012580114896013295j)	0.29373717308044434	88.84663
933	(1.5591583728047906+0.012634285380030197j)	0.2993791103363037	88.94196
934	(1.5591682893842305+0.012584343971973055j)	0.30549001693725586	89.03729
935	(1.5589383529226515+0.012818179288787812j)	0.3016970157623291	89.13262
936	(1.558728535467547+0.012691437380170645j)	0.2931220531463623	89.22794
937	(1.5587722918158593+0.012851536869105784j)	0.3070540428161621	89.32327
938	(1.5588044598196826+0.012805188602301953j)	0.30974292755126953	89.4186
939	(1.5585178263726172+0.0129614511800199j)	0.30478620529174805	89.51393
940	(1.5585193548133467+0.013125972439724798j)	0.29586315155029297	89.60926
941	(1.5583730294044427+0.013025970932701858j)	0.2916111946105957	89.70458
942	(1.5603348296085637+0.014836994496295053j)	0.3598959445953369	89.79991
943	(1.558154306662022+0.013144139068046568j)	0.4167320728302002	89.89524
944	(1.558105994538999+0.013280654628414879j)	0.4740002155303955	89.99057
945	(1.5579039815854614+0.013096477011765972j)	0.2982919216156006	90.0859
946	(1.5580357814403043+0.013132757767399417j)	0.29914188385009766	90.18122
947	(1.557753686374302+0.013247117188611601j)	0.29453372955322266	90.27655
948	(1.557681878988718+0.013388830358114556j)	0.2921111583709717	90.37188
949	(1.5575159427011713+0.013189896911264709j)	0.29227614402770996	90.46721
950	(1.55763812697037+0.01323859935352023j)	0.2956070899963379	90.56253
951	(1.557352437418768+0.01331136286388801j)	0.3022909164428711	90.65786
952	(1.55726002401974+0.013461419204434777j)	0.29404282569885254	90.75319
953	(1.5571258784894457+0.013246676183007455j)	0.2951390743255615	90.84852
954	(1.5569406106730934+0.013275237107743365j)	0.2948579788208008	90.94385
955	(1.5569536540758513+0.013337997700288096j)	0.2932121753692627	91.03917
956	(1.556835337292562+0.013488308181627162j)	0.2924370765686035	91.1345
957	(1.5567367895734132+0.013267615747005301j)	0.32106494903564453	91.22983
958	(1.5565407730853908+0.013264166442503722j)	0.32581615447998047	91.32516
959	(1.5566782353147754+0.01330385142395274j)	0.3601667881011963	91.42049
960	(1.5564152169728407+0.013474053199902025j)	0.29796314239501953	91.51581
961	(1.5563510722351206+0.013253828379504284j)	0.2910788059234619	91.61114
962	(1.5561501410897802+0.013216660138491432j)	0.29778504371643066	91.70647
963	(1.556277680908005+0.013280619170116359j)	0.29543590545654297	91.8018
964	(1.5561646172353951+0.013197336014303063j)	0.2928168773651123	91.89713
965	(1.555970766421799+0.013206719305582482j)	0.29184699058532715	91.99245
966	(1.5557724166200175+0.013133867711051739j)	0.29558777809143066	92.08778
967	(1.5558854632715786+0.013220327115767483j)	0.29823994636535645	92.18311
968	(1.555799459782545+0.013123761593965444j)	0.2871549129486084	92.27844
969	(1.5555582220932185+0.01328801750786468j)	0.2950739860534668	92.37377
970	(1.5554101515666203+0.013018639749263428j)	0.29398608207702637	92.46909
971	(1.555504528688981+0.01312395386531462j)	0.2946741580963135	92.56442
972	(1.5554465782070102+0.013019943318146932j)	0.29386115074157715	92.65975
973	(1.555182977412796+0.01315240631374992j)	0.2950930595397949	92.75508
974	(1.5551680761553712+0.013094395200632825j)	0.29680895805358887	92.85041
975	(1.5551380041692664+0.012993967502755499j)	0.2885429859161377	92.94573
976	(1.5551084974525875+0.01288852315789124j)	0.29474592208862305	93.04106
977	(1.554827512699624+0.012985220985525125j)	0.29180216789245605	93.13639
978	(1.5548155280033344+0.012944564026935557j)	0.31839489936828613	93.23172
979	(1.5547888907772396+0.012832052015055995j)	0.36904001235961914	93.32704
980	(1.554786792013687+0.01273103817443566j)	0.33392786979675293	93.42237
981	(1.554494320268097+0.012789331233064138j)	0.29903292655944824	93.5177
982	(1.5544808397607264+0.012765475744923482j)	0.30601978302001953	93.61303
983	(1.554337746828757+0.012487696406038862j)	0.30173587799072266	93.70836
984	(1.5544830844301736+0.01254885438273301j)	0.29441118240356445	93.80368
985	(1.554185725920956+0.012568068752024986j)	0.30623817443847656	93.89901
986	(1.554165563554435+0.012559123036991138j)	0.295194149017334	93.99434
987	(1.5540625594728115+0.01226682261152423j)	0.30771899223327637	94.08967
988	(1.5539859759240762+0.012299002114612101j)	0.2967102527618408	94.185
989	(1.5540373866825736+0.012424287902072395j)	0.30994105339050293	94.28032
990	(1.5539551882989002+0.012286079229903324j)	0.3253161907196045	94.37565
991	(1.5538107908830894+0.012027668439518635j)	0.2976360321044922	94.47098
992	(1.5537192711449923+0.012041522330548449j)	0.2929880619049072	94.56631
993	(1.5538777756021818+0.012021504528823224j)	0.2932898998260498	94.66164
994	(1.553602945255622+0.012073695109217075j)	0.2923867702484131	94.75696
995	(1.5535827145604744+0.011772811149572515j)	0.3000469207763672	94.85229
996	(1.553480504393584+0.011765187883562844j)	0.2891108989715576	94.94762
997	(1.5536489240192877+0.011793448644359605j)	0.29946088790893555	95.04295
998	(1.5534737488935892+0.0116672043249757j)	0.2883021831512451	95.13828
999	(1.5533798227188695+0.01150448939508908j)	0.2955911159515381	95.2336
