	res_adaptive	time_adaptive	w
0	(-1.0590818900237249+0.050183902802992j)	0.32044434547424316	0.001
1	(-1.00226450366997-0.005101382751994213j)	0.2800869941711426	0.09632793136320304
2	(-0.9992458134115232-0.015322794787352882j)	0.296781063079834	0.19165586272640608
3	(-0.9980411972120934-0.02091752393326033j)	0.2797567844390869	0.2869837940896091
4	(-0.9999333663448379-0.0282353867782218j)	0.29753708839416504	0.38231172545281217
5	(-0.9997556490921049-0.03791182411422288j)	0.28278017044067383	0.4776396568160152
6	(-0.9977107772319841-0.045404559573272j)	0.2871112823486328	0.5729675881792182
7	(-0.9978348821002002-0.05161223984398288j)	0.2860596179962158	0.6682955195424213
8	(-0.9986589141182162-0.06004396685090207j)	0.28627610206604004	0.7636234509056243
9	(-0.997233528642906-0.06875642059874461j)	0.28817105293273926	0.8589513822688274
10	(-0.995876413193243-0.07537640162891046j)	0.2810542583465576	0.9542793136320304
11	(-0.9963754139646401-0.0824850369468968j)	0.28692078590393066	1.0496072449952334
12	(-0.9960954134527007-0.08831691877421147j)	0.2839691638946533	1.1449351763584363
13	(-0.9941204342837379-0.09897921012239354j)	0.2962179183959961	1.2402631077216395
14	(-0.9934834941248826-0.10551779367068259j)	0.2835378646850586	1.3355910390848424
15	(-0.9936326240844304-0.11348938037460207j)	0.28315281867980957	1.4309189704480456
16	(-0.9921994866323489-0.12197746326853182j)	0.2828071117401123	1.5262469018112486
17	(-0.9905012373315498-0.1289087017766233j)	0.28531408309936523	1.6215748331744515
18	(-0.9902582240521426-0.13592843633368795j)	0.28701329231262207	1.7169027645376547
19	(-0.989576225110982-0.14436090379980077j)	0.2841522693634033	1.8122306959008576
20	(-0.9875538810430495-0.15214640763999465j)	0.2897312641143799	1.9075586272640608
21	(-0.9863306077229658-0.15881797881710108j)	0.2879598140716553	2.0028865586272637
22	(-0.98594217244419-0.16651062830525867j)	0.28275609016418457	2.098214489990467
23	(-0.9843375245678815-0.1748476719162621j)	0.2831432819366455	2.19354242135367
24	(-0.9822723609740747-0.18193538048714952j)	0.2840859889984131	2.288870352716873
25	(-0.9814171433006309-0.18886368545221746j)	0.2845759391784668	2.384198284080076
26	(-0.9804028212814581-0.19702521824749908j)	0.2832791805267334	2.479526215443279
27	(-0.9781552990759435-0.20483454228167963j)	0.2823770046234131	2.574854146806482
28	(-0.9764069941409582-0.2115652123002068j)	0.2889559268951416	2.670182078169685
29	(-0.9755208458407159-0.21902462084228652j)	0.2795379161834717	2.765510009532888
30	(-0.9736859486980222-0.2272111065460274j)	0.2874021530151367	2.8608379408960913
31	(-0.9712549163405412-0.2343792992387835j)	0.289592981338501	2.956165872259294
32	(-0.9698416961566521-0.2412080099674036j)	0.28690671920776367	3.0514938036224972
33	(-0.9684773952248529-0.24912129032085825j)	0.27985215187072754	3.1468217349857004
34	(-0.9648556945484519-0.25701497149158087j)	0.28369593620300293	3.242149666348903
35	(-0.9637389114767737-0.263653783045131j)	0.2851409912109375	3.3374775977121063
36	(-0.9623715558146627-0.2708937510863331j)	0.28508996963500977	3.4328055290753094
37	(-0.9602767382664901-0.27891237551881143j)	0.29084110260009766	3.5281334604385126
38	(-0.9574890077146866-0.2861090278035441j)	0.2805969715118408	3.6234613918017153
39	(-0.955549312108438-0.292829412891488j)	0.29114699363708496	3.7187893231649185
40	(-0.9538224429890296-0.30049556481906065j)	0.2793421745300293	3.8141172545281217
41	(-0.9510555200038476-0.3082146196861726j)	0.2876431941986084	3.9094451858913244
42	(-0.9483576597627527-0.314947586486812j)	0.2865300178527832	4.004773117254528
43	(-0.9465178301904129-0.32197098422655324j)	0.2826731204986572	4.100101048617731
44	(-0.9441450951169743-0.32979873595705933j)	0.28334903717041016	4.195428979980934
45	(-0.9410132308757161-0.336982030738311j)	0.2860279083251953	4.290756911344137
46	(-0.938570351447549-0.3435846110306605j)	0.2847888469696045	4.386084842707341
47	(-0.9364711324837348-0.35099688356861974j)	0.28246402740478516	4.481412774070543
48	(-0.9334343645040487-0.3586112714935388j)	0.28990697860717773	4.576740705433746
49	(-0.9303004554406032-0.36530383509101455j)	0.28429603576660156	4.67206863679695
50	(-0.927994640568399-0.3721089106083639j)	0.28386807441711426	4.7673965681601524
51	(-0.9253315081109791-0.3797212669214712j)	0.286074161529541	4.862724499523355
52	(-0.92186941718239-0.3868536238517742j)	0.2842698097229004	4.958052430886559
53	(-0.9189439298582073-0.3933288452604533j)	0.2850151062011719	5.0533803622497615
54	(-0.9164648905386115-0.4004779347540045j)	0.2849726676940918	5.148708293612964
55	(-0.9131575470242665-0.4079515007198361j)	0.28530311584472656	5.244036224976168
56	(-0.9096107630641592-0.4145792596083905j)	0.2870631217956543	5.339364156339371
57	(-0.9068457448599174-0.4211627780860264j)	0.28110289573669434	5.434692087702573
58	(-0.9038832377951979-0.42853563499003455j)	0.28987693786621094	5.530020019065777
59	(-0.9001050206656254-0.4355821977040334j)	0.2792057991027832	5.62534795042898
60	(-0.8967168390518052-0.44192046909310845j)	0.28827691078186035	5.720675881792183
61	(-0.8938528462994407-0.4487961272798879j)	0.2843499183654785	5.816003813155386
62	(-0.8902754774014541-0.45609466465531195j)	0.2827126979827881	5.911331744518589
63	(-0.8863906780654535-0.4626490342285462j)	0.2887699604034424	6.006659675881792
64	(-0.8831227700401091-0.46899235263390715j)	0.2778949737548828	6.101987607244995
65	(-0.8798538013981795-0.4761028880889515j)	0.2897071838378906	6.197315538608198
66	(-0.8757161413632284-0.4832313377626941j)	0.27376890182495117	6.292643469971401
67	(-0.871943690514457-0.4892215480228732j)	0.29586267471313477	6.387971401334604
68	(-0.8686918446142047-0.49581422303394895j)	0.27988314628601074	6.483299332697807
69	(-0.864846555770503-0.5029055017143828j)	0.2880129814147949	6.57862726406101
70	(-0.8605433792336856-0.5093349141106753j)	0.2840750217437744	6.673955195424213
71	(-0.8568853968684221-0.5154623779936578j)	0.2865879535675049	6.769283126787417
72	(-0.8533049830809283-0.5222895104931411j)	0.2819061279296875	6.8646110581506194
73	(-0.8489389925783248-0.5290662918241208j)	0.28219008445739746	6.959938989513822
74	(-0.8446869384951365-0.535099446823565j)	0.28591179847717285	7.055266920877026
75	(-0.8410467936656008-0.541400436245083j)	0.27863502502441406	7.1505948522402285
76	(-0.8369354880589203-0.5482545723923661j)	0.2885138988494873	7.245922783603431
77	(-0.8322888953359573-0.5545502864395073j)	0.28431105613708496	7.341250714966635
78	(-0.8282013795272744-0.5604431710767438j)	0.2842979431152344	7.436578646329838
79	(-0.8243061435583952-0.5669680048924821j)	0.28355884552001953	7.53190657769304
80	(-0.8196676703716793-0.5735629885123449j)	0.282196044921875	7.627234509056244
81	(-0.8150169041457693-0.5794268920725769j)	0.2954721450805664	7.722562440419447
82	(-0.8109906938906094-0.5854291037101382j)	0.28452205657958984	7.817890371782649
83	(-0.806616465286138-0.5920179335576865j)	0.2878389358520508	7.913218303145853
84	(-0.8016491049684709-0.5981568894018836j)	0.28701305389404297	8.008546234509055
85	(-0.7971467775391653-0.6038108671427156j)	0.27902698516845703	8.103874165872258
86	(-0.7929350156257516-0.6100169594077256j)	0.2879650592803955	8.19920209723546
87	(-0.7880378217869655-0.6164001911863841j)	0.2829718589782715	8.294530028598665
88	(-0.7830125820255291-0.6220828172597729j)	0.28544187545776367	8.389857959961867
89	(-0.7786051003620035-0.6277803040418599j)	0.2833731174468994	8.48518589132507
90	(-0.7739709748698883-0.6340780936276582j)	0.28271007537841797	8.580513822688273
91	(-0.7687063660659634-0.640036763954934j)	0.2921640872955322	8.675841754051476
92	(-0.7638060299408302-0.6454472797928994j)	0.28197574615478516	8.77116968541468
93	(-0.7592780657103702-0.6513198561049228j)	0.28977298736572266	8.866497616777883
94	(-0.7541358684852866-0.6574629913661025j)	0.28234195709228516	8.961825548141086
95	(-0.7487609811027085-0.6629515669980368j)	0.2873091697692871	9.057153479504288
96	(-0.7439799269992665-0.6683394034173221j)	0.2827332019805908	9.152481410867491
97	(-0.7390898156912162-0.6743225598391525j)	0.28389978408813477	9.247809342230694
98	(-0.7335509710506211-0.6800774988288976j)	0.2840890884399414	9.343137273593898
99	(-0.7282719723255651-0.6852398720194701j)	0.28318309783935547	9.438465204957101
100	(-0.7234299898836842-0.6907673105750571j)	0.29953885078430176	9.533793136320304
101	(-0.7180559416767213-0.6966424059872818j)	0.28126001358032227	9.629121067683506
102	(-0.712357741203214-0.7019232469602494j)	0.2908329963684082	9.72444899904671
103	(-0.7072133979036954-0.7069975131165035j)	0.28130507469177246	9.819776930409914
104	(-0.7020717336668989-0.7126447092640734j)	0.2938849925994873	9.915104861773116
105	(-0.6962811570740635-0.7181725752368096j)	0.2839217185974121	10.010432793136319
106	(-0.6906456413819161-0.7230814959107307j)	0.28492283821105957	10.105760724499522
107	(-0.685493922620949-0.7282536404190588j)	0.2848331928253174	10.201088655862725
108	(-0.6799006828187072-0.7338350110282084j)	0.28576087951660156	10.296416587225927
109	(-0.6739063908717278-0.7388932716798406j)	0.29182982444763184	10.391744518589132
110	(-0.668412274269049-0.7436512408611412j)	0.2850840091705322	10.487072449952334
111	(-0.6630237602429898-0.7489436848901276j)	0.2861168384552002	10.582400381315537
112	(-0.6570040999999113-0.7542204256284517j)	0.2866339683532715	10.67772831267874
113	(-0.6510359921166108-0.7588701691235749j)	0.28763508796691895	10.773056244041943
114	(-0.6455809317812715-0.7636790890911179j)	0.28379201889038086	10.868384175405145
115	(-0.6397809974984436-0.7689417507144605j)	0.28562402725219727	10.96371210676835
116	(-0.6335181172551176-0.7737622779925317j)	0.28314924240112305	11.059040038131553
117	(-0.6276902181061457-0.7782014173703344j)	0.28295016288757324	11.154367969494755
118	(-0.621319686243531-0.7833983744992896j)	0.2897319793701172	11.249695900857958
119	(-0.6158339442920978-0.7881248134185411j)	0.28582191467285156	11.34502383222116
120	(-0.6095589739052872-0.7925087895679481j)	0.2783849239349365	11.440351763584365
121	(-0.603809451681798-0.7969484241660494j)	0.2906770706176758	11.535679694947568
122	(-0.5978147124856683-0.8018696452821621j)	0.2810039520263672	11.63100762631077
123	(-0.5913113302458193-0.8064358361132284j)	0.2905900478363037	11.726335557673973
124	(-0.5851684967717908-0.8105540684529775j)	0.2818880081176758	11.821663489037176
125	(-0.5793050160509976-0.8150904687757883j)	0.2892463207244873	11.916991420400379
126	(-0.5728919070204999-0.8197943418146121j)	0.2847630977630615	12.012319351763583
127	(-0.5663376110089686-0.8239051302095013j)	0.2817540168762207	12.107647283126786
128	(-0.5603045498539898-0.8279710068833745j)	0.2868788242340088	12.202975214489989
129	(-0.5541266988753586-0.8325298368753202j)	0.2808339595794678	12.298303145853192
130	(-0.5474107570325715-0.8368243666776425j)	0.28573012351989746	12.393631077216394
131	(-0.5409737053925299-0.8406196952213651j)	0.28032422065734863	12.488959008579599
132	(-0.5348841215325034-0.8447590337366642j)	0.2848179340362549	12.584286939942801
133	(-0.5283053502327135-0.8491424337879643j)	0.28125	12.679614871306004
134	(-0.5215005035930735-0.8529715870266608j)	0.2828700542449951	12.774942802669207
135	(-0.5151970724709264-0.8566607514820597j)	0.2830071449279785	12.87027073403241
136	(-0.5088474454211206-0.8608378706941888j)	0.2815842628479004	12.965598665395612
137	(-0.5019466289988566-0.864843203132791j)	0.28995299339294434	13.060926596758817
138	(-0.4952389879251182-0.8683134446767033j)	0.2830348014831543	13.15625452812202
139	(-0.4889321463509171-0.8720464741160966j)	0.2859039306640625	13.251582459485222
140	(-0.4822069102511285-0.8760873780808167j)	0.27991509437561035	13.346910390848425
141	(-0.4751809560593438-0.8796256432968328j)	0.28556394577026367	13.442238322211628
142	(-0.46862250153130447-0.8829362541621372j)	0.2846951484680176	13.537566253574832
143	(-0.4621123643021857-0.8867145231771468j)	0.284060001373291	13.632894184938035
144	(-0.4550538551702777-0.8904125560335392j)	0.28693103790283203	13.728222116301238
145	(-0.4481005773230041-0.8935554724610886j)	0.28263401985168457	13.82355004766444
146	(-0.4415873569384165-0.8968749298070238j)	0.2828080654144287	13.918877979027643
147	(-0.4347335829003637-0.900552517796701j)	0.2832679748535156	14.014205910390846
148	(-0.4275165453837825-0.9037897044104746j)	0.28270602226257324	14.10953384175405
149	(-0.42072086342525955-0.9067209932512278j)	0.288952112197876	14.204861773117253
150	(-0.4140611269882726-0.9100857446800805j)	0.2786858081817627	14.300189704480456
151	(-0.4068710134640743-0.9134581229359596j)	0.2877004146575928	14.395517635843659
152	(-0.39969885418365114-0.9162709777226212j)	0.2822577953338623	14.490845567206861
153	(-0.39183136859243534-0.9194432189245259j)	0.2772998809814453	14.586173498570064
154	(-0.3860258146817668-0.9224665812218615j)	0.28958797454833984	14.681501429933268
155	(-0.37864783815234887-0.9253917203369684j)	0.284404993057251	14.776829361296471
156	(-0.3716348180122015-0.9279435042755659j)	0.28472113609313965	14.872157292659674
157	(-0.36483620023778285-0.9308825727943941j)	0.28937816619873047	14.967485224022877
158	(-0.35753956758130817-0.9339111984936002j)	0.2894306182861328	15.06281315538608
159	(-0.3501763930353546-0.9363911996475667j)	0.2790181636810303	15.158141086749284
160	(-0.34328576623719614-0.9388694102458965j)	0.28931212425231934	15.253469018112487
161	(-0.33622664749150244-0.9417641402467376j)	0.28029894828796387	15.34879694947569
162	(-0.3287176514399443-0.9443656444969113j)	0.2909409999847412	15.444124880838892
163	(-0.32150826994088444-0.9465388211039198j)	0.28363800048828125	15.539452812202095
164	(-0.31458254980031025-0.94904211131415j)	0.28504419326782227	15.634780743565297
165	(-0.3072030315726381-0.951709365407607j)	0.2995319366455078	15.730108674928502
166	(-0.299678118820278-0.9538521993422351j)	0.28019261360168457	15.825436606291705
167	(-0.29261969059815185-0.9559075204826155j)	0.29044198989868164	15.920764537654907
168	(-0.285480957495061-0.9583861686962662j)	0.2801699638366699	16.016092469018112
169	(-0.2778704398115607-0.9606523248897108j)	0.2854421138763428	16.111420400381316
170	(-0.27048743643453-0.9624482368896727j)	0.28529977798461914	16.206748331744517
171	(-0.2634459039116946-0.96450798773647j)	0.28789496421813965	16.302076263107722
172	(-0.2560063031927919-0.9667970741635625j)	0.2951080799102783	16.397404194470923
173	(-0.24834912498096512-0.968599420879786j)	0.283872127532959	16.492732125834127
174	(-0.24113870829706807-0.9702318736645597j)	0.28266191482543945	16.588060057197332
175	(-0.23393481889627787-0.972280662926575j)	0.2877209186553955	16.683387988560533
176	(-0.2262513075937166-0.9741989834283629j)	0.28571295738220215	16.778715919923737
177	(-0.21871958803651348-0.9756189915236742j)	0.2898440361022949	16.874043851286938
178	(-0.21157400297697415-0.9772310228180592j)	0.2869987487792969	16.969371782650143
179	(-0.20409531443403528-0.9791263659483846j)	0.2871410846710205	17.064699714013347
180	(-0.19633566728655732-0.9805833057185549j)	0.2831740379333496	17.160027645376548
181	(-0.18899096732342352-0.9817951124365726j)	0.2845039367675781	17.255355576739753
182	(-0.1817350107610991-0.98340328036827j)	0.2856900691986084	17.350683508102954
183	(-0.17400603763083367-0.9849616715771715j)	0.2883939743041992	17.446011439466158
184	(-0.1663512381930793-0.9860085101682842j)	0.29211902618408203	17.541339370829363
185	(-0.15911430721872288-0.9871698476944459j)	0.2800629138946533	17.636667302192564
186	(-0.15161592419707393-0.988657151791188j)	0.2913661003112793	17.731995233555768
187	(-0.14378371906138399-0.9897637319818071j)	0.27944493293762207	17.82732316491897
188	(-0.1363235767271938-0.9905591782328114j)	0.2861471176147461	17.922651096282173
189	(-0.12902867107945604-0.9917179489981529j)	0.28455567359924316	18.017979027645374
190	(-0.1212805580253824-0.9929046995181263j)	0.283494234085083	18.11330695900858
191	(-0.11352965900613166-0.9935802695402862j)	0.28673696517944336	18.208634890371783
192	(-0.10621461917932012-0.994291514942178j)	0.28345584869384766	18.303962821734984
193	(-0.09871469433456542-0.9953583756672608j)	0.2885150909423828	18.39929075309819
194	(-0.09083979846677775-0.996110046449479j)	0.27786779403686523	18.49461868446139
195	(-0.08328439689126815-0.9964938834121688j)	0.2871091365814209	18.589946615824594
196	(-0.07596316890651256-0.9971973423365106j)	0.283703088760376	18.6852745471878
197	(-0.0682205004243302-0.9980013977392928j)	0.2859461307525635	18.780602478551
198	(-0.06040160712752568-0.9983081779634655j)	0.2867870330810547	18.875930409914204
199	(-0.053022731511706056-0.9985720037847274j)	0.2835099697113037	18.971258341277405
200	(-0.04553790096266758-0.999208150949767j)	0.2839789390563965	19.06658627264061
201	(-0.0376501544767851-0.9996000508170344j)	0.28312015533447266	19.161914204003814
202	(-0.030020914116021813-0.9995783954088451j)	0.2828819751739502	19.257242135367015
203	(-0.02268568828426193-0.9998235082843108j)	0.28777599334716797	19.35257006673022
204	(-0.014972461560987027-1.0002349016516812j)	0.28605079650878906	19.44789799809342
205	(-0.007113704311446756-1.0001752354927924j)	0.28402185440063477	19.543225929456625
206	(0.00039147724149968255-0.9999017481160037j)	0.29532790184020996	19.63855386081983
207	(0.007767376845789931-1.0001939384748257j)	0.29219603538513184	19.73388179218303
208	(0.015639875615457988-1.0002209639990691j)	0.2834019660949707	19.829209723546235
209	(0.02331957370259513-0.9998013726014789j)	0.28170180320739746	19.924537654909436
210	(0.03065636411329392-0.9995880153847829j)	0.28481578826904297	20.01986558627264
211	(0.03831787715476098-0.9995977333144358j)	0.28354978561401367	20.11519351763584
212	(0.04618761512085723-0.9991741590969274j)	0.2894551753997803	20.210521448999046
213	(0.05364682263394682-0.9985601336259903j)	0.27919602394104004	20.30584938036225
214	(0.06105466350564798-0.9983130295806016j)	0.29302406311035156	20.40117731172545
215	(0.06888416170086809-0.9979705712802875j)	0.2797250747680664	20.496505243088656
216	(0.07659000602718719-0.9971610276430951j)	0.28438591957092285	20.591833174451857
217	(0.08391535690514762-0.9964917249141282j)	0.2845487594604492	20.68716110581506
218	(0.0914776294080199-0.9961281867905821j)	0.2927412986755371	20.782489037178266
219	(0.09935603388803843-0.9953074836127096j)	0.39209699630737305	20.877816968541467
220	(0.10682920128422085-0.9942670206285007j)	0.4047579765319824	20.97314489990467
221	(0.11417707261851107-0.9935724104025183j)	0.28809499740600586	21.068472831267872
222	(0.121936810585763-0.9928562764243445j)	0.29513978958129883	21.163800762631077
223	(0.1296430706327455-0.9916656900916534j)	0.29557299613952637	21.25912869399428
224	(0.13694376687304738-0.9905453799231712j)	0.29347896575927734	21.354456625357482
225	(0.14444071661365537-0.9897310141807966j)	0.33272767066955566	21.449784556720687
226	(0.15224552278346237-0.9885874628170295j)	0.2903149127960205	21.545112488083888
227	(0.15971314365570033-0.9871311834028338j)	0.3097269535064697	21.640440419447092
228	(0.16698750930362538-0.9859886215483169j)	0.2990689277648926	21.735768350810293
229	(0.17465213047896977-0.9848953256521666j)	0.2913327217102051	21.831096282173498
230	(0.18233205776152417-0.9833325277954602j)	0.2957460880279541	21.926424213536702
231	(0.18959388088001966-0.9817689767005446j)	0.29123663902282715	22.021752144899903
232	(0.19698083719782217-0.9805357485560118j)	0.30364990234375	22.117080076263107
233	(0.20470936457757988-0.9790359927224626j)	0.33702588081359863	22.21240800762631
234	(0.21215105904517761-0.977175774190145j)	0.3141818046569824	22.307735938989513
235	(0.21706684724672876-0.9758485971295838j)	0.3751180171966553	22.403063870352717
236	(0.22688346245708224-0.974114008433471j)	0.39227795600891113	22.49839180171592
237	(0.2345100328101799-0.9721883538789113j)	0.31513500213623047	22.593719733079123
238	(0.24171795785032135-0.9701915023572769j)	0.360701322555542	22.689047664442324
239	(0.24897804002034463-0.9685377049431605j)	0.30103206634521484	22.78437559580553
240	(0.2566015036396073-0.9666838324174055j)	0.3264167308807373	22.879703527168733
241	(0.26399551442028907-0.9644327922962757j)	0.38033103942871094	22.975031458531934
242	(0.27108341144572273-0.9624031542852302j)	0.31084609031677246	23.07035938989514
243	(0.2784851336586139-0.9605478301882414j)	0.3176901340484619	23.16568732125834
244	(0.28603042265492057-0.9582686386948652j)	0.2979929447174072	23.261015252621544
245	(0.2931685785775528-0.955850307079728j)	0.30792999267578125	23.356343183984748
246	(0.30028552024477856-0.9537758321676637j)	0.28477907180786133	23.45167111534795
247	(0.3077765203253207-0.9515706657061197j)	0.3198390007019043	23.546999046711154
248	(0.31509947117741677-0.9489425978663566j)	0.35063600540161133	23.642326978074355
249	(0.32207433962197557-0.9464794830312567j)	0.34247422218322754	23.73765490943756
250	(0.3293114389019442-0.9442406376611681j)	0.42735934257507324	23.83298284080076
251	(0.33674719871828185-0.9416171090508474j)	0.34655189514160156	23.928310772163965
252	(0.34379818523564476-0.9387913669218501j)	0.27977514266967773	24.02363870352717
253	(0.35075732792056824-0.9362980169286161j)	0.2927680015563965	24.11896663489037
254	(0.35808897834439835-0.933744135889888j)	0.5032432079315186	24.214294566253574
255	(0.3653165239527286-0.9307533709087117j)	0.3072829246520996	24.309622497616775
256	(0.3721652000492713-0.9278660661528761j)	0.32947206497192383	24.40495042897998
257	(0.37921729554612144-0.9252438476818522j)	0.36925816535949707	24.500278360343184
258	(0.38651527863482654-0.9222851941936929j)	0.31448984146118164	24.595606291706385
259	(0.39282863187260986-0.919051357495796j)	0.2927830219268799	24.69093422306959
260	(0.40024815869875957-0.9161593129201191j)	0.28008127212524414	24.78626215443279
261	(0.40739470736624966-0.9132594374270757j)	0.29494571685791016	24.881590085795995
262	(0.41450202978183165-0.9099205530711727j)	0.3381359577178955	24.9769180171592
263	(0.4212105779854202-0.9066208167985984j)	0.4903099536895752	25.0722459485224
264	(0.42805897342750626-0.903616865690168j)	0.6553092002868652	25.167573879885605
265	(0.43519104263426944-0.9003314595724654j)	0.629241943359375	25.262901811248806
266	(0.4420125363914418-0.8967374639351684j)	0.3145878314971924	25.35822974261201
267	(0.4486141202703301-0.8934216353906506j)	0.49913811683654785	25.45355767397521
268	(0.45555118595474914-0.8901788352296278j)	0.44941210746765137	25.548885605338416
269	(0.46251245557225285-0.8865063243399176j)	0.29306793212890625	25.64421353670162
270	(0.4690669107127121-0.882807895565427j)	0.31624293327331543	25.73954146806482
271	(0.4757004127452622-0.8794108668139218j)	0.2928471565246582	25.834869399428026
272	(0.4826330179269048-0.875821124130493j)	0.280411958694458	25.930197330791227
273	(0.48931008681172444-0.8718685471856438j)	0.28102898597717285	26.02552526215443
274	(0.4957143541708222-0.8681513686436391j)	0.28057384490966797	26.120853193517636
275	(0.5024180932603111-0.864570711947106j)	0.28080296516418457	26.216181124880837
276	(0.5092074881091918-0.8605792482365231j)	0.27982401847839355	26.31150905624404
277	(0.5155928651332123-0.8564975667051264j)	0.2792801856994629	26.406836987607242
278	(0.5219837320412825-0.8527400016804514j)	0.28577399253845215	26.502164918970447
279	(0.5287025766427723-0.8488256576123825j)	0.2847588062286377	26.59749285033365
280	(0.5352143210198747-0.8445324056415697j)	0.28292012214660645	26.692820781696852
281	(0.5414071812519763-0.8404282257340825j)	0.28367018699645996	26.788148713060057
282	(0.5478582970574677-0.8365098393773299j)	0.2813119888305664	26.883476644423258
283	(0.5544494046719275-0.8322131556231085j)	0.2917659282684326	26.978804575786462
284	(0.5606519592773178-0.8277656312772042j)	0.2793889045715332	27.074132507149667
285	(0.5667910560447165-0.823639389016984j)	0.28239989280700684	27.169460438512868
286	(0.5732646396228128-0.819422229154321j)	0.2794311046600342	27.264788369876072
287	(0.5795896074625384-0.8148066921782592j)	0.28171396255493164	27.360116301239273
288	(0.5855601838681197-0.8103262972711147j)	0.2966902256011963	27.455444232602478
289	(0.5917384440976725-0.8060765882420075j)	0.3167870044708252	27.55077216396568
290	(0.5981057944904162-0.801488638387511j)	0.31868696212768555	27.646100095328883
291	(0.6041091464887904-0.7966935274820359j)	0.291475772857666	27.741428026692088
292	(0.6099841788691299-0.7922062024138028j)	0.30939793586730957	27.83675595805529
293	(0.6161885985017914-0.787693739552267j)	0.28099799156188965	27.932083889418493
294	(0.6223049286182231-0.7827744604770663j)	0.28323984146118164	28.027411820781694
295	(0.6280417659060262-0.777932438593224j)	0.2937440872192383	28.1227397521449
296	(0.6339298034841998-0.7733568352239192j)	0.2842519283294678	28.218067683508103
297	(0.6400482694560488-0.7684908888011449j)	0.31413817405700684	28.313395614871304
298	(0.6458365007799194-0.763367717243888j)	0.32085371017456055	28.40872354623451
299	(0.6514356500706304-0.7585288945468603j)	0.3337259292602539	28.50405147759771
300	(0.6573489849012951-0.7537285364956103j)	0.36000585556030273	28.599379408960914
301	(0.6632346559751516-0.7485240691661299j)	0.2956080436706543	28.69470734032412
302	(0.6687265664045047-0.7433368521028823j)	0.2896451950073242	28.79003527168732
303	(0.674309006432843-0.7384418580114154j)	0.2882709503173828	28.885363203050524
304	(0.6801543747259269-0.7333107383552749j)	0.28879809379577637	28.980691134413725
305	(0.6857112294151202-0.7278799491034001j)	0.2886319160461426	29.07601906577693
306	(0.6910245159545862-0.7227008869069034j)	0.2886080741882324	29.17134699714013
307	(0.6966261778085232-0.7176204133025184j)	0.2986440658569336	29.266674928503335
308	(0.7022592508707496-0.7121491846199995j)	0.28766298294067383	29.36200285986654
309	(0.7074952380788608-0.7066349339144751j)	0.29087114334106445	29.45733079122974
310	(0.7127587053051887-0.7014283194131381j)	0.2897069454193115	29.552658722592945
311	(0.7183079620209716-0.6960444525097428j)	0.28612208366394043	29.647986653956146
312	(0.7236166710157317-0.690326727669553j)	0.32747912406921387	29.74331458531935
313	(0.7286354379695938-0.6848213218773646j)	0.32357025146484375	29.838642516682555
314	(0.7339069898358049-0.6794686474785021j)	0.3029167652130127	29.933970448045756
315	(0.7392658528563627-0.6737488555244221j)	0.31537723541259766	30.02929837940896
316	(0.7442350426541661-0.6679273318472411j)	0.3033900260925293	30.12462631077216
317	(0.7491681223944601-0.6624183147525828j)	0.2810838222503662	30.219954242135366
318	(0.7543994300889442-0.6567942175271448j)	0.28376197814941406	30.31528217349857
319	(0.7594440123996958-0.6508113181787265j)	0.2858858108520508	30.41061010486177
320	(0.7641594875886333-0.644994435733523j)	0.2879607677459717	30.505938036224975
321	(0.7690851284331738-0.6393780820196551j)	0.28619909286499023	30.601265967588176
322	(0.7741487364523016-0.6334276284027902j)	0.28931617736816406	30.69659389895138
323	(0.7788403147747576-0.627320043370219j)	0.28632402420043945	30.791921830314585
324	(0.7832950111138083-0.6213259078524648j)	0.2922952175140381	30.887249761677786
325	(0.7883275131648303-0.6156661709074779j)	0.28258371353149414	30.98257769304099
326	(0.7930907126300243-0.6094410866378315j)	0.28929710388183594	31.077905624404192
327	(0.7974956157608746-0.6033299520110103j)	0.29246020317077637	31.173233555767396
328	(0.8020618653034536-0.5974591547073046j)	0.28412580490112305	31.268561487130597
329	(0.8068096232244562-0.5912956666338729j)	0.28721189498901367	31.3638894184938
330	(0.8112127833962066-0.5849245166694523j)	0.310791015625	31.459217349857006
331	(0.8154582235435149-0.5788449126502806j)	0.28211092948913574	31.554545281220207
332	(0.8199966672404185-0.5727748721935144j)	0.28159213066101074	31.64987321258341
333	(0.8244621843201415-0.5663293789140006j)	0.280717134475708	31.745201143946613
334	(0.8285499307539714-0.5599431120212554j)	0.2862100601196289	31.840529075309817
335	(0.8327444880569392-0.553828252056885j)	0.28192591667175293	31.93585700667302
336	(0.8371582390675437-0.5474684416526441j)	0.31411266326904297	32.03118493803622
337	(0.8412617264305575-0.5408574128238667j)	0.2801480293273926	32.12651286939942
338	(0.8451532794301134-0.534513503209198j)	0.2862718105316162	32.22184080076263
339	(0.8493200881772794-0.528238600727952j)	0.28053903579711914	32.31716873212583
340	(0.8534717239794709-0.5215947361379905j)	0.28165197372436523	32.41249666348903
341	(0.8572360285366146-0.5149546303739405j)	0.2820470333099365	32.50782459485224
342	(0.861050197455134-0.5086072348049189j)	0.28136277198791504	32.60315252621544
343	(0.8651108645435179-0.5020684302626761j)	0.2819979190826416	32.69848045757864
344	(0.8689041897705183-0.49524185772570445j)	0.2806708812713623	32.79380838894184
345	(0.8724369640049515-0.48864958616210813j)	0.2829890251159668	32.88913632030505
346	(0.8762181657783328-0.48218205221812305j)	0.42487502098083496	32.98446425166825
347	(0.8800397414440165-0.47536260977196854j)	0.3866760730743408	33.07979218303145
348	(0.8834750795897218-0.4684908479800523j)	0.30922698974609375	33.17512011439466
349	(0.8869010458071466-0.4619235285291711j)	0.2874927520751953	33.27044804575786
350	(0.890592341615574-0.45522235125141075j)	0.3205091953277588	33.36577597712106
351	(0.8940644640740617-0.4482056307750428j)	0.28561997413635254	33.46110390848427
352	(0.8972349651996381-0.44138294124152866j)	0.283689022064209	33.55643183984747
353	(0.9006192253381466-0.4347355457853582j)	0.2795829772949219	33.65175977121067
354	(0.9040946456601407-0.42776248718225085j)	0.28295207023620605	33.74708770257387
355	(0.9071955389742129-0.4206831576441578j)	0.28179383277893066	33.84241563393708
356	(0.9102278753003208-0.41391005104412004j)	0.28192901611328125	33.93774356530028
357	(0.9135346428116025-0.4070628252746382j)	0.2806110382080078	34.03307149666348
358	(0.916785800662193-0.39991312510786303j)	0.262631893157959	34.12839942802669
359	(0.9194801890227129-0.3928484922853041j)	0.28002095222473145	34.22372735938989
360	(0.9224572290629294-0.38603441633433266j)	0.28592586517333984	34.31905529075309
361	(0.9255721163216007-0.37892949728049713j)	0.2830338478088379	34.41438322211629
362	(0.9283331620969315-0.3716679780885706j)	0.31034231185913086	34.5097111534795
363	(0.9309681537864225-0.3647047204817304j)	0.3164663314819336	34.6050390848427
364	(0.9338769558536837-0.3577275523399362j)	0.2995491027832031	34.7003670162059
365	(0.9366738385102542-0.35040712402287977j)	0.29424405097961426	34.79569494756911
366	(0.9391125854133251-0.34318590785056935j)	0.28183674812316895	34.89102287893231
367	(0.9416747631862564-0.3362189997196615j)	0.2813150882720947	34.98635081029551
368	(0.9444146613050233-0.32900357603807634j)	0.2813689708709717	35.08167874165872
369	(0.9468307777307693-0.3215862448089276j)	0.28041815757751465	35.17700667302192
370	(0.9490663665615533-0.3144500121041716j)	0.28420186042785645	35.27233460438512
371	(0.9515654711010222-0.30735883787806123j)	0.299030065536499	35.36766253574832
372	(0.9540083423379708-0.2999253350971894j)	0.37853121757507324	35.46299046711153
373	(0.9560788918133337-0.29253939178719757j)	0.36791014671325684	35.55831839847473
374	(0.9582207081122244-0.28543395364846086j)	0.32698702812194824	35.65364632983793
375	(0.9605728539154443-0.2781286696153064j)	0.30693602561950684	35.74897426120114
376	(0.9626381300063501-0.270582854541587j)	0.3348517417907715	35.84430219256434
377	(0.964473640454564-0.2632923493232702j)	0.3644447326660156	35.93963012392754
378	(0.966553194762355-0.2561029970353298j)	0.3836350440979004	36.034958055290744
379	(0.9686313230426974-0.24858202591940734j)	0.3599109649658203	36.13028598665395
380	(0.970332758140467-0.24105578173973874j)	0.2984321117401123	36.22561391801715
381	(0.9720506085167451-0.23382760292699703j)	0.35768795013427734	36.320941849380354
382	(0.9740030077521282-0.22645263600257018j)	0.3632240295410156	36.41626978074356
383	(0.9757117664031576-0.21880600852558768j)	0.32529520988464355	36.51159771210676
384	(0.9771477350090402-0.21138140857486398j)	0.3583250045776367	36.606925643469964
385	(0.9787934588880445-0.2040341281480337j)	0.3570261001586914	36.70225357483317
386	(0.9805028313660582-0.1965263617629919j)	0.33317089080810547	36.79758150619637
387	(0.9818344167915456-0.18888571768836065j)	0.33673095703125	36.892909437559574
388	(0.9831265850620793-0.18155119529373853j)	0.3525369167327881	36.988237368922775
389	(0.9846685392980102-0.17412605936427963j)	0.36759185791015625	37.08356530028598
390	(0.9860509368635927-0.1667567446990356j)	0.35260605812072754	37.178893231649184
391	(0.9870529874552327-0.15886934814363757j)	0.32361721992492676	37.274221163012385
392	(0.9882714953247331-0.1515306163078347j)	0.3498687744140625	37.36954909437559
393	(0.9895895175038459-0.14390984684022062j)	0.36205101013183594	37.464877025738794
394	(0.9905507893947159-0.13618163314299428j)	0.3206298351287842	37.560204957101995
395	(0.9914173335144663-0.12875810251988568j)	0.3009920120239258	37.655532888465196
396	(0.992539610880651-0.12130161446563788j)	0.3253462314605713	37.750860819828404
397	(0.9935179343799725-0.11353685099136099j)	0.32663917541503906	37.846188751191605
398	(0.9941600545389695-0.10591038861960242j)	0.3593289852142334	37.941516682554806
399	(0.9949417328871134-0.09852092537674143j)	0.35098814964294434	38.036844613918014
400	(0.9958651280964689-0.09088553704775554j)	0.34436702728271484	38.132172545281215
401	(0.9964555826501484-0.08309726013555963j)	0.3441910743713379	38.227500476644416
402	(0.9968983973657011-0.07560254840590436j)	0.3437800407409668	38.322828408007624
403	(0.9975932216376032-0.06813327532750207j)	0.33501696586608887	38.418156339370825
404	(0.998197622393491-0.06035071106679632j)	0.30379796028137207	38.513484270734025
405	(0.9984472382762236-0.05265837129322956j)	0.3314802646636963	38.608812202097226
406	(0.9987898229546988-0.04523430069826026j)	0.3289339542388916	38.704140133460434
407	(0.99931033408835-0.03760730403850446j)	0.3623008728027344	38.799468064823635
408	(0.9995294809930374-0.029786850999579395j)	0.3434481620788574	38.894795996186836
409	(0.9995517385865791-0.022240696764957824j)	0.3314380645751953	38.990123927550044
410	(0.9998133860129453-0.014775544145027658j)	0.32504868507385254	39.085451858913245
411	(1.0000382718648666-0.0070019398358520946j)	0.2991008758544922	39.180779790276446
412	(0.999900036127606+0.0007318414996984324j)	0.38408589363098145	39.276107721639654
413	(0.9998027620389446+0.008173854759781052j)	0.30103302001953125	39.371435653002855
414	(0.9999130484380792+0.01577091154765986j)	0.3121669292449951	39.466763584366056
415	(0.999760416628874+0.023595549230726848j)	0.3559749126434326	39.56209151572926
416	(0.9993667630581426+0.03117300730202885j)	0.3372311592102051	39.657419447092465
417	(0.9991913857922383+0.038617266519144405j)	0.2969660758972168	39.752747378455666
418	(0.9990312848651913+0.046356200156328436j)	0.3237488269805908	39.84807530981887
419	(0.99852594592956+0.05402840824535726j)	0.3368539810180664	39.943403241182075
420	(0.9979561535264714+0.061544690238392624j)	0.312514066696167	40.038731172545276
421	(0.9976687152519721+0.06909575883896477j)	0.35355186462402344	40.13405910390848
422	(0.9971438954610354+0.0768967510860446j)	0.34337401390075684	40.22938703527168
423	(0.9963402615297832+0.08448452613086666j)	0.2993180751800537	40.324714966634886
424	(0.9957260729347803+0.09189167117075805j)	0.3078267574310303	40.42004289799809
425	(0.9951765676466139+0.09957093503881354j)	0.31580519676208496	40.51537082936129
426	(0.9942735868429573+0.1073088581806382j)	0.29093289375305176	40.610698760724496
427	(0.9933073731719713+0.1147379273705384j)	0.2921779155731201	40.7060266920877
428	(0.992580630761325+0.12221504282637j)	0.29085707664489746	40.8013546234509
429	(0.9916837213610198+0.12996469508022418j)	0.2899172306060791	40.896682554814106
430	(0.9904768273158367+0.1375412884940792j)	0.2901597023010254	40.99201048617731
431	(0.9894241689982103+0.14489550150702915j)	0.28647518157958984	41.08733841754051
432	(0.988481369231008+0.15249144158296102j)	0.288985013961792	41.18266634890371
433	(0.9872032908908477+0.16019209934054834j)	0.2892599105834961	41.27799428026692
434	(0.9858105697338251+0.16758878268566846j)	0.29017210006713867	41.37332221163012
435	(0.9846602648433322+0.17497818485371597j)	0.29508090019226074	41.46865014299332
436	(0.98339078785946+0.18264989601210072j)	0.29274606704711914	41.56397807435653
437	(0.9817892031833618+0.19019263917158274j)	0.29126501083374023	41.65930600571973
438	(0.9803006901584191+0.19747856182860557j)	0.28887391090393066	41.75463393708293
439	(0.9789616062578816+0.2049686675264909j)	0.2902340888977051	41.84996186844613
440	(0.977313623939055+0.21260549964004286j)	0.299030065536499	41.94528979980934
441	(0.9755023145413111+0.21995193958564857j)	0.30071306228637695	42.04061773117254
442	(0.9739275495460036+0.227236574927295j)	0.30992698669433594	42.13594566253574
443	(0.9722858075247334+0.23480440558810373j)	0.2998068332672119	42.23127359389895
444	(0.9702982280492668+0.24229027051597635j)	0.3017878532409668	42.32660152526215
445	(0.9683790440794452+0.24949255523455083j)	0.3181877136230469	42.42192945662535
446	(0.9666418376314954+0.25685534996893294j)	0.4287858009338379	42.51725738798856
447	(0.9646260709476652+0.26441166565674556j)	0.3563263416290283	42.61258531935176
448	(0.9624091895024625+0.27168004388243316j)	0.3086857795715332	42.70791325071496
449	(0.9604111027198802+0.2788438232886453j)	0.29618406295776367	42.80324118207816
450	(0.9583978961543527+0.2862828317150549j)	0.4385390281677246	42.89856911344137
451	(0.9560345695333595+0.2936881494160703j)	0.35579991340637207	42.99389704480457
452	(0.953691328850983+0.30079161818637234j)	0.33188486099243164	43.08922497616777
453	(0.9515555054733977+0.30800774972196254j)	0.47732996940612793	43.18455290753098
454	(0.9491845623692996+0.3154381225708322j)	0.5304408073425293	43.27988083889418
455	(0.9465664911926424+0.32262825664348743j)	0.3572690486907959	43.37520877025738
456	(0.944148359330662+0.3296559281419705j)	0.41137099266052246	43.47053670162058
457	(0.9417651265250149+0.3369423014122461j)	0.3499441146850586	43.56586463298379
458	(0.9388277195786541+0.34474536267458983j)	0.2926170825958252	43.66119256434699
459	(0.9365386320615865+0.35117834113752117j)	0.3236370086669922	43.75652049571019
460	(0.9337450650807212+0.3582834612854911j)	0.3206198215484619	43.8518484270734
461	(0.9310215935654855+0.36557150221390655j)	0.31343793869018555	43.9471763584366
462	(0.9280182931107217+0.37265438119280214j)	0.30422210693359375	44.0425042897998
463	(0.9251853292336704+0.37953126391210035j)	0.30321621894836426	44.13783222116301
464	(0.9224346746758098+0.3866429928005438j)	0.28496289253234863	44.23316015252621
465	(0.9193517213373836+0.3938142690200939j)	0.29500794410705566	44.32848808388941
466	(0.9161898832552656+0.4006741012150376j)	0.3051912784576416	44.42381601525261
467	(0.913261805030286+0.40754298958211j)	0.29053282737731934	44.51914394661582
468	(0.9101921502577562+0.41466352308134186j)	0.2942211627960205	44.61447187797902
469	(0.9068173860641215+0.42161895038992225j)	0.29251885414123535	44.70979980934222
470	(0.9035774903666818+0.4283311998353156j)	0.29451608657836914	44.80512774070543
471	(0.900462293986202+0.43524631780640854j)	0.3417661190032959	44.90045567206863
472	(0.8970363990325028+0.4422642047095267j)	0.3091750144958496	44.99578360343183
473	(0.8934839580130618+0.44897868540662433j)	0.29375505447387695	45.09111153479503
474	(0.8901657189117808+0.4556494419727928j)	0.29643774032592773	45.18643946615824
475	(0.8867565545526999+0.4625780805138655j)	0.30403995513916016	45.28176739752144
476	(0.8830250589694925+0.46938534930000386j)	0.292374849319458	45.37709532888464
477	(0.8793884709490712+0.47591927033320325j)	0.2865309715270996	45.47242326024785
478	(0.8759125207250874+0.4826178227782134j)	0.2956399917602539	45.56775119161105
479	(0.8721553908966869+0.4894579175417929j)	0.3272550106048584	45.66307912297425
480	(0.8682270199557309+0.49601094097006826j)	0.3033571243286133	45.75840705433746
481	(0.8645251998812941+0.5024686054679663j)	0.32515788078308105	45.85373498570066
482	(0.8607835642666758+0.5091819065961469j)	0.3152809143066406	45.94906291706386
483	(0.8567109529324389+0.515819717871457j)	0.29770994186401367	46.044390848427064
484	(0.8526892644549365+0.5221619025183775j)	0.28652000427246094	46.13971877979027
485	(0.848858131480015+0.5286253679171857j)	0.29422688484191895	46.23504671115347
486	(0.8447816646377501+0.5352634868308868j)	0.28250789642333984	46.330374642516674
487	(0.8404938261847114+0.5416383495267914j)	0.31267404556274414	46.42570257387988
488	(0.8364166238750461+0.5478690716357185j)	0.3214859962463379	46.52103050524308
489	(0.832350192532723+0.5543449608721314j)	0.28462696075439453	46.61635843660628
490	(0.8279523611387738+0.5607914326384787j)	0.2863030433654785	46.71168636796949
491	(0.8235595180334736+0.5669285635092736j)	0.292712926864624	46.80701429933269
492	(0.8193796946810499+0.5731397496460569j)	0.2859039306640625	46.90234223069589
493	(0.8149958949217637+0.579552121498954j)	0.2915923595428467	46.997670162059094
494	(0.8103661979396983+0.5857316902653873j)	0.29302406311035156	47.0929980934223
495	(0.8059238437655178+0.591722432319608j)	0.2859160900115967	47.1883260247855
496	(0.8015403377069309+0.5979394389636465j)	0.28591489791870117	47.283653956148704
497	(0.7968339820017608+0.6041731008781611j)	0.29024505615234375	47.37898188751191
498	(0.7920857465532569+0.6100918336091373j)	0.28292083740234375	47.47430981887511
499	(0.7875650294267899+0.6160349283645996j)	0.2941298484802246	47.569637750238314
500	(0.782885942364021+0.6221983986957096j)	0.2799081802368164	47.664965681601515
501	(0.777933027406012+0.6281650859108877j)	0.2903571128845215	47.76029361296472
502	(0.7731376228714968+0.6339035615372215j)	0.28726887702941895	47.855621544327924
503	(0.7684454495941156+0.6398419204408078j)	0.2883329391479492	47.950949475691125
504	(0.7634473008785001+0.6458408692692366j)	0.28605103492736816	48.04627740705433
505	(0.758361065996241+0.6515277956836342j)	0.28485703468322754	48.141605338417534
506	(0.7535086190812734+0.6571883469693149j)	0.29589223861694336	48.236933269780735
507	(0.7485462006887884+0.6630805129505684j)	0.28174281120300293	48.33226120114394
508	(0.7432895827905831+0.6688164186873093j)	0.3185112476348877	48.427589132507144
509	(0.7381553812771425+0.6742906947812716j)	0.28600502014160156	48.522917063870345
510	(0.7331632003010876+0.6799324128450559j)	0.29058098793029785	48.618244995233546
511	(0.7278900130410848+0.6856748756686903j)	0.2852349281311035	48.713572926596754
512	(0.7224846093260582+0.6911164563022769j)	0.29236578941345215	48.808900857959955
513	(0.7173110120306087+0.6964813410201539j)	0.2890141010284424	48.904228789323156
514	(0.7120773963405481+0.7020810305189141j)	0.28209614753723145	48.999556720686364
515	(0.706536942784836+0.707567782071188j)	0.28995680809020996	49.094884652049565
516	(0.7010791562379065+0.7127670013985159j)	0.2797849178314209	49.190212583412766
517	(0.6957970667274167+0.7180951398989113j)	0.28960299491882324	49.28554051477597
518	(0.6902654794510361+0.7235596974103202j)	0.2836439609527588	49.380868446139175
519	(0.6845609608911376+0.7287422487969674j)	0.2840759754180908	49.476196377502376
520	(0.6790782418438029+0.7337996322661604j)	0.2844851016998291	49.57152430886558
521	(0.6735854722909018+0.7390867975137572j)	0.28536200523376465	49.666852240228785
522	(0.6677813131813397+0.7443057292288511j)	0.28766489028930664	49.762180171591986
523	(0.6620173278185086+0.7492195892680348j)	0.2853996753692627	49.85750810295519
524	(0.6564555629725797+0.7542191369444752j)	0.28380393981933594	49.952836034318395
525	(0.6506822116257438+0.7593848866223037j)	0.28822875022888184	50.048163965681596
526	(0.6446996371990887+0.764294601431092j)	0.2884221076965332	50.1434918970448
527	(0.6389212940361255+0.7690338877606869j)	0.2842397689819336	50.238819828408
528	(0.6331814527141643+0.7739899245632224j)	0.28824615478515625	50.334147759771206
529	(0.6271340615826276+0.7789229879945607j)	0.28522706031799316	50.42947569113441
530	(0.6213347229481914+0.783754647197371j)	0.2896440029144287	50.52480362249761
531	(0.6152526694907074+0.7881985540477878j)	0.28576207160949707	50.620131553860816
532	(0.6092534176772173+0.7930455486774117j)	0.2909970283508301	50.71545948522402
533	(0.6030146358616786+0.7976685464316482j)	0.28300976753234863	50.81078741658722
534	(0.5969557887564793+0.8020800090529231j)	0.29302310943603516	50.90611534795042
535	(0.5909809151785097+0.8066882498848067j)	0.28060173988342285	51.00144327931363
536	(0.5847106561917872+0.8113173389688088j)	0.2859351634979248	51.09677121067683
537	(0.5783917009222953+0.8156297287654563j)	0.28618860244750977	51.19209914204003
538	(0.5723059653249828+0.8199335832601806j)	0.2822270393371582	51.28742707340324
539	(0.5660966242307666+0.8244429359013976j)	0.2878000736236572	51.38275500476644
540	(0.5596240665648444+0.8287653407464513j)	0.2812161445617676	51.47808293612964
541	(0.5533007973411093+0.8328416162428373j)	0.29135632514953613	51.573410867492846
542	(0.5471036251083439+0.8370859370767787j)	0.2814052104949951	51.66873879885605
543	(0.5406306979212677+0.8413933681072262j)	0.2897462844848633	51.76406673021925
544	(0.5340656129961048+0.8453906320400112j)	0.2871580123901367	51.85939466158245
545	(0.5277372982140222+0.8493308869713688j)	0.28705501556396484	51.95472259294566
546	(0.5213333801234503+0.8534850258799584j)	0.29129481315612793	52.05005052430886
547	(0.5139163630501415+0.8574888821193739j)	0.27000975608825684	52.14537845567206
548	(0.5080803491125111+0.8612262465469646j)	0.2951221466064453	52.24070638703527
549	(0.5016733191045268+0.8650940074308977j)	0.2845287322998047	52.33603431839847
550	(0.4950179817274325+0.8690627924961565j)	0.2877187728881836	52.43136224976167
551	(0.4882292102376263+0.8727363807815427j)	0.283764123916626	52.52669018112488
552	(0.4816722743138534+0.8763041735438613j)	0.2866177558898926	52.62201811248808
553	(0.4750888061055376+0.8800871633866079j)	0.28541111946105957	52.71734604385128
554	(0.4682176099314638+0.8837671819653581j)	0.2861349582672119	52.81267397521448
555	(0.461421117581873+0.8871509376985531j)	0.2843449115753174	52.90800190657769
556	(0.45481742853282026+0.8906308604921482j)	0.2883782386779785	53.00332983794089
557	(0.44799806654780705+0.8942448052745586j)	0.28194212913513184	53.09865776930409
558	(0.441009113324743+0.8975845572038889j)	0.29842400550842285	53.1939857006673
559	(0.4342400759747499+0.9007746831900857j)	0.293212890625	53.2893136320305
560	(0.4274923893992616+0.9041721467311677j)	0.30191898345947266	53.3846415633937
561	(0.4204563550188487+0.9075109897792505j)	0.28354692459106445	53.4799694947569
562	(0.41345351076382814+0.9105398611092957j)	0.30992603302001953	53.57529742612011
563	(0.40666696170626526+0.9136226972430722j)	0.288463830947876	53.67062535748331
564	(0.39970347543729684+0.9168668037499227j)	0.32505011558532715	53.76595328884651
565	(0.3925380291129038+0.9198647311674693j)	0.2830498218536377	53.86128122020972
566	(0.3855733321719129+0.9226715843684508j)	0.30399465560913086	53.95660915157292
567	(0.3786764546540159+0.9256710463689568j)	0.28913021087646484	54.05193708293612
568	(0.37149857898987465+0.9286560095196568j)	0.2947208881378174	54.14726501429933
569	(0.36431127187135826+0.9313253086523676j)	0.28421497344970703	54.24259294566253
570	(0.3573563975567773+0.9340038432791475j)	0.2900693416595459	54.33792087702573
571	(0.3502675406655663+0.9368642992811371j)	0.30086326599121094	54.43324880838893
572	(0.34295016169156445+0.9395121482193662j)	0.28644871711730957	54.52857673975214
573	(0.3358080178176871+0.9419322640161836j)	0.3162388801574707	54.62390467111534
574	(0.32877701782058444+0.9445232181581823j)	0.30700111389160156	54.71923260247854
575	(0.32148010336697075+0.9471422315971316j)	0.2817208766937256	54.81456053384175
576	(0.31413139326335393+0.9494479445707522j)	0.2921299934387207	54.90988846520495
577	(0.30702359037636934+0.9517169599467913j)	0.29347991943359375	55.00521639656815
578	(0.2998277069523737+0.9541813583298933j)	0.2875049114227295	55.10054432793135
579	(0.29238339511443645+0.9564712443748046j)	0.2885861396789551	55.19587225929456
580	(0.2850833544534935+0.9585025039180358j)	0.2852950096130371	55.29120019065776
581	(0.2779334664447067+0.9606764859970112j)	0.3028140068054199	55.38652812202096
582	(0.27054002392060267+0.962918252517929j)	0.2857630252838135	55.48185605338417
583	(0.2630540211610619+0.964856940849751j)	0.28891682624816895	55.57718398474737
584	(0.25580965732347943+0.9667131412690732j)	0.28543686866760254	55.67251191611057
585	(0.24852514094688727+0.9687699431825377j)	0.2990882396697998	55.76783984747378
586	(0.24097874856729457+0.9706950651613386j)	0.29677724838256836	55.86316777883698
587	(0.23354168441288814+0.9723365442876171j)	0.35854411125183105	55.95849571020018
588	(0.22628843481916255+0.9740871651035292j)	0.28885507583618164	56.05382364156338
589	(0.21882060196777608+0.9759412939730974j)	0.2914161682128906	56.14915157292659
590	(0.21122203793749644+0.9775099801559549j)	0.3194260597229004	56.24447950428979
591	(0.20385882193467514+0.9789519033363056j)	0.31652402877807617	56.33980743565299
592	(0.1965028214279695+0.9805926679864738j)	0.29187703132629395	56.4351353670162
593	(0.18888023327806736+0.9821452383979555j)	0.28990697860717773	56.5304632983794
594	(0.181328292228349+0.9833970447660971j)	0.28881001472473145	56.6257912297426
595	(0.17398761900222193+0.9847199839201972j)	0.2842850685119629	56.721119161105804
596	(0.166467093823796+0.986177118755854j)	0.2813141345977783	56.81644709246901
597	(0.15878206850908533+0.9873733239961932j)	0.2832779884338379	56.91177502383221
598	(0.1513181899698522+0.9884010811104887j)	0.28053808212280273	57.007102955195414
599	(0.14390817046732013+0.98961854488193j)	0.290435791015625	57.10243088655862
600	(0.13623463784114043+0.9907918545947367j)	0.6906561851501465	57.19775881792182
601	(0.1285911532130669+0.9916549602912897j)	0.589630126953125	57.293086749285024
602	(0.12117911041435364+0.9925472958510426j)	0.45157694816589355	57.38841468064823
603	(0.11362749795154359+0.9935998638385485j)	0.5878129005432129	57.48374261201143
604	(0.10588232692870209+0.9944213279874573j)	0.5661039352416992	57.579070543374634
605	(0.09833744049528265+0.9950366545791922j)	0.5915179252624512	57.674398474737835
606	(0.09089071286821743+0.9958254146367369j)	0.4864921569824219	57.76972640610104
607	(0.08319122531708317+0.9966132781736277j)	0.4505600929260254	57.865054337464244
608	(0.075480592884142+0.9970893560050382j)	0.5290780067443848	57.960382268827445
609	(0.06800976970166583+0.9975542362186787j)	0.6609489917755127	58.05571020019065
610	(0.06045220709137755+0.9981918162411354j)	0.5470821857452393	58.151038131553854
611	(0.05267353887755333+0.9986365572294518j)	0.6971688270568848	58.246366062917055
612	(0.04506842239909853+0.9988425304526899j)	0.6526820659637451	58.341693994280256
613	(0.03760220976634798+0.9991990801110895j)	0.29763317108154297	58.437021925643464
614	(0.029901334234806676+0.9995959167450648j)	0.31546902656555176	58.532349857006665
615	(0.022148852932453056+0.999687187980961j)	0.299746036529541	58.627677788369866
616	(0.014646440637304414+0.9997206482210874j)	0.3809168338775635	58.723005719733074
617	(0.007093561003381266+0.9999431601971915j)	0.5061962604522705	58.818333651096275
618	(-0.0006918429005461357+1.0000094516613192j)	0.3027520179748535	58.913661582459476
619	(-0.008335344546899381+0.9998103078366865j)	0.38077497482299805	59.008989513822684
620	(-0.015803844746462847+0.9997330481456758j)	0.40755605697631836	59.104317445185885
621	(-0.02348211606265027+0.9997339770445984j)	0.3514730930328369	59.199645376549086
622	(-0.03125016130029895+0.999442896527923j)	0.34735679626464844	59.29497330791229
623	(-0.038769924114491594+0.9990513690489153j)	0.32862281799316406	59.390301239275495
624	(-0.04629469528141733+0.9988517246960574j)	0.36509013175964355	59.485629170638695
625	(-0.054060187400217674+0.9985381004465285j)	0.3593120574951172	59.580957102001896
626	(-0.061719256255964694+0.997939055443893j)	0.3690958023071289	59.676285033365104
627	(-0.06917281695432509+0.9974282856912502j)	0.36420416831970215	59.771612964728305
628	(-0.07680520634467741+0.9970292347634991j)	0.3588442802429199	59.866940896091506
629	(-0.08456285576167405+0.9963591092829163j)	0.3759133815765381	59.962268827454714
630	(-0.09208095582502163+0.9955466927548179j)	0.36936306953430176	60.057596758817915
631	(-0.09955803505609867+0.9949227566531877j)	0.3175928592681885	60.152924690181116
632	(-0.10727730906210792+0.9942280445251233j)	0.363724946975708	60.24825262154432
633	(-0.11492828253931658+0.9932351246258979j)	0.31258225440979004	60.343580552907525
634	(-0.12234959990685784+0.9922930146255537j)	0.372758150100708	60.438908484270726
635	(-0.12991366726755899+0.9914908417227787j)	0.35210084915161133	60.53423641563393
636	(-0.137633879883795+0.9904446631014955j)	0.3091559410095215	60.629564346997135
637	(-0.14513075231794542+0.989217845635387j)	0.33577799797058105	60.724892278360336
638	(-0.15254183396766663+0.9881687424902916j)	0.28945207595825195	60.82022020972354
639	(-0.16018914526988304+0.987092126952747j)	0.45331692695617676	60.91554814108674
640	(-0.16780770891907748+0.9857119341290927j)	0.37748026847839355	61.010876072449946
641	(-0.17517932938228503+0.9843425634946696j)	0.2970278263092041	61.10620400381315
642	(-0.18265357475298372+0.9831351875793151j)	0.32126808166503906	61.20153193517635
643	(-0.1903095692639094+0.9817163151420829j)	0.28015804290771484	61.296859866539556
644	(-0.19776472344420604+0.9800827180711061j)	0.3220999240875244	61.39218779790276
645	(-0.205092089518286+0.9786092909547714j)	0.2904350757598877	61.48751572926596
646	(-0.2126421908699082+0.9771511344120288j)	0.29006195068359375	61.582843660629166
647	(-0.22020369277015428+0.9753903165973679j)	0.35931897163391113	61.67817159199237
648	(-0.2275074065101671+0.9735991858779665j)	0.5780401229858398	61.77349952335557
649	(-0.23487206331620752+0.9719858257872869j)	0.675116777420044	61.86882745471877
650	(-0.24243729302378636+0.9701977959512282j)	0.591973066329956	61.96415538608198
651	(-0.24982965277621416+0.9681662131255191j)	0.5971739292144775	62.05948331744518
652	(-0.2570561467242851+0.966271084257246j)	0.5568368434906006	62.15481124880838
653	(-0.26448544893898296+0.964430302699052j)	0.44917869567871094	62.25013918017159
654	(-0.27196433063744635+0.9622976932693543j)	0.2962932586669922	62.34546711153479
655	(-0.27918316051759046+0.9600922952760048j)	0.32941699028015137	62.44079504289799
656	(-0.28641802850226+0.9580734649611783j)	0.4008450508117676	62.53612297426119
657	(-0.29386642360218257+0.9559200167297048j)	0.3898138999938965	62.6314509056244
658	(-0.30117441373054804+0.953500277561727j)	0.2923290729522705	62.7267788369876
659	(-0.3082834008787713+0.95118789490502j)	0.29273295402526855	62.8221067683508
660	(-0.31556875530702544+0.948965935951241j)	0.35869789123535156	62.91743469971401
661	(-0.3229399979748562+0.9464689654999743j)	0.2823038101196289	63.01276263107721
662	(-0.3300560674550325+0.943858421152008j)	0.2911868095397949	63.10809056244041
663	(-0.3382886877757514+0.9418638133963957j)	0.2668271064758301	63.20341849380362
664	(-0.3444489861098554+0.9389211506429169j)	0.2953829765319824	63.29874642516682
665	(-0.351464805245961+0.9360687675635151j)	0.28182196617126465	63.39407435653002
666	(-0.35862595051278523+0.9334006575457565j)	0.29545092582702637	63.48940228789322
667	(-0.3657456808821724+0.9307992359077284j)	0.3413829803466797	63.58473021925643
668	(-0.3729841453524253+0.9279462140891849j)	0.28212404251098633	63.68005815061963
669	(-0.37997938212847715+0.9249411778332808j)	0.28357410430908203	63.77538608198283
670	(-0.38690069541111066+0.9221186975399329j)	0.28809070587158203	63.87071401334604
671	(-0.39404023787188264+0.9192467530985173j)	0.3161940574645996	63.96604194470924
672	(-0.40111340926900996+0.9160844512809214j)	0.3167879581451416	64.06136987607245
673	(-0.4079391785147254+0.9129575781365851j)	0.29300880432128906	64.15669780743565
674	(-0.41487294848735357+0.9099794143507955j)	0.28346991539001465	64.25202573879885
675	(-0.4219535030238829+0.9067796325283106j)	0.2812469005584717	64.34735367016206
676	(-0.4286105171088643+0.9040151388105434j)	0.2732810974121094	64.44268160152527
677	(-0.4355495927998061+0.9001741158226924j)	0.28365397453308105	64.53800953288847
678	(-0.44249916133250733+0.8969498989411041j)	0.3193368911743164	64.63333746425167
679	(-0.4494211533013326+0.8934338847612685j)	0.30218029022216797	64.72866539561487
680	(-0.45608224576359024+0.8899142574065223j)	0.2856261730194092	64.82399332697807
681	(-0.46281151510142393+0.8865632132828648j)	0.3165299892425537	64.91932125834127
682	(-0.4697095765950172+0.8830247520624301j)	0.3047068119049072	65.01464918970449
683	(-0.4764087340815452+0.8792682282098905j)	0.2934682369232178	65.10997712106769
684	(-0.48295138903693885+0.8756624107262948j)	0.301300048828125	65.20530505243089
685	(-0.48968886109418813+0.8720913104225163j)	0.30534911155700684	65.30063298379409
686	(-0.4964372624127992+0.8682343130992589j)	0.3196547031402588	65.39596091515729
687	(-0.5029184897006787+0.8643338025162435j)	0.28105592727661133	65.49128884652049
688	(-0.509425358209667+0.8606152139451451j)	0.2801499366760254	65.58661677788369
689	(-0.516117695863265+0.8567470411098937j)	0.28600215911865234	65.6819447092469
690	(-0.5226406670000852+0.852636205801135j)	0.2808828353881836	65.77727264061011
691	(-0.5289722763438653+0.8486513485455651j)	0.2821691036224365	65.87260057197331
692	(-0.5354768644555253+0.8447394492984341j)	0.28478193283081055	65.96792850333651
693	(-0.5420293934619028+0.8405546902555141j)	0.3060929775238037	66.06325643469971
694	(-0.5481968079440406+0.8366276059182339j)	0.2860300540924072	66.15858436606291
695	(-0.5545840191221989+0.8322074424887675j)	0.2957181930541992	66.25391229742611
696	(-0.5610479415678679+0.8280189661449644j)	0.27971410751342773	66.34924022878933
697	(-0.5673759431859925+0.823569458827571j)	0.2814149856567383	66.44456816015253
698	(-0.5735187217492542+0.8192216408575267j)	0.2775990962982178	66.53989609151573
699	(-0.5797353329773414+0.8149705475480469j)	0.28097987174987793	66.63522402287893
700	(-0.5860699771006435+0.8104716619854556j)	0.28145813941955566	66.73055195424213
701	(-0.5921464805046088+0.8058518288394872j)	0.28146982192993164	66.82587988560533
702	(-0.5981605243354006+0.8014190869557462j)	0.28121113777160645	66.92120781696855
703	(-0.6043751904679353+0.7969207420956571j)	0.28003501892089844	67.01653574833175
704	(-0.6104893469510092+0.7921491035444226j)	0.27929186820983887	67.11186367969495
705	(-0.6163589778298831+0.7874403866626182j)	0.2819328308105469	67.20719161105815
706	(-0.6223412000642222+0.7828685555393521j)	0.29544568061828613	67.30251954242135
707	(-0.6284363565936546+0.7780695217154182j)	0.3763601779937744	67.39784747378455
708	(-0.6342881127104265+0.773114383896769j)	0.41223812103271484	67.49317540514775
709	(-0.6400352768145824+0.7683386459437509j)	0.3022000789642334	67.58850333651097
710	(-0.6459792186493705+0.7635402385431667j)	0.42382001876831055	67.68383126787417
711	(-0.6518606235225548+0.7584637580083895j)	0.335374116897583	67.77915919923737
712	(-0.6574805356519566+0.753413959340559j)	0.28307080268859863	67.87448713060057
713	(-0.6631762555200447+0.7485249920315032j)	0.2882528305053711	67.96981506196377
714	(-0.6690114633428238+0.7434399084582021j)	0.2887270450592041	68.06514299332697
715	(-0.6746229432147138+0.7381677128674328j)	0.3082141876220703	68.16047092469017
716	(-0.6800910997080803+0.7330611193312561j)	0.37134385108947754	68.25579885605339
717	(-0.6857447636472014+0.7279727819535843j)	0.3664999008178711	68.35112678741659
718	(-0.6913745587181039+0.7226093406467533j)	0.2940678596496582	68.44645471877979
719	(-0.6967328691908511+0.7172347358227598j)	0.30475521087646484	68.54178265014299
720	(-0.7021272015228184+0.7120386887106648j)	0.29978513717651367	68.63711058150619
721	(-0.7076815032064006+0.7066823460676148j)	0.38277602195739746	68.7324385128694
722	(-0.7130383185625929+0.7011120436944345j)	0.3550081253051758	68.8277664442326
723	(-0.7182157652848932+0.6956874550603671j)	0.292572021484375	68.92309437559581
724	(-0.7235615709212742+0.6903208507483916j)	0.3652207851409912	69.01842230695901
725	(-0.7289210444061203+0.684688764954064j)	0.3672029972076416	69.11375023832221
726	(-0.7340061796025626+0.6790072756265888j)	0.34131884574890137	69.20907816968541
727	(-0.7390857065445098+0.6735154289406486j)	0.3477942943572998	69.30440610104861
728	(-0.7443395521350842+0.667902472865385j)	0.34462714195251465	69.39973403241181
729	(-0.7494266933668504+0.6620543155862354j)	0.30558013916015625	69.49506196377502
730	(-0.7543029908735812+0.6563267300277673j)	0.31532788276672363	69.59038989513823
731	(-0.7593244507813919+0.6506936677399742j)	0.35119104385375977	69.68571782650143
732	(-0.7643951547510863+0.6448115363168017j)	0.3057529926300049	69.78104575786463
733	(-0.7691957555396001+0.638842577446136j)	0.31772899627685547	69.87637368922783
734	(-0.7739484810779377+0.6330674902326626j)	0.32694506645202637	69.97170162059103
735	(-0.7788833129991791+0.6272127010297027j)	0.3536381721496582	70.06702955195423
736	(-0.7836858652714244+0.6211078995926124j)	0.32451486587524414	70.16235748331745
737	(-0.7882512459177952+0.6150937761274572j)	0.2912569046020508	70.25768541468065
738	(-0.7929333686263268+0.6092067031357593j)	0.3318600654602051	70.35301334604385
739	(-0.7976972554620392+0.6030932638305115j)	0.35302019119262695	70.44834127740705
740	(-0.8022065958880729+0.597005162180083j)	0.3282637596130371	70.54366920877025
741	(-0.8066173972997904+0.5908131063401713j)	0.30269622802734375	70.63899714013345
742	(-0.8112157960919785+0.5847313765013412j)	0.3428618907928467	70.73432507149666
743	(-0.8156441082953343+0.5783945511678863j)	0.3382692337036133	70.82965300285987
744	(-0.8199642501212282+0.5721090573359182j)	0.29334020614624023	70.92498093422307
745	(-0.8242935866672502+0.5659811077998391j)	0.3504507541656494	71.02030886558627
746	(-0.8287331630261567+0.5596551066450015j)	0.3410329818725586	71.11563679694947
747	(-0.8329306968576113+0.5531747367908186j)	0.3477160930633545	71.21096472831267
748	(-0.8369996672620766+0.5468758694378439j)	0.31207990646362305	71.30629265967588
749	(-0.841239711796529+0.5405013843404419j)	0.3034670352935791	71.40162059103908
750	(-0.8454337294369579+0.5340287323559052j)	0.33383607864379883	71.49694852240229
751	(-0.8493511922947463+0.5274980606190502j)	0.35035204887390137	71.59227645376549
752	(-0.8533158701463707+0.5211430993953171j)	0.35406494140625	71.6876043851287
753	(-0.8574143649111894+0.5146231801412942j)	0.33416295051574707	71.7829323164919
754	(-0.8612939260793718+0.5079205489925379j)	0.317244291305542	71.8782602478551
755	(-0.8650080886391177+0.5013841016785839j)	0.30571818351745605	71.9735881792183
756	(-0.8688866176853696+0.49489359566667773j)	0.3302912712097168	72.0689161105815
757	(-0.87274550691045+0.4881490291817183j)	0.32959699630737305	72.16424404194471
758	(-0.8763270168249433+0.4813906672271919j)	0.3361642360687256	72.25957197330791
759	(-0.879916759843348+0.47482333151694056j)	0.33304882049560547	72.35489990467111
760	(-0.8836583029486845+0.4681279462286788j)	0.316925048828125	72.45022783603432
761	(-0.8872089957740444+0.461226454131695j)	0.29479503631591797	72.54555576739752
762	(-0.890561357842013+0.4544702198988312j)	0.3217167854309082	72.64088369876072
763	(-0.8940593619800405+0.44779780874945896j)	0.29115796089172363	72.73621163012393
764	(-0.8975745774853056+0.4408845415959711j)	0.2967650890350342	72.83153956148713
765	(-0.9008127736177336+0.43392053324209306j)	0.29923200607299805	72.92686749285033
766	(-0.904018909154477+0.4271562696704594j)	0.30274009704589844	73.02219542421354
767	(-0.9073887155548839+0.4203036162572353j)	0.29666614532470703	73.11752335557674
768	(-0.9105998058605697+0.4132271350047465j)	0.30069613456726074	73.21285128693994
769	(-0.9135844431812151+0.4062701222626126j)	0.298886775970459	73.30817921830314
770	(-0.9166905086580395+0.39943158683421137j)	0.29858899116516113	73.40350714966635
771	(-0.9198480817257729+0.39237113727084527j)	0.3041999340057373	73.49883508102955
772	(-0.9227360211606972+0.38522450252399854j)	0.30078816413879395	73.59416301239276
773	(-0.9255511523679402+0.3782800164206248j)	0.3034250736236572	73.68949094375596
774	(-0.9285360257738005+0.3712875885703204j)	0.29994773864746094	73.78481887511916
775	(-0.931397016251664+0.3640602540737829j)	0.3002641201019287	73.88014680648236
776	(-0.9340090031163457+0.35692261905793j)	0.3123922348022461	73.97547473784556
777	(-0.9367133240099771+0.3499336254894807j)	0.31766796112060547	74.07080266920877
778	(-0.9395001280345615+0.3427475137531069j)	0.34683799743652344	74.16613060057198
779	(-0.9420312640850996+0.33544207394809j)	0.31830716133117676	74.26145853193518
780	(-0.9444501502131248+0.32833399804835617j)	0.3299379348754883	74.35678646329838
781	(-0.9470377569640364+0.32121994009767973j)	0.32880496978759766	74.45211439466158
782	(-0.9495144644322452+0.3138711557451688j)	0.33673596382141113	74.54744232602478
783	(-0.9517738288171073+0.30656892556373316j)	0.32672905921936035	74.64277025738798
784	(-0.9540684144712899+0.29944540349216753j)	0.30415797233581543	74.7380981887512
785	(-0.956472223047682+0.292154736591411j)	0.3225998878479004	74.8334261201144
786	(-0.9586404029149909+0.28471493690053506j)	0.2870018482208252	74.9287540514776
787	(-0.9606591156827281+0.2774613236765201j)	0.31287598609924316	75.0240819828408
788	(-0.9628389525782263+0.2702429843681661j)	0.42757487297058105	75.119409914204
789	(-0.964969715505535+0.2627864602410789j)	0.2968719005584717	75.2147378455672
790	(-0.9668252864633156+0.2553522276796462j)	0.32879185676574707	75.3100657769304
791	(-0.9687040208482153+0.2481104860717851j)	0.35378408432006836	75.40539370829362
792	(-0.9707136900715905+0.24073584889790517j)	0.31498122215270996	75.50072163965682
793	(-0.9725131700963289+0.23318658241087684j)	0.31737542152404785	75.59604957102002
794	(-0.9741292625742963+0.22580640503800203j)	0.3214437961578369	75.69137750238322
795	(-0.9758925754335815+0.21850090053669613j)	0.3079972267150879	75.78670543374642
796	(-0.9776442535656927+0.2109656811676927j)	0.29991793632507324	75.88203336510962
797	(-0.9791183041291404+0.20341754337794593j)	0.2982149124145508	75.97736129647284
798	(-0.980576392506317+0.1960741061574518j)	0.3118619918823242	76.07268922783604
799	(-0.9821820500296514+0.18863555224490203j)	0.304614782333374	76.16801715919924
800	(-0.9836075260340695+0.18100198900127606j)	0.291032075881958	76.26334509056244
801	(-0.9848199590373834+0.17351514488487613j)	0.30800795555114746	76.35867302192564
802	(-0.9861598604646834+0.1661394311289201j)	0.2896740436553955	76.45400095328884
803	(-0.987216909320363+0.15864504908249j)	0.29361701011657715	76.54932888465204
804	(-0.988614356895611+0.15091066894022365j)	0.2926931381225586	76.64465681601526
805	(-0.9896501270998153+0.14348291174983013j)	0.294849157333374	76.73998474737846
806	(-0.9908435815831474+0.13599945970097815j)	0.29473090171813965	76.83531267874166
807	(-0.9918899909915824+0.1283073750388909j)	0.29685306549072266	76.93064061010486
808	(-0.992699043224656+0.12073467530757787j)	0.2905299663543701	77.02596854146806
809	(-0.9936105995770085+0.11330563769992053j)	0.28841519355773926	77.12129647283126
810	(-0.9945798116067219+0.10568293711954191j)	0.2887697219848633	77.21662440419446
811	(-0.995285444791485+0.0979788967433124j)	0.29462504386901855	77.31195233555768
812	(-0.9958984273388132+0.09048472649220174j)	0.29303908348083496	77.40728026692088
813	(-0.9966727252875083+0.08297591186287073j)	0.2896130084991455	77.50260819828408
814	(-0.9973358926877995+0.07525000216940136j)	0.2901630401611328	77.59793612964728
815	(-0.9977430594945415+0.06761314312004013j)	0.2951951026916504	77.69326406101048
816	(-0.9982233880479441+0.06014768257759506j)	0.30036306381225586	77.78859199237368
817	(-0.9987910540997302+0.05251516289831504j)	0.30686306953430176	77.88391992373688
818	(-0.9991117773598341+0.044770351450657j)	0.3063340187072754	77.9792478551001
819	(-0.9993032681954598+0.037228352060513614j)	0.2983407974243164	78.0745757864633
820	(-0.999653268454295+0.02971272964618621j)	0.30779314041137695	78.1699037178265
821	(-0.9999295155011437+0.0219780099416515j)	0.31998181343078613	78.2652316491897
822	(-0.9999373907144233+0.014299526785902572j)	0.2971529960632324	78.3605595805529
823	(-0.9999854840488681+0.006814727768192641j)	0.28641414642333984	78.4558875119161
824	(-1.000145923394774-0.0008052740669184377j)	0.2883567810058594	78.55121544327932
825	(-1.0000825045192148-0.008566097938534134j)	0.29624199867248535	78.64654337464252
826	(-0.9998554644863308-0.016136616894580957j)	0.295896053314209	78.74187130600572
827	(-0.9997778252821268-0.02364090656265877j)	0.42938709259033203	78.83719923736892
828	(-0.9996641444797196-0.03135974184838641j)	0.34113168716430664	78.93252716873212
829	(-0.9992762994182112-0.039056545693552935j)	0.30121779441833496	79.02785510009532
830	(-0.9988937151968896-0.046543339365957836j)	0.2806217670440674	79.12318303145852
831	(-0.9986426483255844-0.05413042418597691j)	0.3647487163543701	79.21851096282174
832	(-0.9981957124319225-0.0618814491968071j)	0.38729190826416016	79.31383889418494
833	(-0.9975546384707163-0.06945998668700215j)	0.31278204917907715	79.40916682554814
834	(-0.9970478836167685-0.07693514692295328j)	0.297025203704834	79.50449475691134
835	(-0.9965420050689878-0.0846138472125918j)	0.2852761745452881	79.59982268827454
836	(-0.9957628610778588-0.09230499368911849j)	0.29541826248168945	79.69515061963774
837	(-0.9949521968594789-0.09977611628858907j)	0.294450044631958	79.79047855100094
838	(-0.9942873564938604-0.10730988810000358j)	0.295788049697876	79.88580648236416
839	(-0.9934583960545849-0.1150249606036825j)	0.296097993850708	79.98113441372736
840	(-0.9924090927061873-0.1225911922941404j)	0.29101991653442383	80.07646234509056
841	(-0.9914736428329847-0.13001969225946008j)	0.29114603996276855	80.17179027645376
842	(-0.9905741071748034-0.1376345664983381j)	0.29158902168273926	80.26711820781696
843	(-0.9894088097180316-0.14529552119052808j)	0.29067492485046387	80.36244613918016
844	(-0.9881697783689706-0.15273028558548946j)	0.2915358543395996	80.45777407054337
845	(-0.9870950960673477-0.16019363191846248j)	0.29134678840637207	80.55310200190658
846	(-0.9858859788079678-0.16784717071142513j)	0.33626389503479004	80.64842993326978
847	(-0.9844356026420606-0.17537957546324445j)	0.37869906425476074	80.74375786463298
848	(-0.9830737839240733-0.18274407554549932j)	0.3451271057128906	80.83908579599618
849	(-0.9817800086721256-0.19027209606337436j)	0.29334473609924316	80.93441372735938
