	res_adaptive	time_adaptive	w
0	(-0.12096761392185987-0.04356298908382157j)	0.9217002391815186	0.001
1	(-0.34243833649217026-0.13856964485741788j)	0.33240389823913574	0.09632793136320304
2	(-0.40429384522722417-0.16680026775964274j)	0.31495094299316406	0.19165586272640608
3	(-0.44576464288212486-0.186229964067366j)	0.2906200885772705	0.2869837940896091
4	(-0.47759117800537454-0.20160995343695434j)	0.31711483001708984	0.38231172545281217
5	(-0.5035817591414851-0.21462875985279922j)	0.2998840808868408	0.4776396568160152
6	(-0.5255814172711103-0.22609938813539318j)	0.286041259765625	0.5729675881792182
7	(-0.5446383629980659-0.2364810899127054j)	0.28725719451904297	0.6682955195424213
8	(-0.5614165114388553-0.24605931203208503j)	0.2950279712677002	0.7636234509056243
9	(-0.5763669081408027-0.25502402638924565j)	0.3016960620880127	0.8589513822688274
10	(-0.589802840424889-0.2635079358966974j)	0.28029704093933105	0.9542793136320304
11	(-0.6019637282783334-0.2716070741682258j)	0.32533788681030273	1.0496072449952334
12	(-0.6130308652777052-0.2793983824011548j)	0.3142428398132324	1.1449351763584363
13	(-0.6231394075238222-0.28692877383865467j)	0.2887439727783203	1.2402631077216395
14	(-0.6324064133800872-0.2942473421451857j)	0.35233497619628906	1.3355910390848424
15	(-0.6409278148496248-0.3013875989342109j)	0.34369611740112305	1.4309189704480456
16	(-0.6487733716696941-0.30837628735096906j)	0.2902708053588867	1.5262469018112486
17	(-0.6560092455485146-0.31523638616812033j)	0.34345173835754395	1.6215748331744515
18	(-0.6626915290729263-0.32198547111060405j)	0.2961311340332031	1.7169027645376547
19	(-0.6688591329257241-0.32863923521848254j)	0.29814600944519043	1.8122306959008576
20	(-0.6745581948682353-0.33521103773811733j)	0.2958199977874756	1.9075586272640608
21	(-0.679833642140492-0.34171112445923607j)	0.2860119342803955	2.0028865586272637
22	(-0.684681811951611-0.3481506945253934j)	0.2893238067626953	2.098214489990467
23	(-0.6891642264380654-0.3545306080345346j)	0.28951406478881836	2.19354242135367
24	(-0.6932946462138423-0.36086282155102567j)	0.3003818988800049	2.288870352716873
25	(-0.6970850636116369-0.36715503629264j)	0.30643606185913086	2.384198284080076
26	(-0.7005649455243115-0.3734075079946821j)	0.32738208770751953	2.479526215443279
27	(-0.703747599348374-0.3796252126007091j)	0.3449821472167969	2.574854146806482
28	(-0.7066487663441411-0.3858130414181712j)	0.2946321964263916	2.670182078169685
29	(-0.7092815359641019-0.3919727965708334j)	0.2876408100128174	2.765510009532888
30	(-0.7116597519064434-0.3981077588220828j)	0.302293062210083	2.8608379408960913
31	(-0.7137483503766163-0.4042130146774491j)	0.2789649963378906	2.956165872259294
32	(-0.7156955443107137-0.4103163060295141j)	0.2800788879394531	3.0514938036224972
33	(-0.7173759555860529-0.41637980680780134j)	0.2955009937286377	3.1468217349857004
34	(-0.7188437705015441-0.4224320911366922j)	0.2916710376739502	3.242149666348903
35	(-0.7201017586240286-0.42846618288087845j)	0.2925608158111572	3.3374775977121063
36	(-0.7211643863056146-0.4344847214779389j)	0.31584882736206055	3.4328055290753094
37	(-0.7220365787955191-0.4404872923321662j)	0.29955601692199707	3.5281334604385126
38	(-0.7227268507003428-0.44647475022714955j)	0.33797717094421387	3.6234613918017153
39	(-0.7232113716889239-0.4524431175245367j)	0.27965402603149414	3.7187893231649185
40	(-0.7235748153345423-0.4584056427435036j)	0.34097933769226074	3.8141172545281217
41	(-0.7237460407808922-0.46434994337394986j)	0.2794649600982666	3.9094451858913244
42	(-0.723758826548476-0.4702801587950157j)	0.32995080947875977	4.004773117254528
43	(-0.7236103681942124-0.47619464245505105j)	0.3281290531158447	4.100101048617731
44	(-0.7233138625279221-0.4820984060840883j)	0.29137301445007324	4.195428979980934
45	(-0.7228703704335726-0.487986205410187j)	0.318742036819458	4.290756911344137
46	(-0.7222827853038072-0.4938602616620221j)	0.3270251750946045	4.386084842707341
47	(-0.7215558329310452-0.4997204374867864j)	0.30058908462524414	4.481412774070543
48	(-0.7206900304827689-0.5055649490248199j)	0.3190150260925293	4.576740705433746
49	(-0.7196918493898844-0.5113955000003207j)	0.3036379814147949	4.67206863679695
50	(-0.7185649525035052-0.5172105116192307j)	0.31552600860595703	4.7673965681601524
51	(-0.7173106216777265-0.5230097943070509j)	0.3510141372680664	4.862724499523355
52	(-0.7159330740560952-0.528793439378799j)	0.319486141204834	4.958052430886559
53	(-0.7144351842427075-0.5345602023156207j)	0.31964707374572754	5.0533803622497615
54	(-0.7128119684500622-0.5403315004151183j)	0.30735087394714355	5.148708293612964
55	(-0.7110840595558543-0.5460443470819936j)	0.2956411838531494	5.244036224976168
56	(-0.7092380543932203-0.5517601469151693j)	0.3252689838409424	5.339364156339371
57	(-0.7072756529743882-0.5574584387714471j)	0.314136266708374	5.434692087702573
58	(-0.705214826673005-0.5631367065906682j)	0.3307340145111084	5.530020019065777
59	(-0.7030424361591111-0.5687962072053738j)	0.30829477310180664	5.62534795042898
60	(-0.7007641020368723-0.5744364342164395j)	0.2955012321472168	5.720675881792183
61	(-0.6983829836773021-0.5800630747692918j)	0.2920529842376709	5.816003813155386
62	(-0.6959052228769652-0.5856557696064159j)	0.2844698429107666	5.911331744518589
63	(-0.6933282029197737-0.5912355316769698j)	0.2750680446624756	6.006659675881792
64	(-0.6906477353852264-0.59678961650325j)	0.28241610527038574	6.101987607244995
65	(-0.687874324950126-0.6023233121464044j)	0.286484956741333	6.197315538608198
66	(-0.6850071548214074-0.6078348907696328j)	0.28070616722106934	6.292643469971401
67	(-0.682049339994568-0.6133213031904807j)	0.2897491455078125	6.387971401334604
68	(-0.6789989685028204-0.618784276357733j)	0.33428096771240234	6.483299332697807
69	(-0.6758609912757297-0.6242226913186508j)	0.314406156539917	6.57862726406101
70	(-0.6726320098774607-0.6296374916369443j)	0.30785298347473145	6.673955195424213
71	(-0.6693199759905804-0.6350231059063137j)	0.2819399833679199	6.769283126787417
72	(-0.665925734628583-0.640386814238975j)	0.30994701385498047	6.8646110581506194
73	(-0.662437191949165-0.6457183585323196j)	0.3352940082550049	6.959938989513822
74	(-0.6588668211641856-0.6510488095003117j)	0.26273512840270996	7.055266920877026
75	(-0.6552250941031019-0.6563031276947311j)	0.33405113220214844	7.1505948522402285
76	(-0.6514972321848191-0.6615533512316906j)	0.3521757125854492	7.245922783603431
77	(-0.6476929453415607-0.666772750060101j)	0.3322727680206299	7.341250714966635
78	(-0.6438097802525438-0.6719630550017104j)	0.31406617164611816	7.436578646329838
79	(-0.6398478248133284-0.6771225520278924j)	0.28955602645874023	7.53190657769304
80	(-0.6358149967500017-0.6822514948339021j)	0.3010571002960205	7.627234509056244
81	(-0.6317039593124103-0.6873497245521035j)	0.40102410316467285	7.722562440419447
82	(-0.6275351677410256-0.6924206852934223j)	0.33402419090270996	7.817890371782649
83	(-0.6232639982672903-0.6974462122110193j)	0.27564501762390137	7.913218303145853
84	(-0.6189377041663369-0.7024471752248627j)	0.2739999294281006	8.008546234509055
85	(-0.6145394135856659-0.7074121341829098j)	0.2825498580932617	8.103874165872258
86	(-0.6100723208716273-0.7123434617585795j)	0.27625012397766113	8.19920209723546
87	(-0.6055329182688975-0.7172384108643154j)	0.4185347557067871	8.294530028598665
88	(-0.6009332016058214-0.7221007135516032j)	0.4334828853607178	8.389857959961867
89	(-0.5962616097579995-0.7269244034922069j)	0.2886776924133301	8.48518589132507
90	(-0.5915287062170351-0.7317099559788258j)	0.2711920738220215	8.580513822688273
91	(-0.5867267301262361-0.7364641771136033j)	0.3201611042022705	8.675841754051476
92	(-0.5818683350085537-0.741179453253285j)	0.26543188095092773	8.77116968541468
93	(-0.5769346580196847-0.7458530820333389j)	0.2824108600616455	8.866497616777883
94	(-0.5719441785249214-0.7504889288552871j)	0.26785898208618164	8.961825548141086
95	(-0.5668938029743092-0.7550863751066659j)	0.2761878967285156	9.057153479504288
96	(-0.5617817047052013-0.759644335393809j)	0.27326488494873047	9.152481410867491
97	(-0.556610339744323-0.7641633230557767j)	0.27386903762817383	9.247809342230694
98	(-0.5513808612317312-0.7686372964333213j)	0.268967866897583	9.343137273593898
99	(-0.546093374937623-0.7730753896684421j)	0.26599717140197754	9.438465204957101
100	(-0.540744513311066-0.777468681433084j)	0.2726731300354004	9.533793136320304
101	(-0.5353445319039846-0.7818208540168619j)	0.2675321102142334	9.629121067683506
102	(-0.5298851740509416-0.7861296171865705j)	0.2773928642272949	9.72444899904671
103	(-0.5243745733828934-0.7903974066601736j)	0.26695966720581055	9.819776930409914
104	(-0.518803964987303-0.7946178989212213j)	0.27375102043151855	9.915104861773116
105	(-0.5131823739315206-0.7987958018850877j)	0.27341485023498535	10.010432793136319
106	(-0.507509458901413-0.8029298257084445j)	0.32900190353393555	10.105760724499522
107	(-0.5017841991000844-0.8070170412181099j)	0.2709689140319824	10.201088655862725
108	(-0.49600345532187473-0.8110608320530983j)	0.27341389656066895	10.296416587225927
109	(-0.49017853582156345-0.815058220869679j)	0.3155219554901123	10.391744518589132
110	(-0.4843005848716483-0.8190084102987574j)	0.28197216987609863	10.487072449952334
111	(-0.47837526598447166-0.8229131130614686j)	0.282365083694458	10.582400381315537
112	(-0.4723989869232975-0.8267693760344719j)	0.28336000442504883	10.67772831267874
113	(-0.4663753750716546-0.8305796846051308j)	0.2818150520324707	10.773056244041943
114	(-0.4603051359371363-0.8343410418253357j)	0.276322603225708	10.868384175405145
115	(-0.4541916900805386-0.8380523311585784j)	0.27245593070983887	10.96371210676835
116	(-0.4480529168174886-0.841728546059106j)	0.2668588161468506	11.059040038131553
117	(-0.4418212998957475-0.8453291868892435j)	0.2765238285064697	11.154367969494755
118	(-0.4355692260090089-0.8488937243768129j)	0.2839541435241699	11.249695900857958
119	(-0.42927671300173337-0.8524089794746246j)	0.2783191204071045	11.34502383222116
120	(-0.42294042088081235-0.8558722568367607j)	0.283923864364624	11.440351763584365
121	(-0.41655728358804295-0.8592835705414004j)	0.2758150100708008	11.535679694947568
122	(-0.41013843875076655-0.8626464385112029j)	0.2787649631500244	11.63100762631077
123	(-0.40367619860976334-0.8659551771683669j)	0.27703404426574707	11.726335557673973
124	(-0.39717346104137063-0.8692131622639749j)	0.2769279479980469	11.821663489037176
125	(-0.39063266903225335-0.8724186041810731j)	0.2805171012878418	11.916991420400379
126	(-0.38405506175399806-0.875574879174638j)	0.2615821361541748	12.012319351763583
127	(-0.37743604965588745-0.8786658265414882j)	0.26627612113952637	12.107647283126786
128	(-0.3707774350925061-0.8817162557390423j)	0.2840142250061035	12.202975214489989
129	(-0.36408285417154407-0.8847083073864829j)	0.2796926498413086	12.298303145853192
130	(-0.3573579908292553-0.8876484981204129j)	0.26644420623779297	12.393631077216394
131	(-0.35059045298428326-0.890529384833427j)	0.2722461223602295	12.488959008579599
132	(-0.3437914151185613-0.8933584724783844j)	0.27750110626220703	12.584286939942801
133	(-0.33696600198396576-0.896140285901261j)	0.2616400718688965	12.679614871306004
134	(-0.33008873807951816-0.8988495934352012j)	0.2689540386199951	12.774942802669207
135	(-0.32318858830941427-0.9015117349036024j)	0.27737998962402344	12.87027073403241
136	(-0.3162559206814061-0.9041173405353575j)	0.25641894340515137	12.965598665395612
137	(-0.3092911144831476-0.9066668009179661j)	0.2619209289550781	13.060926596758817
138	(-0.30229606655530405-0.9091594843882944j)	0.3136429786682129	13.15625452812202
139	(-0.29526907434612865-0.9115951890724562j)	0.2765629291534424	13.251582459485222
140	(-0.28821558174779777-0.9139759226735444j)	0.26769518852233887	13.346910390848425
141	(-0.28112966334007344-0.9162975027151319j)	0.3080418109893799	13.442238322211628
142	(-0.2740171354734508-0.9185589970539927j)	0.2903749942779541	13.537566253574832
143	(-0.266873781562014-0.9207671766445351j)	0.27091503143310547	13.632894184938035
144	(-0.25970801047282766-0.9229112518009791j)	0.2736320495605469	13.728222116301238
145	(-0.2525142400983767-0.9250005689141674j)	0.26922130584716797	13.82355004766444
146	(-0.24529363374091834-0.9270297611100027j)	0.2816922664642334	13.918877979027643
147	(-0.23804741035901295-0.928999842597952j)	0.27696704864501953	14.014205910390846
148	(-0.23077678317883837-0.9309107746207379j)	0.2682647705078125	14.10953384175405
149	(-0.22348342260304832-0.9327635469711854j)	0.26932191848754883	14.204861773117253
150	(-0.21616480610259442-0.9345545704656296j)	0.26770615577697754	14.300189704480456
151	(-0.20882430927900575-0.936285951468745j)	0.2747011184692383	14.395517635843659
152	(-0.2014628857231721-0.9379575845579817j)	0.3519916534423828	14.490845567206861
153	(-0.19408507626035076-0.9395757507520822j)	0.3370401859283447	14.586173498570064
154	(-0.18666868452405994-0.9411163802492555j)	0.4203331470489502	14.681501429933268
155	(-0.17924887101629344-0.9426089760123753j)	0.3496997356414795	14.776829361296471
156	(-0.17180460431851213-0.9440374986229261j)	0.36250901222229004	14.872157292659674
157	(-0.1643406798783804-0.9454046892328667j)	0.27490711212158203	14.967485224022877
158	(-0.15685847185063218-0.9467116827708688j)	0.27373814582824707	15.06281315538608
159	(-0.14935906190028997-0.9479547948058078j)	0.3266890048980713	15.158141086749284
160	(-0.14184300639317954-0.949137629898464j)	0.3449070453643799	15.253469018112487
161	(-0.13431043437387213-0.9502576105487041j)	0.3872373104095459	15.34879694947569
162	(-0.12676108676588593-0.9513167269025811j)	0.3274540901184082	15.444124880838892
163	(-0.1191967530751964-0.9523123892516367j)	0.35230398178100586	15.539452812202095
164	(-0.11161842349612239-0.9532466598023741j)	0.3228912353515625	15.634780743565297
165	(-0.10402575849808315-0.954117635529835j)	0.3342399597167969	15.730108674928502
166	(-0.09641875948201989-0.9549249719825013j)	0.3110847473144531	15.825436606291705
167	(-0.08880128785177754-0.9556716334251892j)	0.34030795097351074	15.920764537654907
168	(-0.08117048818881695-0.9563540775349688j)	0.2756521701812744	16.016092469018112
169	(-0.073528446788033-0.9569735060949354j)	0.2793738842010498	16.111420400381316
170	(-0.06558225815495006-0.9578580255142963j)	0.25246429443359375	16.206748331744517
171	(-0.05821419248455323-0.9580224412055997j)	0.31365132331848145	16.302076263107722
172	(-0.05054017177592812-0.9584530940530416j)	0.2800776958465576	16.397404194470923
173	(-0.042858759602362406-0.9588176194359833j)	0.3244359493255615	16.492732125834127
174	(-0.03516987834804208-0.9591233322879692j)	0.3247542381286621	16.588060057197332
175	(-0.027469877377936047-0.9593602131767736j)	0.4116799831390381	16.683387988560533
176	(-0.0197649510119699-0.9595349672390827j)	0.3435959815979004	16.778715919923737
177	(-0.012054092021833107-0.9596458149298002j)	0.3389251232147217	16.874043851286938
178	(-0.004336341497776786-0.9596930968112511j)	0.27925610542297363	16.969371782650143
179	(0.0033872858106065995-0.9596758963052001j)	0.2748098373413086	17.064699714013347
180	(0.011113841978863115-0.9595945772350007j)	0.37430310249328613	17.160027645376548
181	(0.01884545915662028-0.9594499519815867j)	0.33855485916137695	17.255355576739753
182	(0.026580861782691423-0.9592407830783216j)	0.35051679611206055	17.350683508102954
183	(0.03431789357662551-0.9589656428912574j)	0.2730729579925537	17.446011439466158
184	(0.04205741863221013-0.9586287527916421j)	0.2909109592437744	17.541339370829363
185	(0.049798532080253366-0.9582259727115592j)	0.2903919219970703	17.636667302192564
186	(0.05754211028273026-0.9577581609649994j)	0.27963995933532715	17.731995233555768
187	(0.06528495739339296-0.9572273430519598j)	0.27772998809814453	17.82732316491897
188	(0.07302677095175725-0.9566324581492587j)	0.347775936126709	17.922651096282173
189	(0.080768485732366-0.9559726668447999j)	0.37646913528442383	18.017979027645374
190	(0.08850034595113149-0.9552384987077178j)	0.32741498947143555	18.11330695900858
191	(0.09624765964268778-0.9544592642135896j)	0.30904388427734375	18.208634890371783
192	(0.10398363364312213-0.953605634965873j)	0.273468017578125	18.303962821734984
193	(0.11171547152923833-0.9526871294700566j)	0.2860751152038574	18.39929075309819
194	(0.11944338670369703-0.9517057040000899j)	0.2762298583984375	18.49461868446139
195	(0.127168611101735-0.950658467065579j)	0.2895009517669678	18.589946615824594
196	(0.13488761536487598-0.9495473790112507j)	0.28416895866394043	18.6852745471878
197	(0.14260211128785327-0.9483732758078411j)	0.27901625633239746	18.780602478551
198	(0.15030906771526775-0.947132887673449j)	0.2881150245666504	18.875930409914204
199	(0.15800818235145947-0.9458275957700506j)	0.2774991989135742	18.971258341277405
200	(0.16570180692673397-0.9444598039377659j)	0.3115062713623047	19.06658627264061
201	(0.1733858464299491-0.9430272414259533j)	0.27561116218566895	19.161914204003814
202	(0.1810628369423276-0.9415302540216908j)	0.2709040641784668	19.257242135367015
203	(0.18873002873218897-0.9399697728766584j)	0.27248191833496094	19.35257006673022
204	(0.19638767854805272-0.9383452777440876j)	0.2709801197052002	19.44789799809342
205	(0.20403417768078963-0.9366546596213248j)	0.2813072204589844	19.543225929456625
206	(0.21167019822542327-0.934903029328605j)	0.27016282081604004	19.63855386081983
207	(0.21929417985388833-0.9330862503710784j)	0.2733469009399414	19.73388179218303
208	(0.22690602732118992-0.9312052624727374j)	0.27818799018859863	19.829209723546235
209	(0.2345066675821017-0.9292618632564322j)	0.27455687522888184	19.924537654909436
210	(0.24209171521471562-0.9272541212538912j)	0.27043890953063965	20.01986558627264
211	(0.24967445287683832-0.9251804371755776j)	0.2554659843444824	20.11519351763584
212	(0.25722476481564976-0.9230512684554784j)	0.2688870429992676	20.210521448999046
213	(0.2647650556523725-0.9208507959760204j)	0.27730703353881836	20.30584938036225
214	(0.2722916612619938-0.9185910160796128j)	0.271345853805542	20.40117731172545
215	(0.27979610753851997-0.916260661765746j)	0.29933905601501465	20.496505243088656
216	(0.2872966222217804-0.9138799691313426j)	0.27512335777282715	20.591833174451857
217	(0.294773042319708-0.9114292927450933j)	0.2770531177520752	20.68716110581506
218	(0.302233655486555-0.908918818895385j)	0.43491578102111816	20.782489037178266
219	(0.3096738245826696-0.9063430598748432j)	0.4113497734069824	20.877816968541467
220	(0.3170937051657266-0.9037060138026021j)	0.3483421802520752	20.97314489990467
221	(0.32449636165573753-0.9010070433048458j)	0.2894887924194336	21.068472831267872
222	(0.33187852899829134-0.8982471741844922j)	0.2870299816131592	21.163800762631077
223	(0.33923714648042136-0.8954230873004901j)	0.4077129364013672	21.25912869399428
224	(0.3465809637408463-0.8925405512647634j)	0.3044259548187256	21.354456625357482
225	(0.35389631622761697-0.88959225479185j)	0.39189720153808594	21.449784556720687
226	(0.36119077113479403-0.886585354293842j)	0.3772552013397217	21.545112488083888
227	(0.3684637276672104-0.8835162991647679j)	0.36425018310546875	21.640440419447092
228	(0.37571052741139-0.8803882857421775j)	0.278994083404541	21.735768350810293
229	(0.38294152471345905-0.8771995373503008j)	0.3611588478088379	21.831096282173498
230	(0.39013583163413745-0.8739438801046528j)	0.3614959716796875	21.926424213536702
231	(0.3973122259723112-0.8706330906690039j)	0.3473086357116699	22.021752144899903
232	(0.40446113677005435-0.8672620023249707j)	0.3571760654449463	22.117080076263107
233	(0.4115836255077777-0.8638302387079184j)	0.2894401550292969	22.21240800762631
234	(0.41867933856307094-0.8603382125106251j)	0.27428579330444336	22.307735938989513
235	(0.42574831133732066-0.8567866940016067j)	0.38140201568603516	22.403063870352717
236	(0.4327894987603262-0.8531760585937278j)	0.2855563163757324	22.49839180171592
237	(0.43980167856640506-0.8495073862834026j)	0.2807319164276123	22.593719733079123
238	(0.4467851781951934-0.8457777172702381j)	0.29911017417907715	22.689047664442324
239	(0.45374089571208187-0.8419922233626187j)	0.2771739959716797	22.78437559580553
240	(0.4606634565983374-0.8381458881497282j)	0.29712700843811035	22.879703527168733
241	(0.4675579692097307-0.8342420985345358j)	0.28647303581237793	22.975031458531934
242	(0.4744212168061196-0.830279965557214j)	0.2869250774383545	23.07035938989514
243	(0.4812518548490623-0.8262601999929059j)	0.3042018413543701	23.16568732125834
244	(0.48805300610124114-0.8221851363569478j)	0.40413618087768555	23.261015252621544
245	(0.49481783127332785-0.8180516589549516j)	0.3511970043182373	23.356343183984748
246	(0.5015516718618704-0.8138593944501626j)	0.2809269428253174	23.45167111534795
247	(0.5082515331203751-0.809612058869995j)	0.28563904762268066	23.546999046711154
248	(0.5149179696049644-0.8053078911364557j)	0.2848849296569824	23.642326978074355
249	(0.5215501207922126-0.80094778233269j)	0.29453611373901367	23.73765490943756
250	(0.5281442084292948-0.7965323827102365j)	0.5206458568572998	23.83298284080076
251	(0.5347068443390652-0.7920614077322101j)	0.3742101192474365	23.928310772163965
252	(0.5412312534955505-0.7875344949381382j)	0.2901759147644043	24.02363870352717
253	(0.5477183033994639-0.7829551029259134j)	0.2863919734954834	24.11896663489037
254	(0.5541695168215603-0.778317475310148j)	0.2967219352722168	24.214294566253574
255	(0.5605853479732322-0.7736266942191705j)	0.26713013648986816	24.309622497616775
256	(0.566961114760651-0.7688855955209235j)	0.27361273765563965	24.40495042897998
257	(0.5732964903875634-0.764087549090807j)	0.26894521713256836	24.500278360343184
258	(0.5795952371554436-0.7592352523533783j)	0.2727987766265869	24.595606291706385
259	(0.5858527146792809-0.7543309578885713j)	0.2681241035461426	24.69093422306959
260	(0.5920790607843825-0.7493774816943443j)	0.26514410972595215	24.78626215443279
261	(0.598251396838012-0.7443665349264802j)	0.27085018157958984	24.881590085795995
262	(0.6043990645926628-0.7393101663576715j)	0.2649850845336914	24.9769180171592
263	(0.6104855576927172-0.7341928123802114j)	0.27013206481933594	25.0722459485224
264	(0.6165408943657522-0.7290284469352855j)	0.2729170322418213	25.167573879885605
265	(0.6225532902900905-0.7238133859988098j)	0.2795679569244385	25.262901811248806
266	(0.6285234746077242-0.7185483069144083j)	0.3781471252441406	25.35822974261201
267	(0.6344487580832967-0.7132325339211147j)	0.3486521244049072	25.45355767397521
268	(0.6403305275418336-0.7078652569601531j)	0.3341071605682373	25.548885605338416
269	(0.6461706926751969-0.7024500421140568j)	0.2765030860900879	25.64421353670162
270	(0.6519682292193859-0.6969869490991514j)	0.29695796966552734	25.73954146806482
271	(0.657716096951484-0.6914723975795899j)	0.27996015548706055	25.834869399428026
272	(0.662425465926376-0.6854855119318704j)	0.25197386741638184	25.930197330791227
273	(0.6690772312968376-0.6802999143775589j)	0.25916194915771484	26.02552526215443
274	(0.6746924866884528-0.6746438516425379j)	0.27133917808532715	26.120853193517636
275	(0.6802594598418823-0.6689403752481214j)	0.26450300216674805	26.216181124880837
276	(0.685778966405978-0.6631876221464912j)	0.27812719345092773	26.31150905624404
277	(0.6912508387427849-0.657389877838237j)	0.28527402877807617	26.406836987607242
278	(0.6966754437633715-0.65154618431469j)	0.27294301986694336	26.502164918970447
279	(0.7020512063047052-0.6456556552566932j)	0.2750411033630371	26.59749285033365
280	(0.7073785797482471-0.6397206893472008j)	0.27303600311279297	26.692820781696852
281	(0.7126553063813558-0.6337400391288802j)	0.27437496185302734	26.788148713060057
282	(0.7178845095966905-0.6277151213411558j)	0.27454686164855957	26.883476644423258
283	(0.7230669621193484-0.6216478351366665j)	0.2703700065612793	26.978804575786462
284	(0.7281903821883071-0.6155333992996134j)	0.2725088596343994	27.074132507149667
285	(0.7332675203175416-0.6093775365653737j)	0.2692270278930664	27.169460438512868
286	(0.7382980999918721-0.6031803222419772j)	0.27942609786987305	27.264788369876072
287	(0.7432721654127397-0.5969440680376845j)	0.26538896560668945	27.360116301239273
288	(0.7481984669135683-0.5906564119223838j)	0.2750389575958252	27.455444232602478
289	(0.7530703571157485-0.5843324709303136j)	0.2714381217956543	27.55077216396568
290	(0.7578896704848956-0.577966858498165j)	0.28183412551879883	27.646100095328883
291	(0.762656883035269-0.571561117329623j)	0.27898478507995605	27.741428026692088
292	(0.7673692857519577-0.5651157945750385j)	0.27278900146484375	27.83675595805529
293	(0.7720305442043371-0.5586289344877984j)	0.2791879177093506	27.932083889418493
294	(0.7766371177140236-0.5521044020478408j)	0.28217411041259766	28.027411820781694
295	(0.7811896405777617-0.5455405246687521j)	0.27191805839538574	28.1227397521449
296	(0.7856870887642425-0.5389379257306444j)	0.27996301651000977	28.218067683508103
297	(0.7901289899520064-0.5322987521149702j)	0.27419519424438477	28.313395614871304
298	(0.7945163545064498-0.5256195648623778j)	0.28495311737060547	28.40872354623451
299	(0.7988490963606059-0.518905295731787j)	0.2818901538848877	28.50405147759771
300	(0.8031261482211117-0.5121526782280172j)	0.265704870223999	28.599379408960914
301	(0.8073440560609604-0.5053662357213389j)	0.276461124420166	28.69470734032412
302	(0.8115084880729634-0.4985435502788763j)	0.2767488956451416	28.79003527168732
303	(0.8156142112108145-0.4916851998391315j)	0.2754628658294678	28.885363203050524
304	(0.8196664070365427-0.48479336633962117j)	0.2737269401550293	28.980691134413725
305	(0.8236549632800602-0.4778655436143853j)	0.27735400199890137	29.07601906577693
306	(0.8275870905303582-0.470904850256628j)	0.2739450931549072	29.17134699714013
307	(0.831466477905961-0.4639122072804998j)	0.2721378803253174	29.266674928503335
308	(0.8352833039823314-0.4568854813010875j)	0.27512502670288086	29.36200285986654
309	(0.8390423389085111-0.4498268213233213j)	0.27446985244750977	29.45733079122974
310	(0.8427437315945476-0.4427353138784836j)	0.26581907272338867	29.552658722592945
311	(0.8463833494068385-0.43561548575124587j)	0.28159093856811523	29.647986653956146
312	(0.8499683283544766-0.42846337997516787j)	0.26764416694641113	29.74331458531935
313	(0.8534874082798147-0.4212809836464j)	0.28379392623901367	29.838642516682555
314	(0.8569487894740283-0.41406908154303446j)	0.28009486198425293	29.933970448045756
315	(0.8603499857733322-0.4068274451704541j)	0.2737109661102295	30.02929837940896
316	(0.8636911462670951-0.399557839037893j)	0.27789902687072754	30.12462631077216
317	(0.8669740263231693-0.3922602125132424j)	0.27083611488342285	30.219954242135366
318	(0.8701913523113581-0.3849343236272983j)	0.27501869201660156	30.31528217349857
319	(0.8733489519383227-0.377581260672622j)	0.27963685989379883	30.41061010486177
320	(0.8764457471715486-0.3702017708019798j)	0.28252601623535156	30.505938036224975
321	(0.879480229803186-0.3627961852702123j)	0.27806711196899414	30.601265967588176
322	(0.8824532924990355-0.35536524414542386j)	0.27991604804992676	30.69659389895138
323	(0.8853628781725061-0.3479079225460946j)	0.26567697525024414	30.791921830314585
324	(0.8882124079969129-0.3404282391783211j)	0.27660083770751953	30.887249761677786
325	(0.8909973283648858-0.3329234784389027j)	0.2752201557159424	30.98257769304099
326	(0.893720017198122-0.32539497307373877j)	0.2725808620452881	31.077905624404192
327	(0.8963799621068914-0.3178438704856945j)	0.2753021717071533	31.173233555767396
328	(0.8989763996547038-0.31027041735134014j)	0.2731819152832031	31.268561487130597
329	(0.9015103884509789-0.3026745205385412j)	0.26930713653564453	31.3638894184938
330	(0.9040060432662473-0.29506253910265345j)	0.26088881492614746	31.459217349857006
331	(0.9063845227073228-0.28742066655318926j)	0.27498388290405273	31.554545281220207
332	(0.9087240011420352-0.27976281120621693j)	0.26725006103515625	31.64987321258341
333	(0.9110016112017334-0.2720848179880563j)	0.2713429927825928	31.745201143946613
334	(0.913216535960296-0.2643868302517924j)	0.26680493354797363	31.840529075309817
335	(0.915365058619289-0.2566729687662161j)	0.27944087982177734	31.93585700667302
336	(0.9174486311724876-0.24893918248372437j)	0.27669715881347656	32.03118493803622
337	(0.9194819566076451-0.24119026274787245j)	0.26857995986938477	32.12651286939942
338	(0.9214200309510227-0.23342085433772958j)	0.2756311893463135	32.22184080076263
339	(0.9233104187791946-0.2256360268941886j)	0.2709670066833496	32.31716873212583
340	(0.9251324282683671-0.21783548979113282j)	0.2727968692779541	32.41249666348903
341	(0.9268912904020984-0.2100203463890516j)	0.2763216495513916	32.50782459485224
342	(0.9276586562857986-0.20209321862158236j)	0.26341724395751953	32.60315252621544
343	(0.9302087726710268-0.19434543004525281j)	0.2694211006164551	32.69848045757864
344	(0.9317690506421741-0.18648621775149632j)	0.2786269187927246	32.79380838894184
345	(0.9332636445972363-0.17861455930271275j)	0.2750730514526367	32.88913632030505
346	(0.9346919388103735-0.17073059255370704j)	0.2733581066131592	32.98446425166825
347	(0.9360551402250122-0.16283411174390394j)	0.2680630683898926	33.07979218303145
348	(0.9373492365026604-0.15492689540300725j)	0.27733802795410156	33.17512011439466
349	(0.9385791279886119-0.14700847016813662j)	0.28334903717041016	33.27044804575786
350	(0.9397413861448316-0.13907981438935274j)	0.2742588520050049	33.36577597712106
351	(0.9408410126267255-0.13114157927338263j)	0.2719869613647461	33.46110390848427
352	(0.9418682760805733-0.1231937784343695j)	0.27855420112609863	33.55643183984747
353	(0.9428318509415694-0.11523747077755968j)	0.27697014808654785	33.65175977121067
354	(0.9437273408376325-0.107273268107758j)	0.281235933303833	33.74708770257387
355	(0.9445580054859939-0.09930150132649973j)	0.2725491523742676	33.84241563393708
356	(0.9453181932393719-0.0913225997830997j)	0.2760961055755615	33.93774356530028
357	(0.945991658707076-0.08333670324682012j)	0.2638511657714844	34.03307149666348
358	(0.9466308120071496-0.07534637222769715j)	0.2685739994049072	34.12839942802669
359	(0.9472029849536422-0.06735070952043935j)	0.26764607429504395	34.22372735938989
360	(0.9476958915930221-0.05935767832756392j)	0.26368212699890137	34.31905529075309
361	(0.9481220397324048-0.05134517003382642j)	0.2771730422973633	34.41438322211629
362	(0.9484856038901393-0.043336946275604804j)	0.2722749710083008	34.5097111534795
363	(0.9487720926495323-0.03532559437944584j)	0.2705271244049072	34.6050390848427
364	(0.9489977457842127-0.02731206852553489j)	0.27702808380126953	34.7003670162059
365	(0.9491522195154493-0.019296578277043817j)	0.271345853805542	34.79569494756911
366	(0.9492419554801721-0.011279790752141089j)	0.27994203567504883	34.89102287893231
367	(0.9492637703139748-0.003262492088924488j)	0.2694129943847656	34.98635081029551
368	(0.9492183244932059+0.004755685354278742j)	0.2756531238555908	35.08167874165872
369	(0.9491062344291393+0.01277175085717317j)	0.2718489170074463	35.17700667302192
370	(0.9489247453591836+0.02078762141195998j)	0.27807092666625977	35.27233460438512
371	(0.9486763398369417+0.028801709431786143j)	0.27801084518432617	35.36766253574832
372	(0.948360602589915+0.036813732236010505j)	0.2828328609466553	35.46299046711153
373	(0.9479803048946662+0.0448231658386606j)	0.2719552516937256	35.55831839847473
374	(0.9475211174624352+0.05292617728869557j)	0.27408266067504883	35.65364632983793
375	(0.947009563147477+0.0608307905050707j)	0.2734799385070801	35.74897426120114
376	(0.9464255596794635+0.06882841523379359j)	0.2756679058074951	35.84430219256434
377	(0.9457722741893514+0.07682080804228163j)	0.28070807456970215	35.93963012392754
378	(0.9450522250074742+0.08480747141951961j)	0.2816939353942871	36.034958055290744
379	(0.9442645867186915+0.09278814578097976j)	0.27743005752563477	36.13028598665395
380	(0.9434105865305626+0.10076193076448967j)	0.27358484268188477	36.22561391801715
381	(0.9424909280222187+0.10872867677925707j)	0.27624011039733887	36.320941849380354
382	(0.9415014937208249+0.1166871266662339j)	0.28025078773498535	36.41626978074356
383	(0.9404440474734398+0.12463708009484703j)	0.2712440490722656	36.51159771210676
384	(0.9393225299395294+0.13257827412967066j)	0.26838207244873047	36.606925643469964
385	(0.9381346125851431+0.14050969127975363j)	0.27431607246398926	36.70225357483317
386	(0.9368772129113718+0.14843090603447112j)	0.2835268974304199	36.79758150619637
387	(0.9355539845863872+0.15634133950436446j)	0.27330708503723145	36.892909437559574
388	(0.9341661673028782+0.16424075277757938j)	0.27536702156066895	36.988237368922775
389	(0.9327094204628225+0.17212795251203478j)	0.27318501472473145	37.08356530028598
390	(0.9311870472210746+0.1800028736116328j)	0.27065491676330566	37.178893231649184
391	(0.9295974770289612+0.1878647264417694j)	0.27697300910949707	37.274221163012385
392	(0.9279427705806617+0.19571311110811795j)	0.2774958610534668	37.36954909437559
393	(0.926221505488154+0.20354728192028604j)	0.2772059440612793	37.464877025738794
394	(0.9244338324906705+0.2113666792299193j)	0.27777624130249023	37.560204957101995
395	(0.9225817128312461+0.21917096392045748j)	0.2717478275299072	37.655532888465196
396	(0.9206612868070749+0.22695949443739682j)	0.2676808834075928	37.750860819828404
397	(0.9186777190599034+0.23473154914859146j)	0.27198195457458496	37.846188751191605
398	(0.9166279876196229+0.24248682352619377j)	0.2760581970214844	37.941516682554806
399	(0.9145121660257098+0.2502243758927747j)	0.278378963470459	38.036844613918014
400	(0.912332206842687+0.2579440879610564j)	0.3032081127166748	38.132172545281215
401	(0.9100865063269808+0.2656451709808365j)	0.30355405807495117	38.227500476644416
402	(0.9077753631463628+0.27332704627603277j)	0.2775418758392334	38.322828408007624
403	(0.9054018198570456+0.2809896042332184j)	0.2764921188354492	38.418156339370825
404	(0.9029605867233182+0.28863128661055615j)	0.2734189033508301	38.513484270734025
405	(0.9004545907554564+0.29625231592419643j)	0.2952609062194824	38.608812202097226
406	(0.8978878522542034+0.3038525307666125j)	0.30293989181518555	38.704140133460434
407	(0.8952552976239516+0.31143046093255566j)	0.2986719608306885	38.799468064823635
408	(0.8925589661633734+0.31898650035302684j)	0.29285287857055664	38.894795996186836
409	(0.8897979888052889+0.3265186691356451j)	0.28031325340270996	38.990123927550044
410	(0.8869684512314174+0.3340267875905393j)	0.3813779354095459	39.085451858913245
411	(0.8840863824652281+0.34151272868078664j)	0.32574892044067383	39.180779790276446
412	(0.8811385043208145+0.3489736254784145j)	0.38071131706237793	39.276107721639654
413	(0.8781249310503849+0.35640919284850825j)	0.27496814727783203	39.371435653002855
414	(0.8750521675736468+0.36381940340481594j)	0.2894730567932129	39.466763584366056
415	(0.87191308595411+0.37120284111220603j)	0.2741217613220215	39.56209151572926
416	(0.8687095583894934+0.3785590357492782j)	0.27643299102783203	39.657419447092465
417	(0.8654493144719982+0.3858890481750674j)	0.41507387161254883	39.752747378455666
418	(0.8621271117916959+0.39319154366628833j)	0.3452107906341553	39.84807530981887
419	(0.8587401404513806+0.40046495338722504j)	0.4065573215484619	39.943403241182075
420	(0.8552939841756437+0.4077098249781681j)	0.3832969665527344	40.038731172545276
421	(0.8517848502805854+0.41492607824257255j)	0.3197622299194336	40.13405910390848
422	(0.8482176407189768+0.42211165684185936j)	0.3639700412750244	40.22938703527168
423	(0.844586991559527+0.42926660595617516j)	0.3437819480895996	40.324714966634886
424	(0.8408976674112616+0.4363912144563873j)	0.3628709316253662	40.42004289799809
425	(0.8371450016730054+0.44348352822156367j)	0.40096592903137207	40.51537082936129
426	(0.8333372311884852+0.45054510608010656j)	0.35804080963134766	40.610698760724496
427	(0.829467842916871+0.4575764165617575j)	0.4635350704193115	40.7060266920877
428	(0.8255401361609831+0.464570305722961j)	0.41338491439819336	40.8013546234509
429	(0.8215624600788364+0.4715353358725342j)	0.37599802017211914	40.896682554814106
430	(0.8175075020988004+0.4784613975485268j)	0.4689021110534668	40.99201048617731
431	(0.8134019238201781+0.48535559839009446j)	0.3940768241882324	41.08733841754051
432	(0.809240427293053+0.49221500889135233j)	0.3660709857940674	41.18266634890371
433	(0.8050205434042047+0.4990392769844103j)	0.3024170398712158	41.27799428026692
434	(0.800741067239492+0.5058269352232032j)	0.2739100456237793	41.37332221163012
435	(0.7964081860215444+0.5125825551295123j)	0.26012396812438965	41.46865014299332
436	(0.7920138540798701+0.5192936180637261j)	0.36319398880004883	41.56397807435653
437	(0.7875653826714455+0.5259713228516951j)	0.40132999420166016	41.65930600571973
438	(0.7830548534647706+0.5326089444467743j)	0.3565669059753418	41.75463393708293
439	(0.7784996414025721+0.5392118899893422j)	0.41280102729797363	41.84996186844613
440	(0.773885381720699+0.5457765356838424j)	0.2764260768890381	41.94528979980934
441	(0.7692110559586982+0.5522984003830331j)	0.27590084075927734	42.04061773117254
442	(0.7644732605091111+0.5588198145645805j)	0.2575490474700928	42.13594566253574
443	(0.7597012347796003+0.5652256424322919j)	0.2779669761657715	42.23127359389895
444	(0.7548662781174982+0.5716285676704631j)	0.30413007736206055	42.32660152526215
445	(0.7499779642374588+0.5779906422459198j)	0.2947568893432617	42.42192945662535
446	(0.7450322011753961+0.5843100878488507j)	0.31385087966918945	42.51725738798856
447	(0.7400360866993786+0.5905891411490356j)	0.27933716773986816	42.61258531935176
448	(0.7349861467888108+0.5968255312323882j)	0.2699592113494873	42.70791325071496
449	(0.7298843363905098+0.6030183004863517j)	0.29740309715270996	42.80324118207816
450	(0.7247296760834315+0.6091668906379462j)	0.28325319290161133	42.89856911344137
451	(0.7195236646901803+0.6152729615067556j)	0.31968092918395996	42.99389704480457
452	(0.714267048335295+0.6213349289150094j)	0.3872828483581543	43.08922497616777
453	(0.708958140501417+0.6273514163249028j)	0.264080286026001	43.18455290753098
454	(0.703598550726772+0.6333234813796702j)	0.28933000564575195	43.27988083889418
455	(0.6981877416630923+0.6392491979989426j)	0.2984938621520996	43.37520877025738
456	(0.6927273481243326+0.6451292381523268j)	0.29239606857299805	43.47053670162058
457	(0.687266668723838+0.6509829574116108j)	0.2693319320678711	43.56586463298379
458	(0.6816599025811703+0.6567508651684264j)	0.28876781463623047	43.66119256434699
459	(0.6760538132269475+0.6624892869338395j)	0.29092884063720703	43.75652049571019
460	(0.6703977003013066+0.6681825556531584j)	0.2873096466064453	43.8518484270734
461	(0.6646932954887669+0.6738283094182944j)	0.2915198802947998	43.9471763584366
462	(0.6589452202508954+0.6794237461786107j)	0.29526591300964355	44.0425042897998
463	(0.6531449673427252+0.6849692776171046j)	0.27915525436401367	44.13783222116301
464	(0.6472998073748208+0.6904668370973024j)	0.288891077041626	44.23316015252621
465	(0.6414086321424282+0.695915323381425j)	0.2832980155944824	44.32848808388941
466	(0.6354724899493176+0.7013130578027363j)	0.3076932430267334	44.42381601525261
467	(0.6294921825940064+0.706661697763537j)	0.2750053405761719	44.51914394661582
468	(0.6234614638887874+0.7119565688577316j)	0.33092260360717773	44.61447187797902
469	(0.6174082835771149+0.7172110611504445j)	0.28464794158935547	44.70979980934222
470	(0.6112722070616872+0.7223964314804158j)	0.2960348129272461	44.80512774070543
471	(0.6051120115161484+0.7275384961215512j)	0.27054905891418457	44.90045567206863
472	(0.5989056885976269+0.7326265620146963j)	0.265106201171875	44.99578360343183
473	(0.5926413435203086+0.7377085903436873j)	0.2722470760345459	45.09111153479503
474	(0.5863738462412765+0.7426483327262922j)	0.2886948585510254	45.18643946615824
475	(0.5800468779506931+0.7475804456686885j)	0.2736332416534424	45.28176739752144
476	(0.5736681973641246+0.7524548030469389j)	0.2669081687927246	45.37709532888464
477	(0.5672573722919685+0.7572787019014351j)	0.2869291305541992	45.47242326024785
478	(0.5608034550055995+0.7620464314798115j)	0.2718019485473633	45.56775119161105
479	(0.5543070786254073+0.7667589614901855j)	0.2679023742675781	45.66307912297425
480	(0.5477754029357691+0.7714171466676449j)	0.2677600383758545	45.75840705433746
481	(0.5412023349853565+0.7760209924910829j)	0.27675414085388184	45.85373498570066
482	(0.5345907211766869+0.7805676350969833j)	0.3044092655181885	45.94906291706386
483	(0.5279415258400674+0.7850587250224885j)	0.27175402641296387	46.044390848427064
484	(0.521253166552562+0.7894928124591676j)	0.26885485649108887	46.13971877979027
485	(0.5145286702665384+0.7938710833201778j)	0.26431894302368164	46.23504671115347
486	(0.507768368245936+0.798190935216655j)	0.269819974899292	46.330374642516674
487	(0.5009673149251439+0.8024574891550778j)	0.26136183738708496	46.42570257387988
488	(0.4941349808706027+0.8066588042083336j)	0.27532219886779785	46.52103050524308
489	(0.48726587123673765+0.8108068566492592j)	0.3072690963745117	46.61635843660628
490	(0.4803607450446627+0.8148954028980075j)	0.31258296966552734	46.71168636796949
491	(0.473422978935107+0.8189258125385432j)	0.27486085891723633	46.80701429933269
492	(0.46644941499121656+0.8228970253113927j)	0.270017147064209	46.90234223069589
493	(0.4594444032010252+0.826809709989638j)	0.30675601959228516	46.997670162059094
494	(0.4524061425036907+0.8306619999450096j)	0.29564499855041504	47.0929980934223
495	(0.44533562898039575+0.8344558803920383j)	0.32109904289245605	47.1883260247855
496	(0.438232834449744+0.8381884392388435j)	0.27808403968811035	47.283653956148704
497	(0.43109969487755306+0.8418583883047004j)	0.281919002532959	47.37898188751191
498	(0.4239010068414441+0.8454530462832961j)	0.2572178840637207	47.47430981887511
499	(0.4167357954838757+0.849023052329032j)	0.28739094734191895	47.569637750238314
500	(0.40951324684181545+0.8525143276657237j)	0.3146040439605713	47.664965681601515
501	(0.40225550938450627+0.8559416796786845j)	0.29248905181884766	47.76029361296472
502	(0.394974952550212+0.859311340979623j)	0.2897300720214844	47.855621544327924
503	(0.3876638951987965+0.8626165894587277j)	0.27182483673095703	47.950949475691125
504	(0.3803266374410195+0.8658604642525473j)	0.26828718185424805	48.04627740705433
505	(0.3729542966100788+0.8690382923786415j)	0.27808690071105957	48.141605338417534
506	(0.3655649695198394+0.8721602071152379j)	0.2749812602996826	48.236933269780735
507	(0.35814517045064+0.8752151014865108j)	0.266049861907959	48.33226120114394
508	(0.35070086530627786+0.8782080082587468j)	0.2784609794616699	48.427589132507144
509	(0.343230034382806+0.881137358290169j)	0.28170275688171387	48.522917063870345
510	(0.3357359444292683+0.8840049569404038j)	0.2655799388885498	48.618244995233546
511	(0.32821288240807944+0.8868035410817363j)	0.2650570869445801	48.713572926596754
512	(0.32067631673909863+0.8895455193588708j)	0.28456592559814453	48.808900857959955
513	(0.31311047882710935+0.8922196530976438j)	0.27620887756347656	48.904228789323156
514	(0.3055231839411097+0.8948311660759651j)	0.2739551067352295	48.999556720686364
515	(0.297913893731299+0.897376398981484j)	0.2727620601654053	49.094884652049565
516	(0.29028424805204717+0.899859244795147j)	0.2696681022644043	49.190212583412766
517	(0.2826376402379437+0.9022789586165854j)	0.2593040466308594	49.28554051477597
518	(0.27495871880390266+0.9046258930777804j)	0.2696208953857422	49.380868446139175
519	(0.2672703218566472+0.9069136693017075j)	0.2854459285736084	49.476196377502376
520	(0.2595606844507327+0.9091351637613421j)	0.2779083251953125	49.57152430886558
521	(0.2518270543253079+0.9112968623668439j)	0.26418495178222656	49.666852240228785
522	(0.2440851101642892+0.9133829794795157j)	0.269150972366333	49.762180171591986
523	(0.23632064028351746+0.9154073138966832j)	0.2704761028289795	49.85750810295519
524	(0.22854000230886012+0.9173660376400171j)	0.2710251808166504	49.952836034318395
525	(0.22073872551742602+0.9192565810860409j)	0.28384828567504883	50.048163965681596
526	(0.21293024743621325+0.9210859800756692j)	0.28572797775268555	50.1434918970448
527	(0.20510108624512197+0.9228464553813582j)	0.2703092098236084	50.238819828408
528	(0.19725733353069125+0.9245392254119305j)	0.26639699935913086	50.334147759771206
529	(0.1894021463745444+0.9261684430167638j)	0.28013014793395996	50.42947569113441
530	(0.1815297558546869+0.9277265097298573j)	0.2772500514984131	50.52480362249761
531	(0.17364836229208486+0.9292237237043348j)	0.28638601303100586	50.620131553860816
532	(0.16575151124096704+0.9306515194003757j)	0.283034086227417	50.71545948522402
533	(0.1578460404773923+0.9320116623753935j)	0.2713479995727539	50.81078741658722
534	(0.1499272316292446+0.9333030111729398j)	0.2874727249145508	50.90611534795042
535	(0.141997228755391+0.9345301647225321j)	0.29744529724121094	51.00144327931363
536	(0.13405784116461583+0.9356885847189965j)	0.28312015533447266	51.09677121067683
537	(0.12611014333314768+0.9367803193024015j)	0.3051168918609619	51.19209914204003
538	(0.11815068521984473+0.9378038607627592j)	0.3060891628265381	51.28742707340324
539	(0.11018461615287861+0.9387607050990499j)	0.2793850898742676	51.38275500476644
540	(0.10221051191839164+0.9396494325001798j)	0.30588316917419434	51.47808293612964
541	(0.09422939988311496+0.9404706133189054j)	0.3110630512237549	51.573410867492846
542	(0.08624188735119559+0.9412226467289302j)	0.28583669662475586	51.66873879885605
543	(0.07824694443501351+0.9419094273791442j)	0.29059624671936035	51.76406673021925
544	(0.07024654985446183+0.9425263773446321j)	0.2883617877960205	51.85939466158245
545	(0.06224343838698604+0.9430784398674494j)	0.28285908699035645	51.95472259294566
546	(0.054234539214792876+0.9435601016681041j)	0.2835667133331299	52.05005052430886
547	(0.04622355527162575+0.9439736309128706j)	0.27288079261779785	52.14537845567206
548	(0.03820591158662212+0.9443193689502287j)	0.28708386421203613	52.24070638703527
549	(0.03018780245348851+0.9445983340755313j)	0.2927849292755127	52.33603431839847
550	(0.02216485326913359+0.9448071935403255j)	0.29264187812805176	52.43136224976167
551	(0.014145769322244706+0.9449503021532909j)	0.27471113204956055	52.52669018112488
552	(0.007259519528546032+0.9461884335685711j)	0.26924800872802734	52.62201811248808
553	(-0.0019008856401224183+0.9450305212431154j)	0.2692549228668213	52.71734604385128
554	(-0.009924079495780835+0.9449691209966933j)	0.27724790573120117	52.81267397521448
555	(-0.017945087520468972+0.9448392289090606j)	0.30318188667297363	52.90800190657769
556	(-0.025966762338590688+0.9446415557379335j)	0.2873411178588867	53.00332983794089
557	(-0.033984617798255456+0.9443750070888126j)	0.27497315406799316	53.09865776930409
558	(-0.04199261086720901+0.9440340143008725j)	0.26178932189941406	53.1939857006673
559	(-0.05001358984315035+0.9436391112683225j)	0.2786741256713867	53.2893136320305
560	(-0.05802078273612293+0.9431714976857475j)	0.2720987796783447	53.3846415633937
561	(-0.06602886127346352+0.9426298393760448j)	0.3033938407897949	53.4799694947569
562	(-0.0740287766279556+0.9420258595343476j)	0.28311920166015625	53.57529742612011
563	(-0.08202522921095895+0.9413531744245793j)	0.2682960033416748	53.67062535748331
564	(-0.09001003840120969+0.9406121965173366j)	0.2726399898529053	53.76595328884651
565	(-0.09799405743318396+0.9398017793138882j)	0.27896809577941895	53.86128122020972
566	(-0.10596940539137895+0.9389266402034222j)	0.250629186630249	53.95660915157292
567	(-0.11393636297701626+0.9379806122545669j)	0.27020907402038574	54.05193708293612
568	(-0.1218938006000655+0.9369676014922517j)	0.26869702339172363	54.14726501429933
569	(-0.12984457132636024+0.9358891983567755j)	0.29776573181152344	54.24259294566253
570	(-0.137784692532871+0.9347427105242633j)	0.26537537574768066	54.33792087702573
571	(-0.1457161171612853+0.9335280426018089j)	0.2807319164276123	54.43324880838893
572	(-0.1536363969081731+0.932246665183036j)	0.27253103256225586	54.52857673975214
573	(-0.16154316352632114+0.9309002982228922j)	0.2622499465942383	54.62390467111534
574	(-0.1694417073259275+0.929482981029804j)	0.2926006317138672	54.71923260247854
575	(-0.17732355920910597+0.9279979245417338j)	0.2853052616119385	54.81456053384175
576	(-0.185196212451395+0.9264520539686667j)	0.2642691135406494	54.90988846520495
577	(-0.19305530507721708+0.9248346115825405j)	0.27883076667785645	55.00521639656815
578	(-0.20090206695561613+0.9231527919004598j)	0.2591092586517334	55.10054432793135
579	(-0.2087327099050738+0.9214015496879884j)	0.2736520767211914	55.19587225929456
580	(-0.2165441127827174+0.919587604886483j)	0.26444387435913086	55.29120019065776
581	(-0.22434363147764202+0.9177060982490337j)	0.28447604179382324	55.38652812202096
582	(-0.23212526281386392+0.9157576392393998j)	0.26015210151672363	55.48185605338417
583	(-0.23989261790449778+0.9137449308523553j)	0.2888529300689697	55.57718398474737
584	(-0.24764057765998732+0.9116652354850787j)	0.27095675468444824	55.67251191611057
585	(-0.25537450627988395+0.9095164872536042j)	0.28406405448913574	55.76783984747378
586	(-0.2630618231633841+0.9072939798482555j)	0.27260684967041016	55.86316777883698
587	(-0.2707758774064937+0.9050332843123374j)	0.30090785026550293	55.95849571020018
588	(-0.2784494744000411+0.9026902936973394j)	0.27396607398986816	56.05382364156338
589	(-0.28610170600110596+0.9002864399259665j)	0.2893259525299072	56.14915157292659
590	(-0.29373522567878463+0.8978142729603166j)	0.2812941074371338	56.24447950428979
591	(-0.3013453293446603+0.8952782069684253j)	0.2692899703979492	56.33980743565299
592	(-0.30893736757925966+0.892677683855007j)	0.267362117767334	56.4351353670162
593	(-0.3165020778026693+0.8900135835623106j)	0.27743101119995117	56.5304632983794
594	(-0.3240442458585808+0.8872843324309705j)	0.25704073905944824	56.6257912297426
595	(-0.33156693575285245+0.8844920336654734j)	0.27107691764831543	56.721119161105804
596	(-0.33907026203033636+0.8816296203813523j)	0.2464601993560791	56.81644709246901
597	(-0.34653561919266984+0.8787164271394166j)	0.27691197395324707	56.91177502383221
598	(-0.353982792355808+0.8757326105707068j)	0.2729380130767822	57.007102955195414
599	(-0.3614036658245856+0.8726866128601414j)	0.2809159755706787	57.10243088655862
600	(-0.368798068406838+0.869579264772274j)	0.2794790267944336	57.19775881792182
601	(-0.3761683601712811+0.8664055299321701j)	0.28239893913269043	57.293086749285024
602	(-0.3835100404973941+0.863171387421489j)	0.27266883850097656	57.38841468064823
603	(-0.390822556296209+0.8598724313838508j)	0.2731146812438965	57.48374261201143
604	(-0.3981098926458915+0.8565179363095823j)	0.2759678363800049	57.579070543374634
605	(-0.4053579267907168+0.8530922783897321j)	0.26510095596313477	57.674398474737835
606	(-0.4125932222055845+0.8496151268070804j)	0.2742440700531006	57.76972640610104
607	(-0.4197905215148592+0.8460722883268517j)	0.28078603744506836	57.865054337464244
608	(-0.42695744879267805+0.842468873099055j)	0.27951908111572266	57.960382268827445
609	(-0.43409001385434215+0.8388029198974908j)	0.25931596755981445	58.05571020019065
610	(-0.4411986246374809+0.8350790671257818j)	0.2869758605957031	58.151038131553854
611	(-0.44827156601084484+0.8312943859117943j)	0.2757539749145508	58.246366062917055
612	(-0.4553130239629002+0.8274500766157014j)	0.2744011878967285	58.341693994280256
613	(-0.4623206761913901+0.8235446498234265j)	0.26833510398864746	58.437021925643464
614	(-0.46929473102763763+0.8195815327762559j)	0.26354527473449707	58.532349857006665
615	(-0.47623554004683294+0.815559085629156j)	0.2710599899291992	58.627677788369866
616	(-0.48314105873164104+0.8114769308851502j)	0.26955699920654297	58.723005719733074
617	(-0.49001225667034226+0.8073364077650385j)	0.2746729850769043	58.818333651096275
618	(-0.4968475773515316+0.8031383907089491j)	0.273226261138916	58.913661582459476
619	(-0.5036494231400749+0.7988826806047007j)	0.270780086517334	59.008989513822684
620	(-0.5104104990312572+0.7945686356697137j)	0.26354098320007324	59.104317445185885
621	(-0.5171378647244617+0.7901982486135666j)	0.2734858989715576	59.199645376549086
622	(-0.523827268564254+0.7857701210207304j)	0.2735428810119629	59.29497330791229
623	(-0.5304797836370695+0.7812862815039227j)	0.26930832862854004	59.390301239275495
624	(-0.5370917922663974+0.7767454973305119j)	0.27683091163635254	59.485629170638695
625	(-0.543666410732696+0.7721479127997797j)	0.27398204803466797	59.580957102001896
626	(-0.5502007077450175+0.7674959639114114j)	0.2759990692138672	59.676285033365104
627	(-0.5566962026688296+0.7627884565749883j)	0.27278780937194824	59.771612964728305
628	(-0.5631512620467922+0.7580255174402866j)	0.27814793586730957	59.866940896091506
629	(-0.5695658145575007+0.75320865428431j)	0.2760467529296875	59.962268827454714
630	(-0.5759394277272221+0.7483371267582073j)	0.2737460136413574	60.057596758817915
631	(-0.5822705646088713+0.7434117812129457j)	0.26555800437927246	60.152924690181116
632	(-0.5885607339733223+0.7384334352696511j)	0.26033687591552734	60.24825262154432
633	(-0.5948085519351802+0.7334015145504418j)	0.2630589008331299	60.343580552907525
634	(-0.6010136505376595+0.7283165766237567j)	0.26625490188598633	60.438908484270726
635	(-0.6071716007200946+0.7231777034828486j)	0.27275872230529785	60.53423641563393
636	(-0.6132887215384263+0.7179884872383946j)	0.26953601837158203	60.629564346997135
637	(-0.6193610383342011+0.7127472465454097j)	0.2716641426086426	60.724892278360336
638	(-0.6253883818769362+0.7074543837903424j)	0.2728312015533447	60.82022020972354
639	(-0.6313722924931675+0.7021114892477365j)	0.26819396018981934	60.91554814108674
640	(-0.6373073193463956+0.6967160990390135j)	0.2703399658203125	61.010876072449946
641	(-0.6432005769660649+0.691272516530808j)	0.25977206230163574	61.10620400381315
642	(-0.6490435559797294+0.6857779454650827j)	0.276108980178833	61.20153193517635
643	(-0.6548420447911198+0.680234536300285j)	0.2728602886199951	61.296859866539556
644	(-0.6605925873121048+0.6746415847458402j)	0.27248597145080566	61.39218779790276
645	(-0.666293647042948+0.668999591960767j)	0.2806100845336914	61.48751572926596
646	(-0.671950205357493+0.6633110663604377j)	0.2756998538970947	61.582843660629166
647	(-0.6775548860497882+0.6575732264497098j)	0.26726198196411133	61.67817159199237
648	(-0.6831126715954834+0.6517890377158999j)	0.2676362991333008	61.77349952335557
649	(-0.6886195110031574+0.6459571034054414j)	0.27348899841308594	61.86882745471877
650	(-0.6940782179885556+0.6400785576478989j)	0.2679910659790039	61.96415538608198
651	(-0.699485778366187+0.6341544242007233j)	0.27152490615844727	62.05948331744518
652	(-0.7048429274997838+0.6281837917031975j)	0.2781960964202881	62.15481124880838
653	(-0.7101494968374756+0.6221689728551582j)	0.2726709842681885	62.25013918017159
654	(-0.7154058012644631+0.6161091041009895j)	0.28112196922302246	62.34546711153479
655	(-0.7206081852369165+0.6100046822378193j)	0.26751017570495605	62.44079504289799
656	(-0.7257616474964856+0.6038564248419113j)	0.26889801025390625	62.53612297426119
657	(-0.7308580542581878+0.5976633842944958j)	0.2727060317993164	62.6314509056244
658	(-0.7359054095121721+0.591428639375128j)	0.2791919708251953	62.7267788369876
659	(-0.7408975967688053+0.585150064979034j)	0.2686290740966797	62.8221067683508
660	(-0.745838454540302+0.5788322912494468j)	0.2633168697357178	62.91743469971401
661	(-0.7507245252587594+0.5724701268274183j)	0.27332472801208496	63.01276263107721
662	(-0.755557661041807+0.5660674525687301j)	0.26776909828186035	63.10809056244041
663	(-0.7603333720229937+0.5596232410514367j)	0.26813483238220215	63.20341849380362
664	(-0.7650551697867263+0.5531394636025977j)	0.2766718864440918	63.29874642516682
665	(-0.7697234307940697+0.5466162134890964j)	0.26951122283935547	63.39407435653002
666	(-0.774332158250241+0.5400535118072318j)	0.25848865509033203	63.48940228789322
667	(-0.7788878862243364+0.5334502680104702j)	0.27071475982666016	63.58473021925643
668	(-0.7833892522933306+0.5268107572094487j)	0.2699289321899414	63.68005815061963
669	(-0.7878302274508212+0.5201336538047154j)	0.26641201972961426	63.77538608198283
670	(-0.792217664931927+0.5134159444774501j)	0.2622802257537842	63.87071401334604
671	(-0.7965463790731762+0.5066617046890325j)	0.2689368724822998	63.96604194470924
672	(-0.8008164328002847+0.49987352750943803j)	0.27594900131225586	64.06136987607245
673	(-0.8050317865694022+0.49304823855745317j)	0.2615790367126465	64.15669780743565
674	(-0.8091844612391512+0.48618735822787684j)	0.2711150646209717	64.25202573879885
675	(-0.8132822289282601+0.47929107913261004j)	0.27274489402770996	64.34735367016206
676	(-0.8173198214582931+0.4723601912580421j)	0.2648298740386963	64.44268160152527
677	(-0.8212981921066878+0.4653961014135458j)	0.2685990333557129	64.53800953288847
678	(-0.8252174151886094+0.4583977781261337j)	0.26468610763549805	64.63333746425167
679	(-0.8290781617360969+0.45136676465085557j)	0.26499199867248535	64.72866539561487
680	(-0.8328774822918604+0.4443034683374529j)	0.2641160488128662	64.82399332697807
681	(-0.8366187748110177+0.4372073203589567j)	0.2698652744293213	64.91932125834127
682	(-0.8403000824036149+0.43008044596315936j)	0.25983285903930664	65.01464918970449
683	(-0.8439252835801321+0.42292417926132136j)	0.2627890110015869	65.10997712106769
684	(-0.8474729338551962+0.415733580582019j)	0.2700769901275635	65.20530505243089
685	(-0.8509714648788975+0.4085154220228492j)	0.27820277214050293	65.30063298379409
686	(-0.8544064031612615+0.40126711744598975j)	0.27315211296081543	65.39596091515729
687	(-0.8578174714875896+0.39399726716544103j)	0.2629530429840088	65.49128884652049
688	(-0.8610927058017648+0.38668547774614764j)	0.27787089347839355	65.58661677788369
689	(-0.8643429535314426+0.37935312773724456j)	0.2916088104248047	65.6819447092469
690	(-0.8675297654920874+0.3719919166660487j)	0.2789571285247803	65.77727264061011
691	(-0.8706533232298173+0.36460456950687764j)	0.2708139419555664	65.87260057197331
692	(-0.8737155296733664+0.35719111674166554j)	0.26957011222839355	65.96792850333651
693	(-0.8767126014897823+0.3497517497886157j)	0.264941930770874	66.06325643469971
694	(-0.8796472863986994+0.34228688687038733j)	0.2576122283935547	66.15858436606291
695	(-0.8825220168630292+0.3347993989731676j)	0.26972508430480957	66.25391229742611
696	(-0.8853258917084148+0.3272852528911282j)	0.2689931392669678	66.34924022878933
697	(-0.8880723861649923+0.3197482375733477j)	0.2718379497528076	66.44456816015253
698	(-0.8907444400346769+0.3121884913359551j)	0.26467204093933105	66.53989609151573
699	(-0.8933690559407313+0.30460683602883143j)	0.2738358974456787	66.63522402287893
700	(-0.8959181607141762+0.2970023595025323j)	0.27387118339538574	66.73055195424213
701	(-0.8984068461369814+0.2893771072758521j)	0.2695469856262207	66.82587988560533
702	(-0.9008300114874485+0.28173095415410115j)	0.277299165725708	66.92120781696855
703	(-0.9031843375671393+0.27406390716226847j)	0.2756972312927246	67.01653574833175
704	(-0.9054765509582838+0.26637764108457973j)	0.27702879905700684	67.11186367969495
705	(-0.9077019609307383+0.25867203526207405j)	0.27073097229003906	67.20719161105815
706	(-0.9098638594075553+0.25094538469624794j)	0.2620701789855957	67.30251954242135
707	(-0.9119577011087613+0.24320590510206824j)	0.2679250240325928	67.39784747378455
708	(-0.91398620029061+0.2354456790009844j)	0.2664797306060791	67.49317540514775
709	(-0.915950020999609+0.22766934564024588j)	0.26844191551208496	67.58850333651097
710	(-0.9178459062370112+0.21987949777937438j)	0.26634907722473145	67.68383126787417
711	(-0.9196765621110771+0.2120668663793534j)	0.2689499855041504	67.77915919923737
712	(-0.9214418271516512+0.20424337667677286j)	0.27319884300231934	67.87448713060057
713	(-0.9231393018873084+0.1964043375048627j)	0.2700071334838867	67.96981506196377
714	(-0.9247692157259438+0.1885514901706138j)	0.2770678997039795	68.06514299332697
715	(-0.9263332191889586+0.18068489042152114j)	0.27408385276794434	68.16047092469017
716	(-0.9278531185356435+0.17280717157144151j)	0.2605321407318115	68.25579885605339
717	(-0.9292608215515771+0.16491351686116743j)	0.27379894256591797	68.35112678741659
718	(-0.93062347711983+0.15700982582052583j)	0.2704658508300781	68.44645471877979
719	(-0.9319199453426207+0.14909448729239327j)	0.26736021041870117	68.54178265014299
720	(-0.9331160616180839+0.14116731203496535j)	0.26059913635253906	68.63711058150619
721	(-0.9343144167162738+0.13323341552952264j)	0.26506590843200684	68.7324385128694
722	(-0.9354064968461808+0.1252875046437445j)	0.26316404342651367	68.8277664442326
723	(-0.9364301532464671+0.11733315673739082j)	0.27188992500305176	68.92309437559581
724	(-0.9373884511697975+0.10937013392651951j)	0.2780270576477051	69.01842230695901
725	(-0.9382804925714296+0.10139947964037775j)	0.2718987464904785	69.11375023832221
726	(-0.939101356097377+0.093422056904835j)	0.25956010818481445	69.20907816968541
727	(-0.9398599107238604+0.08543676565400868j)	0.27655506134033203	69.30440610104861
728	(-0.9405467825446439+0.07744590835568843j)	0.2794051170349121	69.39973403241181
729	(-0.9411662698436524+0.06944958911255046j)	0.27269411087036133	69.49506196377502
730	(-0.9417168431458321+0.06144826630608219j)	0.2761809825897217	69.59038989513823
731	(-0.9422005705610945+0.0534426080306506j)	0.27202582359313965	69.68571782650143
732	(-0.9425865435058071+0.04543303525240061j)	0.2627079486846924	69.78104575786463
733	(-0.9429667012249106+0.037420244007725624j)	0.27072596549987793	69.87637368922783
734	(-0.9432439336504012+0.02940490297677377j)	0.27585816383361816	69.97170162059103
735	(-0.9434550569764328+0.021387425478036723j)	0.275601863861084	70.06702955195423
736	(-0.9435980001133881+0.013368522607204421j)	0.2770228385925293	70.16235748331745
737	(-0.9436747882533376+0.005348670415870577j)	0.2749948501586914	70.25768541468065
738	(-0.9436799894030162-0.002671556195566735j)	0.2731008529663086	70.35301334604385
739	(-0.9436194982668047-0.01069146251006416j)	0.28603601455688477	70.44834127740705
740	(-0.9434905387498841-0.018710742708735614j)	0.2744476795196533	70.54366920877025
741	(-0.9432928953241468-0.026728516404874413j)	0.27445292472839355	70.63899714013345
742	(-0.9430313236469411-0.03474439947085356j)	0.27226781845092773	70.73432507149666
743	(-0.9426928575983504-0.04275744930934579j)	0.2990081310272217	70.82965300285987
744	(-0.9422905796834533-0.050767486182483626j)	0.29451680183410645	70.92498093422307
745	(-0.9418199705216929-0.05877382635938457j)	0.27130603790283203	71.02030886558627
746	(-0.941285887928515-0.06677614334998484j)	0.2783019542694092	71.11563679694947
747	(-0.9406790479287767-0.07477323609712413j)	0.2861359119415283	71.21096472831267
748	(-0.9400030189554608-0.08276492888197917j)	0.2659289836883545	71.30629265967588
749	(-0.9392635104307718-0.09075077758304806j)	0.2759568691253662	71.40162059103908
750	(-0.938454467257147-0.09872995017299907j)	0.277904748916626	71.49694852240229
751	(-0.9375774656358944-0.10670192311727025j)	0.28256988525390625	71.59227645376549
752	(-0.9366321216841097-0.11466616026736218j)	0.277554988861084	71.6876043851287
753	(-0.9356188475294303-0.12262192927145066j)	0.2784998416900635	71.7829323164919
754	(-0.9345394643639278-0.13056892701892445j)	0.28167009353637695	71.8782602478551
755	(-0.9333923480382639-0.138506447941109j)	0.28490495681762695	71.9735881792183
756	(-0.9321785829642653-0.14643414600948354j)	0.28177690505981445	72.0689161105815
757	(-0.9308952163835569-0.15435088683692966j)	0.27462005615234375	72.16424404194471
758	(-0.9295461446592284-0.16225639719909743j)	0.27451014518737793	72.25957197330791
759	(-0.9281295296181042-0.17015043503258276j)	0.27533793449401855	72.35489990467111
760	(-0.9266375290510107-0.17803099562719832j)	0.2629210948944092	72.45022783603432
761	(-0.9250984617511853-0.1859011011468505j)	0.27043771743774414	72.54555576739752
762	(-0.923478090245317-0.1937559416173928j)	0.2672419548034668	72.64088369876072
763	(-0.9217941087816414-0.20159702998801124j)	0.26526689529418945	72.73621163012393
764	(-0.9200442451663908-0.2094236986886774j)	0.2647418975830078	72.83153956148713
765	(-0.9182264864977514-0.21723492699226382j)	0.27164316177368164	72.92686749285033
766	(-0.9163437919970321-0.22503025273505767j)	0.2765159606933594	73.02219542421354
767	(-0.9143936431484875-0.23280994420495144j)	0.2706589698791504	73.11752335557674
768	(-0.9123770745555037-0.24057235586616277j)	0.27062177658081055	73.21285128693994
769	(-0.9102968798400937-0.2483175982404205j)	0.2696518898010254	73.30817921830314
770	(-0.9081489005802982-0.2560445485913092j)	0.27080607414245605	73.40350714966635
771	(-0.9059370981553222-0.2637532564170656j)	0.27832603454589844	73.49883508102955
772	(-0.903658758842812-0.271442752370732j)	0.26612186431884766	73.59416301239276
773	(-0.9013155439586675-0.2791126330999506j)	0.2742500305175781	73.68949094375596
774	(-0.8989184174163856-0.2867642453273712j)	0.2584662437438965	73.78481887511916
775	(-0.896433749543402-0.29439099150444553j)	0.2758510112762451	73.88014680648236
776	(-0.8938964435353781-0.3019988830844065j)	0.2651662826538086	73.97547473784556
777	(-0.8912928925980945-0.30958434605436247j)	0.2721540927886963	74.07080266920877
778	(-0.8886199845958751-0.31714671161588603j)	0.2580418586730957	74.16613060057198
779	(-0.8859055020009018-0.32469050682767897j)	0.26805806159973145	74.26145853193518
780	(-0.8830997810612513-0.3322052410995235j)	0.27863001823425293	74.35678646329838
781	(-0.8802404530355903-0.3396980329101802j)	0.27956295013427734	74.45211439466158
782	(-0.8773159619599069-0.34716588981176777j)	0.27273011207580566	74.54744232602478
783	(-0.8743322818930612-0.35460966558509444j)	0.2752559185028076	74.64277025738798
784	(-0.8712875127691307-0.3620210548293137j)	0.25899386405944824	74.7380981887512
785	(-0.8681709508652574-0.3694184828497955j)	0.272676944732666	74.8334261201144
786	(-0.8649967950764665-0.3767831214554328j)	0.2754209041595459	74.9287540514776
787	(-0.8617622126448298-0.3841204110101434j)	0.2638239860534668	75.0240819828408
788	(-0.8584617934523951-0.39143045123712567j)	0.2718181610107422	75.119409914204
789	(-0.8550987113892455-0.3987111477700657j)	0.26012635231018066	75.2147378455672
790	(-0.8516755889233253-0.4059636305095573j)	0.2721438407897949	75.3100657769304
791	(-0.8481914892642242-0.41318661771743237j)	0.26655077934265137	75.40539370829362
792	(-0.8446409833757572-0.4203787122617446j)	0.2726449966430664	75.50072163965682
793	(-0.841038217770464-0.42754247014135116j)	0.2689847946166992	75.59604957102002
794	(-0.8373751154837674-0.4346756418018383j)	0.2686729431152344	75.69137750238322
795	(-0.8336430431534025-0.4417755067767453j)	0.26964497566223145	75.78670543374642
796	(-0.829855417609338-0.44884365867560894j)	0.2734990119934082	75.88203336510962
797	(-0.8260064446274904-0.45587766281482056j)	0.25847911834716797	75.97736129647284
798	(-0.8221009138006583-0.4628835786104891j)	0.2590620517730713	76.07268922783604
799	(-0.8181303314438028-0.4698521194765757j)	0.27228593826293945	76.16801715919924
