	res_adaptive	time_adaptive	w
0	(1.146237274551166-0.04970660345366608j)	1.1857750415802002	0.001
1	(1.434466739575354-0.2158634957064262j)	0.4047541618347168	0.09632793136320304
2	(1.5287997423746413-0.2677912813208801j)	0.3940768241882324	0.19165586272640608
3	(1.5979832656247488-0.3038487740711514j)	0.39116811752319336	0.2869837940896091
4	(1.647774106291362-0.3291158401461766j)	0.41994690895080566	0.38231172545281217
5	(1.691810718797529-0.35491545384315926j)	1883.6033651828766	0.4776396568160152
6	(1.7275621156111725-0.376495017977739j)	0.999351978302002	0.5729675881792182
7	(1.7588591336240975-0.3938015402527225j)	0.6281230449676514	0.6682955195424213
8	(1.7859221890736166-0.41207371803004555j)	0.5345480442047119	0.7636234509056243
9	(1.8097785323231983-0.42742874890661486j)	0.5158329010009766	0.8589513822688274
10	(1.8316183053856179-0.44118501473408367j)	0.417949914932251	0.9542793136320304
11	(1.8506534758624509-0.4569408309436358j)	0.6706340312957764	1.0496072449952334
12	(1.8699324157039496-0.4719987221778962j)	0.5126378536224365	1.1449351763584363
13	(1.8863014248104244-0.48638969029376833j)	0.3704090118408203	1.2402631077216395
14	(1.9013327083966374-0.4973774016362241j)	0.39356398582458496	1.3355910390848424
15	(1.915810729781703-0.5118574623593783j)	0.45736074447631836	1.4309189704480456
16	(1.9267406538282423-0.5234306660872072j)	0.5289750099182129	1.5262469018112486
17	(1.9398065450222792-0.5368168807463471j)	0.4138498306274414	1.6215748331744515
18	(1.9494425761838405-0.5488370000707399j)	0.36193203926086426	1.7169027645376547
19	(1.9588474441701202-0.5615220961539982j)	0.32114577293395996	1.8122306959008576
20	(1.9679099906127966-0.5742393011311065j)	0.41692209243774414	1.9075586272640608
21	(1.9756243620805618-0.5842925814193417j)	0.3218543529510498	2.0028865586272637
22	(1.9827682088119858-0.5977824853710649j)	0.34313201904296875	2.098214489990467
23	(1.989397890841607-0.6093209515589604j)	0.33727598190307617	2.19354242135367
24	(1.9967536608342906-0.6204385339207752j)	0.32148003578186035	2.288870352716873
25	(2.0019782142027096-0.6321870897560891j)	0.3326389789581299	2.384198284080076
26	(2.006267666632321-0.6440791268955429j)	0.3497493267059326	2.479526215443279
27	(2.011160262135505-0.6562539280435408j)	0.3562602996826172	2.574854146806482
28	(2.0145495707256575-0.6672711184849329j)	0.38353419303894043	2.670182078169685
29	(2.0180602443767275-0.6791705729688204j)	0.33051395416259766	2.765510009532888
30	(2.020946680742903-0.6906139310509742j)	0.33165597915649414	2.8608379408960913
31	(2.024572186052462-0.7013062814869461j)	0.41866207122802734	2.956165872259294
32	(2.025290371923693-0.7133973462519311j)	0.35133910179138184	3.0514938036224972
33	(2.0277788311053313-0.7247917134030972j)	0.33388805389404297	3.1468217349857004
34	(2.0297349931920734-0.7361524171264874j)	0.34964990615844727	3.242149666348903
35	(2.0303094393518593-0.7486695888023445j)	0.3527097702026367	3.3374775977121063
36	(2.0311194492283913-0.7596293381018391j)	0.32573699951171875	3.4328055290753094
37	(2.03137144503591-0.7711984748650724j)	0.3632810115814209	3.5281334604385126
38	(2.0322087179296844-0.7817275868142517j)	0.3519151210784912	3.6234613918017153
39	(2.031572061167353-0.7939156315938101j)	0.3712468147277832	3.7187893231649185
40	(2.030194803865207-0.805441695321807j)	0.3383650779724121	3.8141172545281217
41	(2.030700781995307-0.8171657646223514j)	0.3436849117279053	3.9094451858913244
42	(2.0285175890943177-0.8278053173935654j)	0.37137413024902344	4.004773117254528
43	(2.0277232304810324-0.8401731660385199j)	0.3163578510284424	4.100101048617731
44	(2.025970234349898-0.8519178303671731j)	0.32912611961364746	4.195428979980934
45	(2.0247503683179136-0.8632694554393938j)	0.32506871223449707	4.290756911344137
46	(2.0216188118749328-0.8748785506187133j)	0.3799731731414795	4.386084842707341
47	(2.0195609057228197-0.8861637216841554j)	0.33170509338378906	4.481412774070543
48	(2.017737067839226-0.8978809017640696j)	0.34820008277893066	4.576740705433746
49	(2.0137283942774005-0.9088753607558979j)	0.3290412425994873	4.67206863679695
50	(2.011311638936916-0.921032124871231j)	0.32431483268737793	4.7673965681601524
51	(-26.296087321246723-7.227246976140274j)	0.3204071521759033	4.862724499523355
52	(2.0046725383491606-0.9431158359755648j)	0.34122228622436523	4.958052430886559
53	(2.0005005186344373-0.955928903312321j)	0.32561182975769043	5.0533803622497615
54	(1.9967764993176362-0.967262560766335j)	0.34708619117736816	5.148708293612964
55	(1.9934764090118262-0.9787891247623977j)	0.3203239440917969	5.244036224976168
56	(1.9888392263055197-0.9898952467752961j)	0.3347039222717285	5.339364156339371
57	(1.984192236135979-1.002033903354551j)	0.3221290111541748	5.434692087702573
58	(1.9793369908880047-1.0129580593200118j)	0.3243892192840576	5.530020019065777
59	(1.9746917927867813-1.024425704123069j)	0.3457210063934326	5.62534795042898
60	(1.9694632887984511-1.0371415726731619j)	0.3500518798828125	5.720675881792183
61	(1.964274304193334-1.048339977111538j)	0.3521709442138672	5.816003813155386
62	(1.9596923381298572-1.059642739163297j)	0.34000706672668457	5.911331744518589
63	(1.9530114689077516-1.0712168243887004j)	0.33247900009155273	6.006659675881792
64	(1.947937006475987-1.0829110629164764j)	0.3322019577026367	6.101987607244995
65	(1.9422656666932123-1.0947877057023694j)	0.3546578884124756	6.197315538608198
66	(1.9359490986212506-1.1052800332845683j)	-2.135514259338379	6.292643469971401
67	(1.9303564525230439-1.1180075931938485j)	0.4362931251525879	6.387971401334604
68	(1.9233927311817443-1.1290811390381281j)	0.3566398620605469	6.483299332697807
69	(1.9176236276283256-1.1401111812071116j)	0.3340139389038086	6.57862726406101
70	(1.9099479366376506-1.151842842198704j)	0.3589003086090088	6.673955195424213
71	(1.9037630961942136-1.1632650343656408j)	0.33231496810913086	6.769283126787417
72	(1.8971217120848896-1.1750279230421163j)	0.3391880989074707	6.8646110581506194
73	(1.8885849014728324-1.1867016063155689j)	0.32786989212036133	6.959938989513822
74	(1.8830488532393979-1.1996068873107488j)	0.3167741298675537	7.055266920877026
75	(1.8751276524815437-1.2090587516582603j)	0.32904911041259766	7.1505948522402285
76	(1.8682552895287412-1.2197918961668472j)	0.3215951919555664	7.245922783603431
77	(1.8601452190583685-1.232120646080849j)	0.3524940013885498	7.341250714966635
78	(1.8524830234700358-1.2427454918850553j)	0.31217098236083984	7.436578646329838
79	(1.8450359504734806-1.254254846994997j)	0.35123300552368164	7.53190657769304
80	(1.8363520223133747-1.2647549751086549j)	0.3176541328430176	7.627234509056244
81	(1.8283735466328253-1.2769110216203317j)	0.3282291889190674	7.722562440419447
82	(1.8202560030054606-1.2878683965182065j)	0.3155078887939453	7.817890371782649
83	(1.812335993212678-1.2982967858355439j)	0.330625057220459	7.913218303145853
84	(1.8031548676234666-1.3100291998486262j)	0.3122899532318115	8.008546234509055
85	(1.7948848333758787-1.3209043598671502j)	0.32016420364379883	8.103874165872258
86	(1.7866638135500712-1.3320944715046437j)	0.33147406578063965	8.19920209723546
87	(1.7770102478028575-1.3425631937035454j)	0.3422980308532715	8.294530028598665
88	(1.768527519194361-1.3540690929479275j)	0.40560007095336914	8.389857959961867
89	(1.7593963328948496-1.3651148107962956j)	0.32871413230895996	8.48518589132507
90	(1.7504960035818853-1.3751932155953384j)	0.34084010124206543	8.580513822688273
91	(1.740963054198895-1.3865633805090454j)	0.34660911560058594	8.675841754051476
92	(1.7315264884893775-1.3973665594411666j)	0.3203117847442627	8.77116968541468
93	(1.7225881401688223-1.408156499781696j)	0.33046793937683105	8.866497616777883
94	(1.7123868329361667-1.418190967055733j)	0.35979485511779785	8.961825548141086
95	(1.7029260085806457-1.4295962731700018j)	0.3241307735443115	9.057153479504288
96	(1.6931421905119106-1.4405249540971592j)	0.3331282138824463	9.152481410867491
97	(1.683243138844848-1.4501629702861787j)	0.31633877754211426	9.247809342230694
98	(1.673157498577176-1.4606257687605624j)	0.3549036979675293	9.343137273593898
99	(1.6629071498546275-1.4717521021427884j)	0.3211550712585449	9.438465204957101
100	(1.6530454637687235-1.481536172066551j)	0.32645392417907715	9.533793136320304
101	(1.6420602004967289-1.492352237848j)	0.33533525466918945	9.629121067683506
102	(1.6324643727223096-1.5027746392029289j)	0.31758999824523926	9.72444899904671
103	(1.6217639306968339-1.5134116090565215j)	0.3392300605773926	9.819776930409914
104	(1.6113954484200366-1.5235950025196345j)	0.36090517044067383	9.915104861773116
105	(1.6007631991399514-1.5337521803059793j)	0.32768678665161133	10.010432793136319
106	(1.589483203452119-1.5437027063859476j)	0.3108711242675781	10.105760724499522
107	(1.5791409734253778-1.5534890775653636j)	0.3477180004119873	10.201088655862725
108	(1.567331924289805-1.5635907334261656j)	0.3316316604614258	10.296416587225927
109	(1.556768907844905-1.5736149494773521j)	0.32368898391723633	10.391744518589132
110	(1.5457893481724976-1.5837407871426452j)	0.3127927780151367	10.487072449952334
111	(1.534221024535678-1.5927743891833654j)	0.32333898544311523	10.582400381315537
112	(1.522991928584831-1.6032725265418586j)	0.33061909675598145	10.67772831267874
113	(1.5115394881939972-1.6128486188737774j)	0.3284158706665039	10.773056244041943
114	(1.4999431205029365-1.622058167540564j)	0.42313718795776367	10.868384175405145
115	(1.4887625608187818-1.6324753097170197j)	0.3389120101928711	10.96371210676835
116	(1.477003387171674-1.641377994581179j)	0.3246726989746094	11.059040038131553
117	(1.4652008448912668-1.651242235953059j)	0.3462090492248535	11.154367969494755
118	(1.4532595075180625-1.6597692074635069j)	0.3251650333404541	11.249695900857958
119	(1.4415667708486346-1.6697132141487916j)	0.32412171363830566	11.34502383222116
120	(1.429523445971888-1.6789043106200114j)	0.3165438175201416	11.440351763584365
121	(1.4172153665290173-1.687942570019525j)	0.32326698303222656	11.535679694947568
122	(1.4051002023632728-1.6970825858581877j)	0.31883788108825684	11.63100762631077
123	(1.3932476579179116-1.7059876531321359j)	0.32244181632995605	11.726335557673973
124	(1.380380140663174-1.7135232120104311j)	0.31397032737731934	11.821663489037176
125	(1.3683577532034907-1.7234875162061116j)	0.32784509658813477	11.916991420400379
126	(1.356280703503406-1.7327936753748439j)	0.31952619552612305	12.012319351763583
127	(1.3435675972163803-1.741651848100307j)	0.3629469871520996	12.107647283126786
128	(1.3308307196109257-1.7496903192392916j)	0.32333898544311523	12.202975214489989
129	(1.3182731837001325-1.7587938469660616j)	0.3243541717529297	12.298303145853192
130	(1.3058109861204705-1.7670887166367861j)	0.31584835052490234	12.393631077216394
131	(1.2934420459669056-1.775626419858678j)	0.3216099739074707	12.488959008579599
132	(1.2798775227367578-1.7835936997298645j)	0.33159971237182617	12.584286939942801
133	(1.2675313658836318-1.7920184483282897j)	0.324084997177124	12.679614871306004
134	(1.2543793443811337-1.8005765089439407j)	0.3281831741333008	12.774942802669207
135	(1.2414784836978967-1.8080424986607166j)	0.34961414337158203	12.87027073403241
136	(1.228012773429724-1.816717059187697j)	0.3587069511413574	12.965598665395612
137	(1.2149855565120693-1.824442720385909j)	0.572866678237915	13.060926596758817
138	(1.2013056822265404-1.8309415815653198j)	0.3241910934448242	13.15625452812202
139	(1.1881734715152785-1.8399089599202496j)	0.3146698474884033	13.251582459485222
140	(1.175267905775594-1.8478776061788522j)	0.3108677864074707	13.346910390848425
141	(1.1618797514020627-1.8556645997175254j)	0.3256809711456299	13.442238322211628
142	(1.1483732506811444-1.8625023724445986j)	0.34560585021972656	13.537566253574832
143	(1.1346616365817008-1.8706654440244586j)	0.33672308921813965	13.632894184938035
144	(1.1215104989575906-1.8775576545156003j)	0.33079028129577637	13.728222116301238
145	(1.1079183845889893-1.8849491120841018j)	0.3300752639770508	13.82355004766444
146	(1.0938218229542085-1.8919067127958344j)	0.339979887008667	13.918877979027643
147	(1.0803796895250457-1.8995401873793136j)	0.3286452293395996	14.014205910390846
148	(1.0664064119899048-1.906609523451295j)	0.3342735767364502	14.10953384175405
149	(1.0523446278301367-1.912881568758556j)	0.3260979652404785	14.204861773117253
150	(1.0384321702748343-1.920357017954552j)	0.30899524688720703	14.300189704480456
151	(1.0247975297154475-1.9272428810978184j)	0.3292100429534912	14.395517635843659
152	(1.010835413773233-1.9333719224851222j)	0.33710813522338867	14.490845567206861
153	(0.9966415241376154-1.9405291824240771j)	0.3453340530395508	14.586173498570064
154	(0.982219022268308-1.946484636416289j)	0.3614840507507324	14.681501429933268
155	(0.9682978533681554-1.9531708433565258j)	0.3584609031677246	14.776829361296471
156	(0.9536493785752223-1.9589200274910554j)	0.347728967666626	14.872157292659674
157	(0.9397359364061824-1.9659201508274222j)	0.3248717784881592	14.967485224022877
158	(0.9252408658108443-1.9716803141553587j)	0.3244788646697998	15.06281315538608
159	(0.9112159085712923-1.9773516350432065j)	0.3294398784637451	15.158141086749284
160	(0.8965376169860179-1.9830769069035379j)	0.3268918991088867	15.253469018112487
161	(0.882081788438803-1.9893461100027976j)	0.3251190185546875	15.34879694947569
162	(0.8678016812814037-1.9952197730155405j)	0.3159501552581787	15.444124880838892
163	(0.852423860305062-2.000630565418706j)	0.32331204414367676	15.539452812202095
164	(0.838409232873805-2.006434659814406j)	0.32799601554870605	15.634780743565297
165	(0.8237472540326264-2.011841954113634j)	0.323681116104126	15.730108674928502
166	(0.8090274299344213-2.017021061808827j)	0.32329440116882324	15.825436606291705
167	(0.7940917647600665-2.0224555494954335j)	0.3285238742828369	15.920764537654907
168	(0.7794825441529155-2.0271742885444426j)	0.34607386589050293	16.016092469018112
169	(0.765025106615745-2.0324226088096613j)	0.3552689552307129	16.111420400381316
170	(0.7497924772804277-2.0371597049986887j)	0.34449005126953125	16.206748331744517
171	(0.7350010075021578-2.04246124352207j)	0.3754611015319824	16.302076263107722
172	(0.7203018555934364-2.047214446171058j)	0.322796106338501	16.397404194470923
173	(0.7055629336791106-2.0513413736931385j)	0.33229780197143555	16.492732125834127
174	(0.690184226625138-2.0564306400740726j)	0.31916069984436035	16.588060057197332
175	(0.6753280632214942-2.060755674468354j)	0.32692980766296387	16.683387988560533
176	(0.6607007825556213-2.0651147106953722j)	0.34920692443847656	16.778715919923737
177	(0.6450459936514357-2.069107669972171j)	0.321026086807251	16.874043851286938
178	(0.6303106422633543-2.0735283209427577j)	0.3433573246002197	16.969371782650143
179	(0.6150439656788715-2.0775724869054613j)	0.33084797859191895	17.064699714013347
180	(0.6003733551776733-2.081827230091064j)	0.3169069290161133	17.160027645376548
181	(0.5848754295112926-2.085285175258423j)	0.3120450973510742	17.255355576739753
182	(0.6299113826408338-2.0292616491038133j)	0.3200721740722656	17.350683508102954
183	(0.5544980688330164-2.0926855229624346j)	0.3177778720855713	17.446011439466158
184	(0.5387659677583369-2.0960765467933395j)	0.325117826461792	17.541339370829363
185	(0.5240009286770176-2.0996723539843374j)	0.3265700340270996	17.636667302192564
186	(0.508669186746594-2.102557690862743j)	0.33921098709106445	17.731995233555768
187	(0.49318007357353233-2.105780125857528j)	0.32233405113220215	17.82732316491897
188	(0.4776204460605329-2.1094046516120586j)	0.34586071968078613	17.922651096282173
189	(0.46239941629006664-2.1123363728165923j)	0.334716796875	18.017979027645374
190	(0.44724412838919525-2.1149768875813226j)	0.33158183097839355	18.11330695900858
191	(0.43126779814594096-2.117986113125399j)	0.34215807914733887	18.208634890371783
192	(0.41625757295969057-2.120749618182471j)	0.3572580814361572	18.303962821734984
193	(0.4008095225652831-2.123549446328936j)	0.33545398712158203	18.39929075309819
194	(0.3851885289621737-2.1254136468343496j)	0.3183786869049072	18.49461868446139
195	(0.3697573780750394-2.128313631455502j)	0.33048224449157715	18.589946615824594
196	(0.3543628933930879-2.13032293251527j)	0.31687307357788086	18.6852745471878
197	(0.3390266492373115-2.1323917391793534j)	0.3125739097595215	18.780602478551
198	(0.3230827102935948-2.134863550101607j)	0.3305521011352539	18.875930409914204
199	(0.30790657147848344-2.1367896231650394j)	0.31609511375427246	18.971258341277405
200	(0.2920791258087566-2.13839274637795j)	0.3228950500488281	19.06658627264061
201	(0.27626718632261615-2.1398415862831843j)	0.31006288528442383	19.161914204003814
202	(0.26095511174669506-2.141892554672844j)	0.3453559875488281	19.257242135367015
203	(0.2452268775113945-2.1434266317611614j)	0.3211791515350342	19.35257006673022
204	(0.22978565406006501-2.144590657658135j)	0.3297300338745117	19.44789799809342
205	(0.2137535015926374-2.14610407257432j)	0.3250617980957031	19.543225929456625
206	(0.19843422776422492-2.1472155423057204j)	0.31832289695739746	19.63855386081983
207	(0.18303063147140008-2.1483999955344126j)	0.416064977645874	19.73388179218303
208	(0.16680391989871357-2.1490841814807515j)	0.47469282150268555	19.829209723546235
209	(0.15152553741317443-2.1503254962419414j)	0.38472509384155273	19.924537654909436
210	(0.13552088516462224-2.150834565953546j)	0.35953307151794434	20.01986558627264
211	(0.12030696863813661-2.1512389418902655j)	0.34401607513427734	20.11519351763584
212	(0.10441874614914703-2.152025403321975j)	0.4000561237335205	20.210521448999046
213	(0.08857335312579329-2.152756034150256j)	0.36165714263916016	20.30584938036225
214	(0.07342907828099698-2.1529183421250013j)	0.3221559524536133	20.40117731172545
215	(0.05726570201396908-2.153211715936147j)	0.3507218360900879	20.496505243088656
216	(0.0415672180060771-2.1527778901398307j)	0.3345911502838135	20.591833174451857
217	(0.025977803975243186-2.1531588706782783j)	0.32312679290771484	20.68716110581506
218	(0.010563096788541726-2.152699913007214j)	0.33730220794677734	20.782489037178266
219	(-0.0052278737379378715-2.153077505654581j)	0.34453725814819336	20.877816968541467
220	(-0.02116050397356606-2.152308766749733j)	0.34723711013793945	20.97314489990467
221	(-0.03648597675330967-2.151839621261427j)	0.35117316246032715	21.068472831267872
222	(-0.05249051489274781-2.151356154919566j)	0.3307979106903076	21.163800762631077
223	(-0.067867453140251-2.150850547154029j)	0.3599660396575928	21.25912869399428
224	(-0.08376373575183393-2.1500130596207274j)	0.345595121383667	21.354456625357482
225	(-0.09924663954904367-2.1490521502036257j)	0.34766507148742676	21.449784556720687
226	(-0.1146634300999756-2.1477834206258675j)	0.345048189163208	21.545112488083888
227	(-0.1304504248508358-2.1471052366986587j)	0.36241674423217773	21.640440419447092
228	(-0.14572247300528562-2.1457891229301493j)	0.31543779373168945	21.735768350810293
229	(-0.16195890747137975-2.144481685876294j)	0.3537271022796631	21.831096282173498
230	(-0.17690906435830145-2.142797233625022j)	0.34967684745788574	21.926424213536702
231	(-0.19265881161198228-2.1417577753816643j)	0.3315861225128174	22.021752144899903
232	(-0.20838721631363222-2.139531728261258j)	0.34433794021606445	22.117080076263107
233	(-0.22399641404263637-2.1384017285264365j)	0.3978297710418701	22.21240800762631
234	(-0.23949183410649966-2.136232023332209j)	0.4007291793823242	22.307735938989513
235	(-0.2548899149723769-2.1344845101589796j)	0.35866689682006836	22.403063870352717
236	(-0.27071765774700074-2.132336462695672j)	0.3749666213989258	22.49839180171592
237	(-0.28596086742947524-2.1300936389774843j)	0.4967029094696045	22.593719733079123
238	(-0.3013261100081398-2.1278904056000028j)	0.8511409759521484	22.689047664442324
239	(-0.3170705760317435-2.1250298705520163j)	0.676102876663208	22.78437559580553
240	(-0.3324072193188127-2.1230192794366176j)	0.5265588760375977	22.879703527168733
241	(-0.34787098965536156-2.120256784157948j)	0.44910573959350586	22.975031458531934
242	(-0.3629887376015696-2.117218612064934j)	0.4893178939819336	23.07035938989514
243	(-0.37894577923843853-2.1147777993051684j)	0.6083500385284424	23.16568732125834
244	(-0.39390506629209376-2.1116003553056055j)	0.7477407455444336	23.261015252621544
245	(-0.40913316205695827-2.108681624883805j)	0.9054450988769531	23.356343183984748
246	(-0.424798207302865-2.1051060638055823j)	0.8261370658874512	23.45167111534795
247	(-0.439908533366281-2.102291362167395j)	0.6529617309570312	23.546999046711154
248	(-0.45523078360000757-2.0988312225353436j)	0.6832051277160645	23.642326978074355
249	(-0.4702389128945089-2.094985962409713j)	0.5506949424743652	23.73765490943756
250	(-0.4858710509843591-2.0917113051100826j)	0.47769808769226074	23.83298284080076
251	(-0.5005003596962803-2.0875787537773514j)	0.5039398670196533	23.928310772163965
252	(-0.515759297133226-2.0841617930730845j)	0.6709928512573242	24.02363870352717
253	(-0.5313529488940285-2.079928868901861j)	1.0601439476013184	24.11896663489037
254	(-0.5461077313040674-2.076088965207005j)	1.1231129169464111	24.214294566253574
255	(-0.5613002579632329-2.072094923170307j)	1.075591802597046	24.309622497616775
256	(-0.5761785233398703-2.067434418651749j)	0.9386532306671143	24.40495042897998
257	(-0.5914987578420068-2.0635415539322666j)	0.9176211357116699	24.500278360343184
258	(-0.6062923585033053-2.0588842049037495j)	1.005296230316162	24.595606291706385
259	(-0.6210974092654356-2.0545865530760126j)	0.6722760200500488	24.69093422306959
260	(-0.6362879472238623-2.0492430907317254j)	0.5639679431915283	24.78626215443279
261	(-0.6509709392419281-2.045026533878706j)	0.6493251323699951	24.881590085795995
262	(-0.6661176788848631-2.0400005253250946j)	0.47367000579833984	24.9769180171592
263	(-0.6807470595041405-2.0350399032205186j)	0.5296921730041504	25.0722459485224
264	(-0.6956790600023766-2.0300351810118977j)	0.42494893074035645	25.167573879885605
265	(-0.71013523884272-2.024725039250885j)	0.6783647537231445	25.262901811248806
266	(-0.7245453587785765-2.019378246463778j)	0.4664011001586914	25.35822974261201
267	(-0.7397594209272897-2.013878836807654j)	0.583704948425293	25.45355767397521
268	(-0.7539440372440522-2.00858481163533j)	1.1355929374694824	25.548885605338416
269	(-0.7684940249267777-2.002662218570587j)	0.8892359733581543	25.64421353670162
270	(-0.7830421302632126-1.9968015381665838j)	0.7440900802612305	25.73954146806482
271	(-0.7976858136962868-1.991399468312624j)	0.8942267894744873	25.834869399428026
272	(-0.8119706144256378-1.9850644769671062j)	0.8002932071685791	25.930197330791227
273	(-0.8263150357229063-1.9794589725229417j)	0.5276570320129395	26.02552526215443
274	(-0.841113128955763-1.9731812197090306j)	0.4390981197357178	26.120853193517636
275	(-0.854920181253386-1.967067027533375j)	0.46262097358703613	26.216181124880837
276	(-0.8693768632709652-1.9608024889968871j)	0.4395740032196045	26.31150905624404
277	(-0.8836660798569059-1.953885576735868j)	0.40549135208129883	26.406836987607242
278	(-0.8977747978339573-1.947875692289911j)	0.409221887588501	26.502164918970447
279	(-0.9118973767979606-1.9410725165816292j)	0.4228851795196533	26.59749285033365
280	(-0.9256772013930321-1.9341140667457108j)	0.4252138137817383	26.692820781696852
281	(-0.9402540566777917-1.9275652285156102j)	0.435122013092041	26.788148713060057
282	(-0.9537978345164848-1.9205354059873843j)	0.43349313735961914	26.883476644423258
283	(-0.9676362058004682-1.9136470518999997j)	0.40734386444091797	26.978804575786462
284	(-0.9816742471108233-1.9061461472071115j)	0.41056013107299805	27.074132507149667
285	(-0.9956812270096027-1.8996551122037821j)	0.49010205268859863	27.169460438512868
286	(-1.0091741097745435-1.8918883057137343j)	0.9210491180419922	27.264788369876072
287	(-1.0227287888855396-1.8841920741790588j)	0.8887512683868408	27.360116301239273
288	(-1.0365570121208822-1.8768154704481006j)	0.8859930038452148	27.455444232602478
289	(-1.0501495343971217-1.8691987222100335j)	0.7640421390533447	27.55077216396568
290	(-1.0634865788661516-1.861580147925407j)	0.37514305114746094	27.646100095328883
291	(-1.0774273845416462-1.8534789357016248j)	0.36525702476501465	27.741428026692088
292	(-1.0905036780017379-1.845753520026859j)	0.4296231269836426	27.83675595805529
293	(-1.1040965713484283-1.8380624542469062j)	0.3609809875488281	27.932083889418493
294	(-1.1171423033835046-1.8293559260369798j)	0.3446619510650635	28.027411820781694
295	(-1.1306345040015766-1.821607275736067j)	0.38171911239624023	28.1227397521449
296	(-1.14382849935856-1.8130585907556906j)	0.33476781845092773	28.218067683508103
297	(-1.1565738801489633-1.8047641883866952j)	0.35404396057128906	28.313395614871304
298	(-1.1700809762465645-1.7961198117433406j)	0.36458897590637207	28.40872354623451
299	(-1.182787412753579-1.787830959190917j)	0.4633920192718506	28.50405147759771
300	(-1.1957973747785942-1.7792241633416028j)	0.36504697799682617	28.599379408960914
301	(-1.208571950924346-1.7699892812339781j)	0.5370678901672363	28.69470734032412
302	(-1.2216331508411384-1.7616277154556172j)	0.44695091247558594	28.79003527168732
303	(-1.2343601515251958-1.7524492100108966j)	0.351621150970459	28.885363203050524
304	(-1.2466289836070394-1.7434037355159302j)	0.3411440849304199	28.980691134413725
305	(-1.259785172297056-1.7342490974952058j)	0.3614630699157715	29.07601906577693
306	(-1.27210468504863-1.725002835312304j)	0.3251500129699707	29.17134699714013
307	(-1.2844783693565098-1.7159100488729748j)	0.34590601921081543	29.266674928503335
308	(-1.2968694813386341-1.7060834831974818j)	0.3292088508605957	29.36200285986654
309	(-1.3093482728071781-1.6970723978573727j)	0.36140012741088867	29.45733079122974
310	(-1.3213264079446354-1.6870558088678425j)	0.381561279296875	29.552658722592945
311	(-1.3335144618826875-1.6776464218239628j)	0.32891297340393066	29.647986653956146
312	(-1.3457919912606917-1.66788030226801j)	0.4653661251068115	29.74331458531935
313	(-1.3578194382934812-1.65817785525893j)	0.4891800880432129	29.838642516682555
314	(-1.3698144297523378-1.6483229176587972j)	0.3470933437347412	29.933970448045756
315	(-1.381861261451326-1.637535657852872j)	0.41413307189941406	30.02929837940896
316	(-1.393740046606221-1.6282753774794458j)	0.4855680465698242	30.12462631077216
317	(-1.4053043720124272-1.6179273798182048j)	0.3296689987182617	30.219954242135366
318	(-1.4168788299505541-1.6075912007544484j)	0.3524301052093506	30.31528217349857
319	(-1.428504072050067-1.5974156725980735j)	0.34121131896972656	30.41061010486177
320	(-1.4402135132057081-1.5869525665684427j)	0.3707461357116699	30.505938036224975
321	(-1.4516476390822002-1.5764860023305827j)	0.655432939529419	30.601265967588176
322	(-1.463216540529753-1.5656829981616815j)	0.5476288795471191	30.69659389895138
323	(-1.4744184514411647-1.5553304217095048j)	0.9192359447479248	30.791921830314585
324	(-1.485718426024618-1.5444638195082703j)	0.5752649307250977	30.887249761677786
325	(-1.4966033655030493-1.533395597181107j)	0.6565902233123779	30.98257769304099
326	(-1.5077489297153426-1.5226734101880661j)	0.699052095413208	31.077905624404192
327	(-1.5188787667385104-1.5116854315598667j)	0.6315398216247559	31.173233555767396
328	(-1.5296772887686216-1.50067532562908j)	0.554502010345459	31.268561487130597
329	(-1.5407286438149288-1.4892005750935395j)	0.3757150173187256	31.3638894184938
330	(-1.5513546124579736-1.4784324812488858j)	0.5676109790802002	31.459217349857006
331	(-1.5620937873615626-1.4670689039837368j)	0.42915916442871094	31.554545281220207
332	(-1.5724842123693314-1.4553963085973844j)	0.49816298484802246	31.64987321258341
333	(-1.5832914603530417-1.4442567837178069j)	0.39632368087768555	31.745201143946613
334	(-1.5936203412349066-1.4325403173963596j)	0.5131309032440186	31.840529075309817
335	(-1.6037293575188063-1.4210500149461887j)	1.0536439418792725	31.93585700667302
336	(-1.6145212974676582-1.409461042141459j)	1.273911952972412	32.03118493803622
337	(-1.624313999746953-1.3977063919990895j)	1.3704731464385986	32.12651286939942
338	(-1.6344324644059691-1.3858549320665223j)	1.309438943862915	32.22184080076263
339	(-1.6445060432381404-1.3735998248092416j)	1.6727371215820312	32.31716873212583
340	(-1.6545401113034266-1.3620321258421166j)	1.5035889148712158	32.41249666348903
341	(-1.6641492223672374-1.3500039047146408j)	1.2094101905822754	32.50782459485224
342	(-1.6736937630132938-1.3378288340112954j)	0.9932589530944824	32.60315252621544
343	(-1.6833796182249086-1.325426681235215j)	0.5829060077667236	32.69848045757864
344	(-1.693060713352146-1.3134740254825825j)	1.0034117698669434	32.79380838894184
345	(-1.7028560571408684-1.3011442228760437j)	1.0421850681304932	32.88913632030505
346	(-1.7119328434217815-1.2883425264027772j)	1.0456430912017822	32.98446425166825
347	(-1.7213390303039615-1.2762307326614206j)	1.0358431339263916	33.07979218303145
348	(-1.7304567082913116-1.2637419719139926j)	1.1896603107452393	33.17512011439466
349	(-1.7392805024610543-1.2511503639382313j)	0.8655648231506348	33.27044804575786
350	(-1.7487994983154844-1.2383857548269428j)	1.2264330387115479	33.36577597712106
351	(-1.7573635207488845-1.2258544354226328j)	1.0477118492126465	33.46110390848427
352	(-1.7662919176489495-1.212626159377536j)	1.0460858345031738	33.55643183984747
353	(-1.775120861463633-1.1998977743064243j)	0.8411469459533691	33.65175977121067
354	(-1.7834578257294975-1.1874908455107098j)	1.0325288772583008	33.74708770257387
355	(-1.7922795298070655-1.1743349128950502j)	0.7471179962158203	33.84241563393708
356	(-1.8005019453039106-1.1612736812712046j)	1.2304320335388184	33.93774356530028
357	(-1.8093442435024192-1.1480666247080102j)	1.0627079010009766	34.03307149666348
358	(-1.817275366530096-1.1351105179533372j)	1.1385929584503174	34.12839942802669
359	(-1.8254606495333503-1.1217843300360075j)	1.5364809036254883	34.22372735938989
360	(-1.8334057521013072-1.1083638845422517j)	1.148165225982666	34.31905529075309
361	(-1.8416485264479383-1.09558207284951j)	0.3793647289276123	34.41438322211629
362	(-1.849535400922488-1.0819683995951932j)	0.3281209468841553	34.5097111534795
363	(-1.8571525503318618-1.0683444642371154j)	0.41721105575561523	34.6050390848427
364	(-1.865076664584963-1.055080029355654j)	0.7962501049041748	34.7003670162059
365	(-1.8724652920375242-1.0415220459144414j)	0.5812079906463623	34.79569494756911
366	(-1.8799007034879163-1.0280565705085796j)	0.6024608612060547	34.89102287893231
367	(-1.8875891018884152-1.0140906062187602j)	0.63875412940979	34.98635081029551
368	(-1.8947654073081404-1.0007758018149737j)	0.3756239414215088	35.08167874165872
369	(-1.901976839589851-0.9871282084823192j)	0.43514394760131836	35.17700667302192
370	(-1.9088702795702648-0.9728867774794236j)	0.6393542289733887	35.27233460438512
371	(-1.9162961210625424-0.9592888017969714j)	0.4144589900970459	35.36766253574832
372	(-1.9229003037319194-0.945258543939667j)	0.8569409847259521	35.46299046711153
373	(-1.929583145985762-0.9315823459084946j)	0.4277639389038086	35.55831839847473
374	(-1.936362521560189-0.917198195986915j)	0.651278018951416	35.65364632983793
375	(-1.9430703353041947-0.9036498956467977j)	0.5210909843444824	35.74897426120114
376	(-1.9494905804071574-0.8892229210942721j)	0.5787041187286377	35.84430219256434
377	(-1.956127057445726-0.8748575416049179j)	0.40616798400878906	35.93963012392754
378	(-1.9623438972277196-0.8610523961136791j)	0.5186600685119629	36.034958055290744
379	(-1.9682776352640108-0.846649054067805j)	0.4966697692871094	36.13028598665395
380	(-1.9741897859672501-0.8324500473702107j)	1.4292359352111816	36.22561391801715
381	(-1.980623021662861-0.8179143884289479j)	1.8434839248657227	36.320941849380354
382	(-1.9862317894355908-0.8038968956358223j)	1.3949730396270752	36.41626978074356
383	(-1.992169673282269-0.789512722392663j)	0.5256562232971191	36.51159771210676
384	(-1.9977718452341755-0.7747550698523415j)	1.853586196899414	36.606925643469964
385	(-2.0034263621680455-0.7605376615879298j)	1.9053351879119873	36.70225357483317
386	(-2.0087065154667587-0.7456668255393829j)	1.790658950805664	36.79758150619637
387	(-2.0138528556014035-0.7315194248068497j)	1.9213979244232178	36.892909437559574
388	(-2.019604304865197-0.7166487471947038j)	2.1492159366607666	36.988237368922775
389	(-2.024347117717571-0.7021795838848904j)	1.4802939891815186	37.08356530028598
390	(-2.029443917071593-0.6875116454088634j)	1.223332166671753	37.178893231649184
391	(-2.034313973457415-0.6727324202576334j)	1.4303162097930908	37.274221163012385
392	(-2.039230209839394-0.6576457488315891j)	1.1401362419128418	37.36954909437559
393	(-2.043921504919109-0.643169292540375j)	0.39949584007263184	37.464877025738794
394	(-2.048336324568362-0.6283566117158454j)	0.38886499404907227	37.560204957101995
395	(-2.053310318822697-0.6134846555659235j)	0.6273510456085205	37.655532888465196
396	(-2.0572706627547253-0.5987178542024163j)	0.6901147365570068	37.750860819828404
397	(-2.061649572444199-0.583818038977931j)	0.6469862461090088	37.846188751191605
398	(-2.065876909882792-0.5685868474719014j)	1.4883747100830078	37.941516682554806
399	(-2.0699576856162927-0.5540972208759245j)	1.6584062576293945	38.036844613918014
400	(-2.073915471166769-0.5388845130549433j)	1.8613848686218262	38.132172545281215
401	(-2.0775845108080784-0.5238069276097786j)	2.0128700733184814	38.227500476644416
402	(-2.0817276330010888-0.5087028568708853j)	1.3714380264282227	38.322828408007624
403	(-2.0850117019421517-0.4937705834632089j)	1.0681252479553223	38.418156339370825
404	(-2.088509908695838-0.47873733076162805j)	1.4923300743103027	38.513484270734025
405	(-2.0922261796814037-0.4632982549535858j)	1.7122600078582764	38.608812202097226
406	(-2.095405022603184-0.44856457984452935j)	1.807967185974121	38.704140133460434
407	(-2.0985655387948254-0.4332660588749875j)	1.8703649044036865	38.799468064823635
408	(-2.101483754417243-0.41795084161071894j)	1.4102139472961426	38.894795996186836
409	(-2.104858808266082-0.40283028831943013j)	1.766890048980713	38.990123927550044
410	(-2.1073664976310216-0.3875878180903448j)	1.8103599548339844	39.085451858913245
411	(-2.1101012990437003-0.3723397409849441j)	1.4136948585510254	39.180779790276446
412	(-2.1129860963859297-0.3567998593319386j)	1.3289170265197754	39.276107721639654
413	(-2.115323115645965-0.341855237394033j)	1.2884018421173096	39.371435653002855
414	(-2.117801008785246-0.32652328085606197j)	1.495656967163086	39.466763584366056
415	(-2.120244188070864-0.31089560096551816j)	1.4418439865112305	39.56209151572926
416	(-2.122473750566819-0.2958497323055952j)	1.2182238101959229	39.657419447092465
417	(-2.1243527996502234-0.2804135006304912j)	0.8154258728027344	39.752747378455666
418	(-2.126247376312782-0.2651712113213385j)	1.5500171184539795	39.84807530981887
419	(-2.128475714512432-0.24949291748721392j)	1.3852179050445557	39.943403241182075
420	(-2.1299344554792516-0.23439011863225384j)	1.4624829292297363	40.038731172545276
421	(-2.1316795934300776-0.2187968669447784j)	1.3181257247924805	40.13405910390848
422	(-2.133059269083495-0.2031890560653245j)	1.575977087020874	40.22938703527168
423	(-2.1346996323748755-0.1881237905976108j)	1.321286916732788	40.324714966634886
424	(-2.135817891660882-0.17249508629730015j)	0.6300528049468994	40.42004289799809
425	(-2.13692167786009-0.15709432101809434j)	0.773716926574707	40.51537082936129
426	(-2.138328746606422-0.14145400259404184j)	0.9728279113769531	40.610698760724496
427	(-2.1390128731171982-0.12626566754372776j)	0.9048459529876709	40.7060266920877
428	(-2.1398387661409712-0.11047498822037888j)	1.0201830863952637	40.8013546234509
429	(-2.140719623662944-0.09488572684966645j)	0.9460968971252441	40.896682554814106
430	(-2.141484374399796-0.0798533400512379j)	1.0773279666900635	40.99201048617731
431	(-2.1418255874298104-0.06416801992032495j)	1.1126792430877686	41.08733841754051
432	(-2.1420973903874208-0.04868166203476165j)	1.2652158737182617	41.18266634890371
433	(-2.142747368427227-0.03311323792954779j)	1.142841100692749	41.27799428026692
434	(-2.1426608324945935-0.01775159691371564j)	1.5650088787078857	41.37332221163012
435	(-2.142799379911442-0.0022763628468081j)	0.998525857925415	41.46865014299332
436	(-2.1428309909077234+0.013481198287852103j)	1.159393072128296	41.56397807435653
437	(-3.435493160409913+4.151106971940954j)	1.0035228729248047	41.65930600571973
438	(-2.1423667338508237+0.04431667100973846j)	1.0180160999298096	41.75463393708293
439	(-2.141483130453803+0.059390521096342797j)	0.9250278472900391	41.84996186844613
440	(-2.141811453989073+0.07532745795069518j)	1.107105016708374	41.94528979980934
441	(-2.140876229556399+0.0907145519748438j)	0.761859655380249	42.04061773117254
442	(-2.1399742396291113+0.10615770443833383j)	0.8009090423583984	42.13594566253574
443	(-2.1393688399148725+0.12172848940081549j)	1.0309512615203857	42.23127359389895
444	(-2.1385188138489646+0.1369692024470388j)	1.0988190174102783	42.32660152526215
445	(-2.1374063945952546+0.15260918341974594j)	0.6070270538330078	42.42192945662535
446	(-2.136065017259141+0.16817023824392308j)	0.4290008544921875	42.51725738798856
447	(-2.1352259047625703+0.18345920057862464j)	0.660736083984375	42.61258531935176
448	(-2.133550889206013+0.19899134484692838j)	0.8424217700958252	42.70791325071496
449	(-2.132024990326379+0.21429548656016228j)	0.8396508693695068	42.80324118207816
450	(-2.130669906628201+0.22997725701047878j)	0.8093180656433105	42.89856911344137
451	(-2.12877313724412+0.244965013695558j)	0.8224368095397949	42.99389704480457
452	(-2.126935195226713+0.2604221253844389j)	0.7542800903320312	43.08922497616777
453	(-2.1248299658573804+0.2757897357769624j)	0.8842470645904541	43.18455290753098
454	(-2.1231666425396494+0.29119981714498644j)	0.7991251945495605	43.27988083889418
455	(-2.1205592527891244+0.30650353202612923j)	0.7791609764099121	43.37520877025738
456	(-2.1184770584183257+0.32191388294425927j)	0.7824921607971191	43.47053670162058
457	(-2.1164084771207348+0.3374543547794392j)	0.8382079601287842	43.56586463298379
458	(-2.1136448449720087+0.3523861416698367j)	0.8533360958099365	43.66119256434699
459	(-2.1110808979697393+0.3677913024912557j)	0.7438790798187256	43.75652049571019
460	(-2.1082322807371123+0.38332322322751344j)	0.7379300594329834	43.8518484270734
461	(-2.105726588457062+0.3982387943253062j)	0.7676916122436523	43.9471763584366
462	(-2.102567318645929+0.4134532850448914j)	0.7397770881652832	44.0425042897998
463	(-2.0994199670180356+0.42874897349323804j)	0.8448777198791504	44.13783222116301
464	(-2.0965338076490534+0.4440944182163684j)	0.757256031036377	44.23316015252621
465	(-2.0930538999743744+0.45894064490431874j)	0.8100259304046631	44.32848808388941
466	(-2.089797225606297+0.47418482578777543j)	0.7552239894866943	44.42381601525261
467	(-2.0861753452352674+0.48948423956238973j)	0.9950747489929199	44.51914394661582
468	(-2.0828296713704813+0.5042112572749987j)	0.902141809463501	44.61447187797902
469	(-2.0789506314672628+0.5193868399570135j)	0.809107780456543	44.70979980934222
470	(-2.0750794336911005+0.534455305046755j)	0.7829689979553223	44.80512774070543
471	(-2.0714619348051833+0.5495527499221818j)	0.8003330230712891	44.90045567206863
472	(-2.0671711059280824+0.5642898065066264j)	0.812608003616333	44.99578360343183
473	(-2.063087637366068+0.5792571707732039j)	1.1758830547332764	45.09111153479503
474	(-2.05875691739309+0.5943468399595256j)	1.206514835357666	45.18643946615824
475	(-2.0543292775222577+0.6091026754082128j)	1.7389659881591797	45.28176739752144
476	(-2.050043109763763+0.6239439937224242j)	0.7622029781341553	45.37709532888464
477	(-2.045334405027362+0.6387338835450862j)	1.0737500190734863	45.47242326024785
478	(-2.041008010902293+0.653488644719711j)	1.1630680561065674	45.56775119161105
479	(-2.0359366230551927+0.6681758796560483j)	0.7275841236114502	45.66307912297425
480	(-2.031004520785015+0.6828627667261391j)	0.8820281028747559	45.75840705433746
481	(-2.0262311770516104+0.6978221361370883j)	0.7289538383483887	45.85373498570066
482	(-2.0210140624256194+0.7123895944415211j)	0.891883134841919	45.94906291706386
483	(-2.0158856786129236+0.726805583235052j)	0.4648611545562744	46.044390848427064
484	(-2.010334444454381+0.7414820501111149j)	0.4667189121246338	46.13971877979027
485	(-2.0053891714353096+0.755877997687613j)	0.47185420989990234	46.23504671115347
486	(-1.9996278833147225+0.7704215880025261j)	0.5234160423278809	46.330374642516674
487	(-1.9940019865480902+0.7848001318063146j)	0.4458918571472168	46.42570257387988
488	(-1.9883240721096316+0.7992172778245962j)	0.43445301055908203	46.52103050524308
489	(-1.9824808514902723+0.81330415520319j)	0.49059176445007324	46.61635843660628
490	(-1.97653590127311+0.8278771357005189j)	0.4871399402618408	46.71168636796949
491	(-1.9703118694959814+0.8422651827115134j)	0.43587684631347656	46.80701429933269
492	(-1.964575157071411+0.8563211782401645j)	0.5044658184051514	46.90234223069589
493	(-1.9580034050574713+0.8705065668858811j)	0.46118712425231934	46.997670162059094
494	(-1.951635317370223+0.8845560059451352j)	0.42723512649536133	47.0929980934223
495	(-1.9454622732146318+0.8989439711719689j)	0.457690954208374	47.1883260247855
496	(-1.9387408080587103+0.9125707098219431j)	0.4522550106048584	47.283653956148704
497	(-1.5271166726567202+0.28246915554321317j)	0.4963397979736328	47.37898188751191
498	(-1.9252395209242712+0.9409112319078827j)	0.44919323921203613	47.47430981887511
499	(-1.9185793550853614+0.9543418599771528j)	0.4712188243865967	47.569637750238314
500	(-1.911474011416785+0.9684182444830288j)	0.43190717697143555	47.664965681601515
501	(-1.9044191610896326+0.9821699554444698j)	0.42673397064208984	47.76029361296472
502	(-1.8975358433582423+0.9961644572679041j)	0.46979308128356934	47.855621544327924
503	(-1.889991129696723+1.0095145140468418j)	0.46021389961242676	47.950949475691125
504	(-1.882724157714755+1.0233337934964566j)	0.46563196182250977	48.04627740705433
505	(-1.8754561540251167+1.0366879678134637j)	0.4535849094390869	48.141605338417534
506	(-1.8678868823020245+1.0502229009234947j)	0.4727442264556885	48.236933269780735
507	(-1.8601101783208227+1.0638403885250285j)	0.4440882205963135	48.33226120114394
508	(-1.8522873520146719+1.0772655432633012j)	0.48392295837402344	48.427589132507144
509	(-1.8447696782712455+1.0907633553528115j)	0.4316437244415283	48.522917063870345
510	(-1.8365746367992877+1.10380821817277j)	0.4292490482330322	48.618244995233546
511	(-1.828627273764124+1.1172012351574097j)	0.4252171516418457	48.713572926596754
512	(-1.820545963398477+1.130529995316185j)	0.4359011650085449	48.808900857959955
513	(-1.8124154875176295+1.1433213195414345j)	0.43818187713623047	48.904228789323156
514	(-1.8039462704429194+1.156613093028658j)	0.4192540645599365	48.999556720686364
515	(-1.7955471872545468+1.1697191727868992j)	0.458467960357666	49.094884652049565
516	(-1.787278611531093+1.1825625610102808j)	0.45302486419677734	49.190212583412766
517	(-1.77837377860262+1.195331318156803j)	0.442903995513916	49.28554051477597
518	(-1.7697427873578633+1.208252854852408j)	0.4255058765411377	49.380868446139175
519	(-1.760978220763902+1.2212555995528949j)	0.43373703956604004	49.476196377502376
520	(-1.7519057950790862+1.2338558770914994j)	0.4744598865509033	49.57152430886558
521	(-1.7431304686234408+1.2463352645515577j)	0.44353294372558594	49.666852240228785
522	(-1.7340592684074638+1.2590849254865848j)	0.4551990032196045	49.762180171591986
523	(-1.7251862200408725+1.2714402304526673j)	0.43824172019958496	49.85750810295519
524	(-1.7155830731594919+1.2837786816387167j)	0.4834740161895752	49.952836034318395
525	(-1.7062689755273708+1.2961279783928754j)	0.4407522678375244	50.048163965681596
526	(-1.6971163369623326+1.308666643197701j)	0.4917759895324707	50.1434918970448
527	(-1.6874886369435875+1.3205317903859715j)	0.4282350540161133	50.238819828408
528	(-1.6778620784161355+1.3329032263518479j)	0.42652010917663574	50.334147759771206
529	(-1.6681537155277257+1.3449318782837862j)	0.45873212814331055	50.42947569113441
530	(-1.6582697559446533+1.3571684378764157j)	0.486375093460083	50.52480362249761
531	(-1.6484427916696034+1.3689722189800033j)	0.46979784965515137	50.620131553860816
532	(-1.6379755650927108+1.3800099891920712j)	0.425886869430542	50.71545948522402
533	(-1.628669488661141+1.392791118515093j)	0.43175721168518066	50.81078741658722
534	(-1.6184753976031716+1.4042131620682616j)	0.425767183303833	50.90611534795042
535	(-1.6082880712944592+1.4159508915237238j)	0.46594691276550293	51.00144327931363
536	(-1.5978652920313605+1.4276924370754323j)	0.4553110599517822	51.09677121067683
537	(-1.5879117235014373+1.4390177085256832j)	0.49282383918762207	51.19209914204003
538	(-1.577080968877937+1.450512756690118j)	0.45858311653137207	51.28742707340324
539	(-1.56662565364166+1.4619209820559107j)	0.4529411792755127	51.38275500476644
540	(-1.5562445336518063+1.473319688642489j)	0.45780229568481445	51.47808293612964
541	(-1.5453832704397106+1.4843174017832526j)	0.45878005027770996	51.573410867492846
542	(-1.5344525412210823+1.495480975380488j)	0.4715428352355957	51.66873879885605
543	(-1.5236690964868331+1.506754814300201j)	0.4548819065093994	51.76406673021925
544	(-1.5126101016375748+1.5175824801325484j)	0.4517629146575928	51.85939466158245
545	(-1.501748140748698+1.5284978401482672j)	0.47699618339538574	51.95472259294566
546	(-1.4906442893328735+1.5392449896170575j)	0.46209120750427246	52.05005052430886
547	(-1.4798111669112788+1.550183410514514j)	0.48098301887512207	52.14537845567206
548	(-1.468274469297514+1.5605494608025272j)	0.44155287742614746	52.24070638703527
549	(-1.4570237409018145+1.5712802173599312j)	0.44313979148864746	52.33603431839847
550	(-1.445684825222138+1.5817005244004456j)	0.4452998638153076	52.43136224976167
551	(-1.4341220407437782+1.5920964624201435j)	0.43729186058044434	52.52669018112488
552	(-1.422562219107233+1.6025005712475475j)	0.4474031925201416	52.62201811248808
553	(-1.410875271522623+1.612732520241506j)	0.4349229335784912	52.71734604385128
554	(-1.3995251612171407+1.6229699564542768j)	0.468825101852417	52.81267397521448
555	(-1.387770633288219+1.6328994803684593j)	0.4303748607635498	52.90800190657769
556	(-1.3756786929679607+1.6428897351949476j)	0.4490182399749756	53.00332983794089
557	(-1.3637669713160672+1.6530872641160703j)	0.4375267028808594	53.09865776930409
558	(-1.351704479909009+1.6626845940927595j)	0.4373588562011719	53.1939857006673
559	(-1.3397366414968843+1.6723559882532388j)	0.45079612731933594	53.2893136320305
560	(-1.3274504216799798+1.6820976582694473j)	0.4322471618652344	53.3846415633937
561	(-1.3156203996012332+1.691557173600005j)	0.4249868392944336	53.4799694947569
562	(-1.3031253610772624+1.700882932326525j)	0.46444106101989746	53.57529742612011
563	(-1.2908142326530654+1.7103599867617745j)	0.43879199028015137	53.67062535748331
564	(-1.2784779122869172+1.7198784959728233j)	0.4585719108581543	53.76595328884651
565	(-1.2660289651355014+1.728719921224896j)	0.43691086769104004	53.86128122020972
566	(-1.2534187455940153+1.7380720412986077j)	0.46651697158813477	53.95660915157292
567	(-1.240708595050764+1.747043447535316j)	0.44208288192749023	54.05193708293612
568	(-1.2283965233653098+1.7559112477918846j)	0.4478108882904053	54.14726501429933
569	(-1.2153806844738655+1.7645486425430041j)	0.4348428249359131	54.24259294566253
570	(-1.2026538088179246+1.7734457868916509j)	0.4488377571105957	54.33792087702573
571	(-1.1899295536886354+1.7822780322049732j)	0.429656982421875	54.43324880838893
572	(-1.1769671210600132+1.790388903146156j)	0.434877872467041	54.52857673975214
573	(-1.1638969967252935+1.7992738658656222j)	0.43880391120910645	54.62390467111534
574	(-1.1508267381592665+1.8075991426175602j)	0.421004056930542	54.71923260247854
575	(-1.1380572528550341+1.8157087218398602j)	0.43477606773376465	54.81456053384175
576	(-1.1245293760650923+1.8239258277990136j)	0.4570481777191162	54.90988846520495
577	(-1.111375163567204+1.8319819700739093j)	0.45770907402038574	55.00521639656815
578	(-1.0983352512984392+1.8401128024157527j)	0.4570193290710449	55.10054432793135
579	(-1.0848760522892198+1.8476619738464777j)	0.4465630054473877	55.19587225929456
580	(-1.0715032662917494+1.8557023462413833j)	0.42761802673339844	55.29120019065776
581	(-1.0579807975079942+1.8635468472234913j)	0.4379150867462158	55.38652812202096
582	(-1.0447323941676743+1.8708954254467773j)	0.44835996627807617	55.48185605338417
583	(-1.0309265268036931+1.8784697540118651j)	0.4242970943450928	55.57718398474737
584	(-1.017236123196419+1.8858886998935387j)	0.43770480155944824	55.67251191611057
585	(-1.0039302435651352+1.8933289568295275j)	0.4336268901824951	55.76783984747378
586	(-0.9899731318262969+1.9002532596906332j)	0.4347710609436035	55.86316777883698
587	(-0.9762708859343101+1.9074445523152073j)	0.44026803970336914	55.95849571020018
588	(-0.9624852300004378+1.9145127844993042j)	0.45172882080078125	56.05382364156338
589	(-0.9487321398896804+1.9212273480179896j)	0.4581761360168457	56.14915157292659
590	(-0.934575936785733+1.9281765610439532j)	0.48241090774536133	56.24447950428979
591	(-0.920880644899944+1.9347143634625417j)	0.45314526557922363	56.33980743565299
592	(-0.9068342379966792+1.9415980746686974j)	0.43070101737976074	56.4351353670162
593	(-0.8925718394717724+1.9478991025178833j)	0.4399070739746094	56.5304632983794
594	(-0.878532748782651+1.9543989798852643j)	0.43955206871032715	56.6257912297426
595	(-0.8643883162316398+1.9609070824249684j)	0.45560407638549805	56.721119161105804
596	(-0.8504210675867448+1.9667390199244958j)	0.42751598358154297	56.81644709246901
597	(-0.8359597032798747+1.972886978315859j)	0.4442598819732666	56.91177502383221
598	(-0.8215785486758681+1.9789722706962491j)	0.476668119430542	57.007102955195414
599	(-0.9190126628704258+2.056649264143685j)	0.4442412853240967	57.10243088655862
600	(-0.7929405770205937+1.9905103654090217j)	0.4563407897949219	57.19775881792182
601	(-0.7785243779921084+1.996346494756583j)	0.42745494842529297	57.293086749285024
602	(-0.7641631219220951+2.0020519848596674j)	0.46636414527893066	57.38841468064823
603	(-0.7499261316448541+2.007387346083892j)	0.44695281982421875	57.48374261201143
604	(-0.7350911619656803+2.012831671989413j)	0.4876401424407959	57.579070543374634
605	(-0.720416160811723+2.0180009366637277j)	0.4372992515563965	57.674398474737835
606	(-0.7062058162271793+2.0231907459273524j)	0.434938907623291	57.76972640610104
607	(-0.6911809465940625+2.028151730044971j)	0.4372239112854004	57.865054337464244
608	(-0.6766073549333486+2.0330735728704736j)	0.4535501003265381	57.960382268827445
609	(-0.6620038507707631+2.038165116241968j)	0.4427337646484375	58.05571020019065
610	(-0.6471031586764842+2.0428802190329796j)	0.4472999572753906	58.151038131553854
611	(-0.6324110300736139+2.047317347684026j)	0.4346458911895752	58.246366062917055
612	(-0.6175167029959507+2.0518618347787365j)	0.4194958209991455	58.341693994280256
613	(-0.6029428512882964+2.0562186641377087j)	0.4504399299621582	58.437021925643464
614	(-0.5878284847374052+2.0604670212775296j)	0.4467504024505615	58.532349857006665
615	(-0.5728822029953776+2.0646108292528504j)	0.47109508514404297	58.627677788369866
616	(-0.5580754578015407+2.0690817891234676j)	0.4297459125518799	58.723005719733074
617	(-0.5430508041505913+2.072692258469707j)	0.45565199851989746	58.818333651096275
618	(-0.5280521279627016+2.0767169467098956j)	0.4306771755218506	58.913661582459476
619	(-0.5129425408264374+2.0805387219866764j)	0.43648695945739746	59.008989513822684
620	(-0.4977747895962661+2.0841030844739583j)	0.4393637180328369	59.104317445185885
621	(-0.48280547893541537+2.08761711192436j)	0.4602370262145996	59.199645376549086
622	(-0.4677620570285592+2.091004287276374j)	0.4398469924926758	59.29497330791229
623	(-0.45283531163089685+2.0945132163157747j)	0.441788911819458	59.390301239275495
624	(-0.43753881646937276+2.097431829875969j)	0.436690092086792	59.485629170638695
625	(-0.4223814106570458+2.100689398632904j)	0.4270148277282715	59.580957102001896
626	(-0.4071165623484958+2.103842729257999j)	0.4685797691345215	59.676285033365104
627	(-0.39215626481544774+2.106495175371623j)	0.4463841915130615	59.771612964728305
628	(-0.37651032965555664+2.109356026884769j)	0.4446127414703369	59.866940896091506
629	(-0.3613540023394557+2.112061692341311j)	0.43029022216796875	59.962268827454714
630	(-0.34641482595421214+2.114729791745519j)	0.4427969455718994	60.057596758817915
631	(-0.3308727078747644+2.116902290897251j)	0.46608400344848633	60.152924690181116
632	(-0.31562330355221735+2.1193444960851022j)	0.4353957176208496	60.24825262154432
633	(-0.3002847164882274+2.121795057565129j)	0.4502718448638916	60.343580552907525
634	(-0.28508380453646864+2.123565072134704j)	0.4349250793457031	60.438908484270726
635	(-0.26976328985644626+2.125904410157039j)	0.4586780071258545	60.53423641563393
636	(-0.2541694231016758+2.1276383218623187j)	0.43401479721069336	60.629564346997135
637	(-0.23911398712209986+2.129310294346338j)	0.4500999450683594	60.724892278360336
638	(-0.22336075430290625+2.13098530100884j)	0.438220739364624	60.82022020972354
639	(-0.20803104165720243+2.132508517966207j)	0.4504709243774414	60.91554814108674
640	(-0.192581737054763+2.1340772496231915j)	0.45541906356811523	61.010876072449946
641	(-0.17729774432945178+2.135258025280791j)	0.4736928939819336	61.10620400381315
642	(-0.16168574028260374+2.1366129905680458j)	0.43926382064819336	61.20153193517635
643	(-0.1462130606632399+2.137749282499581j)	0.45894598960876465	61.296859866539556
644	(-0.1309459513157467+2.138851367700247j)	0.45303797721862793	61.39218779790276
645	(-0.11532928012459465+2.139534882659219j)	0.43781089782714844	61.48751572926596
646	(-0.09993738839296606+2.140313344827768j)	0.43283987045288086	61.582843660629166
647	(-0.08452518779242202+2.141199546100455j)	0.44137072563171387	61.67817159199237
648	(-0.06893095861876963+2.1418049739720404j)	0.43734216690063477	61.77349952335557
649	(-0.053583708292310184+2.1424499229362706j)	0.4330606460571289	61.86882745471877
650	(-0.03788315313210011+2.1425510780225867j)	0.45809221267700195	61.96415538608198
651	(-0.022712977837480275+2.1425725156791176j)	0.42641115188598633	62.05948331744518
652	(-0.00695193244371195+2.142631402207921j)	0.42928481101989746	62.15481124880838
653	(0.008434484784715646+2.1426615993249865j)	0.43780517578125	62.25013918017159
654	(0.023818641259348183+2.142743675114036j)	0.4389810562133789	62.34546711153479
655	(0.03937281870701892+2.1421247638905565j)	0.433215856552124	62.44079504289799
656	(0.054857523663515706+2.1420321664964725j)	0.4376370906829834	62.53612297426119
657	(0.07047969755354799+2.1416514108350224j)	0.42760682106018066	62.6314509056244
658	(0.08558018458694372+2.1408892438671296j)	0.43706512451171875	62.7267788369876
659	(0.1013611592832423+2.1402995265519933j)	0.436892032623291	62.8221067683508
660	(0.1167716608569046+2.1395270346211643j)	0.42702412605285645	62.91743469971401
661	(0.1322136698281377+2.13853772454876j)	0.4580240249633789	63.01276263107721
662	(0.14792543368686029+2.1376536587937434j)	0.43761205673217773	63.10809056244041
663	(0.16305280020415136+2.136514919997184j)	0.4530680179595947	63.20341849380362
664	(0.17865910485705466+2.1353226302220465j)	0.5100233554840088	63.29874642516682
665	(0.1938026022165627+2.1337384493352936j)	0.5038321018218994	63.39407435653002
666	(0.2094820700377426+2.13248200893709j)	0.4694359302520752	63.48940228789322
667	(0.22482818595185333+2.1307993481087544j)	0.48752570152282715	63.58473021925643
668	(0.23999704852797138+2.1293142897961257j)	0.4362611770629883	63.68005815061963
669	(0.2555113396252774+2.127286631442032j)	0.4459502696990967	63.77538608198283
670	(0.270925734161896+2.125522332532868j)	0.4269280433654785	63.87071401334604
671	(0.2863283031451342+2.1236496102135076j)	0.4271988868713379	63.96604194470924
672	(0.301453370727953+2.1212164480893545j)	0.43387484550476074	64.06136987607245
673	(0.3169995071805476+2.1191469386941364j)	0.45992112159729004	64.15669780743565
674	(0.3322968781225091+2.1167522412810307j)	0.43547892570495605	64.25202573879885
675	(0.3474315229339433+2.1143838158044663j)	0.4616677761077881	64.34735367016206
676	(0.3628831415924331+2.1116724554668385j)	0.44640684127807617	64.44268160152527
677	(0.37801710931632826+2.1090693137074314j)	0.44919323921203613	64.53800953288847
678	(0.3932969730523346+2.1065375898114023j)	0.4374978542327881	64.63333746425167
679	(0.40835548335997623+2.103274973985504j)	0.4377002716064453	64.72866539561487
680	(0.42370146342371245+2.100417615175706j)	0.4316720962524414	64.82399332697807
681	(0.4389615614741432+2.097279947716316j)	0.42565417289733887	64.91932125834127
682	(0.45386191107495216+2.0942046369117318j)	0.43147706985473633	65.01464918970449
683	(0.46915251200666536+2.0906304264869235j)	0.42911195755004883	65.10997712106769
684	(0.4842149521985427+2.0872165300100227j)	0.4275481700897217	65.20530505243089
685	(0.4990541713038591+2.0838789588416335j)	0.4316680431365967	65.30063298379409
686	(0.5142161558823647+2.07987885643837j)	0.4486989974975586	65.39596091515729
687	(0.5294414674933957+2.076292519754384j)	0.4233698844909668	65.49128884652049
688	(0.5444368027224847+2.0724046671797187j)	0.4352259635925293	65.58661677788369
689	(0.5590646711631302+2.068376083537871j)	0.4337499141693115	65.6819447092469
690	(0.5743405087750066+2.0642197798770368j)	0.4301891326904297	65.77727264061011
691	(0.5891285428850488+2.0599674555210874j)	0.4342467784881592	65.87260057197331
692	(0.6039502238215655+2.055974099078928j)	0.4646918773651123	65.96792850333651
693	(0.6187893024475+2.0511828048740965j)	0.43320512771606445	66.06325643469971
694	(0.6338026102648018+2.046935112248075j)	0.45744776725769043	66.15858436606291
695	(0.6484947813741053+2.0420063258224643j)	0.47001194953918457	66.25391229742611
696	(0.6629619855926808+2.037394518911244j)	0.4348618984222412	66.34924022878933
697	(0.6779587998996786+2.0325658612212676j)	0.45606112480163574	66.44456816015253
698	(0.6925480740653397+2.027600202223306j)	0.4373908042907715	66.53989609151573
699	(0.7071146856267247+2.0227992885004467j)	0.42203807830810547	66.63522402287893
700	(0.7217629411276959+2.0172835595828174j)	0.4428131580352783	66.73055195424213
701	(0.7362153714874626+2.0122226894316615j)	0.4753458499908447	66.82587988560533
702	(0.7509531984529054+2.0068494996275565j)	0.4272348880767822	66.92120781696855
703	(0.7651798920686256+2.0012598031849747j)	0.43972110748291016	67.01653574833175
704	(0.7799459863738734+1.9957303581303412j)	0.43418312072753906	67.11186367969495
705	(0.7942496402529897+1.9900704178909125j)	0.4472808837890625	67.20719161105815
706	(0.8084028932057064+1.9843837798002666j)	0.43711423873901367	67.30251954242135
707	(0.8229027447619666+1.978303049783208j)	0.4454371929168701	67.39784747378455
708	(0.5267402987136924+2.004918292810861j)	0.40192198753356934	67.49317540514775
709	(0.8514045082370786+1.966377518514735j)	0.35509777069091797	67.58850333651097
710	(0.8654093010304136+1.9599493893886741j)	0.3244199752807617	67.68383126787417
711	(0.8797760390686835+1.9537554875355956j)	0.33571672439575195	67.77915919923737
712	(0.8939592135485095+1.9471910505868124j)	0.3299741744995117	67.87448713060057
713	(0.9076526880972858+1.9408083645509662j)	0.3246340751647949	67.96981506196377
714	(0.9218840403869901+1.9340896785461605j)	0.3391287326812744	68.06514299332697
715	(0.9357628293728563+1.9273072877417052j)	0.3295478820800781	68.16047092469017
716	(0.9497097687498561+1.920843513713605j)	0.32969069480895996	68.25579885605339
717	(0.963404494973248+1.9136301461008196j)	0.32815098762512207	68.35112678741659
718	(0.9774107740794501+1.9067901223713777j)	0.32378172874450684	68.44645471877979
719	(0.9911353706866226+1.8996470178687952j)	0.32845187187194824	68.54178265014299
720	(1.0047051871930424+1.892278843300182j)	0.3357400894165039	68.63711058150619
721	(1.0185698880064133+1.8849740743963102j)	0.3363008499145508	68.7324385128694
722	(1.0320035663211133+1.877692126995562j)	0.3301539421081543	68.8277664442326
723	(1.0456136914376417+1.8704370110140465j)	0.3342709541320801	68.92309437559581
724	(1.0590108103362732+1.862401812510749j)	0.4442260265350342	69.01842230695901
725	(1.0725424301084416+1.8549831787624538j)	0.44478702545166016	69.11375023832221
726	(1.0859585070915923+1.8470729085250703j)	0.4469168186187744	69.20907816968541
727	(1.098980784693859+1.8392801098903022j)	0.4470548629760742	69.30440610104861
728	(1.1125281154135358+1.8311354602577443j)	0.4536776542663574	69.39973403241181
729	(1.125628155151658+1.8230774509157825j)	0.4470088481903076	69.49506196377502
730	(1.1387583921373372+1.8151706318203704j)	0.436251163482666	69.59038989513823
731	(1.1519266325884379+1.8064921109450987j)	0.4400193691253662	69.68571782650143
732	(1.1649553820533558+1.7982770971116602j)	0.4428417682647705	69.78104575786463
733	(1.1779650542275795+1.7898819383689608j)	0.43470168113708496	69.87637368922783
734	(1.190555149898131+1.7813617119336804j)	0.44584178924560547	69.97170162059103
735	(1.2037245116196726+1.772560539566625j)	0.4477989673614502	70.06702955195423
736	(1.216456341598213+1.763805004710069j)	0.45062685012817383	70.16235748331745
737	(1.229074287677499+1.7551656755587386j)	0.48603010177612305	70.25768541468065
738	(1.2419162490515163+1.7459409372472867j)	0.4457709789276123	70.35301334604385
739	(1.2543964855562084+1.7371700241641996j)	0.4375290870666504	70.44834127740705
740	(1.2669400713332792+1.7280606635267624j)	0.4500999450683594	70.54366920877025
741	(1.2790984830858394+1.7187565055749157j)	0.43465089797973633	70.63899714013345
742	(1.2917818855924252+1.7096058998755512j)	0.45612335205078125	70.73432507149666
743	(1.304025075225373+1.7000447445599427j)	0.43303394317626953	70.82965300285987
744	(1.3161617108005357+1.6907675617565179j)	0.44459986686706543	70.92498093422307
745	(1.3284950707589642+1.6809291495065994j)	0.44199395179748535	71.02030886558627
746	(1.3405689730966872+1.6714982789103692j)	0.43656086921691895	71.11563679694947
747	(1.3527199733996658+1.6618062309148498j)	0.431196928024292	71.21096472831267
748	(1.3641944886696682+1.6518188608275095j)	0.4460749626159668	71.30629265967588
749	(1.3766065279739406+1.6420219414782156j)	0.4315681457519531	71.40162059103908
750	(1.388392388808432+1.6319841799649457j)	0.4512031078338623	71.49694852240229
751	(1.3999084929256975+1.6220679487006697j)	0.44218921661376953	71.59227645376549
752	(1.411746379371712+1.6116477248665777j)	0.4655039310455322	71.6876043851287
753	(1.4233472563881102+1.6015232709743088j)	0.42290163040161133	71.7829323164919
754	(1.4349592160645737+1.5913190336954552j)	0.44066786766052246	71.8782602478551
755	(1.446275262542592+1.5806560632244908j)	0.4722921848297119	71.9735881792183
756	(1.4577875284723525+1.5702785236501877j)	0.45023608207702637	72.0689161105815
757	(1.469110406289919+1.5596032893606084j)	0.43436408042907715	72.16424404194471
758	(1.480109255624441+1.549252981094007j)	0.4355618953704834	72.25957197330791
759	(1.491501921809062+1.5381722802397886j)	0.4387319087982178	72.35489990467111
760	(1.5024818792222736+1.527562353247993j)	0.43232107162475586	72.45022783603432
761	(1.5132780318376142+1.5167700404428766j)	0.4481170177459717	72.54555576739752
762	(1.5243034706252556+1.5054496914016937j)	0.4282708168029785	72.64088369876072
763	(1.5352529750457962+1.4946545055169553j)	0.43592000007629395	72.73621163012393
764	(1.546148952480171+1.4833959834036947j)	0.44979405403137207	72.83153956148713
765	(1.5565129645894373+1.4722754727848262j)	0.4734210968017578	72.92686749285033
766	(1.5673438158403126+1.4608065024824541j)	0.4512951374053955	73.02219542421354
767	(1.577968495546857+1.4495753327021195j)	0.4568161964416504	73.11752335557674
768	(1.5882762052091628+1.4380865071269673j)	0.45451903343200684	73.21285128693994
769	(1.5985091330232928+1.4264315964732281j)	0.42913198471069336	73.30817921830314
770	(1.6088647974492556+1.4149542303257534j)	0.44142794609069824	73.40350714966635
771	(1.6190975622392214+1.40337374939236j)	0.433912992477417	73.49883508102955
772	(1.6289648798844432+1.3916574484859598j)	0.45234012603759766	73.59416301239276
773	(1.6392963063770574+1.3797587351073988j)	0.44504594802856445	73.68949094375596
774	(1.64906320676123+1.367924374245041j)	0.47187304496765137	73.78481887511916
775	(1.6588911831398334+1.3561319137202477j)	0.45943498611450195	73.88014680648236
776	(1.6687518278576579+1.3438264081266804j)	0.45578598976135254	73.97547473784556
777	(1.678374966767228+1.332021968696809j)	0.43350768089294434	74.07080266920877
778	(1.6880354453360027+1.319799264571408j)	0.43113088607788086	74.16613060057198
779	(1.697371176016828+1.3074696194500202j)	0.4749910831451416	74.26145853193518
780	(1.7069834222292788+1.2951007140373314j)	0.4602670669555664	74.35678646329838
781	(1.7161594856674405+1.282791848095751j)	0.43791913986206055	74.45211439466158
782	(1.7252564200669056+1.2704962128531176j)	0.4359099864959717	74.54744232602478
783	(1.7344470171713824+1.257960397806843j)	0.43926191329956055	74.64277025738798
784	(1.7435412339811374+1.2453682761897924j)	0.4356112480163574	74.7380981887512
785	(1.7525321036963857+1.2326663347185165j)	0.43662405014038086	74.8334261201144
786	(1.7615731797123648+1.219955246618778j)	0.4431939125061035	74.9287540514776
787	(1.7701047672895844+1.2071844380285774j)	0.44058990478515625	75.0240819828408
788	(1.7787959437640632+1.1944394175071538j)	0.4418301582336426	75.119409914204
789	(1.787252296741906+1.1815578864159089j)	0.45551204681396484	75.2147378455672
790	(1.7958920679815842+1.1685147766856194j)	0.45687127113342285	75.3100657769304
791	(1.8042956181516563+1.1555582966156952j)	0.44169187545776367	75.40539370829362
792	(1.8127456677774316+1.1423443534778701j)	0.48235177993774414	75.50072163965682
793	(1.8206754082672119+1.129206507265133j)	0.44131922721862793	75.59604957102002
794	(1.8289856605397283+1.1162723844953142j)	0.4596219062805176	75.69137750238322
795	(1.8369733515795827+1.1029034313871262j)	0.4489409923553467	75.78670543374642
796	(1.8447060138554177+1.0897182790982316j)	0.43177127838134766	75.88203336510962
797	(1.852527659103165+1.0762149699357755j)	0.4463779926300049	75.97736129647284
798	(1.8603490071265185+1.062990951389428j)	0.4459991455078125	76.07268922783604
799	(1.867968814835552+1.0495727685781262j)	0.4448080062866211	76.16801715919924
800	(1.8754452825625332+1.035665662903501j)	0.4354269504547119	76.26334509056244
801	(1.8830723849943714+1.0222367150657634j)	0.46445584297180176	76.35867302192564
802	(1.8902795104184225+1.0086369648229947j)	0.4276883602142334	76.45400095328884
803	(1.8973506286423192+0.995051280386285j)	0.4681551456451416	76.54932888465204
804	(1.904758865531161+0.981103788122473j)	0.4662759304046631	76.64465681601526
805	(1.9117413114343969+0.9674394292230715j)	0.46203112602233887	76.73998474737846
806	(1.9186346158045204+0.953705014548192j)	0.44001293182373047	76.83531267874166
807	(1.9254188524770122+0.9396701574708533j)	0.44762492179870605	76.93064061010486
808	(1.9322960250439933+0.925803725625399j)	0.4284670352935791	77.02596854146806
809	(1.9386325032871037+0.9118238222475313j)	0.44068217277526855	77.12129647283126
810	(1.9452417863701503+0.8977654867672747j)	0.42603206634521484	77.21662440419446
811	(1.952004035938139+0.8836108639161482j)	0.4809999465942383	77.31195233555768
812	(1.960145241020732+0.8702061971011589j)	0.4448690414428711	77.40728026692088
813	(1.9644547659580196+0.855486791559746j)	0.47674107551574707	77.50260819828408
814	(1.9706134241779276+0.8410176406986255j)	0.45681166648864746	77.59793612964728
815	(1.9763565533056273+0.8268268666955225j)	0.47684812545776367	77.69326406101048
816	(1.9825146107008835+0.8126716967331993j)	0.4504849910736084	77.78859199237368
817	(1.988080219594993+0.7981472838463707j)	0.4293367862701416	77.88391992373688
818	(1.9941589012180139+0.7837676435484443j)	0.4405701160430908	77.9792478551001
819	(1.9996354948664308+0.7693913577311535j)	0.46977996826171875	78.0745757864633
820	(2.005106728291049+0.7550793826716337j)	0.43845295906066895	78.1699037178265
821	(2.0104026241498945+0.7405388153932465j)	0.43445920944213867	78.2652316491897
822	(2.015830964835656+0.7259226241662255j)	0.43062686920166016	78.3605595805529
823	(2.0210455580921263+0.711361753813542j)	0.44925403594970703	78.4558875119161
824	(2.0259039274152535+0.6968576776289429j)	0.42288875579833984	78.55121544327932
825	(2.031201645965953+0.6819326516939712j)	0.44142580032348633	78.64654337464252
826	(2.035929922614027+0.6673363135790507j)	0.4495110511779785	78.74187130600572
827	(2.040546756009499+0.6531931333268408j)	0.4403090476989746	78.83719923736892
828	(2.0454152527265883+0.6376575004259539j)	0.44078898429870605	78.93252716873212
829	(2.0500168453765424+0.6230896412171574j)	0.4163539409637451	79.02785510009532
830	(2.054584037805852+0.6083283559617219j)	0.43153882026672363	79.12318303145852
831	(2.058595268501406+0.5933252656869122j)	0.45058512687683105	79.21851096282174
832	(2.063117874176189+0.5783759337295891j)	0.4283158779144287	79.31383889418494
833	(2.0672398355108497+0.563499882960039j)	0.4556891918182373	79.40916682554814
834	(2.070998613864354+0.5486670207049258j)	0.4575979709625244	79.50449475691134
835	(2.07511539759332+0.5334447428496298j)	0.441342830657959	79.59982268827454
836	(2.0788854742849736+0.5186455626162347j)	0.42264485359191895	79.69515061963774
837	(2.0826044148292415+0.5037133388223369j)	0.4424300193786621	79.79047855100094
838	(2.0859905587142435+0.48840655257769766j)	0.43609094619750977	79.88580648236416
839	(2.0897348040836277+0.47342697012772617j)	0.4358949661254883	79.98113441372736
840	(2.0929915285872895+0.4582855628739154j)	0.44619083404541016	80.07646234509056
841	(2.096007489992906+0.44319460711737124j)	0.4502699375152588	80.17179027645376
842	(2.09943725086647+0.42786346956925625j)	0.4498412609100342	80.26711820781696
843	(2.1023862233140926+0.4127760161131081j)	0.4288971424102783	80.36244613918016
844	(2.1053528458601525+0.3977907327623147j)	0.4524087905883789	80.45777407054337
845	(2.1080083954135143+0.3822549613490902j)	0.4326620101928711	80.55310200190658
846	(2.110837106510478+0.3671688601180285j)	0.4433009624481201	80.64842993326978
847	(2.1133877330039326+0.3519104789704415j)	0.4592010974884033	80.74375786463298
848	(2.1158025023968747+0.3365256540034893j)	0.43799614906311035	80.83908579599618
849	(2.118393143407614+0.32122250762873694j)	0.43421220779418945	80.93441372735938
850	(2.120515143734099+0.30601570108238507j)	0.44002389907836914	81.02974165872259
851	(2.1227051377920976+0.29079818743983j)	0.4858827590942383	81.12506959008579
852	(2.1247859314957993+0.27513609717253806j)	0.4461660385131836	81.220397521449
853	(2.1268059496143614+0.2599355226484795j)	0.4392678737640381	81.3157254528122
854	(2.1286282628566555+0.24458695026526156j)	0.4474940299987793	81.4110533841754
855	(2.1301131457230995+0.22913316023439445j)	0.438366174697876	81.5063813155386
856	(2.132003729733864+0.2137245566724778j)	0.4452798366546631	81.6017092469018
857	(2.133385427402114+0.1984114129524991j)	0.43236398696899414	81.697037178265
858	(2.134670280122147+0.18309356841050195j)	0.45015406608581543	81.79236510962822
859	(2.1357454280060346+0.1676381203977978j)	0.46721601486206055	81.88769304099142
860	(2.137143201766918+0.15206495784969054j)	0.43733882904052734	81.98302097235462
861	(2.138252733852935+0.13670305045518927j)	0.4346771240234375	82.07834890371782
862	(2.139048799418419+0.12119050475352444j)	0.4472670555114746	82.17367683508103
863	(2.1400088477595824+0.10571688179285654j)	0.4297337532043457	82.26900476644423
864	(2.1405993896062174+0.09035280487410413j)	0.4406452178955078	82.36433269780743
865	(2.1411707419792636+0.0749542481047043j)	0.44507789611816406	82.45966062917064
866	(2.141752729351868+0.05914727557345012j)	0.4328289031982422	82.55498856053384
867	(2.1420234233829474+0.04392531876719996j)	0.43561530113220215	82.65031649189704
868	(2.142368628243143+0.02839320881973184j)	0.43930768966674805	82.74564442326025
869	(2.142400330919465+0.012791521672551043j)	0.42275476455688477	82.84097235462345
870	(2.1426222571299047-0.0025027108000803544j)	0.42429685592651367	82.93630028598665
871	(2.142508012467333-0.0181505342026973j)	0.44602179527282715	83.03162821734985
872	(2.142252361610103-0.033574570577699525j)	0.4506189823150635	83.12695614871306
873	(2.141986840020866-0.04894550045805768j)	0.4464271068572998	83.22228408007626
874	(2.141580755290751-0.06436301450770732j)	0.42256617546081543	83.31761201143946
875	(2.141038790734051-0.07988416426336697j)	0.44209790229797363	83.41293994280267
876	(2.1402268610537534-0.09549295103776823j)	0.423983097076416	83.50826787416587
877	(2.139760145346754-0.1108581227353167j)	0.43326592445373535	83.60359580552907
878	(2.1388464917444594-0.1263778957148839j)	0.4263448715209961	83.69892373689227
879	(2.1376962305489835-0.14175611128343812j)	0.4952991008758545	83.79425166825548
880	(2.13674961487669-0.1574103720954697j)	0.43886709213256836	83.88957959961868
881	(2.135593188588953-0.1726786953307312j)	0.4251861572265625	83.98490753098189
882	(2.134362681872292-0.18822042112076065j)	0.4499082565307617	84.08023546234509
883	(2.132691493029974-0.20363576038095454j)	0.4293220043182373	84.17556339370829
884	(2.131596198883922-0.21901180155074063j)	0.4641690254211426	84.27089132507149
885	(2.12973186585032-0.23431867369138948j)	0.4282979965209961	84.3662192564347
886	(2.127753596465897-0.2496725417847656j)	0.43682312965393066	84.4615471877979
887	(2.1260551583740837-0.2651797049786222j)	0.47486114501953125	84.5568751191611
888	(2.1240078793021877-0.2803478064552619j)	0.480877161026001	84.6522030505243
889	(2.1219999118069595-0.2956857460556708j)	0.484760046005249	84.74753098188751
890	(2.1197761246655755-0.31124983139908524j)	0.4554750919342041	84.84285891325071
891	(2.1177202886785658-0.3262755719056015j)	0.443619966506958	84.93818684461391
892	(2.1151906150447783-0.3416788797432512j)	0.43642282485961914	85.03351477597712
893	(2.1126478276421974-0.3568532054729491j)	0.45780014991760254	85.12884270734033
894	(2.109988302972856-0.3722779966712435j)	0.4682638645172119	85.22417063870353
895	(2.107074881180125-0.3873636073834228j)	0.4628279209136963	85.31949857006673
896	(2.1043104110379933-0.402544170892675j)	0.4382040500640869	85.41482650142993
897	(2.101105872022525-0.4179134499542937j)	0.44994187355041504	85.51015443279313
898	(2.098329412041976-0.432995171316665j)	0.4831831455230713	85.60548236415633
899	(-39.543923366670846-36.59763719158644j)	0.4674718379974365	85.70081029551955
