	res_adaptive	time_adaptive	w
0	(0.9490579830861914-0.020492921933774114j)	0.3783738613128662	0.001
1	(1.1734308533461895-0.23433370722122054j)	0.3300461769104004	0.09632793136320304
2	(1.2502230163427737-0.3480208791054351j)	0.34149599075317383	0.19165586272640608
3	(1.321951515817978-0.4424185451299989j)	0.35262084007263184	0.2869837940896091
4	(1.371679808383456-0.5233564925445062j)	0.3356757164001465	0.38231172545281217
5	(1.4182334809572201-0.6010856977998409j)	0.3461160659790039	0.4776396568160152
6	(1.4567758577205725-0.6689651215554466j)	0.3406510353088379	0.5729675881792182
7	(1.4930085815675658-0.7372400060045922j)	0.3664519786834717	0.6682955195424213
8	(1.5219935155593665-0.7987254042877023j)	0.3614668846130371	0.7636234509056243
9	(1.5505066655344577-0.8615626259794577j)	0.3531618118286133	0.8589513822688274
10	(1.5762748711282286-0.9196701645049532j)	0.3605167865753174	0.9542793136320304
11	(1.5953607605008955-0.9749929241532095j)	0.3571031093597412	1.0496072449952334
12	(1.6147914522369102-1.0314129716443194j)	0.35854506492614746	1.1449351763584363
13	(1.6309992683831809-1.083988804750195j)	0.34526991844177246	1.2402631077216395
14	(1.6448156159079594-1.1378713246880805j)	0.34117817878723145	1.3355910390848424
15	(1.6577608555568197-1.188244811489392j)	0.3623511791229248	1.4309189704480456
16	(1.668106774843868-1.23707815483271j)	0.34731078147888184	1.5262469018112486
17	(1.677877894958702-1.286195195643345j)	0.3296389579772949	1.6215748331744515
18	(1.6834056595138436-1.3323244123312223j)	0.3563399314880371	1.7169027645376547
19	(1.6881509732675948-1.379807724674345j)	0.3334829807281494	1.8122306959008576
20	(1.6912983310298453-1.4244259597985265j)	0.3360888957977295	1.9075586272640608
21	(1.692290843899387-1.4702325272088814j)	0.360335111618042	2.0028865586272637
22	(1.6936050170945247-1.513558877085442j)	0.33516812324523926	2.098214489990467
23	(1.6918906266234517-1.5560937897769265j)	0.33745479583740234	2.19354242135367
24	(1.6903124448062101-1.5979267506776136j)	0.34450221061706543	2.288870352716873
25	(1.6852108435879947-1.6392090983873002j)	0.351301908493042	2.384198284080076
26	(1.6797540006436655-1.6780976240285728j)	0.3303532600402832	2.479526215443279
27	(1.6729312184137046-1.7163347186643363j)	0.3299849033355713	2.574854146806482
28	(1.6650553663837424-1.7552692478191945j)	0.3788001537322998	2.670182078169685
29	(1.655766108470837-1.7928119249159666j)	0.34320998191833496	2.765510009532888
30	(1.645271875433105-1.8289506346491964j)	0.35807013511657715	2.8608379408960913
31	(1.6339697349727271-1.8648528118483219j)	0.3270299434661865	2.956165872259294
32	(1.6207518731563795-1.8982152116363336j)	0.36307311058044434	3.0514938036224972
33	(1.6060148415918314-1.932581839372275j)	0.3476600646972656	3.1468217349857004
34	(1.591346987514437-1.9646295436033512j)	0.355151891708374	3.242149666348903
35	(1.5741807949698683-1.9972766955371424j)	0.35599398612976074	3.3374775977121063
36	(1.5578873079568512-2.028958082412608j)	0.34348201751708984	3.4328055290753094
37	(1.5399936810052999-2.05784586786119j)	0.3862650394439697	3.5281334604385126
38	(1.5206750929158506-2.0883129053535687j)	0.32647275924682617	3.6234613918017153
39	(1.5003781162468188-2.115499155787451j)	0.32344889640808105	3.7187893231649185
40	(1.4788224289116392-2.1433714011997367j)	0.32894110679626465	3.8141172545281217
41	(1.456894403465755-2.16917332957001j)	0.3359401226043701	3.9094451858913244
42	(1.4329183797748541-2.195174204385781j)	0.34043192863464355	4.004773117254528
43	(1.409690605298936-2.2202110138015456j)	0.3854529857635498	4.100101048617731
44	(1.3845210875318337-2.243710378424178j)	0.3270249366760254	4.195428979980934
45	(1.3596333419620366-2.2670990576632293j)	0.33429694175720215	4.290756911344137
46	(1.3334218337313384-2.287881198034944j)	0.3688318729400635	4.386084842707341
47	(1.3059085658774174-2.3090667008129957j)	0.3490328788757324	4.481412774070543
48	(1.278804430178894-2.3286762733251805j)	0.338123083114624	4.576740705433746
49	(1.2491932771191725-2.3473238660681357j)	0.34025073051452637	4.67206863679695
50	(1.2198322356269204-2.365866359323186j)	0.3509838581085205	4.7673965681601524
51	(1.1899737503637102-2.3824683378202924j)	0.3432021141052246	4.862724499523355
52	(1.1591960536412023-2.3993255216159577j)	0.33840203285217285	4.958052430886559
53	(1.1282020121830039-2.413464393912453j)	0.36508607864379883	5.0533803622497615
54	(1.0958828411931325-2.4277429848575984j)	0.33050012588500977	5.148708293612964
55	(1.0637473334062348-2.4401941480532368j)	0.3609189987182617	5.244036224976168
56	(1.0296569293271847-2.4521965753315884j)	0.34120607376098633	5.339364156339371
57	(0.9963808649489138-2.463672883657766j)	0.3561258316040039	5.434692087702573
58	(0.9618342559474011-2.4734607068400742j)	0.37902092933654785	5.530020019065777
59	(0.9281181229984758-2.4828500603088086j)	0.4046041965484619	5.62534795042898
60	(0.8926463924114035-2.4899673856400923j)	0.3764181137084961	5.720675881792183
61	(0.8567116316017421-2.497177257577521j)	0.35770702362060547	5.816003813155386
62	(0.8213510121978554-2.503250892165335j)	0.3339071273803711	5.911331744518589
63	(0.7840265223181754-2.507970458510893j)	0.33466386795043945	6.006659675881792
64	(0.7475006947833308-2.512413995224961j)	0.3254871368408203	6.101987607244995
65	(0.709991355163056-2.5150101738156847j)	0.3777949810028076	6.197315538608198
66	(0.6726447928672524-2.5177258874785795j)	0.3478682041168213	6.292643469971401
67	(0.6353900645448768-2.5180702155343777j)	0.3730587959289551	6.387971401334604
68	(0.5969858797250636-2.518075623260376j)	0.35013508796691895	6.483299332697807
69	(0.5592195464016955-2.516563474922319j)	0.32445287704467773	6.57862726406101
70	(0.5198712881183325-2.514001170191244j)	0.3259279727935791	6.673955195424213
71	(0.48122598576780495-2.5112950938618117j)	0.3338010311126709	6.769283126787417
72	(0.44194382926912207-2.506691569669589j)	0.3246941566467285	6.8646110581506194
73	(0.402760632526134-2.5022831041383347j)	0.35249996185302734	6.959938989513822
74	(0.3638019623169515-2.495336000607692j)	0.33460521697998047	7.055266920877026
75	(0.32382685004113954-2.488717118509114j)	0.32755041122436523	7.1505948522402285
76	(0.28545245833942773-2.4800845622680394j)	0.34735989570617676	7.245922783603431
77	(0.24522725428004577-2.4703256075305147j)	0.3319261074066162	7.341250714966635
78	(0.20567940191551937-2.460517468421167j)	0.33713483810424805	7.436578646329838
79	(0.1657900281196546-2.4488796531065287j)	0.34781908988952637	7.53190657769304
80	(0.1267020225314497-2.4371359400524217j)	0.3569519519805908	7.627234509056244
81	(0.08675402613101146-2.4233618727474613j)	0.3675551414489746	7.722562440419447
82	(0.046975673863514755-2.4099006552460835j)	0.34734201431274414	7.817890371782649
83	(0.007403587897669706-2.3949205638995017j)	0.3693389892578125	7.913218303145853
84	(-0.03182443105719268-2.3779455309794995j)	0.3561389446258545	8.008546234509055
85	(-0.07141836088838782-2.3615591292594877j)	0.3493990898132324	8.103874165872258
86	(-0.11056833458944393-2.3428314597656517j)	0.36386895179748535	8.19920209723546
87	(-0.1493656876395012-2.324313183443013j)	0.34355878829956055	8.294530028598665
88	(-0.1882318448528736-2.3045522694313445j)	0.3818168640136719	8.389857959961867
89	(-0.22724318622301154-2.283799134217419j)	0.3517451286315918	8.48518589132507
90	(-0.2650055538095155-2.2621187402385554j)	0.36995601654052734	8.580513822688273
91	(-0.3035269318483018-2.2388658595978526j)	0.3360331058502197	8.675841754051476
92	(-0.34110755620050104-2.215389227012724j)	0.3509402275085449	8.77116968541468
93	(-0.3792799624672232-2.1912540698234175j)	0.3520519733428955	8.866497616777883
94	(-0.4173877820546914-2.1655600716911194j)	0.33367395401000977	8.961825548141086
95	(-0.45367726653647444-2.13991262146305j)	0.36339521408081055	9.057153479504288
96	(-0.4907045294022613-2.112961208813093j)	0.34157490730285645	9.152481410867491
97	(-0.5267316831832032-2.085464474637244j)	0.33446216583251953	9.247809342230694
98	(-0.5625485845373627-2.0559571127952663j)	0.39452409744262695	9.343137273593898
99	(-0.5985237333483904-2.026940326548997j)	0.34229612350463867	9.438465204957101
100	(-0.6332123138347071-1.9959268598830464j)	0.43306994438171387	9.533793136320304
101	(-0.6685282799191163-1.9653296287687723j)	0.3375129699707031	9.629121067683506
102	(-0.7019162941005166-1.9334197191210178j)	0.3447279930114746	9.72444899904671
103	(-0.7362873190008933-1.9011152083773624j)	0.3405766487121582	9.819776930409914
104	(-0.7694388167675283-1.8670997644132088j)	0.3422410488128662	9.915104861773116
105	(-0.8018329027076456-1.8331763572238382j)	0.3384518623352051	10.010432793136319
106	(-0.834034262373785-1.7988343944784269j)	0.3560221195220947	10.105760724499522
107	(-0.8663995102907011-1.7628592435029868j)	0.3350410461425781	10.201088655862725
108	(-0.8974109056982641-1.7266166992944747j)	0.3517570495605469	10.296416587225927
109	(-0.9274915206495464-1.689891977409757j)	0.31912970542907715	10.391744518589132
110	(-0.9574402106161692-1.651909397307732j)	0.3524138927459717	10.487072449952334
111	(-0.9863159745934841-1.6145361074437088j)	0.33470797538757324	10.582400381315537
112	(-1.0153359333681198-1.5752327771818653j)	0.33301711082458496	10.67772831267874
113	(-1.0433249423152064-1.535834654280309j)	0.3295450210571289	10.773056244041943
114	(-1.0704345713297172-1.4954426540268186j)	0.34926676750183105	10.868384175405145
115	(-1.0977780776750303-1.4550073894329274j)	0.33188796043395996	10.96371210676835
116	(-1.123377671978675-1.4140657334951956j)	0.34264421463012695	11.059040038131553
117	(-1.1491055782649549-1.3722420586796031j)	0.3297243118286133	11.154367969494755
118	(-1.1732754817410112-1.3306422405743477j)	0.33606600761413574	11.249695900857958
119	(-1.1973156633850341-1.2879622618597486j)	0.3467841148376465	11.34502383222116
120	(-1.2203752348122203-1.2445801070241034j)	0.378648042678833	11.440351763584365
121	(-1.2422457854308182-1.2008347777891442j)	0.3511538505554199	11.535679694947568
122	(-1.2644979760732866-1.1563075255706399j)	0.3333289623260498	11.63100762631077
123	(-1.2850355927131203-1.1120429383748038j)	0.34487104415893555	11.726335557673973
124	(-1.3053940883734025-1.066968910070742j)	0.35973405838012695	11.821663489037176
125	(-1.3244015034567909-1.0222562481642852j)	0.3479452133178711	11.916991420400379
126	(-1.342541752002169-0.9761348960057683j)	0.3441121578216553	12.012319351763583
127	(-1.3603085894030718-0.930345364782194j)	0.3354761600494385	12.107647283126786
128	(-1.3767143279711562-0.8836440417558602j)	0.31801509857177734	12.202975214489989
129	(-1.3934111148090946-0.8369447018889151j)	0.3491950035095215	12.298303145853192
130	(-1.4081704694937465-0.7902317887479143j)	0.3542790412902832	12.393631077216394
131	(-1.422784164587343-0.7428183331002063j)	0.31857776641845703	12.488959008579599
132	(-1.4360884569339702-0.6959933737967281j)	0.37194180488586426	12.584286939942801
133	(-1.4483788745298527-0.6479125831393031j)	0.33357882499694824	12.679614871306004
134	(-1.4596079300458058-0.6000104666941986j)	0.3288099765777588	12.774942802669207
135	(-1.470162922272233-0.5525232134086835j)	0.32152509689331055	12.87027073403241
136	(-1.4807045494374482-0.5034670837286108j)	0.3443429470062256	12.965598665395612
137	(-1.4898192360204432-0.4555523890772686j)	0.37010812759399414	13.060926596758817
138	(-1.4982897411055227-0.40681285116501986j)	0.3504788875579834	13.15625452812202
139	(-1.5055304482636391-0.3589452896051555j)	0.42821812629699707	13.251582459485222
140	(-1.5115600520740315-0.31007593693552793j)	0.36965107917785645	13.346910390848425
141	(-1.517023574950855-0.26183649429220457j)	0.32912611961364746	13.442238322211628
142	(-1.5211213914207276-0.21289290997994337j)	0.3351480960845947	13.537566253574832
143	(-1.5252851439917618-0.16371245064954687j)	0.34098219871520996	13.632894184938035
144	(-1.5275949840726897-0.11516580702295887j)	0.35309600830078125	13.728222116301238
145	(-1.5295412749523507-0.06685082443096191j)	0.3450276851654053	13.82355004766444
146	(-1.5310752190823824-0.018311416463213992j)	0.35797905921936035	13.918877979027643
147	(-1.5304636232351836+0.030696602817207208j)	0.34206104278564453	14.014205910390846
148	(-1.5299377982783433+0.07863223202449299j)	0.33925509452819824	14.10953384175405
149	(-1.527635438446179+0.1269475103781501j)	0.37233710289001465	14.204861773117253
150	(-1.5253886673913457+0.1750199279377962j)	0.35111093521118164	14.300189704480456
151	(-1.5215381429501933+0.22325878802057653j)	0.3446671962738037	14.395517635843659
152	(-1.5168728687782551+0.2710383823004563j)	0.33548402786254883	14.490845567206861
153	(-1.5120146790469389+0.318520978774834j)	0.3295900821685791	14.586173498570064
154	(-1.5053531290956907+0.36600541261453245j)	0.3279268741607666	14.681501429933268
155	(-1.497842714741383+0.41332016958533324j)	0.3350081443786621	14.776829361296471
156	(-1.4896474388066863+0.4597617397257019j)	0.35323309898376465	14.872157292659674
157	(-1.4808984217933956+0.5067337378131754j)	0.3523430824279785	14.967485224022877
158	(-1.470916676695382+0.55281335514102j)	0.32927799224853516	15.06281315538608
159	(-1.4602700358995468+0.5991501589437744j)	0.5053331851959229	15.158141086749284
160	(-1.448969713477683+0.6442947250773512j)	0.42774295806884766	15.253469018112487
161	(-1.436141057115933+0.6894913825894374j)	0.41306614875793457	15.34879694947569
162	(-1.4235129871995826+0.7337926344384241j)	0.5187053680419922	15.444124880838892
163	(-1.408252228698402+0.7784391292120731j)	0.35968995094299316	15.539452812202095
164	(-1.3936406482812007+0.8226345997708239j)	0.47281885147094727	15.634780743565297
165	(-1.3773754049251978+0.8661978819457202j)	0.3875081539154053	15.730108674928502
166	(-1.3606574959541198+0.9097513053135602j)	0.4715540409088135	15.825436606291705
167	(-1.3435263205331078+0.9519424842011341j)	0.41526293754577637	15.920764537654907
168	(-1.3245918697823114+0.9942092196671252j)	0.3951420783996582	16.016092469018112
169	(-1.3058703719346099+1.0353739897160565j)	0.5061259269714355	16.111420400381316
170	(-1.285494848441601+1.0762309343929166j)	0.3759889602661133	16.206748331744517
171	(-1.2651054083570301+1.116811676460975j)	0.34700894355773926	16.302076263107722
172	(-1.2438372327584575+1.1569547202780774j)	0.32683396339416504	16.397404194470923
173	(-1.220939322569019+1.196505633231809j)	0.32593607902526855	16.492732125834127
174	(-1.1983445562733428+1.2349879743512653j)	0.32939982414245605	16.588060057197332
175	(-1.1742057714847398+1.2730111565526936j)	0.32149696350097656	16.683387988560533
176	(-1.150140147239569+1.3102898863780956j)	0.32225680351257324	16.778715919923737
177	(-1.1245904045000967+1.3471138099980349j)	0.3522660732269287	16.874043851286938
178	(-1.0985204523398167+1.3830792196632835j)	0.3253357410430908	16.969371782650143
179	(-1.0722923330721967+1.4186474851942488j)	0.34232091903686523	17.064699714013347
180	(-1.043955590837228+1.4524305460252933j)	0.3322029113769531	17.160027645376548
181	(-1.0171332361832783+1.4871984360304058j)	0.32442498207092285	17.255355576739753
182	(-0.988630500686319+1.5199770153402836j)	0.3280770778656006	17.350683508102954
183	(-0.9593136416552377+1.5529137535290995j)	0.3325779438018799	17.446011439466158
184	(-0.929347205397693+1.5840025103449555j)	0.3131260871887207	17.541339370829363
185	(-0.8988056602015486+1.61527429191712j)	0.3179349899291992	17.636667302192564
186	(-0.8675418416798175+1.6452281180445325j)	0.33302903175354004	17.731995233555768
187	(-0.8359340819067644+1.674802815353625j)	0.33034777641296387	17.82732316491897
188	(-0.8044076727075237+1.7033486935826785j)	0.31185102462768555	17.922651096282173
189	(-0.7715518822976946+1.7308807541205402j)	0.3175029754638672	18.017979027645374
190	(-0.7386391457408678+1.7578589551538764j)	0.3282921314239502	18.11330695900858
191	(-0.7048714716043573+1.7832945296009206j)	0.3173351287841797	18.208634890371783
192	(-0.670487058845835+1.8086537765545905j)	0.317094087600708	18.303962821734984
193	(-0.6363568045969991+1.833023120844214j)	0.3243892192840576	18.39929075309819
194	(-0.6005322327411008+1.8563480851566154j)	0.31937718391418457	18.49461868446139
195	(-0.5654859327421465+1.8788682493282796j)	0.323883056640625	18.589946615824594
196	(-0.5293684715198207+1.900305110064373j)	0.32341670989990234	18.6852745471878
197	(-0.49337003693113823+1.9210405225536027j)	0.3341100215911865	18.780602478551
198	(-0.4566115763902858+1.940243445535748j)	0.3268551826477051	18.875930409914204
199	(-0.41934475866395815+1.959290801708308j)	0.3239009380340576	18.971258341277405
200	(-0.3820683309042816+1.977151881947686j)	0.32543277740478516	19.06658627264061
201	(-0.343856505497259+1.9940873717340368j)	0.3349008560180664	19.161914204003814
202	(-0.30637546317517506+2.0101613927716313j)	0.32506418228149414	19.257242135367015
203	(-0.2682381916349914+2.0252731413090954j)	0.3696577548980713	19.35257006673022
204	(-0.2296940268864357+2.039205619036541j)	0.31917309761047363	19.44789799809342
205	(-0.19079896293775345+2.051707168256398j)	0.31771111488342285	19.543225929456625
206	(-0.15173219827594508+2.064149429250222j)	0.3286769390106201	19.63855386081983
207	(-0.11254584639576937+2.074963298004309j)	0.34259819984436035	19.73388179218303
208	(-0.07267227453582947+2.085241789072414j)	0.3344721794128418	19.829209723546235
209	(-0.03344128279580438+2.0946115195804524j)	0.3319828510284424	19.924537654909436
210	(0.006400820683324371+2.1026124144379663j)	0.3331139087677002	20.01986558627264
211	(0.04602878524699028+2.1101689129505874j)	0.3642103672027588	20.11519351763584
212	(0.08578654909644345+2.1157567063162297j)	0.3481330871582031	20.210521448999046
213	(0.12603858754126174+2.1210238840952065j)	0.33899521827697754	20.30584938036225
214	(0.1656750814770035+2.1251859839641103j)	0.31882596015930176	20.40117731172545
215	(0.20651855530108232+2.128231217908761j)	0.3231360912322998	20.496505243088656
216	(0.24637042455732072+2.1306956633650564j)	0.3122749328613281	20.591833174451857
217	(0.28663635725110526+2.131731122149081j)	0.35121607780456543	20.68716110581506
218	(0.32655355065517777+2.132259830998633j)	0.3328580856323242	20.782489037178266
219	(0.36645329806377946+2.13103823359239j)	0.3276031017303467	20.877816968541467
220	(0.4069599298274422+2.129080297104787j)	0.32599782943725586	20.97314489990467
221	(0.4463877517765541+2.126252808322441j)	0.3254892826080322	21.068472831267872
222	(0.4866937253217408+2.122437130909616j)	0.3142259120941162	21.163800762631077
223	(0.5262243464689776+2.1179546811733325j)	0.32286596298217773	21.25912869399428
224	(0.5659079189937986+2.1120527545198824j)	0.32024502754211426	21.354456625357482
225	(0.6050976464756223+2.1055612428375485j)	0.3290891647338867	21.449784556720687
226	(0.6441072493406986+2.0976413611584936j)	0.334259033203125	21.545112488083888
227	(0.6832854562821533+2.0889122020494426j)	0.3276059627532959	21.640440419447092
228	(0.7218789750157895+2.0791500213076293j)	0.3303649425506592	21.735768350810293
229	(0.7608879620750603+2.0684028604380225j)	0.3279697895050049	21.831096282173498
230	(0.7991304103674219+2.0573199921948775j)	0.320436954498291	21.926424213536702
231	(0.8371456174355243+2.0444515759907467j)	0.3178110122680664	22.021752144899903
232	(0.8747303062479563+2.0314961935949403j)	0.32250189781188965	22.117080076263107
233	(0.9118533726510215+2.0167484613036j)	0.31341123580932617	22.21240800762631
234	(0.9490639843960899+2.0013273154791524j)	0.32710695266723633	22.307735938989513
235	(0.9854871235798953+1.9850900923055257j)	0.3303549289703369	22.403063870352717
236	(1.0222124020969205+1.9677032295756116j)	0.3322269916534424	22.49839180171592
237	(1.0580701795871728+1.9499941618065761j)	0.3496696949005127	22.593719733079123
238	(1.093635265620502+1.9308389889814996j)	0.327333927154541	22.689047664442324
239	(1.1287315026988887+1.9114531256229546j)	0.33410096168518066	22.78437559580553
240	(1.1630114880439484+1.8905740304994272j)	0.34446167945861816	22.879703527168733
241	(1.1973409583556107+1.8690458491462636j)	0.32422971725463867	22.975031458531934
242	(1.2307812674617173+1.8467552649649126j)	0.33068227767944336	23.07035938989514
243	(1.2641184709412874+1.8230507247067542j)	0.3189880847930908	23.16568732125834
244	(1.2967674704192058+1.7992806429234063j)	0.39682984352111816	23.261015252621544
245	(1.3289270110618914+1.7741602799227056j)	0.3804299831390381	23.356343183984748
246	(1.3606082981597587+1.7489543443251452j)	0.3280301094055176	23.45167111534795
247	(1.3911524870717276+1.722381328622983j)	0.3369638919830322	23.546999046711154
248	(1.4216867121900534+1.6950257656031698j)	0.30600666999816895	23.642326978074355
249	(1.4524858153759113+1.665488592182401j)	0.2981691360473633	23.73765490943756
250	(1.4806075514034926+1.6380307309949547j)	0.3499629497528076	23.83298284080076
251	(1.5091397928703865+1.6088489191473228j)	0.32941293716430664	23.928310772163965
252	(1.5371158770703204+1.5784989081288803j)	0.3501121997833252	24.02363870352717
253	(1.5645589261966346+1.547865966181938j)	0.32262086868286133	24.11896663489037
254	(1.5906860953030206+1.516318521930842j)	0.3471400737762451	24.214294566253574
255	(1.6163570913652507+1.4841074618784613j)	0.34212779998779297	24.309622497616775
256	(1.641457369807432+1.4512211643013453j)	0.31891822814941406	24.40495042897998
257	(1.6659673587980812+1.417302254266032j)	0.32112598419189453	24.500278360343184
258	(1.6898298164061571+1.3833779419104273j)	0.32712292671203613	24.595606291706385
259	(1.7128134936626724+1.3483507645432105j)	0.35918402671813965	24.69093422306959
260	(1.7352824510389628+1.3132631639006793j)	0.3557760715484619	24.78626215443279
261	(1.756318351263575+1.2774902062216924j)	0.31931519508361816	24.881590085795995
262	(1.7771561750224993+1.2409181332783432j)	0.3219337463378906	24.9769180171592
263	(1.7967079566466229+1.204085006859289j)	0.31139111518859863	25.0722459485224
264	(1.8158301902456517+1.1661411533572488j)	0.31512904167175293	25.167573879885605
265	(1.8341781602616223+1.128327516747523j)	0.31728625297546387	25.262901811248806
266	(1.8515716091934942+1.0895847598344068j)	0.31325626373291016	25.35822974261201
267	(1.868549982603266+1.0508593570311644j)	0.3377959728240967	25.45355767397521
268	(1.883719374966069+1.0117234747608435j)	0.3303232192993164	25.548885605338416
269	(1.899052322209667+0.9717217502642331j)	0.3156909942626953	25.64421353670162
270	(1.913085068633766+0.9315755075380834j)	0.3260316848754883	25.73954146806482
271	(1.92601017728286+0.8906923277176003j)	0.34587907791137695	25.834869399428026
272	(1.9387634549431925+0.8497562992399186j)	0.33782315254211426	25.930197330791227
273	(1.9497361351184437+0.8082953610940362j)	0.37172794342041016	26.02552526215443
274	(1.9607114136788315+0.7668625321897855j)	0.33016109466552734	26.120853193517636
275	(1.9701303822082141+0.7251285985026784j)	0.3181188106536865	26.216181124880837
276	(1.9790392543843542+0.6828336679682223j)	0.3151707649230957	26.31150905624404
277	(1.986651497871152+0.6406419233756107j)	0.313295841217041	26.406836987607242
278	(1.9934986126235852+0.5975394699601001j)	0.3232412338256836	26.502164918970447
279	(1.999694085049253+0.5546987526800585j)	0.3189523220062256	26.59749285033365
280	(2.004935993003187+0.511312058148432j)	0.32507801055908203	26.692820781696852
281	(2.0093498401003034+0.4680786178994548j)	0.31574511528015137	26.788148713060057
282	(2.0124339298555585+0.42481227327994675j)	0.3114311695098877	26.883476644423258
283	(2.0149928989461605+0.3811465759105441j)	0.31254100799560547	26.978804575786462
284	(2.016237435791503+0.3377524336553459j)	0.3255631923675537	27.074132507149667
285	(2.0169903525434485+0.2934133276470806j)	0.3252110481262207	27.169460438512868
286	(2.016286164156612+0.24984131344935845j)	0.32023096084594727	27.264788369876072
287	(2.0150028559863857+0.2061720634343931j)	0.32307934761047363	27.360116301239273
288	(2.013038658670908+0.16160826809151974j)	0.31330204010009766	27.455444232602478
289	(2.0095757593047288+0.1178804295999023j)	0.3164939880371094	27.55077216396568
290	(2.005626588752414+0.07384502949218963j)	0.33435606956481934	27.646100095328883
291	(2.000468677557725+0.030294633890540323j)	0.3220398426055908	27.741428026692088
292	(1.994207791698993-0.013879191219436482j)	0.3185758590698242	27.83675595805529
293	(1.987453519882939-0.05758678129426398j)	0.31522607803344727	27.932083889418493
294	(1.9794140157705757-0.10156386571535558j)	0.31511902809143066	28.027411820781694
295	(1.971006541274927-0.1452441513483131j)	0.3834648132324219	28.1227397521449
296	(1.9612510991848564-0.18843246000198377j)	0.34509730339050293	28.218067683508103
297	(1.9508380177847169-0.23188238740972517j)	0.33032870292663574	28.313395614871304
298	(1.9392953273449143-0.27454863694111287j)	0.34301328659057617	28.40872354623451
299	(1.9265942667502562-0.3177669651386923j)	0.4824409484863281	28.50405147759771
300	(1.9134988920936957-0.36032093771335855j)	0.5612368583679199	28.599379408960914
301	(1.898983232873736-0.40303577847977834j)	0.3281087875366211	28.69470734032412
302	(1.8843431449509804-0.44529123623299083j)	0.3391759395599365	28.79003527168732
303	(1.8684757373781857-0.48707246751375377j)	0.3524012565612793	28.885363203050524
304	(1.8516252198431666-0.5287006137003591j)	0.5537400245666504	28.980691134413725
305	(1.8339924792439761-0.569604248151134j)	0.620772123336792	29.07601906577693
306	(1.815130876947019-0.6107216664147966j)	0.40258121490478516	29.17134699714013
307	(1.7959101924799568-0.6511965550659476j)	0.4427790641784668	29.266674928503335
308	(1.7753365588333052-0.6914329957981269j)	0.3482809066772461	29.36200285986654
309	(1.7545755496174384-0.7315180740679074j)	0.32070398330688477	29.45733079122974
310	(1.73263268214436-0.7706688915928097j)	0.31009697914123535	29.552658722592945
311	(1.710018093922581-0.8097853731675355j)	0.3148670196533203	29.647986653956146
312	(1.686637783689951-0.8478975705684707j)	0.3274650573730469	29.74331458531935
313	(1.6619643687650891-0.8859890269558949j)	0.32250118255615234	29.838642516682555
314	(1.636944109119191-0.9238234555379663j)	0.3333580493927002	29.933970448045756
315	(1.610834901963961-0.9604568691065032j)	0.34281301498413086	30.02929837940896
316	(1.5844701226711475-0.9972311548969882j)	0.3263077735900879	30.12462631077216
317	(1.5570702252267972-1.0329985899972105j)	0.31984782218933105	30.219954242135366
318	(1.5290537269074882-1.0685351515413277j)	0.3274269104003906	30.31528217349857
319	(1.5004376625981066-1.102968362073159j)	0.3283090591430664	30.41061010486177
320	(1.4705993162285518-1.1372006304392632j)	0.3133578300476074	30.505938036224975
321	(1.440542005866635-1.1706892972593148j)	0.31076598167419434	30.601265967588176
322	(1.409232331134029-1.2036064565262075j)	0.312755823135376	30.69659389895138
323	(1.377818481676049-1.2362036274300556j)	0.32295870780944824	30.791921830314585
324	(1.3455639890925666-1.2676479707283255j)	0.31099390983581543	30.887249761677786
325	(1.3127602833313348-1.2989658041599959j)	0.3319249153137207	30.98257769304099
326	(1.2795607648469922-1.3288600568149236j)	0.32589006423950195	31.077905624404192
327	(1.2451295233035575-1.358408883033428j)	0.31855106353759766	31.173233555767396
328	(1.2106126660945369-1.3872327441209462j)	0.3149750232696533	31.268561487130597
329	(1.1749695519347445-1.4152324097347055j)	0.313032865524292	31.3638894184938
330	(1.1392396404228833-1.4429837115348991j)	0.32056713104248047	31.459217349857006
331	(1.1028512422431143-1.4694053032311278j)	0.31577515602111816	31.554545281220207
332	(1.0659211883330775-1.495563926243996j)	0.30817103385925293	31.64987321258341
333	(1.0288398302834592-1.5204046683106571j)	0.312938928604126	31.745201143946613
334	(0.9906043401567315-1.5446038373154607j)	0.3114151954650879	31.840529075309817
335	(0.9524963619400733-1.5680595470851675j)	0.32097911834716797	31.93585700667302
336	(0.9132860636488502-1.590516529173643j)	0.3200099468231201	32.03118493803622
337	(0.8744636646855074-1.61264249269848j)	0.32764291763305664	32.12651286939942
338	(0.8343372951127355-1.6335439119017505j)	0.324448823928833	32.22184080076263
339	(0.7942166948446606-1.6539995688803657j)	0.3329620361328125	32.31716873212583
340	(0.7540249758941643-1.6731661919922358j)	0.31246399879455566	32.41249666348903
341	(0.7127505086940034-1.6913455392283636j)	0.3187718391418457	32.50782459485224
342	(0.6719456912759785-1.7090572584419919j)	0.32540225982666016	32.60315252621544
343	(0.630129641295315-1.7254731496970814j)	0.31710314750671387	32.69848045757864
344	(0.5882319720172664-1.7416154783019173j)	0.313032865524292	32.79380838894184
345	(0.5463266328408307-1.756656928367295j)	0.3357579708099365	32.88913632030505
346	(0.5036465903028076-1.7706322295381671j)	0.31182289123535156	32.98446425166825
347	(0.46141752992269697-1.7836658951151543j)	0.31615710258483887	33.07979218303145
348	(0.41854527570085864-1.795925246838792j)	0.33109307289123535	33.17512011439466
349	(0.37543536781133613-1.8070141140725882j)	0.3147768974304199	33.27044804575786
350	(0.33198850288620374-1.8170113492997575j)	0.3249201774597168	33.36577597712106
351	(0.28840383262078784-1.8267003762781473j)	0.3145787715911865	33.46110390848427
352	(0.24483077391758615-1.835014367316971j)	0.3244321346282959	33.55643183984747
353	(0.20100329726816984-1.84285634703093j)	0.3178238868713379	33.65175977121067
354	(0.15759298349772502-1.8494481944522108j)	0.3092532157897949	33.74708770257387
355	(0.11357167715609524-1.854899689797513j)	0.3123328685760498	33.84241563393708
356	(0.06979547144791304-1.8597262080874752j)	0.3302309513092041	33.93774356530028
357	(0.025580842090155168-1.863176847526238j)	0.3156731128692627	34.03307149666348
358	(-0.018570125894552238-1.866199679907422j)	0.3216288089752197	34.12839942802669
359	(-0.06256694028795574-1.8680034762310653j)	0.3123908042907715	34.22372735938989
360	(-0.10678246065438726-1.869053124244246j)	0.32088303565979004	34.31905529075309
361	(-0.1503804668675262-1.8690979359827355j)	0.3118627071380615	34.41438322211629
362	(-0.19455862608380364-1.867953197863327j)	0.31488513946533203	34.5097111534795
363	(-0.23807058017628266-1.8661685773637047j)	0.32379794120788574	34.6050390848427
364	(-0.2818834142190781-1.8629330885898492j)	0.313953161239624	34.7003670162059
365	(-0.32570648791692214-1.8592842644001302j)	0.3224649429321289	34.79569494756911
366	(-0.3691206948698305-1.8543313838156803j)	0.3177459239959717	34.89102287893231
367	(-0.4127087927574708-1.8488282271089092j)	0.31032800674438477	34.98635081029551
368	(-0.4554906640824898-1.8423394501401655j)	0.310899019241333	35.08167874165872
369	(-0.498518280383593-1.8345967463385893j)	0.3203001022338867	35.17700667302192
370	(-0.5410536775629499-1.8262737188932106j)	0.31495189666748047	35.27233460438512
371	(-0.5834924439731662-1.8164627539174212j)	0.31500697135925293	35.36766253574832
372	(-0.6259187160481329-1.8062701070346199j)	0.31151700019836426	35.46299046711153
373	(-0.667692546474539-1.7948544914493207j)	0.30916810035705566	35.55831839847473
374	(-0.7096560116608468-1.7827317337999091j)	0.3135819435119629	35.65364632983793
375	(-0.7509838579199362-1.7696468892265578j)	0.3242471218109131	35.74897426120114
376	(-0.7917264479287106-1.7558268989143866j)	0.32248616218566895	35.84430219256434
377	(-0.8321125862377209-1.7411917646221673j)	0.3132290840148926	35.93963012392754
378	(-0.8722255936786509-1.7252319858588074j)	0.3109409809112549	36.034958055290744
379	(-0.9122212281961966-1.708549037509844j)	0.31095385551452637	36.13028598665395
380	(-0.9515105140101244-1.6909388108823242j)	0.31636714935302734	36.22561391801715
381	(-0.9908129257494085-1.6726761000178278j)	0.3163330554962158	36.320941849380354
382	(-1.0291175255035345-1.6537236865354425j)	0.31226396560668945	36.41626978074356
383	(-1.0671790814974191-1.6335733206446308j)	0.31059813499450684	36.51159771210676
384	(-1.1044772496843844-1.6129896592125554j)	0.3148682117462158	36.606925643469964
385	(-1.141415976544848-1.5910329691634533j)	0.32457613945007324	36.70225357483317
386	(-1.178162401158757-1.5686407831527263j)	0.3134770393371582	36.79758150619637
387	(-1.2139429413073588-1.5452915199474393j)	0.3149089813232422	36.892909437559574
388	(-1.2496696562713119-1.521435758108931j)	0.33136510848999023	36.988237368922775
389	(-1.2841263005086507-1.4964470915495645j)	0.32504916191101074	37.08356530028598
390	(-1.318621677074367-1.4710060528404416j)	0.3162827491760254	37.178893231649184
391	(-1.352118682853787-1.4449729061253507j)	0.3180418014526367	37.274221163012385
392	(-1.384906760200103-1.417720524645417j)	0.3235170841217041	37.36954909437559
393	(-1.4174291585625918-1.389942204798428j)	0.3187997341156006	37.464877025738794
394	(-1.448945052512509-1.3614057152221166j)	0.31693100929260254	37.560204957101995
395	(-1.4802501161412245-1.3323366087289064j)	0.3149731159210205	37.655532888465196
396	(-1.510557202033004-1.3026194966295488j)	0.32044482231140137	37.750860819828404
397	(-1.5401558493827532-1.2720049466486634j)	0.31331396102905273	37.846188751191605
398	(-1.5689972739114322-1.2411886051764571j)	0.3101811408996582	37.941516682554806
399	(-1.596906742244857-1.209231948499332j)	0.31136488914489746	38.036844613918014
400	(-1.624570591573519-1.1768625420309151j)	0.3309659957885742	38.132172545281215
401	(-1.6510005919844977-1.143804648917553j)	0.34502577781677246	38.227500476644416
402	(-1.677226388679522-1.1101177175911987j)	0.31431007385253906	38.322828408007624
403	(-1.7023389508154254-1.0762775123061465j)	0.3113861083984375	38.418156339370825
404	(-1.7266754886781104-1.0414856914741382j)	0.3117179870605469	38.513484270734025
405	(-1.7502722717552603-1.0065741656426095j)	0.31096506118774414	38.608812202097226
406	(-1.7726291741729112-0.9707449156335368j)	0.3139491081237793	38.704140133460434
407	(-1.794718420004983-0.9344949396320649j)	0.42774415016174316	38.799468064823635
408	(-1.8155734225625502-0.8977995646603725j)	0.32151293754577637	38.894795996186836
409	(-1.8359956875507828-0.8604658338361568j)	0.3172910213470459	38.990123927550044
410	(-1.8554041094739198-0.823131760474457j)	0.3106842041015625	39.085451858913245
411	(-1.8738661450295488-0.7849778397920248j)	0.3143489360809326	39.180779790276446
412	(-1.8916238619236083-0.7468915799895284j)	0.3137369155883789	39.276107721639654
413	(-1.9079723740121484-0.708117901883494j)	0.3258819580078125	39.371435653002855
414	(-1.9239855221043434-0.6688175362879696j)	0.3117489814758301	39.466763584366056
415	(-1.9387043025488606-0.6293251333931877j)	0.3197031021118164	39.56209151572926
416	(-1.95294035432539-0.5891795933868307j)	0.31140875816345215	39.657419447092465
417	(-1.9661389592588485-0.5492892928328611j)	0.30996012687683105	39.752747378455666
418	(-1.9783334060173876-0.5087127210256207j)	0.3126211166381836	39.84807530981887
419	(-1.9898028915800954-0.46830345436803955j)	0.31183481216430664	39.943403241182075
420	(-1.9999480069857754-0.42725425736024236j)	0.32332491874694824	40.038731172545276
421	(-2.00939388263374-0.3861165268060441j)	0.3121950626373291	40.13405910390848
422	(-2.017664060172859-0.3448252704513265j)	0.31348299980163574	40.22938703527168
423	(-2.0253128760829413-0.3029114980485662j)	0.31435585021972656	40.324714966634886
424	(-2.032023704478215-0.2614162988716904j)	0.3176281452178955	40.42004289799809
425	(-2.0376376786842987-0.21936760352213247j)	0.31560397148132324	40.51537082936129
426	(-2.0422020054722476-0.17751088433861634j)	0.32067394256591797	40.610698760724496
427	(-2.045998593447262-0.13555462040946187j)	0.3248589038848877	40.7060266920877
428	(-2.048895353168613-0.0932473300825149j)	0.3124232292175293	40.8013546234509
429	(-2.0505182862999893-0.051080861254788446j)	0.31057095527648926	40.896682554814106
430	(-2.051441724383478-0.008465347251212618j)	0.3246901035308838	40.99201048617731
431	(-2.0515229131098707+0.03367144487225304j)	0.31218791007995605	41.08733841754051
432	(-2.0503502329097363+0.0761832774184007j)	0.317141056060791	41.18266634890371
433	(-2.048661956252991+0.11830795594030352j)	0.3177680969238281	41.27799428026692
434	(-2.0454725204056787+0.16045122056459438j)	0.3235912322998047	41.37332221163012
435	(-2.041646850662825+0.20275608406996548j)	0.31498098373413086	41.46865014299332
436	(-2.0365884147645956+0.24468129334469657j)	0.31844401359558105	41.56397807435653
437	(-2.0307523264252976+0.28705101552092593j)	0.3116579055786133	41.65930600571973
438	(-2.0241659592060746+0.32886677759302096j)	0.31247901916503906	41.75463393708293
439	(-2.016343307217092+0.3707522416765142j)	0.308988094329834	41.84996186844613
440	(-2.007492942720482+0.4135502286001562j)	0.2907450199127197	41.94528979980934
441	(-1.9981906048999096+0.45353916268849903j)	0.31545186042785645	42.04061773117254
442	(-1.9877059997441573+0.4945468083080524j)	0.31664109230041504	42.13594566253574
443	(-1.9761397987650067+0.5355681318115062j)	0.3132359981536865	42.23127359389895
444	(-1.9637401701085517+0.5766318790312318j)	0.3280000686645508	42.32660152526215
445	(-1.9505999338985522+0.6170309875259771j)	0.31133389472961426	42.42192945662535
446	(-1.9362748882102838+0.6573509915740466j)	0.31600403785705566	42.51725738798856
447	(-1.9215500847437712+0.6972199850324433j)	0.3130161762237549	42.61258531935176
448	(-1.905397115899948+0.7365537900196202j)	0.31374597549438477	42.70791325071496
449	(-1.8886091001105394+0.7759348202253884j)	0.3135547637939453	42.80324118207816
450	(-1.87071047977114+0.8144911734684795j)	0.3189890384674072	42.89856911344137
451	(-1.8519628413316616+0.8532321053839181j)	0.31629490852355957	42.99389704480457
452	(-1.8326060314373027+0.8912208262591625j)	0.3115689754486084	43.08922497616777
453	(-1.812154886075541+0.9290179423258996j)	0.31837010383605957	43.18455290753098
454	(-1.7912483898501734+0.96634551944037j)	0.3231942653656006	43.27988083889418
455	(-1.7690995737241835+1.0028112975792796j)	0.31559205055236816	43.37520877025738
456	(-1.7461239392640215+1.039296756182386j)	0.31655001640319824	43.47053670162058
457	(-1.722643500977155+1.0748010377088915j)	0.31006622314453125	43.56586463298379
458	(-1.697983744511935+1.1103343354610806j)	0.3131101131439209	43.66119256434699
459	(-1.672932184613091+1.1450148234071633j)	0.31820011138916016	43.75652049571019
460	(-1.6466647863486614+1.1793553091145874j)	0.3173942565917969	43.8518484270734
461	(-1.6202614831741482+1.2131377044081288j)	0.3129091262817383	43.9471763584366
462	(-1.5926706060126699+1.2459825966789342j)	0.31104397773742676	44.0425042897998
463	(-1.5644619813539795+1.2786418934882604j)	0.3201148509979248	44.13783222116301
464	(-1.535409309916224+1.3101806285168098j)	0.31096386909484863	44.23316015252621
465	(-1.5055691056881413+1.3417048818245536j)	0.3148519992828369	44.32848808388941
466	(-1.4752355065344076+1.3722793219468985j)	0.30986595153808594	44.42381601525261
467	(-1.443937417465735+1.4023276534201936j)	0.3251636028289795	44.51914394661582
468	(-1.4123788818541327+1.4315505385261973j)	0.3837409019470215	44.61447187797902
469	(-1.3800757572366154+1.4601925421390782j)	0.40157008171081543	44.70979980934222
470	(-1.3470975314992266+1.4882625804493925j)	0.40270304679870605	44.80512774070543
471	(-1.313571567109967+1.5153978252584641j)	0.38110804557800293	44.90045567206863
472	(-1.2788944055044371+1.5416829364293334j)	0.3540921211242676	44.99578360343183
473	(-1.2442497518030013+1.5675328080635695j)	0.33855485916137695	45.09111153479503
474	(-1.2085449251803186+1.592539589812549j)	0.3806800842285156	45.18643946615824
475	(-1.1728116211572117+1.6170264696358034j)	0.34700679779052734	45.28176739752144
476	(-1.1363117527038897+1.6402265989705171j)	0.3232247829437256	45.37709532888464
477	(-1.099335651804521+1.6630703195278038j)	0.32494330406188965	45.47242326024785
478	(-1.0618922652435991+1.6846463697549017j)	0.3372061252593994	45.56775119161105
479	(-1.0235701243662685+1.70574898034636j)	0.32312583923339844	45.66307912297425
480	(-0.9853774603323163+1.7262697249932129j)	0.3140678405761719	45.75840705433746
481	(-0.9460470268192852+1.7454378218157558j)	0.35257506370544434	45.85373498570066
482	(-0.906844590765764+1.7642931365110193j)	0.3399198055267334	45.94906291706386
483	(-0.867106463969902+1.781810195210483j)	0.34070611000061035	46.044390848427064
484	(-0.8269490020460117+1.7988336699697993j)	0.33574604988098145	46.13971877979027
485	(-0.7863572760433994+1.8146971472756586j)	0.33264708518981934	46.23504671115347
486	(-0.7453231731782801+1.8295872315599633j)	0.3524620532989502	46.330374642516674
487	(-0.7043547668008552+1.844022157346937j)	0.3353562355041504	46.42570257387988
488	(-0.6625135973515539+1.8573180046024684j)	0.3304572105407715	46.52103050524308
489	(-0.6207997919157913+1.8701696157924337j)	0.3336169719696045	46.61635843660628
490	(-0.5787532536417869+1.881518388929989j)	0.3477768898010254	46.71168636796949
491	(-0.5363191167470822+1.8923937665703943j)	0.3206901550292969	46.80701429933269
492	(-0.49401916886576136+1.9019482714075089j)	0.40009307861328125	46.90234223069589
493	(-0.45089106829649217+1.9107270253795967j)	0.3529012203216553	46.997670162059094
494	(-0.4080194433302846+1.9186873610237893j)	0.3396742343902588	47.0929980934223
495	(-0.3649187826337805+1.9257734864068117j)	0.3436610698699951	47.1883260247855
496	(-0.32125795961038184+1.9319438814644019j)	0.31958603858947754	47.283653956148704
497	(-0.277909040216627+1.9369190665850495j)	0.32747316360473633	47.37898188751191
498	(-0.23435415165531037+1.9413361981545032j)	0.3275928497314453	47.47430981887511
499	(-0.19087904356973118+1.9444497272628731j)	0.3260331153869629	47.569637750238314
500	(-0.14689770105157063+1.9466690326202114j)	0.3220088481903076	47.664965681601515
501	(-0.10325880428467982+1.9481122663627173j)	0.32312512397766113	47.76029361296472
502	(-0.05920739224243898+1.9483823428844116j)	0.3203999996185303	47.855621544327924
503	(-0.015348307097453051+1.948190774793785j)	0.3454630374908447	47.950949475691125
504	(0.028297459955082593+1.9466457443368437j)	0.3261706829071045	48.04627740705433
505	(0.07215134154128833+1.9445013784512832j)	0.32366514205932617	48.141605338417534
506	(0.11561960040860164+1.9410478979488106j)	0.3232839107513428	48.236933269780735
507	(0.15943405790783471+1.9367109870376507j)	0.3309199810028076	48.33226120114394
508	(0.20289973443990017+1.931578433239852j)	0.3415060043334961	48.427589132507144
509	(0.24648235064827828+1.9252961619869433j)	0.32043981552124023	48.522917063870345
510	(0.2898481790463511+1.9184384725293815j)	0.3304481506347656	48.618244995233546
511	(0.3329013998859277+1.9103830532309818j)	0.32988595962524414	48.713572926596754
512	(0.37601291196391506+1.901682718794986j)	0.32184481620788574	48.808900857959955
513	(0.4184422606848378+1.8917934570273567j)	0.32497382164001465	48.904228789323156
514	(0.46109131908848533+1.8809219399420998j)	0.3226621150970459	48.999556720686364
515	(0.5032630389520546+1.869342494075695j)	0.32233691215515137	49.094884652049565
516	(0.5454511082442725+1.8565463067484207j)	0.3193061351776123	49.190212583412766
517	(0.587280894981784+1.8433595155674611j)	0.32256388664245605	49.28554051477597
518	(0.6286530609700341+1.8289237207795592j)	0.33054494857788086	49.380868446139175
519	(0.6699487849873215+1.8138912134282503j)	0.3235750198364258	49.476196377502376
520	(0.7103901012058391+1.7978144066080848j)	0.3218960762023926	49.57152430886558
521	(0.7509827040171164+1.7806505396240695j)	0.3222160339355469	49.666852240228785
522	(0.7908683009777437+1.7628869090249002j)	0.32550573348999023	49.762180171591986
523	(0.8306171139635158+1.7439131926639484j)	0.3226282596588135	49.85750810295519
524	(0.8700396013803989+1.7245955498622019j)	0.3206658363342285	49.952836034318395
525	(0.9087110107528363+1.704160262581321j)	0.3175530433654785	50.048163965681596
526	(0.94677734008459+1.6830568505711692j)	0.3544340133666992	50.1434918970448
527	(0.9848203673471024+1.6610993165666745j)	0.3397359848022461	50.238819828408
528	(1.0223238910660442+1.6381519894727188j)	0.31175994873046875	50.334147759771206
529	(1.059137769549901+1.6146567040366417j)	0.31793689727783203	50.42947569113441
530	(1.0955423559678321+1.5897611444529254j)	0.3350400924682617	50.52480362249761
531	(1.1313267027488294+1.5648659371264413j)	0.32524704933166504	50.620131553860816
532	(1.1665858870145305+1.5389107193024278j)	0.32356715202331543	50.71545948522402
533	(1.2014879082248988+1.5123063488802737j)	0.32237887382507324	50.81078741658722
534	(1.23532928520488+1.4850738316569767j)	0.3229639530181885	50.90611534795042
535	(1.268823827267242+1.4567051590475328j)	0.3228647708892822	51.00144327931363
536	(1.3015734976102729+1.4280241401477434j)	0.31712794303894043	51.09677121067683
537	(1.333713484140172+1.3981196607142168j)	0.3239622116088867	51.19209914204003
538	(1.3654893123283234+1.3680118672271506j)	0.32979393005371094	51.28742707340324
539	(1.3962252178930326+1.3370648456401244j)	0.3209967613220215	51.38275500476644
540	(1.4267300106445409+1.3055300757566983j)	0.32321786880493164	51.47808293612964
541	(1.4559959015964457+1.273635162414212j)	0.3309791088104248	51.573410867492846
542	(1.4847925956394104+1.2405884125379352j)	0.32474303245544434	51.66873879885605
543	(1.5127290091098777+1.2073029696087587j)	0.3222651481628418	51.76406673021925
544	(1.5399542756091007+1.1730166245821256j)	0.32348203659057617	51.85939466158245
545	(1.5667332516337824+1.138522685102753j)	0.3165769577026367	51.95472259294566
546	(1.5924331622373864+1.1033240110954596j)	0.3262760639190674	52.05005052430886
547	(1.6176952474857527+1.0676672008991392j)	0.32154321670532227	52.14537845567206
548	(1.6417642505526462+1.0316889148162847j)	0.3272519111633301	52.24070638703527
549	(1.665193457735337+0.9948281387590501j)	0.31943607330322266	52.33603431839847
550	(1.6877448913055249+0.9578150946432606j)	0.32204508781433105	52.43136224976167
551	(1.709369865319318+0.9198658164022111j)	0.32376813888549805	52.52669018112488
552	(1.7305360308174558+0.8817799626277486j)	0.33116793632507324	52.62201811248808
553	(1.7505105073807188+0.843166996253733j)	0.3208799362182617	52.71734604385128
554	(1.77007369481578+0.8041697724906784j)	0.33192992210388184	52.81267397521448
555	(1.7883445278612364+0.7650254338079618j)	0.32070398330688477	52.90800190657769
556	(1.8058496861752131+0.7251353644572128j)	0.3187830448150635	53.00332983794089
557	(1.8223030390770154+0.6850499323941515j)	0.3206789493560791	53.09865776930409
558	(1.838005521425789+0.6445681290098477j)	0.3330082893371582	53.1939857006673
559	(1.8531030457527982+0.6037698214157486j)	0.32355618476867676	53.2893136320305
560	(1.866929224615502+0.5627091065085481j)	0.3236391544342041	53.3846415633937
561	(1.8802240624131201+0.5211894500562572j)	0.31510281562805176	53.4799694947569
562	(1.892351697299239+0.4798684899907678j)	0.32279276847839355	53.57529742612011
563	(1.9035341738116562+0.43790347102725535j)	0.32614898681640625	53.67062535748331
564	(1.9138616845745666+0.39599273318070527j)	0.3190317153930664	53.76595328884651
565	(1.9229632427272212+0.3535519181133696j)	0.3229658603668213	53.86128122020972
566	(1.9315929688666684+0.3110484357179746j)	0.31647205352783203	53.95660915157292
567	(1.9389691768520536+0.2683857585103624j)	0.3274860382080078	54.05193708293612
568	(1.9457543666333668+0.22544286269392455j)	0.32207298278808594	54.14726501429933
569	(1.9513849400657757+0.18276244549172083j)	0.32553911209106445	54.24259294566253
570	(1.9560033236949579+0.1397660389479618j)	0.32103919982910156	54.33792087702573
571	(1.9598094983374845+0.0969106705905266j)	0.3745918273925781	54.43324880838893
572	(1.9622911195502755+0.0537090875927998j)	0.31862592697143555	54.52857673975214
573	(1.9642410158051464+0.010401844947077743j)	0.32795095443725586	54.62390467111534
574	(1.9650104051796322-0.03266456265110773j)	0.3247561454772949	54.71923260247854
575	(1.9651204017294428-0.07612873418866317j)	0.3245999813079834	54.81456053384175
576	(1.9642569202987243-0.11888463210490918j)	0.3248250484466553	54.90988846520495
577	(1.9621230871855786-0.16214499221777467j)	0.32958483695983887	55.00521639656815
578	(1.959333996717596-0.20509363671001257j)	0.3350398540496826	55.10054432793135
579	(1.9551170267495022-0.24803913824841195j)	0.3213508129119873	55.19587225929456
580	(1.9504421776226555-0.29100020263885407j)	0.31682920455932617	55.29120019065776
581	(1.944477174334879-0.333597817738328j)	0.3248152732849121	55.38652812202096
582	(1.9542186871835936-0.3887410568290959j)	0.2659876346588135	55.48185605338417
583	(1.930370786750406-0.41870693501459744j)	0.3227882385253906	55.57718398474737
584	(1.921839819173976-0.460826977297927j)	0.32826781272888184	55.67251191611057
585	(1.9124007734476824-0.502753169703066j)	0.32065796852111816	55.76783984747378
586	(1.9017475984329215-0.5445768971256739j)	0.3246877193450928	55.86316777883698
587	(1.8904248994516193-0.5861427996004969j)	0.3226468563079834	55.95849571020018
588	(1.8779682228861632-0.6273401273262844j)	0.3479490280151367	56.05382364156338
589	(1.8648936164826226-0.6685869858530271j)	0.31917691230773926	56.14915157292659
590	(1.8509515704088946-0.709047332406197j)	0.32608985900878906	56.24447950428979
591	(1.8359423005774738-0.7493854296864084j)	0.34249091148376465	56.33980743565299
592	(1.8202738249025459-0.7892621782263709j)	0.32125377655029297	56.4351353670162
593	(1.8032417099001636-0.8287877600399114j)	0.32358407974243164	56.5304632983794
594	(1.785687716791614-0.8681690830608504j)	0.32332420349121094	56.6257912297426
595	(1.7671099972226814-0.9068627758454815j)	0.32083582878112793	56.721119161105804
596	(1.7478063114559705-0.9455201856752306j)	0.32255005836486816	56.81644709246901
597	(1.7277795612660656-0.98337244477257j)	0.33119797706604004	56.91177502383221
598	(1.7066721541633951-1.0209747976341312j)	0.3346579074859619	57.007102955195414
599	(1.6851172949678352-1.0578482213302975j)	0.3414158821105957	57.10243088655862
600	(1.662258774913968-1.0941748129705058j)	0.32659292221069336	57.19775881792182
601	(1.6388460738014896-1.13034030599118j)	0.3252561092376709	57.293086749285024
602	(1.6144639486953698-1.1656995156902046j)	0.3249938488006592	57.38841468064823
603	(1.5894741208107346-1.200872077636123j)	0.32201504707336426	57.48374261201143
604	(1.5638041324214083-1.2350667239682858j)	0.32926106452941895	57.579070543374634
605	(1.5371933651336775-1.268967923416819j)	0.32685184478759766	57.674398474737835
606	(1.5101926768494656-1.3020736419707677j)	0.3338942527770996	57.76972640610104
607	(1.4819963224850516-1.334450397292911j)	0.3219170570373535	57.865054337464244
608	(1.4533289666787121-1.3665243697263803j)	0.32175683975219727	57.960382268827445
609	(1.4237838460795367-1.3975871610822599j)	0.3282887935638428	58.05571020019065
610	(1.393635137617616-1.4285030357531656j)	0.328510046005249	58.151038131553854
611	(1.362792288651572-1.4585986722533633j)	0.3117859363555908	58.246366062917055
612	(1.3314614129536526-1.4877348176193554j)	0.3234069347381592	58.341693994280256
613	(1.2996238435295389-1.516306103002918j)	0.3251168727874756	58.437021925643464
614	(1.2667796225723174-1.5439449526462452j)	0.32214808464050293	58.532349857006665
615	(1.2335313423274634-1.571162230607408j)	0.3247199058532715	58.627677788369866
616	(1.1995307295577509-1.5973304959263523j)	0.32138586044311523	58.723005719733074
617	(1.1648638112323992-1.6232155994995878j)	0.31833386421203613	58.818333651096275
618	(1.130045182491109-1.6479856032373597j)	0.32428884506225586	58.913661582459476
619	(1.0943198655938973-1.672097734406858j)	0.320343017578125	59.008989513822684
620	(1.0584563461467222-1.695434012814677j)	0.32179808616638184	59.104317445185885
621	(1.021752457870445-1.7176756724240199j)	0.3241417407989502	59.199645376549086
622	(0.9846732906442138-1.7394039209986736j)	0.31618213653564453	59.29497330791229
623	(0.9469230430560375-1.7601378484098267j)	0.34320688247680664	59.390301239275495
624	(0.9087977863936754-1.7802415843198438j)	0.3225820064544678	59.485629170638695
625	(0.8704531327377343-1.799348299887965j)	0.3203740119934082	59.580957102001896
626	(0.8314552457537624-1.817751188472191j)	0.33194708824157715	59.676285033365104
627	(0.792374095734848-1.8352577469614737j)	0.31902003288269043	59.771612964728305
628	(0.7526260754377074-1.851609049394734j)	0.31921887397766113	59.866940896091506
629	(0.7126178355690331-1.8673837902917072j)	0.3219900131225586	59.962268827454714
630	(0.6722265255526736-1.881952900989809j)	0.31726813316345215	60.057596758817915
631	(0.6312709109514136-1.8960052393478155j)	0.3259701728820801	60.152924690181116
632	(0.5904064102028238-1.9089940423803373j)	0.31805419921875	60.24825262154432
633	(0.5489252453486734-1.9211504687371308j)	0.31800007820129395	60.343580552907525
634	(0.507613325456874-1.932530431584774j)	0.3219950199127197	60.438908484270726
635	(0.4658294700169694-1.9425172418419674j)	0.3354179859161377	60.53423641563393
636	(0.4238665465250169-1.9520098231542067j)	0.3313150405883789	60.629564346997135
637	(0.3816408457593192-1.9601815645622591j)	0.32291722297668457	60.724892278360336
638	(0.3389665083682759-1.96774037850786j)	0.31575512886047363	60.82022020972354
639	(0.29653918283223424-1.974330210105464j)	0.3438868522644043	60.91554814108674
640	(0.2536570078105663-1.9799121057489557j)	0.319472074508667	61.010876072449946
641	(0.21099038671054782-1.9847890431693544j)	0.3224160671234131	61.10620400381315
642	(0.16810039261052756-1.9883018945470252j)	0.3156130313873291	61.20153193517635
643	(0.1251054299300911-1.9912019372290173j)	0.3285808563232422	61.296859866539556
644	(0.08209428506204675-1.9928066700904263j)	0.3181781768798828	61.39218779790276
645	(0.03882678533421613-1.9937558618172329j)	0.324570894241333	61.48751572926596
646	(-0.00423095775055482-1.9937115010685036j)	0.3160982131958008	61.582843660629166
647	(-0.047569247690191885-1.9927096132283193j)	0.34444284439086914	61.67817159199237
648	(-0.09048048920149143-1.990969317766882j)	0.3236401081085205	61.77349952335557
649	(-0.13352236165793208-1.987843893434088j)	0.31842494010925293	61.86882745471877
650	(-0.17646314081359277-1.984126453678767j)	0.31665825843811035	61.96415538608198
651	(-0.21927433851959238-1.9790975373735442j)	0.3352539539337158	62.05948331744518
652	(-0.2622375597904049-1.973246316887729j)	0.32517194747924805	62.15481124880838
653	(-0.3048599569512669-1.966727541177861j)	0.32056283950805664	62.25013918017159
654	(-0.347552996426772-1.9590366620166118j)	0.32718801498413086	62.34546711153479
655	(-0.38984682043643976-1.9507372714570805j)	0.32579898834228516	62.44079504289799
656	(-0.43190662516524014-1.9410725056567126j)	0.320784330368042	62.53612297426119
657	(-0.47384397384963983-1.9308700712409304j)	0.32575321197509766	62.6314509056244
658	(-0.5154010634594334-1.9193768529831616j)	0.3197488784790039	62.7267788369876
659	(-0.5570807357507817-1.907022613192395j)	0.32235097885131836	62.8221067683508
660	(-0.5981907159980585-1.8940094909181648j)	0.3194770812988281	62.91743469971401
661	(-0.63923417526843-1.8798142341150206j)	0.31946396827697754	63.01276263107721
662	(-0.6798799900138325-1.8651391948843292j)	0.32877302169799805	63.10809056244041
663	(-0.7200022374813269-1.8492126496295733j)	0.31926989555358887	63.20341849380362
664	(-0.7599736893495318-1.8326081973562105j)	0.3257908821105957	63.29874642516682
665	(-0.7992952901392156-1.8149174210399726j)	0.32123303413391113	63.39407435653002
666	(-0.8387026159209767-1.796427051252294j)	0.3306889533996582	63.48940228789322
667	(-0.877350686036682-1.777114900205996j)	0.31909823417663574	63.58473021925643
668	(-0.915841273792735-1.7568384542501185j)	0.33438587188720703	63.68005815061963
669	(-0.9537706691142382-1.7361329398758591j)	0.3174397945404053	63.77538608198283
670	(-0.9910907772284454-1.7142508102971283j)	0.3327960968017578	63.87071401334604
671	(-1.0280901006835643-1.691725626214256j)	0.31895875930786133	63.96604194470924
672	(-1.064503641082883-1.668187716036861j)	0.3221580982208252	64.06136987607245
673	(-1.1004028225147469-1.6438670197782623j)	0.3206961154937744	64.15669780743565
674	(-1.1357484640891724-1.6189371172545128j)	0.3390669822692871	64.25202573879885
675	(-1.1707567937361225-1.5929883592004561j)	0.3168628215789795	64.34735367016206
676	(-1.2051506954943316-1.5667335767439146j)	0.31919312477111816	64.44268160152527
677	(-1.2387064711806555-1.5393469517289216j)	0.331928014755249	64.53800953288847
678	(-1.2719350164963132-1.511495998978573j)	0.3204610347747803	64.63333746425167
679	(-1.3043906642244725-1.4828296208753398j)	0.34812211990356445	64.72866539561487
680	(-1.3361647444014222-1.453090732692456j)	0.32309889793395996	64.82399332697807
681	(-1.3672835432100483-1.4230508475948935j)	0.31855320930480957	64.91932125834127
682	(-1.3979248272874298-1.392037067904785j)	0.3347780704498291	65.01464918970449
683	(-1.42796977334904-1.3607851694704083j)	0.31763792037963867	65.10997712106769
684	(-1.45708014369658-1.328599419151215j)	0.33995604515075684	65.20530505243089
685	(-1.4856921956635887-1.295995782524217j)	0.320892333984375	65.30063298379409
686	(-1.513196930015384-1.2626876716520417j)	0.31923818588256836	65.39596091515729
687	(-1.5403016442975677-1.2285463094217361j)	0.32170891761779785	65.49128884652049
688	(-1.566561577848279-1.194089347118768j)	0.32226085662841797	65.58661677788369
689	(-1.5921715995567993-1.1587370992767423j)	0.32625627517700195	65.6819447092469
690	(-1.6171719192788994-1.1232517193864444j)	0.31551504135131836	65.77727264061011
691	(-1.6409979924848657-1.087019860365641j)	0.323714017868042	65.87260057197331
692	(-1.66436603293354-1.050403579045844j)	0.3298680782318115	65.96792850333651
693	(-1.6864954190939283-1.013263584774808j)	0.32008981704711914	66.06325643469971
694	(-1.7081366014497341-0.975257431110726j)	0.3262898921966553	66.15858436606291
695	(-1.7290065298057438-0.9372510303671848j)	0.3094518184661865	66.25391229742611
696	(-1.7487419551688694-0.8984696652099441j)	0.3448812961578369	66.34924022878933
697	(-1.7680739570489823-0.8595848381216762j)	0.3273508548736572	66.44456816015253
698	(-1.7861452277262733-0.8201210874056228j)	0.3305830955505371	66.53989609151573
699	(-1.8037381423167158-0.7803685576707529j)	0.34462714195251465	66.63522402287893
700	(-1.819995558041373-0.7403498560941628j)	0.3215460777282715	66.73055195424213
701	(-1.8356483005209878-0.6995613206248396j)	0.32032179832458496	66.82587988560533
702	(-1.8503096322970227-0.6588358470036069j)	0.3199007511138916	66.92120781696855
703	(-1.864100026177823-0.6173895858802445j)	0.34163689613342285	67.01653574833175
704	(-1.8771347048045957-0.5760437164059403j)	0.3094351291656494	67.11186367969495
705	(-1.8892182343914927-0.5342548503647354j)	0.31879091262817383	67.20719161105815
706	(-1.9005059200925385-0.4922770055898466j)	0.3282172679901123	67.30251954242135
707	(-1.910543458638459-0.45022299784067105j)	0.31960105895996094	67.39784747378455
708	(-1.9198087130488748-0.40757059326746947j)	0.32222509384155273	67.49317540514775
709	(-1.9281153318514233-0.3650998518775692j)	0.3201780319213867	67.58850333651097
710	(-1.9354389107851682-0.32203263617004185j)	0.32141995429992676	67.68383126787417
711	(-1.9421695042384777-0.279116550145299j)	0.31964802742004395	67.77915919923737
712	(-1.947615760043287-0.23603444660324716j)	0.32033300399780273	67.87448713060057
713	(-1.9524824014531983-0.19281676924566768j)	0.32137227058410645	67.96981506196377
714	(-1.9559596611247254-0.14974038358146147j)	0.3198568820953369	68.06514299332697
715	(-1.9587218284570005-0.1062256741536648j)	0.31313300132751465	68.16047092469017
716	(-1.9604444900313642-0.06293965518262082j)	0.33135080337524414	68.25579885605339
717	(-1.9611058667032712-0.019340133985678215j)	0.3243541717529297	68.35112678741659
718	(-1.9612387325218112+0.02412036556890791j)	0.32025599479675293	68.44645471877979
719	(-1.9602807208925883+0.06752785954543403j)	0.3329808712005615	68.54178265014299
720	(-1.9582777643060372+0.11102674006289848j)	0.31797122955322266	68.63711058150619
721	(-1.9552402376241733+0.15407216738337032j)	0.32195615768432617	68.7324385128694
722	(-1.9510192836546778+0.19741681839548814j)	0.31811022758483887	68.8277664442326
723	(-1.9464810996830946+0.24046882025504213j)	0.32314395904541016	68.92309437559581
724	(-1.9406102873748212+0.2836223814836928j)	0.31832003593444824	69.01842230695901
725	(-1.9339900813239266+0.3266174045300291j)	0.35639500617980957	69.11375023832221
726	(-1.9262551617622035+0.3693495451619029j)	0.32617998123168945	69.20907816968541
727	(-1.917874063052767+0.4119988804479586j)	0.3312108516693115	69.30440610104861
728	(-1.908296768686156+0.4541424007091696j)	0.32135605812072754	69.39973403241181
729	(-1.8978376756110469+0.4963732124208738j)	0.3243279457092285	69.49506196377502
730	(-1.886532406086987+0.5380700334752988j)	0.31992197036743164	69.59038989513823
731	(-1.8741034196163584+0.5798672770111372j)	0.322620153427124	69.68571782650143
732	(-1.8611236436827918+0.621311378794468j)	0.34185004234313965	69.78104575786463
733	(-1.8469548323885014+0.6623246929979091j)	0.3279910087585449	69.87637368922783
734	(-1.832205916388688+0.7029263054248756j)	0.3303220272064209	69.97170162059103
735	(-1.8163884758522806+0.7433847691751416j)	0.3244507312774658	70.06702955195423
736	(-1.7995849475133716+0.7835613824598068j)	0.342724084854126	70.16235748331745
737	(-1.7821672825910773+0.8230128072865186j)	0.3215820789337158	70.25768541468065
738	(-1.763439114543629+0.8622847147812225j)	0.32118797302246094	70.35301334604385
739	(-1.7443327638589263+0.901234463084658j)	0.32311129570007324	70.44834127740705
740	(-1.7240733215966773+0.9396402986648712j)	0.3184189796447754	70.54366920877025
741	(-1.7032886860340508+0.9777953826370827j)	0.3345332145690918	70.63899714013345
742	(-1.681600935823625+1.0150348844857005j)	0.32378411293029785	70.73432507149666
743	(-1.658920466515897+1.0521506197901251j)	0.34162473678588867	70.82965300285987
744	(-1.6356109961303535+1.0884514111858872j)	0.32462573051452637	70.92498093422307
745	(-1.6111520245633228+1.124421562578572j)	0.32063722610473633	71.02030886558627
746	(-1.5863101704455915+1.1599536888764246j)	0.34809017181396484	71.11563679694947
747	(-1.5604879927357669+1.194796077606878j)	0.3190901279449463	71.21096472831267
748	(-1.5340878760517564+1.2292943577225524j)	0.3239109516143799	71.30629265967588
749	(-1.5070212842508461+1.2628105788084247j)	0.3144359588623047	71.40162059103908
750	(-1.4791166092161758+1.2960103727916674j)	0.333892822265625	71.49694852240229
751	(-1.4504325411192251+1.328285332690915j)	0.3245110511779785	71.59227645376549
752	(-1.4207741272985626+1.3600653996432452j)	0.31908202171325684	71.6876043851287
753	(-1.3908571829408707+1.3913380849594752j)	0.31935811042785645	71.7829323164919
754	(-1.359971967189657+1.421653608162851j)	0.35221195220947266	71.8782602478551
755	(-1.3288701519422716+1.4518603141066855j)	0.3262310028076172	71.9735881792183
756	(-1.296835659869947+1.4808401041621635j)	0.32268810272216797	72.0689161105815
757	(-1.2640795703849774+1.5093753258419127j)	0.3210737705230713	72.16424404194471
758	(-1.2310253429933653+1.536913075012606j)	0.3225553035736084	72.25957197330791
759	(-1.1968538135939217+1.5637257398627797j)	0.3331880569458008	72.35489990467111
760	(-1.1625094541789571+1.5900152657631057j)	0.3218812942504883	72.45022783603432
761	(-1.1274057439727523+1.6153976302479203j)	0.33673596382141113	72.54555576739752
762	(-1.091871388928969+1.6403282626947935j)	0.3207240104675293	72.64088369876072
763	(-1.055962460074819+1.6640490078340657j)	0.32495594024658203	72.73621163012393
764	(-1.019277604358255+1.6871004581910278j)	0.31829094886779785	72.83153956148713
765	(-0.982378176243327+1.7091134933658385j)	0.3279869556427002	72.92686749285033
766	(-0.9446059341599262+1.7306473174188741j)	0.3202691078186035	73.02219542421354
767	(-0.9066620171100046+1.7513648560596662j)	0.32141733169555664	73.11752335557674
768	(-0.8680776622857403+1.7710162500822666j)	0.32889509201049805	73.21285128693994
769	(-0.8291883971214926+1.7901529786943404j)	0.3194892406463623	73.30817921830314
770	(-0.7900836667842054+1.8081581391027757j)	0.3211541175842285	73.40350714966635
771	(-0.7503163613178734+1.825379532112027j)	0.3232588768005371	73.49883508102955
772	(-0.710494165061857+1.8416215991098834j)	0.32662391662597656	73.59416301239276
773	(-0.6699782828023075+1.8569524413980318j)	0.3176703453063965	73.68949094375596
774	(-0.6293031211271958+1.871604580408134j)	0.3345451354980469	73.78481887511916
775	(-0.588207655963753+1.8850324187790277j)	0.32266664505004883	73.88014680648236
776	(-0.5468120155549511+1.8979999311648723j)	0.31876301765441895	73.97547473784556
777	(-0.5051682367468938+1.9095991053781154j)	0.3247230052947998	74.07080266920877
778	(-0.4634861962136609+1.9207498800692873j)	0.3236720561981201	74.16613060057198
779	(-0.421738266475604+1.9307217805740993j)	0.32297301292419434	74.26145853193518
780	(-0.3793683531056085+1.9395337316650083j)	0.31858301162719727	74.35678646329838
781	(-0.33691554221631814+1.9477871248887122j)	0.3187880516052246	74.45211439466158
782	(-0.2942720814561999+1.9551386475872492j)	0.35061192512512207	74.54744232602478
783	(-0.25145566191911795+1.9612990658044518j)	0.31688880920410156	74.64277025738798
784	(-0.20876384744260998+1.96653907288499j)	0.3222792148590088	74.7380981887512
785	(-0.16565543182668258+1.9709465641096515j)	0.3162088394165039	74.8334261201144
786	(-0.1228470814943673+1.9744108527933324j)	0.34309816360473633	74.9287540514776
787	(-0.07967113874664844+1.9766490073852192j)	0.31972694396972656	75.0240819828408
788	(-0.03645955995280503+1.978302200402561j)	0.31943583488464355	75.119409914204
789	(0.006763201950867104+1.9787318624514785j)	0.3208320140838623	75.2147378455672
790	(0.050128303137773556+1.9784570014201701j)	0.32766294479370117	75.3100657769304
791	(0.09304960077774788+1.977175501917906j)	0.32361602783203125	75.40539370829362
792	(0.13629388859525404+1.9749266177375913j)	0.32523608207702637	75.50072163965682
793	(0.179141649318788+1.9718243772342905j)	0.3188149929046631	75.59604957102002
794	(0.2221228264602439+1.9673942455288171j)	0.32671594619750977	75.69137750238322
795	(0.2650342196917232+1.9623437993005357j)	0.3218200206756592	75.78670543374642
796	(0.3077390975545957+1.9561425641368493j)	0.32118725776672363	75.88203336510962
797	(0.3505534624263977+1.949271137234046j)	0.3188760280609131	75.97736129647284
798	(0.3928669375324934+1.94141542497104j)	0.34628987312316895	76.07268922783604
799	(0.43521267131855046+1.9325415839904188j)	0.3250722885131836	76.16801715919924
800	(0.47706641076534995+1.9229067618816615j)	0.3222520351409912	76.26334509056244
801	(0.5188545043281367+1.9119752421823426j)	0.31734514236450195	76.35867302192564
802	(0.5605081784803361+1.9004100392450072j)	0.34278416633605957	76.45400095328884
803	(0.6017191391906069+1.8877276427515028j)	0.32619404792785645	76.54932888465204
804	(0.6429968050977636+1.8743116507092359j)	0.3163459300994873	76.64465681601526
805	(0.683577709246759+1.8601103214124797j)	0.3272891044616699	76.73998474737846
806	(0.7241123324655132+1.8448443223257505j)	0.3225071430206299	76.83531267874166
807	(0.7639624210574782+1.8289116423810534j)	0.31887006759643555	76.93064061010486
808	(0.8036104548871232+1.8117150162339701j)	0.32301807403564453	77.02596854146806
809	(0.8430078866966999+1.793953208668402j)	0.3305478096008301	77.12129647283126
810	(0.8817592758632097+1.7750326679246322j)	0.32447266578674316	77.21662440419446
811	(0.9204934999638303+1.7555020268735226j)	0.32080721855163574	77.31195233555768
812	(0.9583928375493098+1.7351711226701159j)	0.3263716697692871	77.40728026692088
813	(0.9961332627852197+1.713869787678605j)	0.31844496726989746	77.50260819828408
814	(1.033128595967515+1.6920366180140416j)	0.32422900199890137	77.59793612964728
815	(1.0696634854850882+1.6689665881445954j)	0.32716989517211914	77.69326406101048
816	(1.1057924883025467+1.6453739900196154j)	0.31871676445007324	77.78859199237368
817	(1.1412002981701554+1.6207816383996385j)	0.3225109577178955	77.88391992373688
818	(1.176514189681268+1.595478345959625j)	0.3248450756072998	77.9792478551001
819	(1.2108891237202868+1.5695517739798062j)	0.31996798515319824	78.0745757864633
820	(1.244919412360122+1.5427350501607524j)	0.3235490322113037	78.1699037178265
821	(1.2781944931029092+1.5153012402062624j)	0.3349001407623291	78.2652316491897
822	(1.3107280485051516+1.487084817903081j)	0.3161039352416992	78.3605595805529
823	(1.3428276563066763+1.4582679557985252j)	0.32128190994262695	78.4558875119161
824	(1.3741061914271455+1.4283950074928906j)	0.32150888442993164	78.55121544327932
825	(1.405065601089938+1.3980471672590682j)	0.3197329044342041	78.64654337464252
826	(1.4350870506193647+1.3671895185072027j)	0.3167901039123535	78.74187130600572
827	(1.464653023929344+1.3354147981077409j)	0.3319520950317383	78.83719923736892
828	(1.4933410325356347+1.3033749646109019j)	0.3243069648742676	78.93252716873212
829	(1.5211820262528573+1.2703674803728302j)	0.3230929374694824	79.02785510009532
830	(1.5483324062884787+1.2368659581158525j)	0.31996893882751465	79.12318303145852
831	(1.5748187843332875+1.2027469212453934j)	0.3244450092315674	79.21851096282174
832	(1.600769657185672+1.1679208728954773j)	0.3229517936706543	79.31383889418494
833	(1.6256687006275001+1.1327422925617485j)	0.3198521137237549	79.40916682554814
834	(1.6501177912932785+1.096896210835307j)	0.32204103469848633	79.50449475691134
835	(1.6735445664423565+1.0608048485876547j)	0.3164200782775879	79.59982268827454
836	(1.6959281909983561+1.0240399774280375j)	0.3305850028991699	79.69515061963774
837	(1.7179283944822894+0.9866885144300892j)	0.32219886779785156	79.79047855100094
838	(1.7386887828315407+0.9488319065321699j)	0.31955409049987793	79.88580648236416
839	(1.7589979085958607+0.9104385694162425j)	0.3161652088165283	79.98113441372736
840	(1.7782887173858808+0.8718789370857584j)	0.3432891368865967	80.07646234509056
841	(1.796843533404786+0.8326336742162964j)	0.3178222179412842	80.17179027645376
842	(1.81455878553082+0.7933644429539126j)	0.3205089569091797	80.26711820781696
843	(1.8311060327010944+0.7534577064083314j)	0.3156099319458008	80.36244613918016
844	(1.8470911155324783+0.7133723948874513j)	0.3464996814727783	80.45777407054337
845	(1.8618494457876813+0.6727486391376705j)	0.32114386558532715	80.55310200190658
846	(1.8760695884667502+0.6316819679774326j)	0.3285081386566162	80.64842993326978
847	(1.8892419088222365+0.5905880796754662j)	0.3198578357696533	80.74375786463298
848	(1.9015967438308063+0.5488784250275492j)	0.32486987113952637	80.83908579599618
849	(1.9130986018435157+0.5073970680684158j)	0.3212270736694336	80.93441372735938
850	(1.9234103769881665+0.4654140115185253j)	0.32070398330688477	81.02974165872259
851	(1.9327907241053348+0.42315979269861725j)	0.3301379680633545	81.12506959008579
852	(1.93896503745085+0.38149443081604084j)	0.3050718307495117	81.220397521449
853	(1.9491899465994824+0.3381892104699926j)	0.33335185050964355	81.3157254528122
854	(1.9558935070981471+0.29553178870640917j)	0.3247718811035156	81.4110533841754
855	(1.961743839220856+0.2524604241276599j)	0.32271599769592285	81.5063813155386
856	(1.9667884435517897+0.209653634005169j)	0.3191249370574951	81.6017092469018
857	(1.9705661342942205+0.16656127790908837j)	0.32348012924194336	81.697037178265
858	(1.9737165924580358+0.12341675907044958j)	0.32148098945617676	81.79236510962822
859	(1.9755000153969489+0.08035180217105642j)	0.32296109199523926	81.88769304099142
860	(1.9766338296954555+0.036844197066894346j)	0.3168971538543701	81.98302097235462
861	(1.9767939084692683-0.00639869399940185j)	0.3308429718017578	82.07834890371782
862	(1.9759427542198482-0.04983233591321756j)	0.3206489086151123	82.17367683508103
863	(1.9743962075404768-0.09293171740334316j)	0.3205580711364746	82.26900476644423
864	(1.971545110943709-0.13614141851245587j)	0.3232240676879883	82.36433269780743
865	(1.9680723390082566-0.17928257018143778j)	0.3212428092956543	82.45966062917064
866	(1.9632869027853892-0.22214371844800995j)	0.3403327465057373	82.55498856053384
867	(1.9577554206141627-0.2652800186839769j)	0.3200681209564209	82.65031649189704
868	(1.9512808131891395-0.3079706674279913j)	0.3209378719329834	82.74564442326025
869	(1.9438247399007156-0.3508105718948763j)	0.31744909286499023	82.84097235462345
870	(1.9357078460438817-0.39326536055018135j)	0.3431861400604248	82.93630028598665
871	(1.926347352776876-0.43549096743853477j)	0.31949710845947266	83.03162821734985
872	(1.916322775415851-0.477605092056291j)	0.314831018447876	83.12695614871306
873	(1.90504736201391-0.5192864885794064j)	0.3521459102630615	83.22228408007626
874	(1.8929821140318008-0.5610886601321811j)	0.32370567321777344	83.31761201143946
875	(1.8800545319630624-0.6022934968353977j)	0.32082390785217285	83.41293994280267
876	(1.8661648730316418-0.643550973877851j)	0.31882309913635254	83.50826787416587
877	(1.8516627620465287-0.6842625670333243j)	0.3462560176849365	83.60359580552907
878	(1.835926392737036-0.72461874549879j)	0.31749796867370605	83.69892373689227
879	(1.8195981148133833-0.7646740252424997j)	0.3201730251312256	83.79425166825548
880	(1.801886306705026-0.8041680882422466j)	0.32360410690307617	83.88957959961868
881	(1.7838361785106316-0.8436000573195789j)	0.34039783477783203	83.98490753098189
882	(1.7647745412913198-0.8823836031919436j)	0.3261291980743408	84.08023546234509
883	(1.7447009708663863-0.9209952841730772j)	0.3191030025482178	84.17556339370829
884	(1.7241470438399702-0.9589788199590048j)	0.34233975410461426	84.27089132507149
885	(1.702462123890961-0.9965519391495918j)	0.32080793380737305	84.3662192564347
886	(1.6801823788717347-1.0337447856447066j)	0.32936811447143555	84.4615471877979
887	(1.6569454752626018-1.0700529570602875j)	0.3137030601501465	84.5568751191611
888	(1.6328473154580891-1.1062378828431325j)	0.34477901458740234	84.6522030505243
889	(1.60823995109316-1.141834762966387j)	0.3134489059448242	84.74753098188751
890	(1.58233896580442-1.1767710946776486j)	0.32170605659484863	84.84285891325071
891	(1.5562255141216-1.2112465513335495j)	0.32959604263305664	84.93818684461391
892	(1.5290545753095055-1.2450249764945247j)	0.3458380699157715	85.03351477597712
893	(1.5014372961513844-1.2783506983360966j)	0.32056498527526855	85.12884270734033
894	(1.4730136623193126-1.310735945677839j)	0.3195681571960449	85.22417063870353
895	(1.4435864773488725-1.3429914879846925j)	0.3511970043182373	85.31949857006673
896	(1.4137033723546586-1.3740257681573687j)	0.31757593154907227	85.41482650142993
897	(1.3829107828886595-1.4048274959842282j)	0.3236699104309082	85.51015443279313
898	(1.3518158271225382-1.434896193567431j)	0.3270599842071533	85.60548236415633
899	(1.3198364192269048-1.464151485337371j)	0.34110379219055176	85.70081029551955
900	(1.2874170804018794-1.4928932046427577j)	0.3207709789276123	85.79613822688275
901	(1.2543732098793572-1.5204719476003432j)	0.3211550712585449	85.89146615824595
902	(1.2203483278628242-1.5476815619644835j)	0.34183287620544434	85.98679408960915
903	(1.1861573822623022-1.5740670994067196j)	0.3219940662384033	86.08212202097235
904	(1.1510160522679316-1.599783190887258j)	0.32320570945739746	86.17744995233555
905	(1.1156781595428757-1.6247748888846425j)	0.3163430690765381	86.27277788369875
906	(1.0796105850461215-1.6488224961145892j)	0.32251405715942383	86.36810581506197
907	(1.0431751005428713-1.6722896534318323j)	0.3232100009918213	86.46343374642517
908	(1.0062691660459935-1.694569494239445j)	0.3216249942779541	86.55876167778837
909	(0.9686615027876863-1.716306825840535j)	0.31670188903808594	86.65408960915157
910	(0.9307976935998593-1.7370541013130496j)	0.32419800758361816	86.74941754051477
911	(0.8921305201384456-1.7570948809979847j)	0.32173800468444824	86.84474547187797
912	(0.8534052278606025-1.7763644179340752j)	0.32514286041259766	86.94007340324117
913	(0.8141012158885551-1.794704378973128j)	0.32076430320739746	87.03540133460439
914	(0.7745063268487098-1.8123265264658857j)	0.319058895111084	87.13072926596759
915	(0.7346364212834323-1.8287310981315361j)	0.32321691513061523	87.22605719733079
916	(0.6941061403220022-1.8445531721327428j)	0.32332324981689453	87.32138512869399
917	(0.6535702139903479-1.8591884029700914j)	0.32472896575927734	87.41671306005719
918	(0.612585093566767-1.8733152491302931j)	0.3301661014556885	87.51204099142039
919	(0.5710873585227629-1.8862342650510766j)	0.33739614486694336	87.6073689227836
920	(0.5294620377236902-1.8983274454569237j)	0.33021092414855957	87.70269685414681
921	(0.48764994818761653-1.909726212366735j)	0.32262301445007324	87.79802478551001
922	(0.4457363493923965-1.919849708182185j)	0.34664177894592285	87.89335271687321
923	(0.4033468040680085-1.9292633284225826j)	0.33576393127441406	87.98868064823641
924	(0.361006560481297-1.9376141355997434j)	0.3190600872039795	88.08400857959961
925	(0.31814401855882557-1.945018720675833j)	0.3412210941314697	88.17933651096281
926	(0.2753744969244124-1.9517453507601932j)	0.31926679611206055	88.27466444232603
927	(0.23238189063621673-1.957278793011442j)	0.31952810287475586	88.36999237368923
928	(0.1893291072208485-1.9622132205062952j)	0.32004690170288086	88.46532030505243
929	(0.1463882983726218-1.965835091170017j)	0.3287019729614258	88.56064823641563
930	(0.10309443016187914-1.9687594128340153j)	0.3183858394622803	88.65597616777883
931	(0.05999606302149885-1.970489548403752j)	0.3188490867614746	88.75130409914203
932	(0.016491543125090158-1.9712389334952776j)	0.32208728790283203	88.84663203050523
933	(-0.026798773427635703-1.971339774508174j)	0.31775593757629395	88.94195996186845
934	(-0.07020463183376979-1.9702161828820048j)	0.3391752243041992	89.03728789323165
935	(-0.11320905829082073-1.9687200381362742j)	0.3181729316711426	89.13261582459485
936	(-0.15642234624979967-1.9655690921876516j)	0.3190581798553467	89.22794375595805
937	(-0.1996573432481452-1.9617623423516748j)	0.31516098976135254	89.32327168732125
938	(-0.24249005406170054-1.9569397319104103j)	0.3495790958404541	89.41859961868445
939	(-0.28556109800827156-1.9510822349894368j)	0.3179659843444824	89.51392755004765
940	(-0.3283524926726128-1.944580595789411j)	0.3195841312408447	89.60925548141087
941	(-0.3709901114890338-1.9368675181383956j)	0.3183412551879883	89.70458341277407
942	(-0.4135111372278487-1.92854703557152j)	0.348923921585083	89.79991134413727
943	(-0.45560442554605607-1.9191036580654872j)	0.325031042098999	89.89523927550047
944	(-0.49769374804204625-1.9087281660751323j)	0.3183259963989258	89.99056720686367
945	(-0.5393158224928156-1.8975010919562127j)	0.34822583198547363	90.08589513822687
946	(-0.5809531530493326-1.8850874490942955j)	0.3213808536529541	90.18122306959008
947	(-0.6221819007056492-1.872094996794231j)	0.3344767093658447	90.27655100095329
948	(-0.6631669987739179-1.8579646251255508j)	0.31648898124694824	90.37187893231649
949	(-0.7039465314098337-1.843262341833256j)	0.33925604820251465	90.46720686367969
950	(-0.7440391193532486-1.8274847791067386j)	0.32143592834472656	90.5625347950429
951	(-0.7840788820924172-1.8108178281747176j)	0.3165602684020996	90.6578627264061
952	(-0.823449870807875-1.7933612827577108j)	0.3236429691314697	90.7531906577693
953	(-0.8626768687241497-1.7747481559586828j)	0.32152891159057617	90.84851858913251
954	(-0.9014648755514423-1.755616777526939j)	0.3189809322357178	90.94384652049571
955	(-0.9399809640529226-1.735539545188493j)	0.32761597633361816	91.03917445185891
956	(-0.9778217539012107-1.7145907326160883j)	0.31533002853393555	91.13450238322211
957	(-1.0150477348553149-1.6928907434114184j)	0.33103179931640625	91.22983031458531
958	(-1.052041275312337-1.6703138408630323j)	0.32097411155700684	91.32515824594851
959	(-1.0883231080183418-1.6470486738269532j)	0.32008910179138184	91.42048617731172
960	(-1.1242085149802383-1.622690563299704j)	0.3169732093811035	91.51581410867493
961	(-1.1596079640253043-1.5978586347198984j)	0.3451499938964844	91.61114204003813
962	(-1.1943564163159475-1.5719976883002853j)	0.31885600090026855	91.70646997140133
963	(-1.2287787782640194-1.5456430086342057j)	0.3210940361022949	91.80179790276453
964	(-1.2622660322270831-1.5185058707974481j)	0.33560800552368164	91.89712583412773
965	(-1.2953574740499403-1.4905516696204162j)	0.36904311180114746	91.99245376549094
966	(-1.32760593543615-1.4620477528037699j)	0.3213329315185547	92.08778169685414
967	(-1.3593604177930958-1.4324711691559902j)	0.32166004180908203	92.18310962821735
968	(-1.3905990915926165-1.4024703768575875j)	0.3262362480163574	92.27843755958055
969	(-1.420919716322835-1.3716581180480953j)	0.3339810371398926	92.37376549094375
970	(-1.4509214425250918-1.3403363264070312j)	0.3192579746246338	92.46909342230695
971	(-1.4798144583027042-1.30845193209319j)	0.32534289360046387	92.56442135367016
972	(-1.5083166608568646-1.275717535302315j)	0.32026004791259766	92.65974928503336
973	(-1.53582718788045-1.2426263696383404j)	0.3201572895050049	92.75507721639656
974	(-1.5626643246089926-1.2085749528501952j)	0.3246428966522217	92.85040514775977
975	(-1.5888807256656778-1.1742119110392009j)	0.357450008392334	92.94573307912297
976	(-1.6141512662204907-1.1390562770393737j)	0.3195028305053711	93.04106101048617
977	(-1.6390337786369669-1.1035128039503521j)	0.3209700584411621	93.13638894184938
978	(-1.6628132196992695-1.0676713822150852j)	0.3677799701690674	93.23171687321258
979	(-1.6859235171993772-1.0309576353653207j)	0.32480883598327637	93.32704480457578
980	(-1.7080026029189552-0.993964105737134j)	0.3242831230163574	93.42237273593899
981	(-1.7292892135206954-0.956255341138412j)	0.3240067958831787	93.5177006673022
982	(-1.7499633093556728-0.9183016144584051j)	0.3172750473022461	93.6130285986654
983	(-1.7695461603517006-0.8797136565782501j)	0.32050514221191406	93.7083565300286
984	(-1.7886756185249513-0.840753808255314j)	0.3197519779205322	93.8036844613918
985	(-1.806645398411729-0.8015806089796131j)	0.36228179931640625	93.899012392755
986	(-1.823897367875074-0.7618169785442502j)	0.3209812641143799	93.9943403241182
987	(-1.8401344180923416-0.7219997951674406j)	0.3203871250152588	94.08966825548141
988	(-1.855675071516571-0.681291655858625j)	0.3413658142089844	94.18499618684461
989	(-1.870013613495776-0.6407626951442547j)	0.3217430114746094	94.28032411820782
990	(-1.8834249518246788-0.5996064321053062j)	0.32120203971862793	94.37565204957102
991	(-1.8963681659384308-0.5582405345398723j)	0.31477785110473633	94.47097998093422
992	(-1.908141529895924-0.5167381961505702j)	0.3237450122833252	94.56630791229742
993	(-1.918962486823426-0.47489381017260424j)	0.31202101707458496	94.66163584366062
994	(-1.9291081918695676-0.4329761456684932j)	0.32351016998291016	94.75696377502383
995	(-1.9379944130413038-0.3905800196255055j)	0.3180122375488281	94.85229170638704
996	(-1.946176775058461-0.3481699212666022j)	0.31757283210754395	94.94761963775024
997	(-1.953202792703824-0.30544785767462324j)	0.32260870933532715	95.04294756911344
998	(-1.9595876405684405-0.26252707663804997j)	0.32260990142822266	95.13827550047664
999	(-1.9648891001618016-0.21975239190869245j)	0.31963634490966797	95.23360343183984
