	res_adaptive	time_adaptive	w
0	(1.0604275662754452-0.04892157146786915j)	0.3884470462799072	0.001
1	(1.0671734758890805-0.4213598617245648j)	0.37516283988952637	0.09632793136320304
2	(1.047951184875038-0.7555371965759357j)	0.45194435119628906	0.19165586272640608
3	(0.9673956798280465-1.0594839964714147j)	0.4388158321380615	0.2869837940896091
4	(0.8246515697866055-1.3365542244685833j)	0.4996187686920166	0.38231172545281217
5	(0.6421242950461915-1.5818993337696068j)	0.49120187759399414	0.4776396568160152
6	(0.4168557456966509-1.7919281121854054j)	0.42490601539611816	0.5729675881792182
7	(0.15481635877071243-1.9578919042612741j)	0.3538539409637451	0.6682955195424213
8	(-0.13586655814404247-2.084012364947455j)	0.3703780174255371	0.7636234509056243
9	(-0.4423154911591559-2.1631055424187946j)	0.37544798851013184	0.8589513822688274
10	(-0.7628115370055093-2.190751377415225j)	0.35271668434143066	0.9542793136320304
11	(-1.0901380167405643-2.169852068701476j)	0.3941986560821533	1.0496072449952334
12	(-1.4115426346913296-2.098256667388766j)	0.35111403465270996	1.1449351763584363
13	(-1.7238580187816483-1.9782844063708622j)	0.41187286376953125	1.2402631077216395
14	(-2.0199019633297666-1.808688638874941j)	0.7232303619384766	1.3355910390848424
15	(-2.2902136255652468-1.5999109440940698j)	0.37467193603515625	1.4309189704480456
16	(-2.5300139251845346-1.3488058674582808j)	0.5489358901977539	1.5262469018112486
17	(-2.733634891231949-1.0624033665286716j)	0.3780388832092285	1.6215748331744515
18	(-2.8968891144989133-0.7499909421981105j)	0.3827791213989258	1.7169027645376547
19	(-3.013568485703364-0.4135814223735372j)	0.34681200981140137	1.8122306959008576
20	(-3.083474651807507-0.06211956222573539j)	0.37523674964904785	1.9075586272640608
21	(-3.1047924621538736+0.2954714094333269j)	0.34432196617126465	2.0028865586272637
22	(-3.075108110834462+0.6567943985913678j)	0.39258289337158203	2.098214489990467
23	(-2.9978039469364335+1.0118248916801669j)	0.38945698738098145	2.19354242135367
24	(-2.8709507347204966+1.3522423007061308j)	0.3755760192871094	2.288870352716873
25	(-2.69984493277502+1.6730932408154777j)	0.3625328540802002	2.384198284080076
26	(-2.4852542172743073+1.9672552739537652j)	0.4049711227416992	2.479526215443279
27	(-2.2328334266121637+2.2292677775195493j)	0.40341782569885254	2.574854146806482
28	(-1.950720192238773+2.454141482288342j)	0.3422882556915283	2.670182078169685
29	(-1.6407140038425583+2.6375428521084654j)	0.32953906059265137	2.765510009532888
30	(-1.3106305496136774+2.7770699648862456j)	0.4470651149749756	2.8608379408960913
31	(-0.967090394325355+2.870481979569224j)	0.3695187568664551	2.956165872259294
32	(-0.6179265552425018+2.9159769205928834j)	0.4099080562591553	3.0514938036224972
33	(-0.26772017593950626+2.913073497778618j)	0.36299800872802734	3.1468217349857004
34	(0.07491416828185365+2.8644601831686543j)	0.39649486541748047	3.242149666348903
35	(0.40162937025439194+2.7699331538912504j)	0.34421205520629883	3.3374775977121063
36	(0.7104100926496908+2.633685648860031j)	0.4044978618621826	3.4328055290753094
37	(0.9917878370007833+2.4596718721463566j)	0.4020547866821289	3.5281334604385126
38	(1.244625130823418+2.252476755837949j)	0.3866140842437744	3.6234613918017153
39	(1.4601103409771508+2.017028546682244j)	0.3536190986633301	3.7187893231649185
40	(1.6379021481825133+1.7587457166744866j)	0.4046168327331543	3.8141172545281217
41	(1.7761091775761622+1.4841774647283208j)	0.3430929183959961	3.9094451858913244
42	(1.8717695258084595+1.1991153901221692j)	0.3369131088256836	4.004773117254528
43	(1.9249026441178043+0.9122722391801733j)	0.38333916664123535	4.100101048617731
44	(1.9355370818788973+0.6261643192760972j)	0.48236680030822754	4.195428979980934
45	(1.906358683382511+0.35025296437833137j)	0.3565950393676758	4.290756911344137
46	(1.8386475542819887+0.09038325207629405j)	0.5135550498962402	4.386084842707341
47	(1.7375016611437115-0.15044578707711248j)	0.4699900150299072	4.481412774070543
48	(1.6057644537375768-0.3655697562672556j)	0.4474670886993408	4.576740705433746
49	(1.4464399351612058-0.5520804881905288j)	0.38962292671203613	4.67206863679695
50	(1.268539267860262-0.7071393390956006j)	0.33327627182006836	4.7673965681601524
51	(1.0748214695510214-0.8271499512959787j)	0.3328728675842285	4.862724499523355
52	(0.8731697464634292-0.9103836050679596j)	0.37729668617248535	4.958052430886559
53	(0.6665427224978474-0.9585882830519159j)	0.3894388675689697	5.0533803622497615
54	(0.4650066279714208-0.9701399668640239j)	0.40471506118774414	5.148708293612964
55	(0.27033366231539924-0.9473610179211123j)	0.39617204666137695	5.244036224976168
56	(0.08951093254935745-0.8935551955516287j)	0.41827988624572754	5.339364156339371
57	(-0.0713561871981272-0.8103371293753823j)	0.3782541751861572	5.434692087702573
58	(-0.21142249368586205-0.7038127390820158j)	0.368818998336792	5.530020019065777
59	(-0.3205083950407818-0.5752877073995483j)	0.38480615615844727	5.62534795042898
60	(-0.4017389358374241-0.43103357590128655j)	0.4680042266845703	5.720675881792183
61	(-0.45158347271827604-0.27729133654906557j)	0.4996500015258789	5.816003813155386
62	(-0.46909470782613544-0.11989561091802853j)	0.46232175827026367	5.911331744518589
63	(-0.45367742950209256+0.03668198906656778j)	0.48459911346435547	6.006659675881792
64	(-0.40630482699241743+0.18570774827838513j)	0.5061280727386475	6.101987607244995
65	(-0.3284009810727222+0.3223826484576227j)	0.34423112869262695	6.197315538608198
66	(-0.2237192793468688+0.44202200690185267j)	0.5026319026947021	6.292643469971401
67	(-0.094409956080728+0.5395060336071299j)	0.3777930736541748	6.387971401334604
68	(0.05584146988146857+0.6097382553375119j)	0.5225319862365723	6.483299332697807
69	(0.22123820750206208+0.6502769547938265j)	0.46647191047668457	6.57862726406101
70	(0.3972684212570071+0.6606098400633285j)	0.3408629894256592	6.673955195424213
71	(0.5781898214760932+0.635606787436965j)	0.4053518772125244	6.769283126787417
72	(0.7582644202171577+0.5762381328023032j)	0.35039520263671875	6.8646110581506194
73	(0.9315641795147813+0.48385791517795007j)	0.38571715354919434	6.959938989513822
74	(1.0913455291001184+0.35719505362884424j)	0.33808302879333496	7.055266920877026
75	(1.2345485021941107+0.19934195484276174j)	0.3987269401550293	7.1505948522402285
76	(1.3538355450939634+0.01398624122197395j)	0.39525318145751953	7.245922783603431
77	(1.444548729447934-0.1951249166709627j)	0.34864306449890137	7.341250714966635
78	(1.5037979111826725-0.425485404709524j)	0.3794429302215576	7.436578646329838
79	(1.527906811578722-0.6705889145575914j)	0.3673820495605469	7.53190657769304
80	(1.5148176015516848-0.9240252828734605j)	0.3572418689727783	7.627234509056244
81	(1.461477321669627-1.1813991669935902j)	0.32928895950317383	7.722562440419447
82	(1.3672702070714706-1.436067417311933j)	0.3219280242919922	7.817890371782649
83	(1.234296844233087-1.6820283812242873j)	0.3660280704498291	7.913218303145853
84	(1.0619600407087135-1.9112864870817596j)	0.3405129909515381	8.008546234509055
85	(0.8536298494549671-2.120519175800423j)	0.35442304611206055	8.103874165872258
86	(0.6115072058128644-2.3027777319011085j)	0.34778285026550293	8.19920209723546
87	(0.3408608169046563-2.4519726265888613j)	0.3640570640563965	8.294530028598665
88	(0.044109240481212786-2.5652275613185704j)	0.3487532138824463	8.389857959961867
89	(-0.27119743321117507-2.6383359408092137j)	0.38834095001220703	8.48518589132507
90	(-0.5991485677795291-2.6684592962843605j)	0.3714609146118164	8.580513822688273
91	(-0.9354708520451996-2.652190198988914j)	0.35491514205932617	8.675841754051476
92	(-1.271379984152274-2.590578983403816j)	0.43379878997802734	8.77116968541468
93	(-1.601309668419049-2.4828283083047573j)	0.33829307556152344	8.866497616777883
94	(-1.9180046700329325-2.328581864091496j)	0.36991214752197266	8.961825548141086
95	(-2.2143808817060586-2.131268340906042j)	0.3552069664001465	9.057153479504288
96	(-2.486429616803103-1.8936912786143623j)	0.32749223709106445	9.152481410867491
97	(-2.7258251084526854-1.6197325409593863j)	0.34111690521240234	9.247809342230694
98	(-2.9288614978726817-1.3122100191751853j)	0.33520936965942383	9.343137273593898
99	(-3.090777535151439-0.979055826666964j)	0.32839441299438477	9.438465204957101
100	(-3.2082900790928943-0.6254325976242127j)	0.34876418113708496	9.533793136320304
101	(-3.278197223116724-0.2563856536012432j)	0.32983875274658203	9.629121067683506
102	(-3.298623795974324+0.11982887894033234j)	0.3770432472229004	9.72444899904671
103	(-3.26959450273848+0.49607521848980407j)	0.36226320266723633	9.819776930409914
104	(-3.190994240792897+0.8665639570509731j)	0.31426191329956055	9.915104861773116
105	(-3.0650943494685987+1.2241232625481633j)	0.34614992141723633	10.010432793136319
106	(-2.8927209928630306+1.561165811466156j)	0.3388550281524658	10.105760724499522
107	(-2.678424284252248+1.8715309088352496j)	0.34912109375	10.201088655862725
108	(-2.424805630785539+2.1515936550566437j)	0.33197975158691406	10.296416587225927
109	(-2.13882644167169+2.3937772610474046j)	0.3337588310241699	10.391744518589132
110	(-1.824997323344642+2.5954622449012943j)	0.35830187797546387	10.487072449952334
111	(-1.4890793088668384+2.753314789744672j)	0.36888718605041504	10.582400381315537
112	(-1.1380675750652132+2.863416157977912j)	0.33278894424438477	10.67772831267874
113	(-0.7777808208030916+2.92525639413601j)	0.4012479782104492	10.773056244041943
114	(-0.4182227017265351+2.9402541974745775j)	0.3633887767791748	10.868384175405145
115	(-0.06296819686367461+2.9074657494961684j)	0.3159489631652832	10.96371210676835
116	(0.2797889022975628+2.8276734259831833j)	0.3186008930206299	11.059040038131553
117	(0.6041491100413401+2.704683159853757j)	0.36087989807128906	11.154367969494755
118	(0.9047718531186414+2.541817785610445j)	0.32198286056518555	11.249695900857958
119	(1.1762386879254365+2.343432879199057j)	0.34073781967163086	11.34502383222116
120	(1.4132736971517987+2.1138264080942166j)	0.3119196891784668	11.440351763584365
121	(1.6128654412172885+1.858540094377994j)	0.36963915824890137	11.535679694947568
122	(1.7726640840393018+1.5854337524270319j)	0.33466196060180664	11.63100762631077
123	(1.8897572770957054+1.2983848929625539j)	0.33652806282043457	11.726335557673973
124	(1.9639895693050522+1.0048907011168826j)	0.361950159072876	11.821663489037176
125	(1.9961767793768308+0.7117397602331939j)	0.33321118354797363	11.916991420400379
126	(1.9861346951761378+0.4252641755908585j)	0.3514711856842041	12.012319351763583
127	(1.9359652295634735+0.15078048118383802j)	0.33867788314819336	12.107647283126786
128	(1.8490947943654021-0.10595876603100551j)	0.3603229522705078	12.202975214489989
129	(1.7302482453946606-0.3397741415381679j)	0.3424561023712158	12.298303145853192
130	(1.582394638169756-0.5467046349949677j)	0.3388490676879883	12.393631077216394
131	(1.4105174496720971-0.7215590567905494j)	0.3437669277191162	12.488959008579599
132	(1.2212249216784512-0.8638438297908977j)	0.32328104972839355	12.584286939942801
133	(1.0186147355713187-0.9699435860310571j)	0.3136019706726074	12.679614871306004
134	(0.8102402584543329-1.040045493555494j)	0.2958247661590576	12.774942802669207
135	(0.6011021734443762-1.073682883685109j)	0.3304860591888428	12.87027073403241
136	(0.397551173449588-1.0716606752071343j)	0.314129114151001	12.965598665395612
137	(0.20433494507330102-1.0361405291194383j)	0.31873273849487305	13.060926596758817
138	(0.027440344352682833-0.970395579498541j)	0.33336687088012695	13.15625452812202
139	(-0.12791324714890806-0.8769053835545699j)	0.31805896759033203	13.251582459485222
140	(-0.25943741120503877-0.7601420672933289j)	0.34090495109558105	13.346910390848425
141	(-0.36249532637200044-0.6251668001764108j)	0.31298398971557617	13.442238322211628
142	(-0.4358498312187733-0.4767040549828402j)	0.31984424591064453	13.537566253574832
143	(-0.476049639959047-0.3202148362142202j)	0.31888890266418457	13.632894184938035
144	(-0.48434183723590263-0.16195100719636565j)	0.3246116638183594	13.728222116301238
145	(-0.460409811612579-0.007219342313028954j)	0.32504820823669434	13.82355004766444
146	(-0.4040901174553477+0.13838959069641296j)	0.3208000659942627	13.918877979027643
147	(-0.3194030035937558+0.269735967388332j)	0.3304290771484375	14.014205910390846
148	(-0.20859056299148213+0.3825431544318045j)	0.30243682861328125	14.10953384175405
149	(-0.07475303703441524+0.4705696043317811j)	0.31092381477355957	14.204861773117253
150	(0.07759352988068918+0.5325577116292559j)	0.3007221221923828	14.300189704480456
151	(0.24326010023971797+0.563612237879586j)	0.30867600440979004	14.395517635843659
152	(0.4166309923005548+0.5623319246390313j)	0.3110649585723877	14.490845567206861
153	(0.5940956794051678+0.5274983706537566j)	0.323667049407959	14.586173498570064
154	(0.7670203547149811+0.45831998618501435j)	0.33715200424194336	14.681501429933268
155	(0.9316606510953316+0.35617133251471544j)	0.3423497676849365	14.776829361296471
156	(1.0812878761150557+0.2216949492757171j)	0.32518982887268066	14.872157292659674
157	(1.2118731894693087+0.05806078465422171j)	0.32671594619750977	14.967485224022877
158	(1.316816603027121-0.1317084522633014j)	0.3283858299255371	15.06281315538608
159	(1.3928580403299238-0.34382350493602387j)	0.3095858097076416	15.158141086749284
160	(1.4359176252093244-0.5741853328093078j)	0.3181588649749756	15.253469018112487
161	(1.4427416627612224-0.817007607956749j)	0.3309950828552246	15.34879694947569
162	(1.4120937747427562-1.0654976584286637j)	0.34699201583862305	15.444124880838892
163	(1.3420124382374947-1.3160036638571437j)	0.31839489936828613	15.539452812202095
164	(1.231487675970415-1.5606697637319387j)	0.3164560794830322	15.634780743565297
165	(1.0833112623702192-1.7923687797027401j)	0.317310094833374	15.730108674928502
166	(0.8973204334759565-2.007498793816818j)	0.31532883644104004	15.825436606291705
167	(0.6773882479218846-2.198977659641839j)	0.3165748119354248	15.920764537654907
168	(0.4253005762860571-2.36117087423236j)	0.35538196563720703	16.016092469018112
169	(0.14681886760433938-2.48961456813257j)	0.32740211486816406	16.111420400381316
170	(-0.15400439749923533-2.5805966157915434j)	0.32026100158691406	16.206748331744517
171	(-0.47155665512174716-2.6299679670391702j)	0.34407711029052734	16.302076263107722
172	(-0.7992525566199452-2.635519647697059j)	0.31630706787109375	16.397404194470923
173	(-1.1303429390148227-2.595423059413366j)	0.30583715438842773	16.492732125834127
174	(-1.4585081461959746-2.51009062027752j)	0.3155031204223633	16.588060057197332
175	(-1.7781454089189588-2.378512785394281j)	0.3026459217071533	16.683387988560533
176	(-2.0813843269789083-2.202468743937697j)	0.3167097568511963	16.778715919923737
177	(-2.36198402532047-1.985337069211062j)	0.30518198013305664	16.874043851286938
178	(-2.614156283661478-1.7289890645262003j)	0.31743502616882324	16.969371782650143
179	(-2.83247425309351-1.4384152266581072j)	0.3047659397125244	17.064699714013347
180	(-3.0123127216653067-1.118237231121208j)	0.3403618335723877	17.160027645376548
181	(-3.1490090715654624-0.7747001498212363j)	0.31583499908447266	17.255355576739753
182	(-3.2401207075828666-0.4130313817619733j)	0.31685519218444824	17.350683508102954
183	(-3.2830756390892333-0.04001422554674172j)	0.3051016330718994	17.446011439466158
184	(-3.2762005647489287+0.33643688459332677j)	0.31238889694213867	17.541339370829363
185	(-3.2199471271856583+0.7108843558335136j)	0.3267178535461426	17.636667302192564
186	(-3.114532732911973+1.0754058790199081j)	0.31610894203186035	17.731995233555768
187	(-2.9624597183571693+1.4234953073436465j)	0.3494598865509033	17.82732316491897
188	(-2.7655629798073+1.7481121468047067j)	0.31812095642089844	17.922651096282173
189	(-2.5281429869505776+2.0440305801458982j)	0.30608701705932617	18.017979027645374
190	(-2.2547082756230257+2.306020311949256j)	0.32102203369140625	18.11330695900858
191	(-1.9500417783804602+2.5280257779847832j)	0.30750489234924316	18.208634890371783
192	(-1.6204097835629254+2.7081956410694534j)	0.3207869529724121	18.303962821734984
193	(-1.271779654288133+2.8424653922691765j)	0.3086080551147461	18.39929075309819
194	(-0.9116220907063524+2.9286942814430987j)	0.32498788833618164	18.49461868446139
195	(-0.5457521175049644+2.9659558985226324j)	0.3096630573272705	18.589946615824594
196	(-0.18157714981314865+2.9552116108945334j)	0.3253788948059082	18.6852745471878
197	(0.17384572156481903+2.897256157295927j)	0.31207895278930664	18.780602478551
198	(0.5139395014819257+2.7927093791180253j)	0.3189709186553955	18.875930409914204
199	(0.83254977743125+2.6463036754102056j)	0.31873464584350586	18.971258341277405
200	(1.1253130523197465+2.461321780103047j)	0.3385801315307617	19.06658627264061
201	(1.3859612940634265+2.2415860084858688j)	0.30922698974609375	19.161914204003814
202	(1.6101582981665596+1.993603914665221j)	0.3135411739349365	19.257242135367015
203	(1.7947378869298996+1.7224230975795145j)	0.31223297119140625	19.35257006673022
204	(1.9382458878899418+1.4346272917134166j)	0.3342263698577881	19.44789799809342
205	(2.0385138543737336+1.1354308470044245j)	0.3149728775024414	19.543225929456625
206	(2.095038738977413+0.833216703320089j)	0.3169219493865967	19.63855386081983
207	(2.1085944858993813+0.5334471605876667j)	0.31895017623901367	19.73388179218303
208	(2.0801812926451495+0.24199757481175344j)	0.32013487815856934	19.829209723546235
209	(2.0118319949519297-0.034450300766260766j)	0.32640981674194336	19.924537654909436
210	(1.9081885089323856-0.2906297975344272j)	0.3333008289337158	20.01986558627264
211	(1.7723664675388668-0.5219503616301054j)	0.3090779781341553	20.11519351763584
212	(1.6093106553042318-0.7243922047140936j)	0.31793999671936035	20.210521448999046
213	(1.424221829326147-0.8941159393734397j)	0.31756114959716797	20.30584938036225
214	(1.2222889854626757-1.0285703046740866j)	0.3229238986968994	20.40117731172545
215	(1.0092634171119266-1.1273069575801336j)	0.32489013671875	20.496505243088656
216	(0.7922982382387057-1.1883312552354173j)	0.3092930316925049	20.591833174451857
217	(0.5764936718620386-1.2128900308513586j)	0.30536484718322754	20.68716110581506
218	(0.36728052025177055-1.2015850233470498j)	0.312269926071167	20.782489037178266
219	(0.17124980008314789-1.157719382421161j)	0.3108401298522949	20.877816968541467
220	(-0.007629467643917587-1.0829554377313875j)	0.2973670959472656	20.97314489990467
221	(-0.16421153542582867-0.9816776497670423j)	0.3172018527984619	21.068472831267872
222	(-0.2950016539071366-0.8581397791687805j)	0.3403642177581787	21.163800762631077
223	(-0.3965188491848234-0.7171619132839301j)	0.3111989498138428	21.25912869399428
224	(-0.46727244690114295-0.5641206859349838j)	0.325620174407959	21.354456625357482
225	(-0.5055848527476652-0.40435919856033953j)	0.30979132652282715	21.449784556720687
226	(-0.5110287334491513-0.24437144793340468j)	0.309985876083374	21.545112488083888
227	(-0.4834169890595105-0.08882980778746519j)	0.3282158374786377	21.640440419447092
228	(-0.4254448559892137+0.056806853860441486j)	0.30596184730529785	21.735768350810293
229	(-0.33916002379522703+0.1860351971582932j)	0.32866978645324707	21.831096282173498
230	(-0.22713310778296714+0.2960450971645858j)	0.3267531394958496	21.926424213536702
231	(-0.09361782490035345+0.3813522061501937j)	0.2999579906463623	22.021752144899903
232	(0.05729782522128171+0.4383257589461719j)	0.3151068687438965	22.117080076263107
233	(0.22034627334948242+0.46530744769171256j)	0.3054180145263672	22.21240800762631
234	(0.39011200520561495+0.45985216400077583j)	0.30666518211364746	22.307735938989513
235	(0.5615313246921584+0.42105717342309773j)	0.31862592697143555	22.403063870352717
236	(0.7273986463640437+0.3482741538332443j)	0.3119940757751465	22.49839180171592
237	(0.8842143892160774+0.2429672371897989j)	0.3123641014099121	22.593719733079123
238	(1.0245948423232203+0.10685767141140279j)	0.31767964363098145	22.689047664442324
239	(1.1438013150263442-0.0575626485800767j)	0.32771897315979004	22.78437559580553
240	(1.2379836838622165-0.24663911410535055j)	0.38290882110595703	22.879703527168733
241	(1.301706071080812-0.45662827249620785j)	0.33362293243408203	22.975031458531934
242	(1.3325190711574897-0.6819411744715269j)	0.307628870010376	23.07035938989514
243	(1.3266952419412976-0.9184595562437421j)	0.3107309341430664	23.16568732125834
244	(1.2837207190842037-1.1590772580353998j)	0.315187931060791	23.261015252621544
245	(1.2018444433424957-1.398683550565317j)	0.3334050178527832	23.356343183984748
246	(1.0809898646198643-1.630402382789332j)	0.3052091598510742	23.45167111534795
247	(0.9224406673886051-1.8490385850275637j)	0.32294702529907227	23.546999046711154
248	(0.7281459696630576-2.047682436066038j)	0.30510687828063965	23.642326978074355
249	(0.5009612306443028-2.2217900535284736j)	0.3069469928741455	23.73765490943756
250	(0.24439419098583948-2.364933440151205j)	0.3452870845794678	23.83298284080076
251	(-0.0368225261913151-2.4734732194740356j)	0.30045008659362793	23.928310772163965
252	(-0.3374498112632659-2.5434813523963484j)	0.30927467346191406	24.02363870352717
253	(-0.6524820498508991-2.5713330313804414j)	0.3069319725036621	24.11896663489037
254	(-0.9745222508916109-2.5560068891872754j)	0.3196280002593994	24.214294566253574
255	(-1.2981239042494819-2.4952436797387767j)	0.3075599670410156	24.309622497616775
256	(-1.615917504175707-2.3886032381659947j)	0.30906176567077637	24.40495042897998
257	(-1.9221592404003207-2.2379425852962638j)	0.32625818252563477	24.500278360343184
258	(-2.209389357917873-2.044073176632358j)	0.3167459964752197	24.595606291706385
259	(-2.4716984063622727-1.8103030553448627j)	0.30888986587524414	24.69093422306959
260	(-2.7041559671104696-1.5394941844470047j)	0.3202681541442871	24.78626215443279
261	(-2.9002100129073978-1.2372928999991588j)	0.33382606506347656	24.881590085795995
262	(-3.056393763020454-0.9078990326730609j)	0.3026161193847656	24.9769180171592
263	(-3.168281350231144-0.5569510346906921j)	0.3004591464996338	25.0722459485224
264	(-3.2340412273404464-0.19203574635282483j)	0.3058023452758789	25.167573879885605
265	(-3.250599002462994+0.1814223186127415j)	0.3032357692718506	25.262901811248806
266	(-3.217442702859151+0.5560215223751781j)	0.31917285919189453	25.35822974261201
267	(-3.1357337053344168+0.9245939540026308j)	0.3291141986846924	25.45355767397521
268	(-3.0055123840757108+1.2802604257088572j)	0.33127307891845703	25.548885605338416
269	(-2.829312354606093+1.61666370432286j)	0.33014392852783203	25.64421353670162
270	(-2.6100116903518225+1.9278233599992602j)	0.30124378204345703	25.73954146806482
271	(-2.3524765712684124+2.2067423634809025j)	0.32198596000671387	25.834869399428026
272	(-2.0601227346739+2.449790667442032j)	0.31960606575012207	25.930197330791227
273	(-1.739762195236794+2.6512366684038904j)	0.34128475189208984	26.02552526215443
274	(-1.3971970413721628+2.8089609430674507j)	0.30518126487731934	26.120853193517636
275	(-1.0381068103330016+2.9190566189622715j)	0.30408596992492676	26.216181124880837
276	(-0.6701906748880624+2.980780106110535j)	0.3150160312652588	26.31150905624404
277	(-0.2998973208021274+2.993779652176066j)	0.2929999828338623	26.406836987607242
278	(0.06536522680600776+2.9575968828051478j)	0.3397481441497803	26.502164918970447
279	(0.4194352430951802+2.8744502410670343j)	0.31020188331604004	26.59749285033365
280	(0.7554039980041318+2.746247874795644j)	0.3243262767791748	26.692820781696852
281	(1.0675097798362496+2.5770844256065466j)	0.3052940368652344	26.788148713060057
282	(1.350530115997865+2.369973601201613j)	0.32858800888061523	26.883476644423258
283	(1.5992073162829263+2.130625072940184j)	0.3236360549926758	26.978804575786462
284	(1.8101784634562677+1.8648964523449054j)	0.31069326400756836	27.074132507149667
285	(1.9796380290371252+1.5774365099052317j)	0.3217930793762207	27.169460438512868
286	(2.106506760395722+1.275838741361793j)	0.31563329696655273	27.264788369876072
287	(2.1891068111150225+0.9654779514185787j)	0.3239469528198242	27.360116301239273
288	(2.227011771712411+0.6547939447653148j)	0.3039689064025879	27.455444232602478
289	(2.2219607427498413+0.3485201439274397j)	0.3205740451812744	27.55077216396568
290	(2.174850079246631+0.052913274980520786j)	0.3107929229736328	27.646100095328883
291	(2.0887918430841137-0.22452881179147327j)	0.32456398010253906	27.741428026692088
292	(1.9675849226100481-0.48098223795996725j)	0.32579612731933594	27.83675595805529
293	(1.8151728542618042-0.7097699830890798j)	0.31011295318603516	27.932083889418493
294	(1.6367984424324762-0.9078688074038824j)	0.32212400436401367	28.027411820781694
295	(1.4370757992628151-1.0718033757543752j)	0.33317089080810547	28.1227397521449
296	(1.2226574240810872-1.19980449143941j)	0.3239891529083252	28.218067683508103
297	(0.9992134316692707-1.2901504213829664j)	0.3003120422363281	28.313395614871304
298	(0.7727135506079785-1.3422829853940568j)	0.3102991580963135	28.40872354623451
299	(0.5488351143468929-1.3580233894929032j)	0.32123279571533203	28.50405147759771
300	(0.33398903899557214-1.337831140810557j)	0.31224918365478516	28.599379408960914
301	(0.13365667840620282-1.2845405564032746j)	0.3206470012664795	28.69470734032412
302	(-0.04839079472997915-1.2009449778730392j)	0.30059289932250977	28.79003527168732
303	(-0.20637364731152397-1.0918596798569784j)	0.31470704078674316	28.885363203050524
304	(-0.33761232441575195-0.9612615688233463j)	0.30675196647644043	28.980691134413725
305	(-0.43884486384485516-0.8135461582687704j)	0.3270699977874756	29.07601906577693
306	(-0.5085092206389316-0.6556761155653335j)	0.31232213973999023	29.17134699714013
307	(-0.5451560764332894-0.4920310532806488j)	0.3048591613769531	29.266674928503335
308	(-0.5482197693011799-0.3287993183554747j)	0.29590392112731934	29.36200285986654
309	(-0.5199614570003241-0.17118272976454457j)	0.3010129928588867	29.45733079122974
310	(-0.46044212103758586-0.025402741990482383j)	0.3063070774078369	29.552658722592945
311	(-0.37296443154124126+0.10399832884242144j)	0.30585217475891113	29.647986653956146
312	(-0.2607642879864732+0.21263513683577517j)	0.3211629390716553	29.74331458531935
313	(-0.1278938491353806+0.2965626419960513j)	0.31719398498535156	29.838642516682555
314	(0.021163758371674113+0.35117490012364927j)	0.31261777877807617	29.933970448045756
315	(0.18169833518472078+0.37585662450561735j)	0.30234599113464355	30.02929837940896
316	(0.34703160029998015+0.36802610854481926j)	0.3005959987640381	30.12462631077216
317	(0.5130618824326598+0.32651717836594446j)	0.3255491256713867	30.219954242135366
318	(0.6730741891800923+0.2521956525019067j)	0.30330920219421387	30.31528217349857
319	(0.8218753212940951+0.14655302162277184j)	0.3209700584411621	30.41061010486177
320	(0.953696498349321+0.010023119963561394j)	0.30718994140625	30.505938036224975
321	(1.0637116207476125-0.15311455165372162j)	0.30817317962646484	30.601265967588176
322	(1.1476142193384842-0.33965726647503924j)	0.3150458335876465	30.69659389895138
323	(1.2008710086448016-0.5451833075896988j)	0.312885046005249	30.791921830314585
324	(1.2210002064758159-0.7651119620928303j)	0.30367279052734375	30.887249761677786
325	(1.2047893277501884-0.9938099729193249j)	0.3155531883239746	30.98257769304099
326	(1.1515820362107834-1.2248012911219344j)	0.3141319751739502	31.077905624404192
327	(1.059812170599577-1.4532986456745842j)	0.31859588623046875	31.173233555767396
328	(0.9302597552232716-1.6723051268086317j)	0.30647706985473633	31.268561487130597
329	(0.7647956176563409-1.8761552050043886j)	0.30677008628845215	31.3638894184938
330	(0.5641798625440249-2.058700020456449j)	0.3245980739593506	31.459217349857006
331	(0.3329022768899509-2.2155122847160835j)	0.3097388744354248	31.554545281220207
332	(0.07432362906951256-2.3400378252224496j)	0.3264601230621338	31.64987321258341
333	(-0.20677421778649796-2.429134965021009j)	0.3157780170440674	31.745201143946613
334	(-0.5053124481689829-2.4795883597548594j)	0.3102412223815918	31.840529075309817
335	(-0.8152820659526892-2.487781799321924j)	0.3142251968383789	31.93585700667302
336	(-1.1298140571486694-2.452179093216289j)	0.3262319564819336	32.03118493803622
337	(-1.4437651327852532-2.3717464381242017j)	0.3229820728302002	32.12651286939942
338	(-1.7494129439495931-2.2470281223433775j)	0.30506181716918945	32.22184080076263
339	(-2.0405252149058426-2.0791160267471898j)	0.30014491081237793	32.31716873212583
340	(-2.310705564652429-1.8690115776659941j)	0.29819798469543457	32.41249666348903
341	(-2.5542630556270827-1.6216495408059814j)	0.307081937789917	32.50782459485224
342	(-2.7654333221616643-1.3390962725336815j)	0.3085179328918457	32.60315252621544
343	(-2.9386635182665986-1.0270016077573085j)	0.3072390556335449	32.69848045757864
344	(-3.0712725349968024-0.6905712007480258j)	0.2996511459350586	32.79380838894184
345	(-3.1585298298919176-0.33603076134225657j)	0.333284854888916	32.88913632030505
346	(-3.198771919261452+0.03013887310539312j)	0.31536197662353516	32.98446425166825
347	(-3.1896089331559665+0.4022104462706834j)	0.3240499496459961	33.07979218303145
348	(-3.1322596320613556+0.7717007242103568j)	0.2956411838531494	33.17512011439466
349	(-3.0250022128074794+1.1325663217475035j)	0.32407188415527344	33.27044804575786
350	(-2.8706484630068303+1.4777856194844587j)	0.308351993560791	33.36577597712106
351	(-2.6720478445064293+1.8007613012362493j)	0.310042142868042	33.46110390848427
352	(-2.4320600651884927+2.095806622521085j)	0.31627798080444336	33.55643183984747
353	(-2.155320006550487+2.35650248487972j)	0.3372490406036377	33.65175977121067
354	(-1.8469297449290019+2.5794832821196425j)	0.3249328136444092	33.74708770257387
355	(-1.5124803623685972+2.7591198012480906j)	0.30936598777770996	33.84241563393708
356	(-1.158589415584662+2.8931033474958348j)	0.31337785720825195	33.93774356530028
357	(-0.7906576472988323+2.979248708096626j)	0.3088572025299072	34.03307149666348
358	(-0.4175827438880363+3.016034588566308j)	0.30923914909362793	34.12839942802669
359	(-0.04473623709429461+3.003346822523137j)	0.325469970703125	34.22372735938989
360	(0.32037902110925665+2.941994588438041j)	0.3030741214752197	34.31905529075309
361	(0.6710889284083859+2.8345884802913006j)	0.31001901626586914	34.41438322211629
362	(1.001026676634628+2.6827421651857852j)	0.32196974754333496	34.5097111534795
363	(1.3042772416316573+2.490572128846937j)	0.30506277084350586	34.6050390848427
364	(1.576495606697447+2.262873997656802j)	0.30506086349487305	34.7003670162059
365	(1.8117943558055243+2.004215190967183j)	0.3103477954864502	34.79569494756911
366	(2.0074571814027005+1.7209955213258268j)	0.3069791793823242	34.89102287893231
367	(2.160825248550274+1.4185218768337453j)	0.30727195739746094	34.98635081029551
368	(2.269708572587814+1.1046264410817626j)	0.3019530773162842	35.08167874165872
369	(2.333578497660821+0.7844141139492196j)	0.3159770965576172	35.17700667302192
370	(2.35231052172267+0.4651783507293221j)	0.3083500862121582	35.27233460438512
371	(2.3281203711599634+0.15367530162094417j)	0.30432796478271484	35.36766253574832
372	(2.2616919821981725-0.14445219846351529j)	0.30805492401123047	35.46299046711153
373	(2.1570347226047506-0.42310032432280065j)	0.2980837821960449	35.55831839847473
374	(2.018040130601297-0.6778700227678718j)	0.3081929683685303	35.65364632983793
375	(1.8486213102106999-0.9028425264531229j)	0.30216193199157715	35.74897426120114
376	(1.6542413278353854-1.0957839871179818j)	0.3437061309814453	35.84430219256434
377	(1.440276486134683-1.2532297365492442j)	0.31258535385131836	35.93963012392754
378	(1.2135162634345087-1.3730971460011254j)	0.3270540237426758	36.034958055290744
379	(0.9785414341098431-1.4548993037697773j)	0.30750107765197754	36.13028598665395
380	(0.7424701695131126-1.497613164249985j)	0.30362606048583984	36.22561391801715
381	(0.5115465931835913-1.5035718153662403j)	0.33400821685791016	36.320941849380354
382	(0.2903832266192731-1.4731582257211333j)	0.32396411895751953	36.41626978074356
383	(0.08528551532623178-1.409961096775111j)	0.3175160884857178	36.51159771210676
384	(-0.09965554429335276-1.3175817484509784j)	0.31467199325561523	36.606925643469964
385	(-0.2592081355119382-1.199444576925784j)	0.3094899654388428	36.70225357483317
386	(-0.39097623632439726-1.060670971488679j)	0.31061315536499023	36.79758150619637
387	(-0.492037535412543-0.9063093508898817j)	0.31976914405822754	36.892909437559574
388	(-0.5602494282071172-0.7424972110549872j)	0.31291794776916504	36.988237368922775
389	(-0.5954058597789974-0.5735487374463959j)	0.3383188247680664	37.08356530028598
390	(-0.5972223362152478-0.40662147475089305j)	0.30812692642211914	37.178893231649184
391	(-0.5670322377287302-0.24678757156341674j)	0.3050870895385742	37.274221163012385
392	(-0.5057826289283719-0.09905716601878534j)	0.3022420406341553	37.36954909437559
393	(-0.41767693785315696+0.031195502999362898j)	0.3075220584869385	37.464877025738794
394	(-0.30522036068653063+0.1398088753336131j)	0.32070493698120117	37.560204957101995
395	(-0.17248401539428057+0.22219995665357278j)	0.32971811294555664	37.655532888465196
396	(-0.024860149769753363+0.27664417479230924j)	0.3091897964477539	37.750860819828404
397	(0.13287417746772262+0.2997360867525328j)	0.3136000633239746	37.846188751191605
398	(0.2949145800121325+0.2901601896554894j)	0.3351869583129883	37.941516682554806
399	(0.45634346402914794+0.24803528526253982j)	0.3236711025238037	38.036844613918014
400	(0.6107084360397802+0.17318098254063413j)	0.30661487579345703	38.132172545281215
401	(0.7527252525584696+0.06712408799350747j)	0.30411481857299805	38.227500476644416
402	(0.8772572734852137-0.06807182900591513j)	0.3074650764465332	38.322828408007624
403	(0.9790142654950617-0.2287763529214663j)	0.31365013122558594	38.418156339370825
404	(1.0539510218647232-0.4118224517431466j)	0.3117940425872803	38.513484270734025
405	(1.0981002546336291-0.6128003160791249j)	0.31038689613342285	38.608812202097226
406	(1.1091953849475005-0.8258153982229416j)	0.30782485008239746	38.704140133460434
407	(1.083872678890351-1.0460428928028316j)	0.2964799404144287	38.799468064823635
408	(1.0215949790110348-1.267542085633628j)	0.3062570095062256	38.894795996186836
409	(0.9223528173512376-1.4846096510487403j)	0.3163008689880371	38.990123927550044
410	(0.785977700655683-1.6901868103123059j)	0.3147399425506592	39.085451858913245
411	(0.6145883184497813-1.8793720228449182j)	0.3112959861755371	39.180779790276446
412	(0.41002251421609714-2.0466030145688343j)	0.31276583671569824	39.276107721639654
413	(0.17682298414439862-2.1857789958342613j)	0.3113842010498047	39.371435653002855
414	(-0.08218786279201662-2.2928517370066714j)	0.312716007232666	39.466763584366056
415	(-0.3617429836285637-2.363598976456312j)	0.30292391777038574	39.56209151572926
416	(-0.6557895486361043-2.394949994601746j)	0.3061368465423584	39.657419447092465
417	(-0.9591036578170472-2.384327001449033j)	0.30362486839294434	39.752747378455666
418	(-1.265092293484764-2.330153166387226j)	0.30800795555114746	39.84807530981887
419	(-1.5671084681683807-2.2323112123008118j)	0.3373591899871826	39.943403241182075
420	(-1.8592591970017363-2.0905238141356266j)	0.30698084831237793	40.038731172545276
421	(-2.1346215029105604-1.9068144684209418j)	0.3030111789703369	40.13405910390848
422	(-2.38702058753804-1.6831116396260057j)	0.31297993659973145	40.22938703527168
423	(-2.610332194788953-1.423639911746017j)	0.31605005264282227	40.324714966634886
424	(-2.7999443059871574-1.1313563507168656j)	0.3146228790283203	40.42004289799809
425	(-2.9506833643734023-0.8119348039208752j)	0.30912089347839355	40.51537082936129
426	(-3.0591528359677267-0.4712701890474559j)	0.3130788803100586	40.610698760724496
427	(-3.121483497682197-0.1145838063414194j)	0.29601192474365234	40.7060266920877
428	(-3.1365429062189376+0.2508540117548148j)	0.3053281307220459	40.8013546234509
429	(-3.1030029163616524+0.6186029970123349j)	0.3094949722290039	40.896682554814106
430	(-3.0201223919331763+0.9810839825991869j)	0.31123805046081543	40.99201048617731
431	(-2.8895380912284283+1.3324359687579557j)	0.30368590354919434	41.08733841754051
432	(-2.7128785235402937+1.6653514891005807j)	0.3139667510986328	41.18266634890371
433	(-2.493334735526793+1.972994028796177j)	0.30996084213256836	41.27799428026692
434	(-2.2339251056861897+2.2505323338612424j)	0.3323369026184082	41.37332221163012
435	(-1.94003684004472+2.491957354538019j)	0.30143094062805176	41.46865014299332
436	(-1.616757956673894+2.6932611306605247j)	0.3143579959869385	41.56397807435653
437	(-1.2704220844804515+2.8499832950450075j)	0.30388617515563965	41.65930600571973
438	(-0.9068815461285904+2.9596716980690996j)	0.29898691177368164	41.75463393708293
439	(-0.5330303118639768+3.0208840415721205j)	0.3012044429779053	41.84996186844613
440	(-0.15604941116531668+3.0318022505013587j)	0.30861496925354004	41.94528979980934
441	(0.21725043508060038+2.9940174464537295j)	0.2985248565673828	42.04061773117254
442	(0.5798945007004483+2.9078321491979686j)	0.3063511848449707	42.13594566253574
443	(0.9249905968635749+2.775707537618258j)	0.3007690906524658	42.23127359389895
444	(1.2472929875771306+2.600244758959481j)	0.30164504051208496	42.32660152526215
445	(1.540201798649795+2.3863613370596104j)	0.3190631866455078	42.42192945662535
446	(1.7992068370143066+2.138432448273213j)	0.3065030574798584	42.51725738798856
447	(2.0198867313422326+1.8612314871528153j)	0.32109713554382324	42.61258531935176
448	(2.1992063121534384+1.5616720633386456j)	0.31455492973327637	42.70791325071496
449	(2.3345305189600256+1.2456568080547328j)	0.3030271530151367	42.80324118207816
450	(2.424141636390889+0.9199314376838389j)	0.3083829879760742	42.89856911344137
451	(2.4685309753508897+0.5906087029028928j)	0.3028891086578369	42.99389704480457
452	(2.4676110099609647+0.2653576129110605j)	0.3049311637878418	43.08922497616777
453	(2.422629739122663-0.05014348592695084j)	0.29763197898864746	43.18455290753098
454	(2.3364602393242593-0.35016345514939284j)	0.30697083473205566	43.27988083889418
455	(2.2128395185252128-0.6279509265862571j)	0.33884406089782715	43.37520877025738
456	(2.055222586893824-0.8795955905169234j)	0.30654001235961914	43.47053670162058
457	(1.8685400032752864-1.1000275604341123j)	0.31155991554260254	43.56586463298379
458	(1.6583656109411158-1.286654007589675j)	0.3366267681121826	43.66119256434699
459	(1.430101280519669-1.4359969525917733j)	0.307478666305542	43.75652049571019
460	(1.1899820025482089-1.5466248717804132j)	0.3044857978820801	43.8518484270734
461	(0.9442333843236461-1.6185009678736477j)	0.3170139789581299	43.9471763584366
462	(0.699187648434256-1.6508545452826406j)	0.3043711185455322	44.0425042897998
463	(0.4605351151006992-1.6456262807864876j)	0.3137340545654297	44.13783222116301
464	(0.23343089433309905-1.6045705797501804j)	0.29654598236083984	44.23316015252621
465	(0.024340777881228903-1.530473742219264j)	0.3257899284362793	44.32848808388941
466	(-0.16282089915087294-1.4278924732749332j)	0.3052968978881836	44.42381601525261
467	(-0.3239810365113289-1.300018159650026j)	0.31679582595825195	44.51914394661582
468	(-0.45610175944654424-1.152859905263658j)	0.3162810802459717	44.61447187797902
469	(-0.5561050769202922-0.9906697345030275j)	0.29716014862060547	44.70979980934222
470	(-0.622973150679829-0.819696041927532j)	0.319490909576416	44.80512774070543
471	(-0.6564726097955509-0.6455312633358136j)	0.2993159294128418	44.90045567206863
472	(-0.6558755572563941-0.4741903436370587j)	0.30877184867858887	44.99578360343183
473	(-0.6233614971420522-0.3106493796055463j)	0.29978299140930176	45.09111153479503
474	(-0.5606140751056111-0.16055333587523546j)	0.3164370059967041	45.18643946615824
475	(-0.4709669441008164-0.029113375520096935j)	0.29712605476379395	45.28176739752144
476	(-0.35738431423407135+0.08014556656484187j)	0.30049991607666016	45.37709532888464
477	(-0.22455507328965219+0.16309672948232723j)	0.3097081184387207	45.47242326024785
478	(-0.07819315221872636+0.216851017455205j)	0.313096284866333	45.56775119161105
479	(0.07807224708420821+0.2391025042930371j)	0.3109700679779053	45.66307912297425
480	(0.23738295096662998+0.22925470690903454j)	0.31549882888793945	45.75840705433746
481	(0.3948065318513166+0.1867824873362749j)	0.3155629634857178	45.85373498570066
482	(0.5440718332518525+0.11185717654756802j)	0.3108646869659424	45.94906291706386
483	(0.6805760333189699+0.006612930246251814j)	0.29817795753479004	46.044390848427064
484	(0.7985958698483231-0.1266967791953692j)	0.3059089183807373	46.13971877979027
485	(0.8930519128040152-0.284591742261937j)	0.3210928440093994	46.23504671115347
486	(0.960322607736587-0.46358931558750544j)	0.3150451183319092	46.330374642516674
487	(0.9968882845317106-0.6591016755986019j)	0.32595086097717285	46.42570257387988
488	(0.9993398198651907-0.8652479858210754j)	0.3096308708190918	46.52103050524308
489	(0.9668789049643394-1.0771840373958061j)	0.3071718215942383	46.61635843660628
490	(0.8976599248337587-1.2885267171942862j)	0.3443939685821533	46.71168636796949
491	(0.7920218871107355-1.4937863561497544j)	0.29966306686401367	46.80701429933269
492	(0.6500595264442036-1.6866220970177705j)	0.30092310905456543	46.90234223069589
493	(0.47488240595183767-1.8617803209134298j)	0.33162593841552734	46.997670162059094
494	(0.2682475687307534-2.013338036113072j)	0.3071010112762451	47.0929980934223
495	(0.033968146196848736-2.1359128191685466j)	0.3131887912750244	47.1883260247855
496	(-0.22385741724688957-2.226243477492204j)	0.30162501335144043	47.283653956148704
497	(-0.4996233489057237-2.279445142260671j)	0.3038508892059326	47.37898188751191
498	(-0.7880507572440382-2.292892258113045j)	0.29938507080078125	47.47430981887511
499	(-1.0838385241764696-2.264547790205664j)	0.3172299861907959	47.569637750238314
500	(-1.3792656058588526-2.1935008295363483j)	0.3041830062866211	47.664965681601515
501	(-1.6690559953858677-2.0791871814225273j)	0.30844902992248535	47.76029361296472
502	(-1.9463059272969725-1.9219122182255193j)	0.3019289970397949	47.855621544327924
503	(-2.2048830923459692-1.7248044822253177j)	0.3132321834564209	47.950949475691125
504	(-2.438577100465309-1.4891465771682606j)	0.3090682029724121	48.04627740705433
505	(-2.6411573574535674-1.2193678370044645j)	0.3257899284362793	48.141605338417534
506	(-2.809147610658641-0.9195326907286882j)	0.30580568313598633	48.236933269780735
507	(-2.9366776039378246-0.5952407541414154j)	0.29981398582458496	48.33226120114394
508	(-3.021083987926363-0.25184884768005755j)	0.2971682548522949	48.427589132507144
509	(-3.0593204548486415+0.10468952849211033j)	0.3234729766845703	48.522917063870345
510	(-3.049973514607802+0.46679449813247187j)	0.3008310794830322	48.618244995233546
511	(-2.991963300084198+0.8284829168878995j)	0.3084452152252197	48.713572926596754
512	(-2.885386689455035+1.1825288815408022j)	0.30437302589416504	48.808900857959955
513	(-2.7324764993648483+1.5221846190499921j)	0.3045780658721924	48.904228789323156
514	(-2.534308689737426+1.8406074169163158j)	0.30144786834716797	48.999556720686364
515	(-2.2948990781981164+2.1317982662450117j)	0.30239105224609375	49.094884652049565
516	(-2.018113949910361+2.390512728024361j)	0.3107638359069824	49.190212583412766
517	(-1.7091104548256975+2.610717024430292j)	0.3279130458831787	49.28554051477597
518	(-1.3727807152028615+2.789362607650653j)	0.3331019878387451	49.380868446139175
519	(-1.0160579885037366+2.9222856693401837j)	0.308042049407959	49.476196377502376
520	(-0.6454568194676422+3.007320455503617j)	0.3081371784210205	49.57152430886558
521	(-0.26716734248877794+3.042749399101486j)	0.30690717697143555	49.666852240228785
522	(0.1112296434264819+3.0283161365068865j)	0.3097069263458252	49.762180171591986
523	(0.4828675751816547+2.965142699959178j)	0.32526683807373047	49.85750810295519
524	(0.8409176323515646+2.853495626380105j)	0.31476306915283203	49.952836034318395
525	(1.1790429140348406+2.6972918720180115j)	0.3162410259246826	50.048163965681596
526	(1.4914155519776033+2.499422153491888j)	0.3024780750274658	50.1434918970448
527	(1.7717556144585629+2.2641854105289463j)	0.310884952545166	50.238819828408
528	(2.0162590698044283+1.996481730878624j)	0.31144189834594727	50.334147759771206
529	(2.220440599339706+1.7021767549221276j)	0.30283617973327637	50.42947569113441
530	(2.38182145805365+1.3877612837552415j)	0.3089768886566162	50.52480362249761
531	(2.49772740445753+1.0587083802401718j)	0.3118002414703369	50.620131553860816
532	(2.5748549035178+0.7288810020260348j)	0.2829749584197998	50.71545948522402
533	(2.5909621564260616+0.38635088041198595j)	0.30350208282470703	50.81078741658722
534	(2.5687502083582308+0.056034231402355195j)	0.30381178855895996	50.90611534795042
535	(2.5030626892634786-0.26239035448012293j)	0.2983531951904297	51.00144327931363
536	(2.396586277707869-0.5621861410371428j)	0.303375244140625	51.09677121067683
537	(2.2530172044831813-0.8375735224206577j)	0.30759501457214355	51.19209914204003
538	(2.0767050672754213-1.084920599260208j)	0.3118910789489746	51.28742707340324
539	(1.8725595509420583-1.2992711276408961j)	0.310931921005249	51.38275500476644
540	(1.6467485988307424-1.47757179318256j)	0.29944610595703125	51.47808293612964
541	(1.4040515630071586-1.6174554891285042j)	0.31465792655944824	51.573410867492846
542	(1.1515006342526029-1.7181047779598217j)	0.3151590824127197	51.66873879885605
543	(0.8951349801662764-1.778475316306277j)	0.3055288791656494	51.76406673021925
544	(0.6410598712854025-1.799064820515068j)	0.32015299797058105	51.85939466158245
545	(0.395107391251042-1.781844825262389j)	0.31685614585876465	51.95472259294566
546	(0.16306072137767214-1.7288241588968436j)	0.3043830394744873	52.05005052430886
547	(-0.04951797070171804-1.6431796462449646j)	0.3066270351409912	52.14537845567206
548	(-0.23916835547371773-1.5290346391075638j)	0.31369972229003906	52.24070638703527
549	(-0.40105715137586-1.3909725085269247j)	0.3150198459625244	52.33603431839847
550	(-0.5323298075312015-1.2339497352809374j)	0.31909704208374023	52.43136224976167
551	(-0.6313249392409874-1.0630189392836265j)	0.3114190101623535	52.52669018112488
552	(-0.696207514482122-0.8849709847237881j)	0.3309040069580078	52.62201811248808
553	(-0.7268760117334623-0.7043537732812949j)	0.3090341091156006	52.71734604385128
554	(-0.7234526677112895-0.5277691932761626j)	0.3082871437072754	52.81267397521448
555	(-0.6883138839450312-0.36020681916021297j)	0.3101999759674072	52.90800190657769
556	(-0.6230663118724675-0.20743515127074585j)	0.32418203353881836	53.00332983794089
557	(-0.5308929614377791-0.0739486833828657j)	0.30142688751220703	53.09865776930409
558	(-0.41621689040109333+0.03676155848029877j)	0.30870485305786133	53.1939857006673
559	(-0.2828063322331512+0.11993274512606927j)	0.31702709197998047	53.2893136320305
560	(-0.13611960085285352+0.1736509589383581j)	0.3522162437438965	53.3846415633937
561	(0.01895195612870043+0.19627564269715403j)	0.3230719566345215	53.4799694947569
562	(0.1765356636972625+0.18611357387994404j)	0.30383825302124023	53.57529742612011
563	(0.3305103222394323+0.14278243115399536j)	0.3252248764038086	53.67062535748331
564	(0.4763964613946383+0.06920858210190964j)	0.3283689022064209	53.76595328884651
565	(0.6075483860465136-0.03446701545408826j)	0.33681201934814453	53.86128122020972
566	(0.7202831627477133-0.1659646329964794j)	0.3089590072631836	53.95660915157292
567	(0.8085532650422993-0.3208803857683724j)	0.32542991638183594	54.05193708293612
568	(0.8696765588020925-0.4952626769072629j)	0.33686304092407227	54.14726501429933
569	(0.8990736485097739-0.6849264166497991j)	0.33400893211364746	54.24259294566253
570	(0.8953214637879151-0.8841123763417879j)	0.33675193786621094	54.33792087702573
571	(0.856321897253108-1.0874840481258723j)	0.320629358291626	54.43324880838893
572	(0.7816035287569056-1.2889454162307226j)	0.3693389892578125	54.52857673975214
573	(0.6705487450466032-1.4828057088190327j)	0.34709596633911133	54.62390467111534
574	(0.5250474184218132-1.663196689560652j)	0.30278730392456055	54.71923260247854
575	(0.34724975286609516-1.8242932553576674j)	0.33214712142944336	54.81456053384175
576	(0.13962601488706095-1.9608026897529145j)	0.32332491874694824	54.90988846520495
577	(-0.09424782638521978-2.0684434656669755j)	0.29799890518188477	55.00521639656815
578	(-0.3486839846231532-2.142011631709258j)	0.3141448497772217	55.10054432793135
579	(-0.6199935405148007-2.1783611907811156j)	0.30069708824157715	55.19587225929456
580	(-0.901877147497012-2.175689496942246j)	0.3056168556213379	55.29120019065776
581	(-1.187966057533556-2.1311558718060124j)	0.3111560344696045	55.38652812202096
582	(-1.4723306018201765-2.0440528536888536j)	0.3091468811035156	55.48185605338417
583	(-1.7487387046748817-1.9149071235529223j)	0.31323695182800293	55.57718398474737
584	(-2.0104329433756787-1.7446099876743977j)	0.3285551071166992	55.67251191611057
585	(-2.2512494585234823-1.535336025885312j)	0.33614611625671387	55.76783984747378
586	(-2.4655132650892337-1.2897489458267408j)	0.5196928977966309	55.86316777883698
587	(-2.647889589190681-1.0118308527557724j)	0.37958216667175293	55.95849571020018
588	(-2.793625615278338-0.7065439205103303j)	0.4483659267425537	56.05382364156338
589	(-2.898100784858501-0.3786318020356516j)	0.40921592712402344	56.14915157292659
590	(-2.959183384744101-0.034853753014761235j)	0.3391110897064209	56.24447950428979
591	(-2.9735678982997804+0.3193640744210149j)	0.36978983879089355	56.33980743565299
592	(-2.940006071713847+0.6763430783745233j)	0.30667591094970703	56.4351353670162
593	(-2.8588333429860175+1.030231106141473j)	0.32532501220703125	56.5304632983794
594	(-2.729857970616019+1.3736598033169787j)	0.3033139705657959	56.6257912297426
595	(-2.5550575907092137+1.700085047758567j)	0.3068070411682129	56.721119161105804
596	(-2.337072766167102+2.0025269149255096j)	0.39798903465270996	56.81644709246901
597	(-2.0798569295643654+2.275655384385863j)	0.41849803924560547	56.91177502383221
598	(-1.7871557489827326+2.5137753105740703j)	0.30644702911376953	57.007102955195414
599	(-1.4643667387680175+2.712232545749174j)	0.43139219284057617	57.10243088655862
600	(-1.1175657341008345+2.8674783670772506j)	0.3225209712982178	57.19775881792182
601	(-0.7526258918149082+2.975494019962827j)	0.3053009510040283	57.293086749285024
602	(-0.37664516449497487+3.035008175132289j)	0.3355588912963867	57.38841468064823
603	(0.004035983789191899+3.0450283687375728j)	0.30248498916625977	57.48374261201143
604	(0.3814048614936554+3.0048866099650673j)	0.44885706901550293	57.579070543374634
605	(0.749296444214778+2.9160515912376614j)	0.396820068359375	57.674398474737835
606	(1.1011217131485156+2.779908504894387j)	0.321491003036499	57.76972640610104
607	(1.429806885314003+2.600303974827923j)	0.31240177154541016	57.865054337464244
608	(1.7299152376044185+2.3799182641240773j)	0.3212289810180664	57.960382268827445
609	(1.99648317011864+2.124501092649102j)	0.32097721099853516	58.05571020019065
610	(2.224831705571029+1.8384225533421317j)	0.32053613662719727	58.151038131553854
611	(2.410952313400146+1.5278601620882728j)	0.3160109519958496	58.246366062917055
612	(2.552570185467255+1.1995555282873291j)	0.32492589950561523	58.341693994280256
613	(2.6481796295300386+0.8594156241814582j)	0.31102585792541504	58.437021925643464
614	(2.6964227074110614+0.514999869032478j)	0.34432101249694824	58.532349857006665
615	(2.6980609225298533+0.1724866136729759j)	0.32883405685424805	58.627677788369866
616	(2.6540906559122184-0.16169749582365212j)	0.3422400951385498	58.723005719733074
617	(2.5670615148637266-0.480165727094095j)	0.33748698234558105	58.818333651096275
618	(2.4392916320611144-0.7782966393726248j)	0.3342130184173584	58.913661582459476
619	(2.2758886257364637-1.0500466499267902j)	0.323397159576416	59.008989513822684
620	(2.0810563021862043-1.2913180091301468j)	0.30689311027526855	59.104317445185885
621	(1.8595774599945467-1.4976949032810554j)	0.3252990245819092	59.199645376549086
622	(1.617522706436257-1.6662236386970153j)	0.3149580955505371	59.29497330791229
623	(1.3612823447763664-1.7959342353044303j)	0.2954440116882324	59.390301239275495
624	(1.096504660640148-1.8841700725612278j)	0.3238198757171631	59.485629170638695
625	(0.8295207007780029-1.9317960604022266j)	0.3211629390716553	59.580957102001896
626	(0.5674096010901627-1.93956669535515j)	0.3244187831878662	59.676285033365104
627	(0.3150118591213661-1.909230114388504j)	0.37224507331848145	59.771612964728305
628	(0.07831236923059048-1.8428902132823857j)	0.34428906440734863	59.866940896091506
629	(-0.13754995438204798-1.7447988064462048j)	0.3464679718017578	59.962268827454714
630	(-0.32843092578071825-1.618730593481944j)	0.3136632442474365	60.057596758817915
631	(-0.48990059827574883-1.4690113937437173j)	0.3500680923461914	60.152924690181116
632	(-0.6203500869429373-1.3016906100566676j)	0.3579261302947998	60.24825262154432
633	(-0.7170479856502238-1.121898390018845j)	0.3449540138244629	60.343580552907525
634	(-0.7788825029129887-0.9357074879224878j)	0.3263108730316162	60.438908484270726
635	(-0.8061348576426954-0.7480890831319129j)	0.32903003692626953	60.53423641563393
636	(-0.7994895822552981-0.5656084814423401j)	0.3290231227874756	60.629564346997135
637	(-0.7605636714201705-0.3941115846714663j)	0.30974483489990234	60.724892278360336
638	(-0.6917107120436806-0.23752959866544193j)	0.31601595878601074	60.82022020972354
639	(-0.5968345091448749-0.10142747033558516j)	0.3406667709350586	60.91554814108674
640	(-0.4797613356106947+0.010383982512912088j)	0.35106897354125977	61.010876072449946
641	(-0.34449306596267215+0.09454485925185815j)	0.339663028717041	61.10620400381315
642	(-0.1971559341497199+0.14898256812364088j)	0.3167240619659424	61.20153193517635
643	(-0.04235709570790548+0.17160742153508549j)	0.32692885398864746	61.296859866539556
644	(0.11389321953272617+0.16156846358526544j)	0.32390594482421875	61.39218779790276
645	(0.2662976354262172+0.11965395614901737j)	0.3307759761810303	61.48751572926596
646	(0.40879248107396093+0.04631445269665507j)	0.33948302268981934	61.582843660629166
647	(0.536565499879254-0.05634344330906382j)	0.318286657333374	61.67817159199237
648	(0.6444515651476218-0.18518141545543784j)	0.33606886863708496	61.77349952335557
649	(0.7278138017776477-0.3367943447851459j)	0.33298301696777344	61.86882745471877
650	(0.7832509167287673-0.5068894635580624j)	0.3342897891998291	61.96415538608198
651	(0.8074123486623537-0.6910528409406724j)	0.32262182235717773	62.05948331744518
652	(0.7983201180456264-0.8830044492883917j)	0.3465890884399414	62.15481124880838
653	(0.7540514036356861-1.0780553364030525j)	0.3426859378814697	62.25013918017159
654	(0.6743549124434539-1.2697531762118492j)	0.3061530590057373	62.34546711153479
655	(0.5600498319789425-1.4526973413062703j)	0.31265711784362793	62.44079504289799
656	(0.41214271472009467-1.6208116451682935j)	0.33007311820983887	62.53612297426119
657	(0.2329584877521409-1.768518371520784j)	0.3187727928161621	62.6314509056244
658	(0.025581896086860012-1.8913427616458647j)	0.3662726879119873	62.7267788369876
659	(-0.20575210871622068-1.9835059128298165j)	0.3518867492675781	62.8221067683508
660	(-0.45670907532791405-2.042047385569625j)	0.3154420852661133	62.91743469971401
661	(-0.7221746049823995-2.0632630758803003j)	0.31040120124816895	63.01276263107721
662	(-0.9956818808716226-2.045145550646836j)	0.34211277961730957	63.10809056244041
663	(-1.2719672709600807-1.9855033232238102j)	0.3145310878753662	63.20341849380362
664	(-1.544169366934151-1.8846171477472837j)	0.303131103515625	63.29874642516682
665	(-1.8062507957745422-1.7424618760085038j)	0.3248162269592285	63.39407435653002
666	(-2.0516756329484584-1.5599954821206838j)	0.3271522521972656	63.48940228789322
667	(-2.274674812760827-1.3405892175106358j)	0.33303093910217285	63.58473021925643
668	(-2.4695045039294614-1.0868034284820873j)	0.33508777618408203	63.68005815061963
669	(-2.63092618063293-0.8028537810523768j)	0.31023287773132324	63.77538608198283
670	(-2.754432836036579-0.4936935429018985j)	0.3278639316558838	63.87071401334604
671	(-2.8367097347016346-0.16471846426262693j)	0.3188498020172119	63.96604194470924
672	(-2.8742880363779073+0.17746587122533453j)	0.3336210250854492	64.06136987607245
673	(-2.86534106889961+0.5275535326230332j)	0.3322029113769531	64.15669780743565
674	(-2.809237813162603+0.8777785678402636j)	0.3339729309082031	64.25202573879885
675	(-2.7051147504771382+1.2218083147074426j)	0.3208138942718506	64.34735367016206
676	(-2.5550431804870932+1.5527885919406337j)	0.35657310485839844	64.44268160152527
677	(-2.3603070692577264+1.8641885339814468j)	0.34087705612182617	64.53800953288847
678	(-2.1242526581378334+2.1497205822613625j)	0.33579587936401367	64.63333746425167
679	(-1.85051899910583+2.4030036469746783j)	0.34851598739624023	64.72866539561487
680	(-1.543631273769392+2.620080365900812j)	0.3136630058288574	64.82399332697807
681	(-1.2092520345722422+2.7955779967663315j)	0.3122401237487793	64.91932125834127
682	(-0.8538150155442338+2.926297515375243j)	0.3124849796295166	65.01464918970449
683	(-0.4828473233311038+3.0094613821711658j)	0.318983793258667	65.10997712106769
684	(-0.10344147929344971+3.0433401305930996j)	0.3100290298461914	65.20530505243089
685	(0.2769955085357825+3.027353690211566j)	0.320145845413208	65.30063298379409
686	(0.6517218505449435+2.9613418178556388j)	0.3329198360443115	65.39596091515729
687	(1.0139530828790393+2.847520814656246j)	0.3454570770263672	65.49128884652049
688	(1.356985434641942+2.68740618582312j)	0.33423829078674316	65.58661677788369
689	(1.674270754681997+2.484572043094537j)	0.32724928855895996	65.6819447092469
690	(1.9607816755514302+2.243198725392537j)	0.34702205657958984	65.77727264061011
691	(2.211395100234786+1.9683178496995204j)	0.3224961757659912	65.87260057197331
692	(2.421629073441069+1.6653522127205513j)	0.31864428520202637	65.96792850333651
693	(2.588315961926087+1.3397952934787583j)	0.3198740482330322	66.06325643469971
694	(2.7092654155979847+0.9992229761643697j)	0.3124871253967285	66.15858436606291
695	(2.7830549664375206+0.6496649021451927j)	0.3156857490539551	66.25391229742611
696	(2.808747903628167+0.29810850569468156j)	0.3226919174194336	66.34924022878933
697	(2.7881948401866183-0.048819500026970664j)	0.3350241184234619	66.44456816015253
698	(2.721637452329424-0.384191605807046j)	0.30950093269348145	66.53989609151573
699	(2.612431388028711-0.7022203650999566j)	0.33062100410461426	66.63522402287893
700	(2.463907661788955-0.9967103598654343j)	0.32862186431884766	66.73055195424213
701	(2.2802857168169197-1.2627060259923593j)	0.3084700107574463	66.82587988560533
702	(2.0665015846083445-1.4960157054142265j)	0.3279390335083008	66.92120781696855
703	(1.8275753090810687-1.6929510094012208j)	0.3113741874694824	67.01653574833175
704	(1.5703599538383464-1.8507741550683579j)	0.3135371208190918	67.11186367969495
705	(1.3002378362026552-1.967655855505492j)	0.30391597747802734	67.20719161105815
706	(1.023682459226409-2.042626355978157j)	0.3308231830596924	67.30251954242135
707	(0.7474331899034105-2.0767774276937976j)	0.3253328800201416	67.39784747378455
708	(0.4774219202227248-2.06994063743748j)	0.3441791534423828	67.49317540514775
709	(0.2196662612697393-2.025083765609809j)	0.3084402084350586	67.58850333651097
710	(-0.020999559180646332-1.9448689152522542j)	0.315781831741333	67.68383126787417
711	(-0.23851104187461633-1.832947396959523j)	0.33203983306884766	67.77915919923737
712	(-0.4296755011172621-1.6938748856653785j)	0.3152482509613037	67.87448713060057
713	(-0.5905079290899437-1.5321551977687964j)	0.3135261535644531	67.96981506196377
714	(-0.7186482305322832-1.354101991119719j)	0.33917880058288574	68.06514299332697
715	(-0.8120590488804509-1.164292337932017j)	0.3209357261657715	68.16047092469017
716	(-0.8701223493139202-0.9691266460673438j)	0.3178069591522217	68.25579885605339
717	(-0.8933592855284793-0.7747090044363475j)	0.31783318519592285	68.35112678741659
718	(-0.8817284500153862-0.5863105201038887j)	0.31848788261413574	68.44645471877979
719	(-0.8383690920531551-0.4096782712018935j)	0.31241607666015625	68.54178265014299
720	(-0.765572660313022-0.24945171701549923j)	0.3241400718688965	68.63711058150619
721	(-0.6667098418746752-0.11112253431251055j)	0.30553221702575684	68.7324385128694
722	(-0.5460620114797792+0.002711825208241512j)	0.33861589431762695	68.8277664442326
723	(-0.40857262762090585+0.08832020787605348j)	0.32308411598205566	68.92309437559581
724	(-0.25973915314958596+0.1431058371627672j)	0.31131911277770996	69.01842230695901
725	(-0.10400745594899845+0.1660537159845914j)	0.31705713272094727	69.11375023832221
726	(0.05203182302277285+0.156425529542068j)	0.33284997940063477	69.20907816968541
727	(0.20298780291623242+0.11518364119815094j)	0.3334958553314209	69.30440610104861
728	(0.3436509010811786+0.04241147248048838j)	0.31248998641967773	69.39973403241181
729	(0.46844797218714956-0.05853368309451665j)	0.31915998458862305	69.49506196377502
730	(0.5729172046547273-0.18495490760170563j)	0.31123995780944824	69.59038989513823
731	(0.6521042343392633-0.33343812143162777j)	0.3363931179046631	69.68571782650143
732	(0.7033707832665236-0.4993413189375852j)	0.3103480339050293	69.78104575786463
733	(0.7232435472456826-0.6778940313731778j)	0.3267500400543213	69.87637368922783
734	(0.709460689612483-0.8630502495458331j)	0.31224918365478516	69.97170162059103
735	(0.6613909138990396-1.0502722650477607j)	0.3153820037841797	70.06702955195423
736	(0.5786827086475561-1.232969563242585j)	0.3272888660430908	70.16235748331745
737	(0.4618100658329256-1.404898370773883j)	0.3055551052093506	70.25768541468065
738	(0.3123112470783584-1.5615286932015982j)	0.31898999214172363	70.35301334604385
739	(0.13308562978286215-1.696850036879548j)	0.309067964553833	70.44834127740705
740	(-0.07270539928466632-1.8061430259597462j)	0.3037266731262207	70.54366920877025
741	(-0.3012402575860137-1.8844227787221255j)	0.3148229122161865	70.63899714013345
742	(-0.5471167777324618-1.928946654563774j)	0.30576395988464355	70.73432507149666
743	(-0.8054351596822771-1.9359565958018674j)	0.31548070907592773	70.82965300285987
744	(-1.0701695887595526-1.9035496366598437j)	0.309985876083374	70.92498093422307
745	(-1.3356820675287586-1.8306961884806576j)	0.30839085578918457	71.02030886558627
746	(-1.594852363843628-1.7169758698713207j)	0.3346219062805176	71.11563679694947
747	(-1.8420091441731525-1.563321934401006j)	0.32289719581604004	71.21096472831267
748	(-2.0711328567819347-1.3708308939331408j)	0.3178880214691162	71.30629265967588
749	(-2.275857379741867-1.1431096783211976j)	0.3188600540161133	71.40162059103908
750	(-2.4510238694887927-0.8828768027278191j)	0.33344006538391113	71.49694852240229
751	(-2.591499585994061-0.5948482387795723j)	0.314863920211792	71.59227645376549
752	(-2.69372754607938-0.2838214270783245j)	0.3365001678466797	71.6876043851287
753	(-2.753454136260919+0.04422367127548163j)	0.3382987976074219	71.7829323164919
754	(-2.7683760047194372+0.3834540598618411j)	0.33492016792297363	71.8782602478551
755	(-2.737350486804722+0.7273253486127804j)	0.35936594009399414	71.9735881792183
756	(-2.6589471136786145+1.0688843645682686j)	0.3507380485534668	72.0689161105815
757	(-2.534150867371408+1.4014875384307754j)	0.32155823707580566	72.16424404194471
758	(-2.36355680590488+1.7186333829338303j)	0.3327343463897705	72.25957197330791
759	(-2.150651289437504+2.013612972034593j)	0.33741092681884766	72.35489990467111
760	(-1.8979083085773993+2.2804237751694485j)	0.31939077377319336	72.45022783603432
761	(-1.6094460471665637+2.513535136747893j)	0.3292253017425537	72.54555576739752
762	(-1.2907636549570078+2.708240716636549j)	0.34735894203186035	72.64088369876072
763	(-0.9467586052453455+2.8597746347947672j)	0.3327670097351074	72.73621163012393
764	(-0.5840385440337466+2.9656477380115467j)	0.3350541591644287	72.83153956148713
765	(-0.20895276489864917+3.0235622818387498j)	0.33240413665771484	72.92686749285033
766	(0.17087317092768772+3.0315223244229985j)	0.31720662117004395	73.02219542421354
767	(0.5493640406814837+2.9896607343454744j)	0.30893921852111816	73.11752335557674
768	(0.9192776329288721+2.898485335490735j)	0.34014201164245605	73.21285128693994
769	(1.2732658243386683+2.7599998523576565j)	0.3146476745605469	73.30817921830314
770	(1.6057044108168834+2.5762761879746177j)	0.33492517471313477	73.40350714966635
771	(1.9098866269940482+2.3515339892003193j)	0.3269679546356201	73.49883508102955
772	(2.181055764215457+2.090280465264595j)	0.32371997833251953	73.59416301239276
773	(2.413834193374879+1.7970698686324726j)	0.3233180046081543	73.68949094375596
774	(2.6045908702532334+1.478188232679391j)	0.32836461067199707	73.78481887511916
775	(2.7503783416520564+1.1394586018387063j)	0.33614516258239746	73.88014680648236
776	(2.8491958633524415+0.7883980036844763j)	0.32579493522644043	73.97547473784556
777	(2.9001444062908637+0.43072622551916967j)	0.3314661979675293	74.07080266920877
778	(2.9028760375179736+0.07389905684395642j)	0.32286810874938965	74.16613060057198
779	(2.8588887088565413-0.2751000607688632j)	0.33419084548950195	74.26145853193518
780	(2.769283237652766-0.610507196060833j)	0.3497810363769531	74.35678646329838
781	(2.6379161992249975-0.9253159641541697j)	0.33483386039733887	74.45211439466158
782	(2.468020876189612-1.214653602747589j)	0.34787511825561523	74.54744232602478
783	(2.2643922562340912-1.4732258023553495j)	0.339447021484375	74.64277025738798
784	(2.0319861894734146-1.6971168503517717j)	0.4239969253540039	74.7380981887512
785	(1.7763833992298261-1.882880286706715j)	0.3682539463043213	74.8334261201144
786	(1.504165611900874-2.0277204575394423j)	0.3288290500640869	74.9287540514776
787	(1.2207846391900863-2.1309630685583607j)	0.333082914352417	75.0240819828408
788	(0.9335185820535128-2.1913429880915434j)	0.31066107749938965	75.119409914204
789	(0.648636298760838-2.2099848204808414j)	0.32869505882263184	75.2147378455672
790	(0.3719853702073573-2.1877465648921643j)	0.34491586685180664	75.3100657769304
791	(0.10910661796750903-2.127524159993065j)	0.33830904960632324	75.40539370829362
792	(-0.13405446246292346-2.032233204968311j)	0.32392287254333496	75.50072163965682
793	(-0.35255168370537515-1.9056932335178278j)	0.3377070426940918	75.59604957102002
794	(-0.5430396787462047-1.752857448469996j)	0.32912111282348633	75.69137750238322
795	(-0.7019422999730405-1.578704451739119j)	0.327455997467041	75.78670543374642
796	(-0.8265373400055065-1.388824828908738j)	0.3494441509246826	75.88203336510962
797	(-0.9160928939031493-1.1887268093165237j)	0.3184480667114258	75.97736129647284
798	(-0.9696260951781059-0.985054163694028j)	0.3082592487335205	76.07268922783604
799	(-0.9867179406412423-0.7826732343279679j)	0.3362460136413574	76.16801715919924
800	(-0.9696731897094327-0.5877755968798115j)	0.3278658390045166	76.26334509056244
801	(-0.9208654890945387-0.4063358797767206j)	0.3277740478515625	76.35867302192564
802	(-0.8427548678254113-0.24248354581393589j)	0.31942200660705566	76.45400095328884
803	(-0.7387795864666703-0.10103665971536045j)	0.33242106437683105	76.54932888465204
804	(-0.6143586699751181+0.014635298354081172j)	0.32402610778808594	76.64465681601526
805	(-0.4734324360691783+0.10112070284391073j)	0.32744598388671875	76.73998474737846
806	(-0.321823934549867+0.1568207973201526j)	0.32485294342041016	76.83531267874166
807	(-0.16464330678603556+0.18021002859150265j)	0.3331022262573242	76.93064061010486
808	(-0.008030928702757845+0.1707421966372044j)	0.3452279567718506	77.02596854146806
809	(0.14279261960636402+0.12960927872644573j)	0.32495808601379395	77.12129647283126
810	(0.28241700520879903+0.05796405167814571j)	0.3303821086883545	77.21662440419446
811	(0.40584349831798533-0.041250252331326134j)	0.34290385246276855	77.31195233555768
812	(0.5070681476823575-0.16610057493635072j)	0.32599616050720215	77.40728026692088
813	(0.5833751845026559-0.3115536056020812j)	0.30707693099975586	77.50260819828408
814	(0.6313019110608346-0.4732375611879323j)	0.3256099224090576	77.59793612964728
815	(0.6474063664274281-0.6465511019473469j)	0.3246006965637207	77.69326406101048
816	(0.6309389626130657-0.8254835190198775j)	0.34403204917907715	77.78859199237368
817	(0.5798919250723369-1.0051198860880548j)	0.3273940086364746	77.88391992373688
818	(0.4944495771708131-1.1787150261470603j)	0.3161427974700928	77.9792478551001
819	(0.37631771378938705-1.3412762698312461j)	0.3249690532684326	78.0745757864633
820	(0.22660130345037305-1.4872374267381265j)	0.31151914596557617	78.1699037178265
821	(0.04838211885330179-1.610507775857902j)	0.3084218502044678	78.2652316491897
822	(-0.15522796943427675-1.7074134543308792j)	0.30642127990722656	78.3605595805529
823	(-0.3795318324190262-1.7730257476767557j)	0.315140962600708	78.4558875119161
824	(-0.6195422526071951-1.8044073920351726j)	0.3094038963317871	78.55121544327932
825	(-0.8702572064954238-1.7983312204261634j)	0.3101167678833008	78.64654337464252
826	(-1.1254025044516085-1.753387942880337j)	0.3094162940979004	78.74187130600572
827	(-1.3790226926469522-1.6686862807541898j)	0.3134608268737793	78.83719923736892
828	(-1.62515521647382-1.543702964406489j)	0.31550002098083496	78.93252716873212
829	(-1.857216871815578-1.3801734351390453j)	0.3077247142791748	79.02785510009532
830	(-2.0693117179660026-1.179557541591652j)	0.3166379928588867	79.12318303145852
831	(-2.2556055081017767-0.9452208808913745j)	0.32364988327026367	79.21851096282174
832	(-2.4114873049256706-0.6804206962577521j)	0.330996036529541	79.31383889418494
833	(-2.5315730454461307-0.3898924565652896j)	0.3087317943572998	79.40916682554814
834	(-2.61225586885793-0.07921269097189199j)	0.3281419277191162	79.50449475691134
835	(-2.6504973655939987+0.246722688694605j)	0.3343238830566406	79.59982268827454
836	(-2.643849846197254+0.5808355936651051j)	0.33295106887817383	79.69515061963774
837	(-2.5912117539821105+0.9167963722079147j)	0.33399510383605957	79.79047855100094
838	(-2.491809209182143+1.248037915480713j)	0.3102149963378906	79.88580648236416
839	(-2.3473415698759537+1.568031156629147j)	0.3076810836791992	79.98113441372736
840	(-2.158689758278174+1.8697053699751947j)	0.3094348907470703	80.07646234509056
841	(-1.9286423294244535+2.1468988038830172j)	0.31268882751464844	80.17179027645376
842	(-1.660904865834191+2.394271884936686j)	0.3169269561767578	80.26711820781696
843	(-1.3600697796533+2.605800197462637j)	0.30612993240356445	80.36244613918016
844	(-1.0311010632589668+2.777362196342372j)	0.3144829273223877	80.45777407054337
845	(-0.6793067607785601+2.9048782807009457j)	0.3341951370239258	80.55310200190658
846	(-0.3122574651183989+2.985771513443613j)	0.3125650882720947	80.64842993326978
847	(0.06439814747097206+3.0178814215485987j)	0.3342289924621582	80.74375786463298
848	(0.4433819900397491+2.999833150308524j)	0.3270237445831299	80.83908579599618
849	(0.8176805271028849+2.9327326421119224j)	0.33541226387023926	80.93441372735938
850	(1.1804864866610685+2.816469405209592j)	0.4169802665710449	81.02974165872259
851	(1.5245802122923853+2.654036656924897j)	0.33155298233032227	81.12506959008579
852	(1.8445355974630546+2.4480559150877155j)	0.33359622955322266	81.220397521449
853	(2.1337001981746613+2.2025286130178197j)	0.3296201229095459	81.3157254528122
854	(2.3872269526157157+1.9222359568505691j)	0.3251008987426758	81.4110533841754
855	(2.600833103227482+1.612147236603419j)	0.3412318229675293	81.5063813155386
856	(2.7709788537781566+1.279170614883212j)	0.32651495933532715	81.6017092469018
857	(2.8944885955319544+0.9291197455262169j)	0.3188447952270508	81.697037178265
858	(2.9701696050825044+0.568620857075183j)	0.30625414848327637	81.79236510962822
859	(2.997727150380107+0.205046837923333j)	0.29647088050842285	81.88769304099142
860	(2.9764061125857944-0.15493292111789314j)	0.30402493476867676	81.98302097235462
861	(2.9084863667570184-0.5046275230676904j)	0.3198690414428711	82.07834890371782
862	(2.795993425557165-0.8377884861446314j)	0.30291104316711426	82.17367683508103
863	(2.64221453968688-1.147909411227722j)	0.31124210357666016	82.26900476644423
864	(2.4509970765809626-1.4302529505060826j)	0.31822705268859863	82.36433269780743
865	(2.227369668946373-1.6793613688960933j)	0.29830408096313477	82.45966062917064
866	(1.9770054236375594-1.8920004947745017j)	0.29690122604370117	82.55498856053384
867	(1.704895476131636-2.0646136564681075j)	0.30802392959594727	82.65031649189704
868	(1.41813480641119-2.1953921169120942j)	0.325916051864624	82.74564442326025
869	(1.1228144028696705-2.2832676822699627j)	0.30510473251342773	82.84097235462345
870	(0.8256321609545296-2.3275086221969743j)	0.3173041343688965	82.93630028598665
871	(0.5326823544792182-2.3296013300494147j)	0.3053572177886963	83.03162821734985
872	(0.2501926669085691-2.2908276598845894j)	0.3001389503479004	83.12695614871306
873	(-0.01589584750427253-2.2140947621439593j)	0.3220047950744629	83.22228408007626
874	(-0.2604896785482642-2.1026969371995543j)	0.30890703201293945	83.31761201143946
875	(-0.4789797036141117-1.9611149957030283j)	0.30701112747192383	83.41293994280267
876	(-0.6674492851317708-1.7941113800699977j)	0.309035062789917	83.50826787416587
877	(-0.8229655296169678-1.606345667635293j)	0.3205070495605469	83.60359580552907
878	(-0.9432051172196974-1.4045878833646954j)	0.31676816940307617	83.69892373689227
879	(-1.0272324116378422-1.1939012303722145j)	0.3119540214538574	83.79425166825548
880	(-1.0741041124036528-0.9807122502108402j)	0.3043379783630371	83.88957959961868
881	(-1.085348897109462-0.7707955287674391j)	0.31664085388183594	83.98490753098189
882	(-1.0618636243651107-0.5696438445357088j)	0.3141920566558838	84.08023546234509
883	(-1.0061386176826062-0.3830529551676036j)	0.30692005157470703	84.17556339370829
884	(-0.9216321689115272-0.21531381232059837j)	0.32786083221435547	84.27089132507149
885	(-0.8122335134448906-0.0711564797645477j)	0.31585192680358887	84.3662192564347
886	(-0.6825343989548645+0.04603451207531978j)	0.32924699783325195	84.4615471877979
887	(-0.5369410474751739+0.1335084192656783j)	0.31160783767700195	84.5568751191611
888	(-0.38208258044543364+0.18979410000819896j)	0.29700303077697754	84.6522030505243
889	(-0.22239348688397506+0.2133518386074898j)	0.3246009349822998	84.74753098188751
890	(-0.06403422864466826+0.20392089982794778j)	0.34255504608154297	84.84285891325071
891	(0.08746412151327394+0.16312551204947445j)	0.344743013381958	84.93818684461391
892	(0.2268114293132996+0.09195315548686747j)	0.3268768787384033	85.03351477597712
893	(0.34832014936842015-0.00665207242047558j)	0.3097198009490967	85.12884270734033
894	(0.4488796281702473-0.12918707230209572j)	0.30345606803894043	85.22417063870353
895	(0.5229322000176927-0.27205475134996093j)	0.3085896968841553	85.31949857006673
896	(0.5682092027362499-0.4300872416690032j)	0.31296586990356445	85.41482650142993
897	(0.582145217162537-0.5988869262575739j)	0.31920719146728516	85.51015443279313
898	(0.5628744347184098-0.7718843206343639j)	0.30511999130249023	85.60548236415633
899	(0.5099970263828728-0.9442819972049961j)	0.3116872310638428	85.70081029551955
900	(0.4232822763771411-1.1103121511176866j)	0.2972221374511719	85.79613822688275
901	(0.30456070184037215-1.2634693433172517j)	0.3088507652282715	85.89146615824595
902	(0.15527410080520343-1.3992294507793486j)	0.31800389289855957	85.98679408960915
903	(-0.021265112327421565-1.5118164055579073j)	0.30484986305236816	86.08212202097235
904	(-0.22128882303995767-1.5975622265649199j)	0.3041369915008545	86.17744995233555
905	(-0.4407946709582652-1.6514117929509697j)	0.305042028427124	86.27277788369875
906	(-0.6742595434731649-1.6707421992219926j)	0.30864596366882324	86.36810581506197
907	(-0.9167818413871756-1.6532616820024324j)	0.29622912406921387	86.46343374642517
908	(-1.1615072029793543-1.5971179808012423j)	0.299771785736084	86.55876167778837
909	(-1.4033577104976442-1.5017065840848696j)	0.29703688621520996	86.65408960915157
910	(-1.6357563217423865-1.3671832536146997j)	0.31557607650756836	86.74941754051477
911	(-1.8523635625418575-1.1958360961811674j)	0.30493998527526855	86.84474547187797
912	(-2.0475669057540182-0.9882094250408551j)	0.29714512825012207	86.94007340324117
913	(-2.215708667843807-0.7491069682612747j)	0.3030059337615967	87.03540133460439
914	(-2.3526231194065788-0.4814143796848873j)	0.31052398681640625	87.13072926596759
915	(-2.452226766535026-0.1903029975628554j)	0.3032402992248535	87.22605719733079
916	(-2.512570792909493+0.11901804147765849j)	0.30663394927978516	87.32138512869399
917	(-2.5299685040442106+0.4404702405898384j)	0.30417680740356445	87.41671306005719
918	(-2.5026442764124637+0.7677472066672624j)	0.3118429183959961	87.51204099142039
919	(-2.429494029593647+1.0946057426587277j)	0.3112602233886719	87.6073689227836
920	(-2.310783402993086+1.4141315664026055j)	0.29561495780944824	87.70269685414681
921	(-2.147842689571227+1.719591874276395j)	0.30633091926574707	87.79802478551001
922	(-1.942220503175039+2.004799499858518j)	0.3123798370361328	87.89335271687321
923	(-1.6971620040156898+2.2633870202060913j)	0.30275487899780273	87.98868064823641
924	(-1.4165792102288217+2.49009441403328j)	0.3077561855316162	88.08400857959961
925	(-1.1048117805259379+2.679153449801696j)	0.30745601654052734	88.17933651096281
926	(-0.7676424712037984+2.8272740565245833j)	0.299940824508667	88.27466444232603
927	(-0.41072872762130475+2.9302580878849636j)	0.32366394996643066	88.36999237368923
928	(-0.04122554830605907+2.9857860519330934j)	0.33202099800109863	88.46532030505243
929	(0.335307135834813+2.992301338889901j)	0.33635592460632324	88.56064823641563
930	(0.7110566083295031+2.9490736417262307j)	0.31584906578063965	88.65597616777883
931	(1.078957282714668+2.85671527675865j)	0.327045202255249	88.75130409914203
932	(1.4325534638097537+2.716248231363092j)	0.31045985221862793	88.84663203050523
933	(1.7649181660558917+2.5309043016412245j)	0.34265589714050293	88.94195996186845
934	(2.070351865755837+2.3034779205327687j)	0.3080151081085205	89.03728789323165
935	(2.34258051590691+2.0381574215859075j)	0.3273468017578125	89.13261582459485
936	(2.5775883571731275+1.7403586474508197j)	0.3301849365234375	89.22794375595805
937	(2.7705954778252684+1.4153901543474574j)	0.32595086097717285	89.32327168732125
938	(2.9181808677177417+1.0698877266330928j)	0.317767858505249	89.41859961868445
939	(3.0188546328038197+0.7096418037317453j)	0.3117058277130127	89.51392755004765
940	(3.070552332107267+0.34240379421873657j)	0.33687591552734375	89.60925548141087
941	(3.073301366794521-0.025406587347564846j)	0.3143889904022217	89.70458341277407
942	(3.0275005061031854-0.3865449547116411j)	0.3277168273925781	89.79991134413727
943	(2.9359604585381573-0.7350311845031456j)	0.3281588554382324	89.89523927550047
944	(2.80007185840515-1.0639400909595227j)	0.3281831741333008	89.99056720686367
945	(2.6236860706401135-1.3674096051883406j)	0.3338649272918701	90.08589513822687
946	(2.41176664800065-1.640681503721791j)	0.32807087898254395	90.18122306959008
947	(2.1686974941276205-1.8786868679755737j)	0.3435859680175781	90.27655100095329
948	(1.9005606509168387-2.0781421821448895j)	0.3221619129180908	90.37187893231649
949	(1.6128857148297029-2.236388437556772j)	0.3362092971801758	90.46720686367969
950	(1.3128583309483361-2.3514290573101144j)	0.3352699279785156	90.5625347950429
951	(1.0064883544329388-2.422290979877218j)	0.3190736770629883	90.6578627264061
952	(0.7001289408929441-2.4491992449655617j)	0.3115241527557373	90.7531906577693
953	(0.4007730753303571-2.4335395765445935j)	0.31620097160339355	90.84851858913251
954	(0.11372945187230288-2.3772712423571445j)	0.3096308708190918	90.94384652049571
955	(-0.15466918522874495-2.283181764207246j)	0.309190034866333	91.03917445185891
956	(-0.3996673588949331-2.1552012729592858j)	0.3094809055328369	91.13450238322211
957	(-0.6163186542468876-1.9974884715239027j)	0.3353548049926758	91.22983031458531
958	(-0.801831946667438-1.8155211745613744j)	0.30814313888549805	91.32515824594851
959	(-0.9527549825160868-1.614319656156481j)	0.3105959892272949	91.42048617731172
960	(-1.0671185877764384-1.4002288212496623j)	0.3006110191345215	91.51581410867493
961	(-1.144385455023778-1.1787904291619398j)	0.30665111541748047	91.61114204003813
962	(-1.1841432191664063-0.9561558804575414j)	0.3022770881652832	91.70646997140133
963	(-1.1877909645075477-0.7384523763637567j)	0.30076003074645996	91.80179790276453
964	(-1.1561719196187228-0.5311571183852088j)	0.3169527053833008	91.89712583412773
965	(-1.0928462553304348-0.33952511970670696j)	0.30418920516967773	91.99245376549094
966	(-1.0012217285922633-0.168172394116539j)	0.29782605171203613	92.08778169685414
967	(-0.8849071023392322-0.021706729620891874j)	0.29875779151916504	92.18310962821735
968	(-0.7488491365276968+0.09725589407306429j)	0.30517101287841797	92.27843755958055
969	(-0.5981881219037015+0.18579882888638313j)	0.30901193618774414	92.37376549094375
970	(-0.4389516451130595+0.24176467727515688j)	0.31519103050231934	92.46909342230695
971	(-0.27562627549095514+0.26527395099267326j)	0.30628490447998047	92.56442135367016
972	(-0.11490654902692073+0.25570979706234664j)	0.29693007469177246	92.65974928503336
973	(0.0379221310711597+0.21462023516302894j)	0.32156991958618164	92.75507721639656
974	(0.17782109447482441+0.14340141880676077j)	0.38117194175720215	92.85040514775977
975	(0.2994530799307777+0.04554224338554584j)	0.3378579616546631	92.94573307912297
976	(0.3989178059194062-0.07557978251638084j)	0.2969541549682617	93.04106101048617
977	(0.47148424118590043-0.21652433347955993j)	0.30174899101257324	93.13638894184938
978	(0.5153996654950455-0.3714286021924904j)	0.3032970428466797	93.23171687321258
979	(0.5275604164723617-0.5358383555776367j)	0.30089879035949707	93.32704480457578
980	(0.5063498998281305-0.7036599344560386j)	0.3071329593658447	93.42237273593899
981	(0.45248126021515067-0.869997731885676j)	0.30117201805114746	93.5177006673022
982	(0.36548542130438244-1.0283977907496373j)	0.32677388191223145	93.6130285986654
983	(0.24683369737084315-1.1736884785365125j)	0.3169679641723633	93.7083565300286
984	(0.09890153530090784-1.3001098654285608j)	0.34833598136901855	93.8036844613918
985	(-0.07495342952900252-1.4031466908258179j)	0.3101541996002197	93.899012392755
986	(-0.27107567964965884-1.4783087855525587j)	0.32492494583129883	93.9943403241182
987	(-0.4852902074544409-1.5215317858652013j)	0.3490462303161621	94.08966825548141
988	(-0.7116416605177502-1.5307132662735017j)	0.3482091426849365	94.18499618684461
989	(-0.9451306852145255-1.5027921681340108j)	0.32880377769470215	94.28032411820782
990	(-1.1797059643345955-1.4366337495836312j)	0.31517982482910156	94.37565204957102
991	(-1.409390834639888-1.3325359052061976j)	0.3130342960357666	94.47097998093422
992	(-1.6276193955152953-1.190201523526496j)	0.3453388214111328	94.56630791229742
993	(-1.8287655374322696-1.011736123615186j)	0.3348832130432129	94.66163584366062
994	(-2.007697487415972-0.7993836462513257j)	0.33652663230895996	94.75696377502383
995	(-2.1579746225787675-0.5569865952960881j)	0.3307819366455078	94.85229170638704
996	(-2.2755426283436195-0.2881788153645011j)	0.3123641014099121	94.94761963775024
997	(-2.3560569346129308+0.0021939396713497317j)	0.3049299716949463	95.04294756911344
998	(-2.3963429954975632+0.30805229858325733j)	0.3390529155731201	95.13827550047664
999	(-2.393923204819391+0.62366430482215j)	0.31381678581237793	95.23360343183984
