	res_adaptive	time_adaptive	w
0	(1.0677507973189568-0.005781941071692691j)	0.30005574226379395	0.001
1	(1.306414119988198-0.30767838542915743j)	0.2814910411834717	0.11110910910910911
2	(1.4443941155908142-0.435956142780044j)	0.2839076519012451	0.22121821821821822
3	(1.5646914515087251-0.5260122246492508j)	0.2902557849884033	0.33132732732732734
4	(1.6709310084727034-0.5945284028573159j)	0.28778791427612305	0.44143643643643643
5	(1.77296808485666-0.6518233082656809j)	0.28294920921325684	0.5515455455455456
6	(1.8736710107167138-0.6943828464083247j)	0.28751707077026367	0.6616546546546547
7	(1.968774541593072-0.7263994108909116j)	0.28574109077453613	0.7717637637637638
8	(2.0633003795503306-0.7516615214954553j)	0.2993788719177246	0.8818728728728729
9	(2.1570644645762242-0.766003056160091j)	0.2881746292114258	0.991981981981982
10	(2.246396645666975-0.7728424458872645j)	0.28018712997436523	1.102091091091091
11	(2.3353490638259387-0.7739048059964803j)	0.2840583324432373	1.2122002002002001
12	(2.422503292965922-0.7655339055239483j)	0.2833380699157715	1.3223093093093092
13	(2.505160198157026-0.7511247549115753j)	0.28951501846313477	1.4324184184184183
14	(2.586886649873277-0.7311787550096343j)	0.2908918857574463	1.5425275275275274
15	(2.6655571497861055-0.702776853028652j)	0.2831451892852783	1.6526366366366365
16	(2.739444383777638-0.6693853525678721j)	0.2879648208618164	1.7627457457457456
17	(2.8116769419857826-0.6306758595318022j)	0.283801794052124	1.8728548548548547
18	(2.8796764120912757-0.5845693155170565j)	0.2826712131500244	1.9829639639639638
19	(2.942587472491395-0.5345476799158628j)	0.2844960689544678	2.093073073073073
20	(3.003024238818366-0.47968246609899234j)	0.2880980968475342	2.203182182182182
21	(3.0581221053977967-0.4187368570593776j)	0.28615403175354004	2.313291291291291
22	(3.1077800936013955-0.3550619498931872j)	0.2848498821258545	2.4234004004004004
23	(3.1540333004102785-0.28726084600039825j)	0.28241610527038574	2.5335095095095093
24	(3.1939119961435467-0.21486685073519074j)	0.2822110652923584	2.6436186186186186
25	(3.2279904020244734-0.14093051037521598j)	0.28742194175720215	2.7537277277277274
26	(3.257729224415624-0.0637008320910547j)	0.2856769561767578	2.8638368368368368
27	(3.280266149222861+0.016597083292521908j)	0.2882091999053955	2.9739459459459456
28	(3.2967939030192146+0.09732962332568768j)	0.28319692611694336	3.084055055055055
29	(3.3082422095027693+0.18044686116266256j)	0.2834479808807373	3.194164164164164
30	(3.3120433466831516+0.2650831468981572j)	0.28621792793273926	3.304273273273273
31	(3.3099150191516156+0.349070589432528j)	0.2821199893951416	3.414382382382382
32	(3.302279662065117+0.43438106429392886j)	0.2857627868652344	3.5244914914914913
33	(3.2869775045968144+0.5195682810354456j)	0.2841482162475586	3.6346006006006006
34	(3.266005308780962+0.6029467710927184j)	0.2696661949157715	3.7447097097097095
35	(3.239552762593203+0.6864173016281565j)	0.28842711448669434	3.854818818818819
36	(3.2056526544934196+0.7680271994914023j)	0.2831249237060547	3.9649279279279277
37	(3.1666808977723147+0.8466717423125713j)	0.2812659740447998	4.0750370370370375
38	(3.1220828937976908+0.9240145829202925j)	0.2922019958496094	4.185146146146146
39	(3.0706805085118316+0.9978605091401485j)	0.2897307872772217	4.295255255255255
40	(3.014825096783394+1.0676902473694716j)	0.2889728546142578	4.405364364364365
41	(2.953584021700304+1.134926348643991j)	0.28722119331359863	4.515473473473474
42	(2.8863612149994755+1.1972526426258607j)	0.28490591049194336	4.625582582582583
43	(2.815481511743412+1.254744137194977j)	0.2818288803100586	4.735691691691692
44	(2.739761217046585+1.3085159639242403j)	0.2829139232635498	4.845800800800801
45	(2.6592206507561813+1.356253373106449j)	0.28667593002319336	4.95590990990991
46	(2.5760601845472797+1.3985538092575744j)	0.2884809970855713	5.066019019019019
47	(2.488949152308035+1.436150038448703j)	0.289736270904541	5.176128128128128
48	(2.398487624868531+1.4668302515616516j)	0.28455185890197754	5.286237237237238
49	(2.3066264315372242+1.4916208449717845j)	0.287182092666626	5.396346346346347
50	(2.211956486450189+1.5108400231940324j)	0.28166723251342773	5.5064554554554554
51	(2.1155655478093958+1.5224981649484524j)	0.28198695182800293	5.616564564564565
52	(2.019037416730408+1.5279777995866923j)	0.28148603439331055	5.726673673673674
53	(1.9209553879616157+1.5272143007398786j)	0.2864840030670166	5.836782782782783
54	(1.8227984627707303+1.5185747672080494j)	0.28617095947265625	5.946891891891892
55	(1.725720378538395+1.5037345540946223j)	0.2859761714935303	6.057001001001002
56	(1.6283986145093154+1.4823062676292977j)	0.28509020805358887	6.1671101101101105
57	(1.53262573260338+1.453117054657207j)	0.2795991897583008	6.277219219219219
58	(1.439117349962031+1.4180399641848842j)	0.2841958999633789	6.387328328328328
59	(1.3467534544607793+1.3764112925690488j)	0.28768301010131836	6.497437437437438
60	(1.2575528287009334+1.3275559464994977j)	0.2938239574432373	6.607546546546547
61	(1.171798335747368+1.2734117386276538j)	0.28555798530578613	6.717655655655656
62	(1.0886406228390415+1.213070627545598j)	0.2877168655395508	6.827764764764765
63	(1.0101961843187814+1.1463506766835163j)	0.29477906227111816	6.937873873873874
64	(0.9363085085362127+1.0751227791417024j)	0.2795991897583008	7.047982982982983
65	(0.8664152673337007+0.9982930715122926j)	0.2816579341888428	7.158092092092092
66	(0.8025770365993773+0.9161638362069774j)	0.2890639305114746	7.268201201201202
67	(0.7442030923978475+0.8304495246156509j)	0.28633904457092285	7.378310310310311
68	(0.6910168736193743+0.7399694750778177j)	0.286895751953125	7.48841941941942
69	(0.6448932452516969+0.6455052071538414j)	0.2869870662689209	7.5985285285285284
70	(0.6048596476022458+0.5485577928424425j)	0.28380799293518066	7.708637637637638
71	(0.5709379386958492+0.44796861685657086j)	0.28206300735473633	7.818746746746747
72	(0.5447335687673961+0.34496079938029584j)	0.2861900329589844	7.928855855855856
73	(0.5249887138924961+0.24076319485091802j)	0.28575611114501953	8.038964964964965
74	(0.5120349209899578+0.13431461050106774j)	0.29450082778930664	8.149074074074074
75	(0.5071465382516432+0.02718720325029314j)	0.2875199317932129	8.259183183183183
76	(0.5088805907410396-0.07973397523828965j)	0.288301944732666	8.369292292292291
77	(0.5178496379921292-0.18737091221195767j)	0.2897961139678955	8.4794014014014
78	(0.5349282801356026-0.2939262914030193j)	0.28394603729248047	8.58951051051051
79	(0.5585619788022679-0.39891159687181177j)	0.2945058345794678	8.699619619619618
80	(0.5895715275859124-0.5030678343493548j)	0.2886340618133545	8.809728728728729
81	(0.6284676072927795-0.6044399868070522j)	0.290726900100708	8.919837837837838
82	(0.6735809072569875-0.7030645435833148j)	0.28898191452026367	9.029946946946946
83	(0.7254439187983983-0.7993234214593278j)	0.2839620113372803	9.140056056056055
84	(0.7846243925286878-0.8912973580630179j)	0.2875547409057617	9.250165165165164
85	(0.8492210218802958-0.979301281122548j)	0.28725314140319824	9.360274274274273
86	(0.92034461001989-1.0635023615749173j)	0.2844552993774414	9.470383383383382
87	(0.9974155862903862-1.1420464043078427j)	0.28327202796936035	9.580492492492493
88	(1.0790183465346639-1.2155159913244462j)	0.2849609851837158	9.690601601601601
89	(1.1661840680897833-1.2838258287087203j)	0.27845025062561035	9.80071071071071
90	(1.2579658685822617-1.3452899050038447j)	0.28897523880004883	9.91081981981982
91	(1.353179870712474-1.4007754089894429j)	0.29140496253967285	10.020928928928928
92	(1.4528131009387732-1.4499377116162273j)	0.2819328308105469	10.131038038038037
93	(1.555577147173694-1.4913883169172837j)	0.2861909866333008	10.241147147147146
94	(1.6605602606951222-1.5262387268257767j)	0.2847280502319336	10.351256256256255
95	(1.7686205891790099-1.5539268615768096j)	0.2816150188446045	10.461365365365365
96	(1.8781825491563504-1.5734391322302903j)	0.2808101177215576	10.571474474474474
97	(1.9886206411090643-1.5860537112760043j)	0.28563594818115234	10.681583583583583
98	(2.100588980158814-1.5910176714565591j)	0.2938408851623535	10.791692692692692
99	(2.212307292016259-1.5877236456317925j)	0.28229689598083496	10.9018018018018
100	(2.3234525963789774-1.577514208699484j)	0.2875690460205078	11.01191091091091
101	(2.4344414623766792-1.5594782328524366j)	0.3049459457397461	11.122020020020019
102	(2.543406917499026-1.533423368012477j)	0.286362886428833	11.23212912912913
103	(2.65035230897052-1.5006705769316886j)	0.280900239944458	11.342238238238238
104	(2.755452719475648-1.4602126253714496j)	0.28536081314086914	11.452347347347347
105	(2.8568812152220624-1.4122868827358663j)	0.2927062511444092	11.562456456456456
106	(2.95496464238318-1.3581353111145633j)	0.28813600540161133	11.672565565565565
107	(3.0496342526631324-1.2967452872880099j)	0.28892993927001953	11.782674674674674
108	(3.139201541110734-1.2287843101408744j)	0.2979450225830078	11.892783783783782
109	(3.2242712600799415-1.155370913178609j)	0.28536486625671387	12.002892892892891
110	(3.3045184617271284-1.0755669835123844j)	0.28324007987976074	12.113002002002002
111	(3.378462593695737-0.9904308400384891j)	0.279130220413208	12.22311111111111
112	(3.446917267944867-0.9008975409130549j)	0.2869448661804199	12.33322022022022
113	(3.5093046073078846-0.8061520437209553j)	0.28250908851623535	12.443329329329329
114	(3.5644209056012093-0.7075602682497497j)	0.28880810737609863	12.553438438438437
115	(3.613227782038703-0.6058100470794785j)	0.29069995880126953	12.663547547547546
116	(3.6547010352402802-0.5003980331669795j)	0.2986428737640381	12.773656656656655
117	(3.68870642722968-0.3924354381474351j)	0.28379392623901367	12.883765765765766
118	(3.7155937696857935-0.2827932733368328j)	0.2811272144317627	12.993874874874875
119	(3.734693665957953-0.1708504430001685j)	0.28862905502319336	13.103983983983984
120	(3.7455297539552967-0.058337180134895084j)	0.27990102767944336	13.214093093093092
121	(3.749260161607479+0.05464094142178677j)	0.29243993759155273	13.324202202202201
122	(3.74488133132445+0.16828143010700325j)	0.2847778797149658	13.43431131131131
123	(3.732382531825952+0.2808267675918823j)	0.29482603073120117	13.544420420420419
124	(3.712861217117422+0.39239376171771156j)	0.28609418869018555	13.654529529529528
125	(3.6853035604530744+0.5029107139902707j)	0.2919881343841553	13.764638638638639
126	(3.64962585250864+0.6103178674956393j)	0.2500340938568115	13.874747747747747
127	(3.6082412422926358+0.7159879982686517j)	0.2855842113494873	13.984856856856856
128	(3.5587405817028017+0.8185608771837647j)	0.28958702087402344	14.094965965965965
129	(3.5023487903327295+0.9168101868832554j)	0.2880089282989502	14.205075075075074
130	(3.4399000077788573+1.0113020336439085j)	0.2842440605163574	14.315184184184183
131	(3.370499451004539+1.1014750422734507j)	0.28487682342529297	14.425293293293292
132	(3.295496027901229+1.186217028915999j)	0.2837831974029541	14.535402402402402
133	(3.214733783823865+1.2656549750984931j)	0.2822141647338867	14.645511511511511
134	(3.12829881913074+1.3396550357827302j)	0.2827730178833008	14.75562062062062
135	(3.037281794802475+1.4070004921851016j)	0.2882506847381592	14.865729729729729
136	(2.9421405847918525+1.4685513595729331j)	0.2866020202636719	14.975838838838838
137	(2.8423777546900677+1.5233870377358398j)	0.2832491397857666	15.085947947947947
138	(2.7395535549610424+1.5708362043456372j)	0.2818641662597656	15.196057057057056
139	(2.6339065548816953+1.6117969394013265j)	0.2837808132171631	15.306166166166165
140	(2.525182482635378+1.6452256640967626j)	0.28830695152282715	15.416275275275275
141	(2.415033668953468+1.670815203846002j)	0.2832200527191162	15.526384384384384
142	(2.3034595362801737+1.6894485249389823j)	0.2949087619781494	15.636493493493493
143	(2.190451842658418+1.7000333196675526j)	0.29655885696411133	15.746602602602602
144	(2.0777372656038438+1.7029935764469648j)	0.29764294624328613	15.85671171171171
145	(1.9648347703250464+1.6981398376520929j)	0.2875988483428955	15.96682082082082
146	(1.8522441744183036+1.6854390809784172j)	0.28494787216186523	16.076929929929932
147	(1.7414374852587007+1.6650255495503725j)	0.2907388210296631	16.18703903903904
148	(1.632002019013045+1.6376447873612507j)	0.2777547836303711	16.29714814814815
149	(1.5244489847621754+1.6023407380043284j)	0.284954309463501	16.407257257257257
150	(1.4201814415981686+1.5599405364404468j)	0.2866179943084717	16.517366366366367
151	(1.318653931285312+1.511047909140419j)	0.29120802879333496	16.627475475475478
152	(1.2206188768583102+1.4548492259464867j)	0.28600597381591797	16.737584584584585
153	(1.1272540181281476+1.39245143348233j)	0.28217196464538574	16.847693693693696
154	(1.0379135665017045+1.3242711239781166j)	0.2899458408355713	16.957802802802803
155	(0.9535358602929384+1.249676796854193j)	0.2754099369049072	17.067911911911914
156	(0.8749952007150886+1.1699841676501483j)	0.28400206565856934	17.17802102102102
157	(0.8015765233560259+1.0854110056258162j)	0.2854940891265869	17.28813013013013
158	(0.7343338427631749+0.9955579607391412j)	0.2944340705871582	17.39823923923924
159	(0.6737884558281045+0.9018887770880621j)	0.2865579128265381	17.50834834834835
160	(0.6192021510891298+0.8044385456979511j)	0.28311872482299805	17.61845745745746
161	(0.5716900356645724+0.703084019285972j)	0.29755496978759766	17.728566566566567
162	(0.5311622161211363+0.5991113361648887j)	0.29503393173217773	17.838675675675677
163	(0.49767047049713964+0.4931634441447307j)	0.2850780487060547	17.948784784784785
164	(0.4715958817961859+0.38463080799941834j)	0.2795441150665283	18.058893893893895
165	(0.453002825018832+0.2753033365386308j)	0.28785014152526855	18.169003003003002
166	(0.44129230963008037+0.16489140736974361j)	0.2865118980407715	18.279112112112113
167	(0.43754889169936506+0.053823866419494104j)	0.2892911434173584	18.389221221221224
168	(0.44125981965569905-0.0564793654619527j)	0.28763914108276367	18.49933033033033
169	(0.4519507489927288-0.1664541795661011j)	0.2822582721710205	18.60943943943944
170	(0.47038821843470274-0.2754252037621155j)	0.2933990955352783	18.71954854854855
171	(0.4963369413806472-0.38220420452799964j)	0.28760504722595215	18.82965765765766
172	(0.5288693621522834-0.4872915876236929j)	0.28336286544799805	18.939766766766766
173	(0.5689477848959484-0.5898327792513222j)	0.28759288787841797	19.049875875875877
174	(0.6154865431282805-0.6888360788663914j)	0.2920870780944824	19.159984984984987
175	(0.6682886620493088-0.7848879213816615j)	0.290661096572876	19.270094094094095
176	(0.7278852087643763-0.8769431587557851j)	0.2825279235839844	19.380203203203205
177	(0.7930026180528307-0.9642824414438839j)	0.2901802062988281	19.490312312312312
178	(0.8636083713759102-1.0474848846310756j)	0.2933778762817383	19.600421421421423
179	(0.9399832906067093-1.125386310910211j)	0.2808420658111572	19.71053053053053
180	(1.0207552373100426-1.1975754236408576j)	0.2839541435241699	19.82063963963964
181	(1.1060630345494578-1.2645959566320129j)	0.28637075424194336	19.93074874874875
182	(1.1959229539379694-1.325244785252966j)	0.2883119583129883	20.04085785785786
183	(1.288941741177331-1.379449969785775j)	0.2894570827484131	20.15096696696697
184	(1.3854030660848322-1.4276960311769147j)	0.2864401340484619	20.261076076076076
185	(1.4850430136641135-1.4688199933446071j)	0.2872650623321533	20.371185185185187
186	(1.5865057709533046-1.503086982498353j)	0.28368377685546875	20.481294294294294
187	(1.690176563009428-1.5308881872425888j)	0.282059907913208	20.591403403403405
188	(1.7955086472364914-1.5511563240168287j)	0.29335498809814453	20.70151251251251
189	(1.9012469239924343-1.564455348489371j)	0.28820109367370605	20.811621621621622
190	(2.0078421967115214-1.5710417814864106j)	0.2883179187774658	20.921730730730733
191	(2.1144969932881823-1.5699884374164426j)	0.29322218894958496	21.03183983983984
192	(2.2201328824845454-1.5621051845110603j)	0.2954130172729492	21.14194894894895
193	(2.325242636918034-1.5474917845045042j)	0.2816929817199707	21.252058058058058
194	(2.4288380666524643-1.5254127647407427j)	0.2855401039123535	21.36216716716717
195	(2.5300846800537515-1.4968776998586606j)	0.2837648391723633	21.472276276276276
196	(2.6294906942644127-1.4618380280315615j)	0.2852499485015869	21.582385385385386
197	(2.7262301013883676-1.4193727675129406j)	0.2795870304107666	21.692494494494497
198	(2.8188657591408264-1.3719524560447778j)	0.2915811538696289	21.802603603603604
199	(2.908758166959482-1.3180953221999712j)	0.2876012325286865	21.912712712712715
200	(2.9944081873876294-1.2580408540700045j)	0.28235292434692383	22.02282182182182
201	(3.0755487054035195-1.1930420720107184j)	0.28545713424682617	22.132930930930932
202	(3.1525721117159375-1.1228130796034497j)	0.2872161865234375	22.24304004004004
203	(3.2242421451404617-1.0474501503716729j)	0.28026294708251953	22.35314914914915
204	(3.290573022889348-0.9682111414482125j)	0.28314900398254395	22.46325825825826
205	(3.3518406919433157-0.8847079572721527j)	0.2912909984588623	22.573367367367368
206	(3.4068484310102622-0.7973091341474361j)	0.2865579128265381	22.68347647647648
207	(3.4558904098518877-0.707196722627246j)	0.31755805015563965	22.793585585585586
208	(3.4991189578856607-0.6139037079451681j)	0.2866392135620117	22.903694694694696
209	(3.5354599273376723-0.5180527953851615j)	0.2820248603820801	23.013803803803803
210	(3.5654736094930337-0.4206916297363239j)	0.2855391502380371	23.123912912912914
211	(3.589190312911225-0.32132371663877457j)	0.28039097785949707	23.234022022022025
212	(3.605720390008435-0.2208060927700186j)	0.2852621078491211	23.34413113113113
213	(3.6158521154224528-0.12001751523036663j)	0.299760103225708	23.454240240240242
214	(3.6194809926645575-0.01848400734127309j)	0.2856161594390869	23.56434934934935
215	(3.615941273279462+0.08273829654940235j)	0.2907588481903076	23.67445845845846
216	(3.6061794401540297+0.18297672699290035j)	0.28284597396850586	23.784567567567567
217	(3.589950217718882+0.282647008279995j)	0.2862739562988281	23.894676676676678
218	(3.566832855364962+0.38055914166066374j)	0.2831571102142334	24.004785785785785
219	(3.5374502508136327+0.4759629269878014j)	0.2870790958404541	24.114894894894896
220	(3.5026747065941475+0.5701713161034205j)	0.2984580993652344	24.225004004004006
221	(3.461113331153263+0.6609656316744696j)	0.28269004821777344	24.335113113113113
222	(3.414258211327682+0.7485179005612068j)	0.2876932621002197	24.445222222222224
223	(3.361649794563545+0.8330698043229936j)	0.29112911224365234	24.55533133133133
224	(3.3034352802393063+0.9133892495267841j)	0.28991007804870605	24.66544044044044
225	(3.240684192513407+0.9895876828223473j)	0.2850768566131592	24.77554954954955
226	(3.1728942885359963+1.061778474642382j)	0.284837007522583	24.88565865865866
227	(3.100506510801397+1.128792632986982j)	0.2868459224700928	24.99576776776777
228	(3.024523055166834+1.1909741863072931j)	0.28039002418518066	25.105876876876877
229	(2.9444282426100097+1.2482799824236206j)	0.28580307960510254	25.215985985985988
230	(2.8609218296601555+1.2996588795568451j)	0.2867770195007324	25.326095095095095
231	(2.7748718128249377+1.345650570570905j)	0.2900660037994385	25.436204204204206
232	(2.685772689484394+1.3860575941556816j)	0.28659892082214355	25.546313313313313
233	(2.594531286069183+1.4200084672023783j)	0.2805769443511963	25.656422422422423
234	(2.501628369979854+1.4483010764284665j)	0.2833988666534424	25.766531531531534
235	(2.407210455776089+1.4703412855608586j)	0.28064918518066406	25.87664064064064
236	(2.3111174428397376+1.4858291369875238j)	0.29430484771728516	25.98674974974975
237	(2.2158962824350543+1.4953216330853194j)	0.2846357822418213	26.09685885885886
238	(2.119313516633741+1.4985807037167413j)	0.28958606719970703	26.20696796796797
239	(2.0231809490324606+1.4951851722102911j)	0.2862558364868164	26.317077077077077
240	(1.9277659587505325+1.486050865907606j)	0.2799382209777832	26.427186186186187
241	(1.8328390961712213+1.4706534128353475j)	0.2884402275085449	26.537295295295298
242	(1.73965126657138+1.4489162017857724j)	0.28185296058654785	26.647404404404405
243	(1.648256636986968+1.4217576256692017j)	0.28504085540771484	26.757513513513516
244	(1.5585769838113057+1.3885840614608262j)	0.2900371551513672	26.867622622622623
245	(1.4718480727711807+1.349590168199354j)	0.2989778518676758	26.977731731731733
246	(1.3879045947187216+1.305640012166431j)	0.2857980728149414	27.08784084084084
247	(1.3068176920077375+1.2561108549314608j)	0.2843191623687744	27.19794994994995
248	(1.22972961593538+1.2014650669043112j)	0.2941110134124756	27.308059059059058
249	(1.1562700215146526+1.1424752205525106j)	0.28110289573669434	27.41816816816817
250	(1.086656948157026+1.0785471582716997j)	0.2833681106567383	27.52827727727728
251	(1.0218840253130732+1.0103968897834226j)	0.28105998039245605	27.638386386386387
252	(0.9614160961267512+0.9386796186061583j)	0.2895841598510742	27.748495495495497
253	(0.9056252441200315+0.8628762720124961j)	0.28963589668273926	27.858604604604604
254	(0.8553184327110984+0.7839198231437912j)	0.28845906257629395	27.968713713713715
255	(0.8098508133489117+0.7023103003449438j)	0.2894561290740967	28.078822822822822
256	(0.7697402002768284+0.6176333651554933j)	0.27966809272766113	28.188931931931933
257	(0.7353492174553803+0.5312346487026407j)	0.2885618209838867	28.299041041041043
258	(0.7066395932380567+0.4426427085658884j)	0.2841789722442627	28.40915015015015
259	(0.6835700093585411+0.35234818551510294j)	0.2877039909362793	28.51925925925926
260	(0.6666900170634462+0.2612603112731908j)	0.289827823638916	28.629368368368368
261	(0.6552594606724799+0.16948875535105168j)	0.2940380573272705	28.73947747747748
262	(0.6499692747630096+0.07689086253029609j)	0.2864530086517334	28.849586586586586
263	(0.6508599562074322-0.015333804796200695j)	0.2821362018585205	28.959695695695697
264	(0.6571972539591788-0.1072597535150787j)	0.2850639820098877	29.069804804804807
265	(0.6696905868132228-0.1988495889102944j)	0.290546178817749	29.179913913913914
266	(0.6880976918322808-0.2889238291051719j)	0.28500795364379883	29.290023023023025
267	(0.7117444434139729-0.3777140157220522j)	0.287092924118042	29.400132132132132
268	(0.7413253525288007-0.4649904095060958j)	0.28536105155944824	29.510241241241243
269	(0.7763472224655077-0.5496533880991616j)	0.29294824600219727	29.62035035035035
270	(0.8162458862453894-0.6320697237350424j)	0.28299903869628906	29.73045945945946
271	(0.8616684845436694-0.711834526646747j)	0.2871413230895996	29.840568568568568
272	(0.9119052486768434-0.7879956953163163j)	0.28031110763549805	29.950677677677678
273	(0.9665309712331834-0.8610384846883387j)	0.28220415115356445	30.06078678678679
274	(1.0260968297825264-0.9304119094692773j)	0.29009103775024414	30.170895895895896
275	(1.089706681628431-0.9953690300307638j)	0.29534912109375	30.281005005005007
276	(1.1570796616396344-1.0564780739594128j)	0.2944169044494629	30.391114114114114
277	(1.2292406445678197-1.1130425374690973j)	0.2815971374511719	30.501223223223224
278	(1.3032801515480523-1.1646288367603463j)	0.2849111557006836	30.61133233233233
279	(1.380925981335587-1.2117559785817273j)	0.2861819267272949	30.721441441441442
280	(1.4617801768222658-1.2536823032779136j)	0.27957892417907715	30.831550550550553
281	(1.5447109935780423-1.2901141807679612j)	0.2935018539428711	30.94165965965966
282	(1.6297220538026274-1.3216989502145915j)	0.28522491455078125	31.05176876876877
283	(1.7163322308751792-1.3475336297067089j)	0.29447221755981445	31.161877877877878
284	(1.80496794169532-1.3676286950327745j)	0.286160945892334	31.271986986986988
285	(1.8942165765098982-1.3824989885204277j)	0.2869601249694824	31.382096096096095
286	(1.9844506016580616-1.3913107698330598j)	0.29587602615356445	31.492205205205206
287	(2.074569075801729-1.3943032141765457j)	0.2859468460083008	31.602314314314317
288	(2.1648724258979217-1.3919232393881786j)	0.2891960144042969	31.712423423423424
289	(2.255015272868291-1.3833912805298063j)	0.2838625907897949	31.822532532532534
290	(2.3439917466402393-1.3691975098905846j)	0.28881168365478516	31.93264164164164
291	(2.4321925777256035-1.3496921856520774j)	0.2820889949798584	32.04275075075075
292	(2.5190805133213128-1.3241982524041804j)	0.2919619083404541	32.15285985985986
293	(2.6037841966305972-1.293418946193289j)	0.2877810001373291	32.26296896896896
294	(2.686741725631556-1.2575803652476316j)	0.2822251319885254	32.37307807807807
295	(2.7672465474027974-1.2161361216758029j)	0.28848886489868164	32.483187187187184
296	(2.8446054483545833-1.1699493008908308j)	0.2861931324005127	32.593296296296295
297	(2.9192776140576315-1.1191011579765204j)	0.28412389755249023	32.703405405405405
298	(2.9904327227665233-1.0632069709831993j)	0.28331494331359863	32.81351451451451
299	(3.0576015321250045-1.003237896244334j)	0.2895169258117676	32.92362362362362
300	(3.121240106118788-0.9391379574038698j)	0.29243898391723633	33.03373273273273
301	(3.1804487754795194-0.8707184393918742j)	0.28360605239868164	33.14384184184184
302	(3.235007094484698-0.7990201415447099j)	0.28496289253234863	33.25395095095095
303	(3.285333109356721-0.7238727491539446j)	0.28859400749206543	33.364060060060055
304	(3.3305025687920455-0.6453135120794592j)	0.2876570224761963	33.474169169169166
305	(3.3705377100542373-0.5644056499189728j)	0.28021907806396484	33.584278278278276
306	(3.4057908725043595-0.4808900634203788j)	0.2769958972930908	33.69438738738739
307	(3.4353116100999355-0.3950303526628963j)	0.29471588134765625	33.80449649649649
308	(3.459384229319858-0.307852603993114j)	0.28421711921691895	33.9146056056056
309	(3.478195292680976-0.21902084993958937j)	0.2843809127807617	34.02471471471471
310	(3.490985760195063-0.12901166121251154j)	0.3008849620819092	34.13482382382382
311	(3.498118477577802-0.038740566248963715j)	0.28835105895996094	34.24493293293293
312	(3.4997369852687084+0.052179307551542514j)	0.2781519889831543	34.35504204204204
313	(3.4951075684666626+0.1430744338976157j)	0.28417110443115234	34.46515115115115
314	(3.484881463799732+0.23323945563935322j)	0.29547786712646484	34.57526026026026
315	(3.4690579321991653+0.3230166168333549j)	0.2865722179412842	34.68536936936937
316	(3.4470840892003434+0.41161709115499956j)	0.28833508491516113	34.79547847847847
317	(3.4198662540703895+0.4984467164269179j)	0.2882881164550781	34.90558758758758
318	(3.386987893205498+0.5838813290621855j)	0.2920210361480713	35.01569669669669
319	(3.348413236065464+0.6669836385641423j)	0.2919590473175049	35.125805805805804
320	(3.3049421586285384+0.7473494827131631j)	0.28177404403686523	35.235914914914915
321	(3.256362094557733+0.8252899283973162j)	0.28867292404174805	35.34602402402402
322	(3.2025419282462724+0.8997895478046055j)	0.28241682052612305	35.45613313313313
323	(3.1444253955410804+0.9706548738997447j)	0.29359006881713867	35.56624224224224
324	(3.0817050107396233+1.0381159503498432j)	0.2916722297668457	35.67635135135135
325	(3.014473938114453+1.1011466525580473j)	0.28702282905578613	35.78646046046046
326	(2.943668434759932+1.1597795449916615j)	0.28342390060424805	35.896569569569564
327	(2.8689188783797777+1.2141538457466825j)	0.2855861186981201	36.006678678678675
328	(2.7905538992764694+1.2632956491218472j)	0.2904238700866699	36.116787787787786
329	(2.7094661745373796+1.3074549795984451j)	0.27967071533203125	36.226896896896896
330	(2.625267067341702+1.3466645446720944j)	0.2858138084411621	36.337006006006
331	(2.5385180071845004+1.3800476326770894j)	0.287186861038208	36.44711511511511
332	(2.4500285113284943+1.4080398011571267j)	0.28913402557373047	36.55722422422422
333	(2.359424366435069+1.430550991596986j)	0.2832760810852051	36.66733333333333
334	(2.2674682139688085+1.4468381136500756j)	0.2821319103240967	36.77744244244244
335	(2.1748376815872983+1.4574850785646634j)	0.2856481075286865	36.887551551551546
336	(2.0811950472137997+1.462277974747195j)	0.28149890899658203	36.99766066066066
337	(1.9874522464944528+1.4606524100997866j)	0.2862100601196289	37.10776976976977
338	(1.8941059053031797+1.4534094350308786j)	0.2883000373840332	37.21787887887888
339	(1.8009055598910215+1.439932793682788j)	0.2911801338195801	37.32798798798799
340	(1.7088331922441133+1.4201865954778237j)	0.28687310218811035	37.43809709709709
341	(1.6182175695930368+1.3948547941720777j)	0.2849128246307373	37.5482062062062
342	(1.528865814439606+1.3635607524661832j)	0.28877687454223633	37.65831531531531
343	(1.4418501010884701+1.3262151448061452j)	0.2811450958251953	37.768424424424424
344	(1.357303797586623+1.2836474832257485j)	0.28438401222229004	37.87853353353353
345	(1.275117246299724+1.2352623497298612j)	0.2899477481842041	37.98864264264264
346	(1.196488292309829+1.1817546760437752j)	0.28822898864746094	38.09875175175175
347	(1.1212582002041072+1.12340977780361j)	0.2864377498626709	38.20886086086086
348	(1.0495262475884108+1.0599628112642412j)	0.2820310592651367	38.31896996996997
349	(0.9823242961618012+0.991812163634732j)	0.29197168350219727	38.429079079079074
350	(0.9194335767527492+0.9197125442340444j)	0.28113794326782227	38.539188188188184
351	(0.8610375057816835+0.8432290409881649j)	0.2850492000579834	38.649297297297295
352	(0.808049283110957+0.7629759231125061j)	0.28915929794311523	38.759406406406406
353	(0.7600836535062185+0.6796146804676392j)	0.30004096031188965	38.86951551551551
354	(0.7174324693233628+0.5927607027559691j)	0.2893848419189453	38.97962462462462
355	(0.6808369685041877+0.5032273954172941j)	0.2851431369781494	39.08973373373373
356	(0.649776464907826+0.4115636749761975j)	0.2896308898925781	39.19984284284284
357	(0.6246426262158046+0.3174777323264727j)	0.2814671993255615	39.30995195195195
358	(0.6059744877888205+0.22194689242230858j)	0.2871208190917969	39.420061061061055
359	(0.5931621655907082+0.1253874057275874j)	0.28501033782958984	39.530170170170166
360	(0.5866851343583059+0.027623115548859295j)	0.2875547409057617	39.64027927927928
361	(0.5868597534077733-0.07026273251943121j)	0.2878262996673584	39.75038838838839
362	(0.5930303240760753-0.16801272770377224j)	0.2886226177215576	39.8604974974975
363	(0.6057345796166848-0.2656789473860737j)	0.28751277923583984	39.9706066066066
364	(0.6250436334662218-0.36214048757781253j)	0.2847778797149658	40.08071571571571
365	(0.6502850775864895-0.45731116245623427j)	0.28533411026000977	40.19082482482482
366	(0.6820085873106727-0.5511128734001065j)	0.2908780574798584	40.30093393393393
367	(0.7200224552191445-0.6424441832085026j)	0.2860109806060791	40.41104304304304
368	(0.7636639092296806-0.7313802222107042j)	0.2884378433227539	40.52115215215215
369	(0.8134494952437734-0.8176997764620554j)	0.2918667793273926	40.63126126126126
370	(0.8689623790147845-0.9004852207182287j)	0.28648877143859863	40.74137037037037
371	(0.9294917656397572-0.9795954135243395j)	0.2839481830596924	40.85147947947948
372	(0.9955851191098491-1.0550143002932015j)	0.2860281467437744	40.96158858858858
373	(1.0665382866724529-1.1257045592799935j)	0.2860701084136963	41.071697697697694
374	(1.1418224533589405-1.191988799199536j)	0.28366684913635254	41.181806806806804
375	(1.22180531640412-1.2533738977606141j)	0.28367090225219727	41.291915915915915
376	(1.3056336448592338-1.3091103205231325j)	0.2879490852355957	41.40202502502502
377	(1.3928949325331232-1.3596173582251985j)	0.2951679229736328	41.51213413413413
378	(1.4838423265891318-1.4043145447307503j)	0.28168773651123047	41.62224324324324
379	(1.5774822017930306-1.4426725322317413j)	0.2896690368652344	41.73235235235235
380	(1.6735411584583497-1.4752370199949363j)	0.3049039840698242	41.84246146146146
381	(1.7720828175682786-1.5012500630122052j)	0.28476619720458984	41.952570570570565
382	(1.8720366843582528-1.5205089934202003j)	0.28882813453674316	42.062679679679675
383	(1.9732418998223484-1.5335695633885347j)	0.2860231399536133	42.172788788788786
384	(2.0756223417045776-1.5397520818348165j)	0.28608083724975586	42.2828978978979
385	(2.178037593131873-1.539027143782005j)	0.28359031677246094	42.39300700700701
386	(2.280439690896842-1.5319234300872488j)	0.2923440933227539	42.50311611611611
387	(2.3825908247948995-1.5177924899145088j)	0.2927420139312744	42.61322522522522
388	(2.4833735911697854-1.4970872664351198j)	0.2897632122039795	42.72333433433433
389	(2.582867529286035-1.4695893146075367j)	0.28424501419067383	42.83344344344344
390	(2.6806773615867048-1.4354117330879006j)	0.28398895263671875	42.943552552552546
391	(2.77578143441216-1.3947750386094993j)	0.28198790550231934	43.05366166166166
392	(2.868370749602323-1.3481179586728298j)	0.2852139472961426	43.16377077077077
393	(2.957921666488629-1.2949469124539603j)	0.288240909576416	43.27387987987988
394	(3.0435456724360637-1.2359472127145497j)	0.2904999256134033	43.38398898898899
395	(3.125523101610292-1.171490877227243j)	0.2849709987640381	43.49409809809809
396	(3.203210123544475-1.1012280692949195j)	0.28382110595703125	43.6042072072072
397	(3.275890595750706-1.0260334690856203j)	0.2805812358856201	43.714316316316314
398	(3.343898315747682-0.9461943494169722j)	0.28299880027770996	43.824425425425424
399	(3.4064943037050526-0.8615209092984835j)	0.28308916091918945	43.93453453453453
400	(3.4631697276478457-0.7730239809577866j)	0.2910768985748291	44.04464364364364
401	(3.5142830644303027-0.6808762152581473j)	0.2891409397125244	44.15475275275275
402	(3.559051352591169-0.5850666420835344j)	0.28789591789245605	44.26486186186186
403	(3.5972042122048062-0.4866720834387894j)	0.28600120544433594	44.37497097097097
404	(3.6291174542900837-0.38576749412400435j)	0.28731417655944824	44.485080080080074
405	(3.654013028437216-0.28251188387808357j)	0.2870140075683594	44.595189189189185
406	(3.671881833788359-0.17801094331910106j)	0.28058385848999023	44.705298298298295
407	(3.682660014507211-0.07145434845790621j)	0.2801930904388428	44.815407407407406
408	(3.686931151453999+0.03443414135600609j)	0.2899198532104492	44.92551651651652
409	(3.6836336385472084+0.14094593628480112j)	0.2844080924987793	45.03562562562562
410	(3.67354133210966+0.24738169976890823j)	0.2849090099334717	45.14573473473473
411	(3.6560171635413012+0.35320841312081663j)	0.28357911109924316	45.25584384384384
412	(3.631536703290662+0.45742247070784736j)	0.28299999237060547	45.36595295295295
413	(3.6003737684801758+0.5601804063081135j)	0.28066420555114746	45.476062062062056
414	(3.5620129895235615+0.6607987215631246j)	0.29423999786376953	45.586171171171166
415	(3.5171273081224292+0.758414448602734j)	0.2859828472137451	45.69628028028028
416	(3.465917040803742+0.8532396666701226j)	0.2839629650115967	45.80638938938939
417	(3.4080277211652343+0.9444845522375155j)	0.28647327423095703	45.9164984984985
418	(3.3443037913793865+1.031476302157274j)	0.2844998836517334	46.0266076076076
419	(3.274875218389261+1.1144632304051618j)	0.28425121307373047	46.13671671671671
420	(3.199585853094355+1.1925880540616327j)	0.28316593170166016	46.24682582582582
421	(3.119413300275261+1.2653926115801373j)	0.2907440662384033	46.356934934934934
422	(3.0344235917992255+1.3331301445591557j)	0.29703593254089355	46.467044044044044
423	(2.9446746317725507+1.394910213925454j)	0.28438782691955566	46.57715315315315
424	(2.851221289374119+1.4504999864332702j)	0.28522706031799316	46.68726226226226
425	(2.754062349497474+1.500128517923412j)	0.2838571071624756	46.79737137137137
426	(2.653462412306817+1.5429179167805895j)	0.2876560688018799	46.90748048048048
427	(2.5504874582703945+1.5788684590697075j)	0.2787811756134033	47.01758958958958
428	(2.445067513260374+1.6081730345892495j)	0.2882559299468994	47.127698698698694
429	(2.3376586837372613+1.6300241179639359j)	0.2875556945800781	47.237807807807805
430	(2.229279418690387+1.644662239904089j)	0.2888038158416748	47.347916916916915
431	(2.11980659024435+1.6522416828063355j)	0.28795814514160156	47.458026026026026
432	(2.009874653903964+1.6520819527612018j)	0.2907838821411133	47.56813513513513
433	(1.900411186856694+1.6446529841058464j)	0.2837400436401367	47.67824424424424
434	(1.791268266161751+1.6300642025701007j)	0.27718496322631836	47.78835335335335
435	(1.6832386511125352+1.6078002032896452j)	0.2861323356628418	47.89846246246246
436	(1.5771225770138313+1.5785250736304444j)	0.2877998352050781	48.008571571571565
437	(1.4727710054972036+1.5422896848143304j)	0.28925633430480957	48.118680680680676
438	(1.370177803400276+1.499206307739719j)	0.2673001289367676	48.228789789789786
439	(1.2727286153050326+1.4487604118537993j)	0.2820858955383301	48.3388988988989
440	(1.177528052773452+1.3922611357815018j)	0.3709588050842285	48.44900800800801
441	(1.0864690112268898+1.3291438190451754j)	0.3544139862060547	48.55911711711711
442	(0.9999734054903321+1.2603183895231662j)	0.284635066986084	48.66922622622622
443	(0.9179153258889383+1.1857153641169693j)	0.29885005950927734	48.77933533533533
444	(0.8412729161528394+1.1054359711782857j)	0.2895619869232178	48.88944444444444
445	(0.7702380448339246+1.0204537242105294j)	0.3093698024749756	48.999553553553554
446	(0.7047164663620067+0.9306648709809012j)	0.2879190444946289	49.10966266266266
447	(0.6456409928244902+0.8364055709367296j)	0.2829010486602783	49.21977177177177
448	(0.5929793364109224+0.7386654040816685j)	0.283829927444458	49.32988088088088
449	(0.5466884490564878+0.6373251693073554j)	0.2845461368560791	49.43998998998999
450	(0.5076166784461457+0.5329384873474788j)	0.28381896018981934	49.55009909909909
451	(0.47552290726267277+0.426453996314022j)	0.28568506240844727	49.6602082082082
452	(0.45042675374794977+0.31774332626666774j)	0.28180932998657227	49.770317317317314
453	(0.4330452621897012+0.20754089001825515j)	0.2897830009460449	49.880426426426425
454	(0.4229427022500647+0.09669650082815634j)	0.28345394134521484	49.990535535535535
455	(0.42019519609819267-0.014919216772205007j)	0.28800177574157715	50.10064464464464
456	(0.4253366525313601-0.1264307049772338j)	0.2866518497467041	50.21075375375375
457	(0.4377551103088251-0.23712811737235145j)	0.2928459644317627	50.32086286286286
458	(0.45777466502546077-0.3471652525997595j)	0.29053187370300293	50.43097197197197
459	(0.48508602934254297-0.4554261078083473j)	0.28489208221435547	50.541081081081074
460	(0.5195558803843482-0.5614993561690055j)	0.28677797317504883	50.651190190190185
461	(0.5609437793971394-0.6653974723343975j)	0.28134894371032715	50.761299299299296
462	(0.6098746202520946-0.766088256517617j)	0.28443312644958496	50.871408408408406
463	(0.6649539930396716-0.8631930070220278j)	0.28424787521362305	50.98151751751752
464	(0.7265449044400865-0.9567158006765527j)	0.2879629135131836	51.09162662662662
465	(0.7944908358252449-1.0456068687913043j)	0.2846240997314453	51.20173573573573
466	(0.8679102782106729-1.1296977254932248j)	0.28293704986572266	51.31184484484484
467	(0.9470027775815744-1.2089291379112233j)	0.2896392345428467	51.42195395395395
468	(1.0313844173393734-1.282312237010097j)	0.283419132232666	51.53206306306306
469	(1.1201268107586237-1.3499651584668988j)	0.2868790626525879	51.64217217217217
470	(1.2135909892032104-1.4115471177640841j)	0.28313612937927246	51.75228128128128
471	(1.3110064050651604-1.4664143515740289j)	0.2868528366088867	51.86239039039039
472	(1.4115990650021857-1.5147350841152822j)	0.28463196754455566	51.9724994994995
473	(1.5155263618102237-1.556338549554417j)	0.2848231792449951	52.0826086086086
474	(1.6219901807102997-1.590512208828742j)	0.2876121997833252	52.19271771771771
475	(1.7302405986114204-1.617670474392292j)	0.28153276443481445	52.30282682682682
476	(1.8403831286537984-1.6375832656461387j)	0.2825479507446289	52.412935935935934
477	(1.9514690836998019-1.649725288728598j)	0.2904062271118164	52.523045045045045
478	(2.0628739131403004-1.6546473727686672j)	0.43926405906677246	52.63315415415415
479	(2.174645437218844-1.6520703605632743j)	0.3877706527709961	52.74326326326326
480	(2.285744129181032-1.6416868584990425j)	0.4442012310028076	52.85337237237237
481	(2.395706121345147-1.6241565788578243j)	0.3226311206817627	52.96348148148148
482	(2.5045158581233253-1.599176600038564j)	0.3915419578552246	53.07359059059059
483	(2.611096549899684-1.5666876057606423j)	0.2982759475708008	53.183699699699694
484	(2.715160972216819-1.5274273428036444j)	0.29175305366516113	53.293808808808805
485	(2.8166149950405237-1.4810979727502684j)	0.41249990463256836	53.403917917917916
486	(2.914392201251405-1.4278955855598312j)	0.32303833961486816	53.514027027027026
487	(3.0083780846727963-1.3685947467472732j)	0.35082006454467773	53.62413613613613
488	(3.0985019425005893-1.3031540137647393j)	0.317486047744751	53.73424524524524
489	(3.1834142945257646-1.2313083031548866j)	0.32747888565063477	53.84435435435435
490	(3.2635104418984477-1.1545170800805618j)	0.32436084747314453	53.95446346346346
491	(3.3384056354060028-1.0723043441975528j)	0.45384693145751953	54.06457257257257
492	(3.4072113818739718-0.9853149303244382j)	0.39050889015197754	54.174681681681676
493	(3.4698547963432658-0.8945536311729854j)	0.38251495361328125	54.28479079079079
494	(3.526867175033719-0.7989088245548575j)	0.41860413551330566	54.3948998998999
495	(3.576667469481859-0.700123795646828j)	0.3658919334411621	54.50500900900901
496	(3.6199141022525456-0.5984997257045872j)	0.4039909839630127	54.61511811811811
497	(3.6562276956270656-0.4939270000666607j)	0.3733639717102051	54.72522722722722
498	(3.6851057950321686-0.38737152414325005j)	0.3947892189025879	54.83533633633633
499	(3.70704187845327-0.27933395601773703j)	0.3110179901123047	54.94544544544544
500	(3.7216231259014414-0.16980815194288312j)	0.3569982051849365	55.055554554554554
501	(3.7285787061104827-0.05985811104097927j)	0.355358362197876	55.16566366366366
502	(3.7284804238656055+0.050142433293449695j)	0.27875828742980957	55.27577277277277
503	(3.7208994031287594+0.16009298819032258j)	0.28391075134277344	55.38588188188188
504	(3.705799580402664+0.26889375783412617j)	0.30176210403442383	55.49599099099099
505	(3.6837943144108776+0.37632061213141266j)	0.2764852046966553	55.6061001001001
506	(3.6544643629841795+0.4821730025445199j)	0.2776970863342285	55.716209209209204
507	(3.618015580776523+0.5853824020644287j)	0.2763700485229492	55.826318318318314
508	(3.575074940521077+0.6858835156504108j)	0.2761530876159668	55.936427427427425
509	(3.5252687727596306+0.7833821860940542j)	0.2785191535949707	56.046536536536536
510	(3.4690455076042626+0.876892949155986j)	0.27362823486328125	56.15664564564564
511	(3.4070182209344013+0.9664991216647554j)	0.27360105514526367	56.26675475475475
512	(3.338913812563695+1.0518489698457236j)	0.2906639575958252	56.37686386386386
513	(3.26532627871153+1.1319740537097847j)	0.2764089107513428	56.48697297297297
514	(3.1868932518116804+1.2071892896172836j)	0.2744159698486328	56.59708208208208
515	(3.1033864534748457+1.2769867603667069j)	0.2743949890136719	56.707191191191185
516	(3.0156466161721287+1.3406693119619928j)	0.2736992835998535	56.817300300300296
517	(2.924150730498053+1.3985485666504407j)	0.2761189937591553	56.92740940940941
518	(2.828798043116107+1.4500935129705044j)	0.27483701705932617	57.03751851851852
519	(2.7305511345160975+1.4948145291085673j)	0.27880001068115234	57.14762762762762
520	(2.629775792463181+1.5331098939144527j)	0.28508806228637695	57.25773673673673
521	(2.526487785988256+1.5644285425128763j)	0.2825593948364258	57.36784584584584
522	(2.42172554274994+1.588518786106138j)	0.2774789333343506	57.47795495495495
523	(2.315739170100997+1.6058449794496001j)	0.28325319290161133	57.58806406406406
524	(2.208677601506557+1.6158675366936084j)	0.32131099700927734	57.69817317317317
525	(2.1016104461909646+1.6185819065160194j)	0.32018518447875977	57.80828228228228
526	(1.9946748901499762+1.6144817203806654j)	0.28054308891296387	57.91839139139139
527	(1.8881579608268708+1.603060911682055j)	0.27385902404785156	58.0285005005005
528	(1.7831062621611684+1.5845498948974504j)	0.2737252712249756	58.13860960960961
529	(1.679543148944933+1.5594320519438238j)	0.290283203125	58.24871871871871
530	(1.5778777176452001+1.5272566196404613j)	0.2789301872253418	58.358827827827824
531	(1.4790714035721249+1.4884703680956561j)	0.27411985397338867	58.468936936936935
532	(1.3830321589435584+1.4435181542162565j)	0.27495408058166504	58.579046046046045
533	(1.2902660354702715+1.3920375219194938j)	0.27796006202697754	58.68915515515515
534	(1.2015936697905254+1.3346727723083254j)	0.2805938720703125	58.79926426426426
535	(1.1168192836853872+1.2718158155914665j)	0.2745509147644043	58.90937337337337
536	(1.0365238391314802+1.2032265987879558j)	0.2761552333831787	59.01948248248248
537	(0.9613521202950475+1.12972203814302j)	0.2764151096343994	59.12959159159159
538	(0.8910327308997039+1.0516254077741802j)	0.275299072265625	59.239700700700695
539	(0.8262035389147081+0.968843390673193j)	0.2752079963684082	59.349809809809805
540	(0.7673125369991374+0.8823160593243673j)	0.2761220932006836	59.459918918918916
541	(0.7140441933341182+0.792282998845447j)	0.2860748767852783	59.57002802802803
542	(0.6670673354412993+0.6987978361883787j)	0.27583909034729004	59.68013713713713
543	(0.6266146592412023+0.6028651906912585j)	0.27750182151794434	59.79024624624624
544	(0.5923480178569323+0.5046242283235244j)	0.2836310863494873	59.90035535535535
545	(0.5649263336041002+0.4042722497971198j)	0.28019189834594727	60.01046446446446
546	(0.5443479379261735+0.30282136098986645j)	0.2754528522491455	60.12057357357357
547	(0.5302705575223281+0.20030971623852642j)	0.2737908363342285	60.230682682682676
548	(0.5232948560166868+0.09707837657006524j)	0.27276110649108887	60.34079179179179
549	(0.5231851229192394-0.005898884266273163j)	0.2781333923339844	60.4509009009009
550	(0.5296125723756113-0.1086677097375562j)	0.27381205558776855	60.56101001001001
551	(0.5430868335474998-0.21074600710510583j)	0.2730119228363037	60.67111911911912
552	(0.5631595861739864-0.3112387666512505j)	0.28101181983947754	60.78122822822822
553	(0.5895426697400271-0.41025733037023804j)	0.27677106857299805	60.89133733733733
554	(0.6226354483782838-0.5071959425585659j)	0.2829592227935791	61.001446446446444
555	(0.6618132859100133-0.6012846408424916j)	0.3039059638977051	61.111555555555555
556	(0.7068526284818912-0.6926888741443873j)	0.2823469638824463	61.22166466466466
557	(0.758023064159755-0.7807168343611898j)	0.2878408432006836	61.33177377377377
558	(0.8145609110113209-0.8647688165465832j)	0.2738990783691406	61.44188288288288
559	(0.8763156029547058-0.9450552455391565j)	0.27416396141052246	61.55199199199199
560	(0.9433998951015969-1.0208379215337018j)	0.2765829563140869	61.6621011011011
561	(1.0149455901540398-1.0917199978706447j)	0.275134801864624	61.772210210210204
562	(1.0908696917327734-1.1579356667224963j)	0.27804017066955566	61.882319319319315
563	(1.1711089074224053-1.218734395332195j)	0.2759277820587158	61.992428428428425
564	(1.2547304117224967-1.2739298460065196j)	0.27638816833496094	62.102537537537536
565	(1.3417141973183278-1.3237497242639749j)	0.2744638919830322	62.21264664664665
566	(1.4298503678113088-1.3667701487732447j)	0.25923681259155273	62.32275575575575
567	(1.5241007847163632-1.4050804798972178j)	0.2757241725921631	62.43286486486486
568	(1.618603822838757-1.4368071828766098j)	0.27709197998046875	62.54297397397397
569	(1.7149254146085657-1.4619590502895417j)	0.2744162082672119	62.65308308308308
570	(1.8121714170406356-1.4807576065217163j)	0.2758760452270508	62.763192192192186
571	(1.9104446533246877-1.4933550536578906j)	0.27379298210144043	62.8733013013013
572	(2.0092031249496345-1.499168934842948j)	0.2729220390319824	62.98341041041041
573	(2.1076474767280122-1.4986130262645405j)	0.27747297286987305	63.09351951951952
574	(2.20592233102854-1.4917958805863916j)	0.27764010429382324	63.20362862862863
575	(2.3033654465285265-1.4782735629570052j)	0.27446508407592773	63.31373773773773
576	(2.3993010204046974-1.4586283297349052j)	0.2773137092590332	63.42384684684684
577	(2.493887579936237-1.4329192857908113j)	0.277468204498291	63.53395595595595
578	(2.5863643949859516-1.4008627489049397j)	0.2776298522949219	63.644065065065064
579	(2.6762043306203367-1.363168789595851j)	0.2749152183532715	63.75417417417417
580	(2.763556523792392-1.3198346668265168j)	0.27483201026916504	63.86428328328328
581	(2.847599937424717-1.2707461204335098j)	0.27927684783935547	63.97439239239239
582	(2.9279809034198587-1.2166918066639005j)	0.27455997467041016	64.0845015015015
583	(3.0048316143500204-1.1576030233175647j)	0.28483104705810547	64.19461061061061
584	(3.077318215484972-1.0935443501350468j)	0.27799081802368164	64.30471971971973
585	(3.1452851991121675-1.0253392534321737j)	0.27726125717163086	64.41482882882883
586	(3.2088340543508282-0.952869368212373j)	0.2736380100250244	64.52493793793793
587	(3.267171054268179-0.8763837368415143j)	0.27649712562561035	64.63504704704705
588	(3.320337258055632-0.7967074751518574j)	0.2766087055206299	64.74515615615616
589	(3.368393223113445-0.713694021857576j)	0.2783548831939697	64.85526526526527
590	(3.410615151914715-0.6277768515381423j)	0.27602720260620117	64.96537437437438
591	(3.4472257649786617-0.5397429398520056j)	0.2756917476654053	65.07548348348348
592	(3.478221518257503-0.44943538959488527j)	0.27327919006347656	65.1855925925926
593	(3.502986991175819-0.35744942733185386j)	0.274838924407959	65.2957017017017
594	(3.5218920870085153-0.2644880066716379j)	0.2763850688934326	65.40581081081082
595	(3.534869498710995-0.17039357156726476j)	0.2778511047363281	65.51591991991992
596	(3.5414332263464385-0.07588430396926937j)	0.27490687370300293	65.62602902902903
597	(3.5420900638434354+0.018460967325270583j)	0.2719156742095947	65.73613813813814
598	(3.5367127355806853+0.11278722469686175j)	0.2724730968475342	65.84624724724725
599	(3.5249849457027573+0.20629123430886798j)	0.2750821113586426	65.95635635635637
600	(3.507523715045131+0.29854207061815485j)	0.274381160736084	66.06646546546547
601	(3.484158033340525+0.3896486964204142j)	0.2761962413787842	66.17657457457457
602	(3.4547651431960937+0.4787542814983933j)	0.27617597579956055	66.28668368368369
603	(3.42003549066006+0.5655824602669407j)	0.27366209030151367	66.3967927927928
604	(3.3797624880954227+0.6501829269012172j)	0.2771291732788086	66.50690190190191
605	(3.3340225060763995+0.7316776395918845j)	0.2778465747833252	66.61701101101102
606	(3.283530635298619+0.8099492828096619j)	0.27799034118652344	66.72712012012012
607	(3.2280525733340424+0.8849743312315894j)	0.2754249572753906	66.83722922922924
608	(3.1678505377158555+0.9559036364655793j)	0.27365803718566895	66.94733833833834
609	(3.103620513281134+1.0227802667207682j)	0.2752811908721924	67.05744744744744
610	(3.0351143168316286+1.0855112096359654j)	0.2766098976135254	67.16755655655656
611	(2.9627719573411846+1.1433280320915715j)	0.2747762203216553	67.27766566566567
612	(2.887234349458042+1.1964330334618838j)	0.27421092987060547	67.38777477477478
613	(2.808271223714354+1.2446669489088138j)	0.27581024169921875	67.49788388388389
614	(2.7264851788071796+1.287384962555191j)	0.27366089820861816	67.60799299299299
615	(2.6424437710150075+1.3249267743341753j)	0.27329397201538086	67.71810210210211
616	(2.5559620546895783+1.3570680712045478j)	0.27586889266967773	67.82821121121121
617	(2.467781881793643+1.383310910080649j)	0.2764601707458496	67.93832032032033
618	(2.378371927589673+1.4040992639280574j)	0.27138805389404297	68.04842942942943
619	(2.287611140659901+1.4191432118943101j)	0.2727389335632324	68.15853853853854
620	(2.1963383073430736+1.4281114471382923j)	0.2762138843536377	68.26864764764765
621	(2.104897288874741+1.431516797504145j)	0.2729158401489258	68.37875675675676
622	(2.01323600360414+1.4290177872011216j)	0.27289319038391113	68.48886586586588
623	(1.9222415771071584+1.4204720308897778j)	0.2727377414703369	68.59897497497498
624	(1.8321147848846528+1.4064333159164577j)	0.27498507499694824	68.70908408408408
625	(1.7428813177608953+1.3865394318447224j)	0.27501702308654785	68.8191931931932
626	(1.6554329119967437+1.3608510118359005j)	0.27374982833862305	68.9293023023023
627	(1.569828340354952+1.3299412347616975j)	0.2735719680786133	69.03941141141142
628	(1.4861934558198535+1.2935897808021963j)	0.2703709602355957	69.14952052052053
629	(1.4053716838731651+1.251653091651722j)	0.2811241149902344	69.25962962962963
630	(1.3273113269400136+1.2050989221235162j)	0.27312803268432617	69.36973873873875
631	(1.25223075050811+1.153460806817026j)	0.2752037048339844	69.47984784784785
632	(1.1809162426860775+1.0971881071554939j)	0.27513694763183594	69.58995695695695
633	(1.1131939043861687+1.036785129576576j)	0.27587890625	69.70006606606607
634	(1.0493798159696732+0.9719659972733743j)	0.27918267250061035	69.81017517517517
635	(0.9901470156194596+0.9033327769824798j)	0.27414608001708984	69.92028428428429
636	(0.9352188123720926+0.8313072480848468j)	0.2742469310760498	70.0303933933934
637	(0.8849869185117061+0.75567052390767j)	0.27336597442626953	70.1405025025025
638	(0.8399663897924415+0.677149896853507j)	0.276386022567749	70.25061161161162
639	(0.7997978594359294+0.59607454870384j)	0.2758009433746338	70.36072072072072
640	(0.7649241516354238+0.5123188735204172j)	0.2756540775299072	70.47082982982984
641	(0.7356802478200479+0.4267098450393451j)	0.27509617805480957	70.58093893893894
642	(0.7116492450890058+0.3394822845870962j)	0.27629613876342773	70.69104804804805
643	(0.6933136327314154+0.2506239866886404j)	0.27602100372314453	70.80115715715716
644	(0.6808165702082485+0.1610235999231305j)	0.2734661102294922	70.91126626626627
645	(0.6737303933047625+0.07081229754545676j)	0.2738840579986572	71.02137537537538
646	(0.6725493027093358-0.01989943719095086j)	0.273906946182251	71.13148448448449
647	(0.6772278287729201-0.11021478873992718j)	0.2779660224914551	71.24159359359359
648	(0.6873518917408462-0.20011183014745484j)	0.27660703659057617	71.35170270270271
649	(0.7033995898679252-0.2893643653923206j)	0.2784550189971924	71.46181181181181
650	(0.725371624608279-0.3771015542029917j)	0.2772841453552246	71.57192092092093
651	(0.7521714449499118-0.4634619007016016j)	0.27488017082214355	71.68203003003003
652	(0.7849344134868952-0.5480532726905656j)	0.27367186546325684	71.79213913913914
653	(0.8229993614078198-0.6301246883395104j)	0.27492189407348633	71.90224824824826
654	(0.8660245275346315-0.7098418920353592j)	0.2739083766937256	72.01235735735736
655	(0.9143474555467744-0.786764440636019j)	0.2744910717010498	72.12246646646646
656	(0.9673790324671905-0.8602316626154625j)	0.275083065032959	72.23257557557558
657	(1.024840908383436-0.9304673299657595j)	0.27303290367126465	72.34268468468468
658	(1.0869655248575754-0.9969380733095922j)	0.2772531509399414	72.4527937937938
659	(1.153038754472613-1.0591216837995556j)	0.2742002010345459	72.5629029029029
660	(1.2228637103354414-1.1172792821672803j)	0.27831101417541504	72.67301201201201
661	(1.2965566225011362-1.1708143446833625j)	0.272489070892334	72.78312112112113
662	(1.3733199678860872-1.2193769699961323j)	0.27345895767211914	72.89323023023023
663	(1.453044565841124-1.2632497007615833j)	0.27487993240356445	73.00333933933935
664	(1.5357125037514157-1.301813299469233j)	0.27478599548339844	73.11344844844845
665	(1.6204793308650307-1.334911608987276j)	0.28076791763305664	73.22355755755756
666	(1.7073128083068887-1.3628322848514767j)	0.27448606491088867	73.33366666666667
667	(1.7960095135117802-1.3849742004464813j)	0.2757120132446289	73.44377577577578
668	(1.8858219504564464-1.4013578117953673j)	0.27768397331237793	73.5538848848849
669	(1.9766705105483813-1.4122682724285118j)	0.27512383460998535	73.663993993994
670	(2.0682741042563006-1.4171307345145396j)	0.27370405197143555	73.7741031031031
671	(2.1598003223974476-1.4161649265735266j)	0.27515411376953125	73.88421221221222
672	(2.2513447335144896-1.4095892347360677j)	0.27514100074768066	73.99432132132132
673	(2.342435918037472-1.3969100700208934j)	0.2738649845123291	74.10443043043044
674	(2.432337405005159-1.378504229344839j)	0.27373576164245605	74.21453953953954
675	(2.521037277011295-1.3545680401323807j)	0.2782912254333496	74.32464864864865
676	(2.608404158879633-1.324609810353083j)	0.2793400287628174	74.43475775775777
677	(2.6933703239663584-1.2892569741799254j)	0.27288293838500977	74.54486686686687
678	(2.7762517144649186-1.2485878742328567j)	0.27848315238952637	74.65497597597599
679	(2.8564009769516496-1.202337791764788j)	0.274371862411499	74.76508508508509
680	(2.9333232639228703-1.1511725018671108j)	0.2727947235107422	74.8751941941942
681	(3.0071868247546085-1.095151467286707j)	0.2740049362182617	74.98530330330331
682	(3.077312247361134-1.034160897222089j)	0.2778289318084717	75.09541241241241
683	(3.143330339089383-0.9689644473817154j)	0.2745857238769531	75.20552152152152
684	(3.205410049969378-0.8995616419448057j)	0.27715015411376953	75.31563063063064
685	(3.262813042660025-0.8260088777527155j)	0.2738068103790283	75.42573973973974
686	(3.315367514805416-0.7491060180609015j)	0.27614688873291016	75.53584884884886
687	(3.3632049381971396-0.6687983487553477j)	0.27460289001464844	75.64595795795796
688	(3.4055987325721047-0.585304339745996j)	0.2751200199127197	75.75606706706706
689	(3.442559836311834-0.49942350422655724j)	0.27373194694519043	75.86617617617618
690	(3.4741874028514608-0.4110579874598752j)	0.2747988700866699	75.97628528528529
691	(3.4998179237474902-0.3205855327267638j)	0.2746999263763428	76.0863943943944
692	(3.5196430601011404-0.2287756943617777j)	0.2760019302368164	76.19650350350351
693	(3.533719611601257-0.13551038822324313j)	0.27690792083740234	76.30661261261261
694	(3.5414860183317547-0.04132264597668378j)	0.2736389636993408	76.41672172172173
695	(3.5434505013067468+0.05312990606359602j)	0.2712709903717041	76.52683083083083
696	(3.5391452623943955+0.14784376472555205j)	0.2740590572357178	76.63693993993995
697	(3.5286211552242976+0.24221723790045246j)	0.27466797828674316	76.74704904904905
698	(3.5121852154458773+0.33567541691785696j)	0.27376890182495117	76.85715815815816
699	(3.489793184982789+0.428291704510662j)	0.2728888988494873	76.96726726726727
700	(3.4611538288417236+0.5193088377613342j)	0.29036593437194824	77.07737637637638
701	(3.4268591125157664+0.6082495012119982j)	0.2697012424468994	77.1874854854855
702	(3.386808481189874+0.6951972114388181j)	0.28061985969543457	77.2975945945946
703	(3.3408859984703665+0.779341524312041j)	0.27446913719177246	77.4077037037037
704	(3.2897634240847053+0.8603625227392209j)	0.2787621021270752	77.51781281281282
705	(3.2333133861203085+0.938307974229384j)	0.27402400970458984	77.62792192192192
706	(3.171611600408851+1.0123551672389233j)	0.27373409271240234	77.73803103103103
707	(3.105381863493788+1.0823429623389615j)	0.27257585525512695	77.84814014014015
708	(3.0344858291555092+1.1482663419771495j)	0.2752072811126709	77.95824924924925
709	(2.9592026854595628+1.2092448008839305j)	0.28040504455566406	78.06835835835837
710	(2.880229232893157+1.2655041894959695j)	0.2722787857055664	78.17846746746747
711	(2.7974598416319996+1.3167464923035288j)	0.2746438980102539	78.28857657657657
712	(2.711324826244846+1.3623092551877296j)	0.27428722381591797	78.39868568568569
713	(2.6225231091461016+1.4023373458528396j)	0.2749791145324707	78.5087947947948
714	(2.5309182290426584+1.436706772215977j)	0.2735416889190674	78.61890390390391
715	(2.4371076668653324+1.4647896773280906j)	0.27822208404541016	78.72901301301302
716	(2.3417205003047217+1.486878694258023j)	0.27521204948425293	78.83912212212212
717	(2.244649078603644+1.5028059546901062j)	0.2737312316894531	78.94923123123124
718	(2.146622078300513+1.5120956518059616j)	0.27729010581970215	79.05934034034034
719	(2.048180954023888+1.5151726762201845j)	0.2734372615814209	79.16944944944946
720	(1.9492701198884392+1.5118318519910838j)	0.27190303802490234	79.27955855855856
721	(1.8507220765924304+1.5017756306724033j)	0.27173709869384766	79.38966766766767
722	(1.752974023662758+1.4855261383489364j)	0.2768692970275879	79.49977677677678
723	(1.656035787080053+1.4628496213442335j)	0.275968074798584	79.60988588588589
724	(1.560803286383271+1.4336340946612738j)	0.2745668888092041	79.719994994995
725	(1.4675824800194408+1.3984649238097897j)	0.27351999282836914	79.83010410410411
726	(1.3764555379957848+1.357090835765809j)	0.2755250930786133	79.94021321321321
727	(1.2883232206233857+1.3095944987145556j)	0.2764132022857666	80.05032232232233
728	(1.2033486392025967+1.2565950302397968j)	0.2740359306335449	80.16043143143143
729	(1.1216772851392693+1.1978497569521274j)	0.29366588592529297	80.27054054054054
730	(1.044167255856922+1.1336438645175468j)	0.27564501762390137	80.38064964964965
731	(0.9708365753563415+1.0646041830552393j)	0.27618932723999023	80.49075875875876
732	(0.9018946410589073+0.9905281728605816j)	0.2754948139190674	80.60086786786788
733	(0.838120971747724+0.9118965682927833j)	0.27742815017700195	80.71097697697698
734	(0.7793986120293352+0.8293182866696938j)	0.27337002754211426	80.82108608608608
735	(0.7260061580704285+0.7426459104924859j)	0.2743799686431885	80.9311951951952
736	(0.6786060945357573+0.6525327117294396j)	0.282764196395874	81.0413043043043
737	(0.6369678989658929+0.559533686520784j)	0.27863502502441406	81.15141341341342
738	(0.6014261949226186+0.4635664754802012j)	0.2788560390472412	81.26152252252253
739	(0.5724937034568229+0.3654157981027034j)	0.27418994903564453	81.37163163163163
740	(0.5498320406552493+0.2655507042227075j)	0.27695608139038086	81.48174074074075
741	(0.5338117701401957+0.16396572859349395j)	0.27562594413757324	81.59184984984985
742	(0.524754341353744+0.06153505254180802j)	0.2745199203491211	81.70195895895897
743	(0.5222357064347348-0.04136984780796829j)	0.27473998069763184	81.81206806806807
744	(0.5266276030883081-0.14466722658834147j)	0.27526021003723145	81.92217717717718
745	(0.5380397644302992-0.24742674989446553j)	0.27739715576171875	82.0322862862863
746	(0.5559863366564153-0.349381975445181j)	0.27199530601501465	82.1423953953954
747	(0.5808206689385268-0.4503492669172686j)	0.27580881118774414	82.25250450450451
748	(0.6124403994110552-0.5493835724683812j)	0.27500176429748535	82.36261361361362
749	(0.6503305662963486-0.6463274398800447j)	0.27526402473449707	82.47272272272272
750	(0.6948129790148777-0.7408982638248733j)	0.27344202995300293	82.58283183183184
751	(0.7455811332206216-0.8321890955953574j)	0.27690696716308594	82.69294094094094
752	(0.8021252660509732-0.9201578975299383j)	0.27396297454833984	82.80305005005005
753	(0.8647114745561001-1.0044405178372957j)	0.2740442752838135	82.91315915915916
754	(0.9328450639124688-1.08422380909537j)	0.2738320827484131	83.02326826826827
755	(1.0060382983985485-1.1595804372574918j)	0.27715420722961426	83.13337737737739
756	(1.0843520751581077-1.229910324736674j)	0.27447986602783203	83.24348648648649
757	(1.16748426601159-1.2950640318248026j)	0.27195310592651367	83.35359559559559
758	(1.2546189515571158-1.354690649635692j)	0.27524614334106445	83.46370470470471
759	(1.3459547628314643-1.4084956459440603j)	0.27438998222351074	83.57381381381381
760	(1.4406715427445789-1.4559588823603418j)	0.2750828266143799	83.68392292292293
761	(1.5383840364481245-1.4973439922988285j)	0.2735569477081299	83.79403203203204
762	(1.6390449883924938-1.5321460947827552j)	0.2752039432525635	83.90414114114114
763	(1.741743838279185-1.5600350443542625j)	0.2747330665588379	84.01425025025026
764	(1.8461670118561062-1.5813265736656654j)	0.2731740474700928	84.12435935935936
765	(1.952155027819557-1.5955141497749274j)	0.27383899688720703	84.23446846846848
766	(2.0587506789369154-1.602478253329716j)	0.28047990798950195	84.34457757757758
767	(2.1657342894859526-1.6025727052694951j)	0.27568578720092773	84.45468668668668
768	(2.272834533405015-1.5953312772633406j)	0.2723042964935303	84.5647957957958
769	(2.3790964321215444-1.5808511093004625j)	0.2785179615020752	84.6749049049049
770	(2.484392881238841-1.5595200415957864j)	0.2767961025238037	84.78501401401402
771	(2.5883367961817667-1.5309377525582846j)	0.27365994453430176	84.89512312312313
772	(2.6900198682883962-1.4954198939868744j)	0.27211999893188477	85.00523223223223
773	(2.7893947982662985-1.453361583512878j)	0.27701306343078613	85.11534134134135
774	(2.8859720249089147-1.4044527554216693j)	0.27973413467407227	85.22545045045045
775	(2.97892703498842-1.3492032971501327j)	0.27619099617004395	85.33555955955956
776	(3.0682892810555846-1.2879862701191511j)	0.27873921394348145	85.44566866866867
777	(3.1534899820917834-1.2205989000420387j)	0.2855370044708252	85.55577777777778
778	(3.2338356102853627-1.1477127839118584j)	0.27532505989074707	85.6658868868869
779	(3.3094313529393817-1.0696578942904373j)	0.27504777908325195	85.775995995996
780	(3.3796635591118616-0.9863598323811682j)	0.2768418788909912	85.8861051051051
781	(3.4440146484544836-0.8986185562699835j)	0.27671289443969727	85.99621421421422
782	(3.5026551223598226-0.8067184686156947j)	0.2742002010345459	86.10632332332332
783	(3.5549616355701987-0.7107284954527706j)	0.2773900032043457	86.21643243243244
784	(3.600614722192387-0.6115485507222811j)	0.2753889560699463	86.32654154154154
785	(3.639858624539543-0.5093879382624242j)	0.27219414710998535	86.43665065065065
786	(3.6720075420052645-0.40454179128455947j)	0.27548718452453613	86.54675975975977
787	(3.6970260107352306-0.29789091913775456j)	0.27704811096191406	86.65686886886887
788	(3.7151280480564353-0.18963705143902665j)	0.27339601516723633	86.76697797797799
789	(3.7257513302852017-0.08014440481458052j)	0.27358007431030273	86.87708708708709
790	(3.7289887211269193+0.029633977583385818j)	0.27448296546936035	86.9871961961962
791	(3.7250853577278695+0.13958816394288132j)	0.2780590057373047	87.09730530530531
792	(3.7135608731011773+0.2492293578045417j)	0.2754249572753906	87.20741441441442
793	(3.694711678885951+0.35766365534697897j)	0.27927708625793457	87.31752352352353
794	(3.668784367182252+0.46484457370594434j)	0.27703022956848145	87.42763263263264
795	(3.6354168185047273+0.5701810382521715j)	0.2728922367095947	87.53774174174174
796	(3.5951027088105265+0.6728795407652353j)	0.275195837020874	87.64785085085086
797	(3.548076147471847+0.7729397576242809j)	0.27169108390808105	87.75795995995996
798	(3.494125787786095+0.8696950997635939j)	0.2731778621673584	87.86806906906907
799	(3.4339107004689575+0.9624727515257274j)	0.2756540775299072	87.97817817817818
800	(3.367646558988483+1.051317947959384j)	0.273345947265625	88.08828728728729
801	(3.295272943789576+1.1355024800767426j)	0.27718114852905273	88.1983963963964
802	(3.2175764388199566+1.2145167343158272j)	0.28025293350219727	88.30850550550551
803	(3.1347361078440215+1.2884321947855697j)	0.2761647701263428	88.41861461461461
804	(3.0468478058545125+1.3565094846956716j)	0.27639007568359375	88.52872372372373
805	(2.954774246266459+1.418422791894528j)	0.2758829593658447	88.63883283283283
806	(2.8586602543852453+1.4742788177587196j)	0.2732071876525879	88.74894194194195
807	(2.758776454004924+1.5233783793095452j)	0.2739260196685791	88.85905105105105
808	(2.6560082971915095+1.5655932252605027j)	0.2729310989379883	88.96916016016016
809	(2.550469744820073+1.6010477722316065j)	0.2742159366607666	89.07926926926928
810	(2.44258464817284+1.629109347675525j)	0.27564382553100586	89.18937837837838
811	(2.3332596524471647+1.649873219874195j)	0.2796649932861328	89.2994874874875
812	(2.222574889400623+1.6634591262075007j)	0.2744119167327881	89.4095965965966
813	(2.111101378549245+1.669334463679457j)	0.2774510383605957	89.5197057057057
814	(1.9997033255116818+1.667785684707583j)	0.27452683448791504	89.62981481481482
815	(1.8884322886328693+1.658920390409799j)	0.273374080657959	89.73992392392393
816	(1.7779787651361771+1.6423321084145377j)	0.27689599990844727	89.85003303303304
817	(1.669107314551762+1.6184821495062165j)	0.27500009536743164	89.96014214214215
818	(1.5618466375064182+1.5874586007210894j)	0.27654099464416504	90.07025125125125
819	(1.4569598582851573+1.5490122830335018j)	0.2737438678741455	90.18036036036037
820	(1.355077490624398+1.5037577416321486j)	0.27587413787841797	90.29046946946947
821	(1.256208536781415+1.4517722449446526j)	0.2765829563140869	90.40057857857859
822	(1.16115622716662+1.3929971252088778j)	0.272813081741333	90.51068768768769
823	(1.0703988023604447+1.3281471047313171j)	0.2753429412841797	90.6207967967968
824	(0.9839315177743829+1.2573135782482827j)	0.27723073959350586	90.73090590590591
825	(0.9025728927935734+1.1806135271767453j)	0.274080753326416	90.84101501501502
826	(0.8266218232792709+1.0988655510562995j)	0.27231788635253906	90.95112412412412
827	(0.7560887724994478+1.0121258512899467j)	0.2747619152069092	91.06123323323324
828	(0.691758010187622+0.9206978269663078j)	0.2735607624053955	91.17134234234234
829	(0.6337451245268876+0.8254321404463016j)	0.2741577625274658	91.28145145145146
830	(0.5820687078095361+0.7263667175107424j)	0.27417516708374023	91.39156056056056
831	(0.5374343529595849+0.623971295224213j)	0.27352118492126465	91.50166966966967
832	(0.4997647165149259+0.5190816118444832j)	0.2789738178253174	91.61177877877878
833	(0.46908247024658384+0.41172656053011986j)	0.274277925491333	91.72188788788789
834	(0.44597457928045786+0.3025312918964034j)	0.27680516242980957	91.831996996997
835	(0.43016285509262875+0.19226414424776142j)	0.27360987663269043	91.94210610610611
836	(0.4216878273240978+0.08097852236262265j)	0.27289700508117676	92.05221521521521
837	(0.42097474524213163-0.03058553844801909j)	0.273906946182251	92.16232432432433
838	(0.42759324450948394-0.14172352843141478j)	0.27440810203552246	92.27243343343343
839	(0.4415847655261051-0.25238157144462303j)	0.27213525772094727	92.38254254254255
840	(0.4632084732373597-0.36172364695670306j)	0.2757999897003174	92.49265165165166
841	(0.49190227231761596-0.4691627946331145j)	0.2775101661682129	92.60276076076076
842	(0.5277235560487246-0.5746292245218864j)	0.2758200168609619	92.71286986986988
843	(0.570744906837348-0.6772447613460368j)	0.2726268768310547	92.82297897897898
844	(0.6203077358757844-0.7765727368631576j)	0.2761228084564209	92.9330880880881
845	(0.6764714268095069-0.8725304499105215j)	0.2792928218841553	93.0431971971972
846	(0.7391125266748371-0.9642448310151774j)	0.2746613025665283	93.1533063063063
847	(0.8075003319843029-1.0514511969919107j)	0.2806730270385742	93.26341541541542
848	(0.8816840259360144-1.1340452371702305j)	0.2727177143096924	93.37352452452453
849	(0.9613408462936167-1.2112011460567285j)	0.27434611320495605	93.48363363363363
850	(1.0457019197580264-1.2828257591273333j)	0.2754948139190674	93.59374274274275
851	(1.1347990565659867-1.3487861012210407j)	0.2757382392883301	93.70385185185185
852	(1.2281219006526398-1.4083383624279904j)	0.2715630531311035	93.81396096096097
853	(1.3248347812020036-1.4617056764103529j)	0.2779231071472168	93.92407007007007
854	(1.4251863045646747-1.508265053799662j)	0.27648186683654785	94.03417917917918
855	(1.528274658834194-1.5478564899957958j)	0.27429771423339844	94.1442882882883
856	(1.6334784215176892-1.5805503028324748j)	0.27954602241516113	94.2543973973974
857	(1.7407793041989916-1.6061672703123104j)	0.2740459442138672	94.36450650650652
858	(1.8493981431269992-1.6242468076266303j)	0.273270845413208	94.47461561561562
859	(1.9587222350858249-1.635161943587201j)	0.2747519016265869	94.58472472472472
860	(2.0686954993937046-1.638728385068426j)	0.2749338150024414	94.69483383383384
861	(2.1784526800184576-1.6346772704053707j)	0.2742800712585449	94.80494294294294
862	(2.2874884900293155-1.6235059769208586j)	0.2754659652709961	94.91505205205206
863	(2.3957092058723592-1.605004189047699j)	0.27707600593566895	95.02516116116117
864	(2.5021608096996766-1.5791930747930296j)	0.2739272117614746	95.13527027027027
865	(2.6064829319759055-1.5465605338695918j)	0.2714369297027588	95.24537937937939
866	(2.7085581601269832-1.5069880148656818j)	0.27239227294921875	95.35548848848849
867	(2.807414963144138-1.4605827540661975j)	0.27621912956237793	95.46559759759761
868	(2.9028361089319974-1.4079830381433738j)	0.27268385887145996	95.57570670670671
869	(2.994612366060709-1.3490371658254723j)	0.27228212356567383	95.68581581581581
870	(3.0818836566153043-1.2840674741447407j)	0.27240896224975586	95.79592492492493
871	(3.157331724712261-1.2106924487391175j)	0.23293638229370117	95.90603403403404
872	(3.2424204635306983-1.1378859998518582j)	0.2766580581665039	96.01614314314314
873	(3.314679595342693-1.057067748680606j)	0.27533507347106934	96.12625225225226
874	(3.3814160129945274-0.9719030199477987j)	0.27374887466430664	96.23636136136136
875	(3.4423544487274875-0.8823332759481457j)	0.2752251625061035	96.34647047047048
876	(3.4968580001865632-0.7890343269873845j)	0.2733733654022217	96.45657957957958
877	(3.5462561264365524-0.6930308917394046j)	0.26007986068725586	96.56668868868869
878	(3.586878963879246-0.5930378088304069j)	0.27661800384521484	96.6767977977978
879	(3.6216148163931026-0.49114815996373185j)	0.2717568874359131	96.7869069069069
880	(3.6496472955985126-0.38745860884779826j)	0.27367401123046875	96.89701601601602
881	(3.67067964235371-0.2820195671199398j)	0.27358007431030273	97.00712512512513
882	(3.6843989337053396-0.1757320210218889j)	0.27500391006469727	97.11723423423423
883	(3.691217471956355-0.06900560012401269j)	0.2743983268737793	97.22734334334335
884	(3.6908203249750566+0.038021241444683884j)	0.2776193618774414	97.33745245245245
885	(3.683124982108197+0.1444356122532522j)	0.2741549015045166	97.44756156156157
886	(3.668611312034413+0.24993501442184973j)	0.27548980712890625	97.55767067067067
887	(3.646993049445642+0.35430927917058885j)	0.2738533020019531	97.66777977977978
888	(3.6184021540428923+0.4566480333408187j)	0.27433085441589355	97.7778888888889
889	(3.5833596482769283+0.5567677312649906j)	0.27666783332824707	97.887997997998
890	(3.5416248687817786+0.6543802449332153j)	0.2769341468811035	97.99810710710712
891	(3.4935267197503315+0.7486219455722055j)	0.2738637924194336	98.10821621621622
892	(3.439594823484797+0.8394250883427318j)	0.2731969356536865	98.21832532532532
893	(3.379641011756869+0.9264360898597256j)	0.27511096000671387	98.32843443443444
894	(3.3141697049789505+1.008884821379748j)	0.2745552062988281	98.43854354354355
895	(3.243683977155776+1.0868188926734788j)	0.2746553421020508	98.54865265265265
896	(3.1680645540197077+1.1598443512718057j)	0.2752499580383301	98.65876176176177
897	(3.0879671472406702+1.2273261015099781j)	0.2752220630645752	98.76887087087087
898	(3.0038492245286905+1.2894286379128748j)	0.27476000785827637	98.87897997997999
899	(2.9156787950626444+1.345726190952293j)	0.27569103240966797	98.98908908908909
900	(2.824236191773311+1.3957579878176758j)	0.2788231372833252	99.0991981981982
901	(2.7299204513406528+1.4397798654688758j)	0.2799077033996582	99.20930730730731
902	(2.632804529374421+1.4773553560791197j)	0.27538299560546875	99.31941641641642
903	(2.5337471754607552+1.5082090635482597j)	0.2744109630584717	99.42952552552553
904	(2.4330796414141407+1.5326573030777282j)	0.27865004539489746	99.53963463463464
905	(2.3309703752493234+1.5502722930929493j)	0.2721571922302246	99.64974374374374
906	(2.228324085070441+1.5609636704352088j)	0.2742040157318115	99.75985285285286
907	(2.125367483575363+1.5650930388936475j)	0.2746610641479492	99.86996196196196
908	(2.0223658168004777+1.5622569324190734j)	0.27402496337890625	99.98007107107108
909	(1.9202147997588739+1.5525810077070783j)	0.2781062126159668	100.09018018018018
910	(1.819028757205905+1.5364062478604428j)	0.2771739959716797	100.20028928928929
911	(1.7191629856454467+1.5134296723831966j)	0.279940128326416	100.3103983983984
912	(1.6214504421824452+1.4839442907144886j)	0.2789440155029297	100.42050750750751
913	(1.5259214754784032+1.448343772951258j)	0.279282808303833	100.53061661661663
914	(1.4323380042340288+1.4064856774857772j)	0.2628490924835205	100.64072572572573
915	(1.3434525173022192+1.3585123324906299j)	0.27841782569885254	100.75083483483483
916	(1.257188363683821+1.3050925746867503j)	0.27268385887145996	100.86094394394395
917	(1.1747334990553027+1.2460097876880656j)	0.2737288475036621	100.97105305305305
918	(1.0966869174482277+1.1817982668820963j)	0.2775709629058838	101.08116216216216
919	(1.022968023251499+1.1130071048078793j)	0.2785968780517578	101.19127127127128
920	(0.9540764069420145+1.0393483149262908j)	0.28310585021972656	101.30138038038038
921	(0.8904872587336494+0.9616430234760932j)	0.2763688564300537	101.4114894894895
922	(0.83201900212517+0.8801441137346453j)	0.275723934173584	101.5215985985986
923	(0.7792205164016814+0.7949123772825011j)	0.27199482917785645	101.6317077077077
924	(0.7323680211551139+0.7067574689454422j)	0.27356481552124023	101.74181681681682
925	(0.6912332321255963+0.6158796203599425j)	0.274578332901001	101.85192592592593
926	(0.656346934606844+0.5224554925607365j)	0.2755126953125	101.96203503503504
927	(0.6277912990802985+0.42733750823216554j)	0.27432918548583984	102.07214414414415
928	(0.6053152826601463+0.3306624693179393j)	0.2751479148864746	102.18225325325325
929	(0.589422333387067+0.23284308799296036j)	0.27728915214538574	102.29236236236237
930	(0.579973778745899+0.13439581229380268j)	0.2740159034729004	102.40247147147147
931	(0.5774825733726765+0.04301757867012776j)	0.279890775680542	102.51258058058059
932	(0.5801872057256656-0.06287072165471211j)	0.27546000480651855	102.6226896896897
933	(0.5899920807575388-0.16059314587816004j)	0.2760939598083496	102.7327987987988
934	(0.6059385435661123-0.2574376339013549j)	0.27530789375305176	102.84290790790791
935	(0.6283683978672253-0.3529037246726779j)	0.27578186988830566	102.95301701701702
936	(0.6568436884301248-0.4462949410592784j)	0.2743821144104004	103.06312612612614
937	(0.6911570289114297-0.5376636907349622j)	0.27809572219848633	103.17323523523524
938	(0.7315336317641823-0.6264411007148164j)	0.2731308937072754	103.28334434434434
939	(0.7773910975945632-0.7120560271114857j)	0.27350378036499023	103.39345345345346
940	(0.8285542536112432-0.7945985816679076j)	0.27924203872680664	103.50356256256256
941	(0.8851156178244555-0.8734560784041887j)	0.27529430389404297	103.61367167167167
942	(0.9463832486635138-0.9481928213639278j)	0.2750389575958252	103.72378078078079
943	(1.0122252457446408-1.0189241496228512j)	0.27400970458984375	103.83388988988989
944	(1.0825956137361452-1.0850067307639464j)	0.27826905250549316	103.943998998999
945	(1.1567413177867807-1.1461728115321617j)	0.27362799644470215	104.05410810810811
946	(1.234581288588598-1.2025406417252404j)	0.2757680416107178	104.16421721721721
947	(1.315936257851822-1.2534817045331497j)	0.41142797470092773	104.27432632632633
948	(1.4000304965087038-1.298902464043506j)	0.29218411445617676	104.38443543543544
949	(1.4868330740870193-1.338924972456718j)	0.27483487129211426	104.49454454454455
950	(1.5760306028197293-1.372968891077365j)	0.27614784240722656	104.60465365365366
951	(1.6668724038305784-1.3930426879370403j)	0.24234318733215332	104.71476276276276
952	(1.759323652924235-1.4234968086951854j)	0.2788238525390625	104.82487187187188
953	(1.852980786881921-1.4395949317999681j)	0.2826709747314453	104.93498098098098
954	(1.9471093958460863-1.4496683010206939j)	0.2871549129486084	105.0450900900901
955	(2.0417377263818914-1.4538015963384234j)	0.2755908966064453	105.1551991991992
956	(2.1363100383419202-1.45159988521806j)	0.2833881378173828	105.2653083083083
957	(2.230185281445478-1.4434507405115848j)	0.2779357433319092	105.37541741741742
958	(-2293577634.513046+66531885840.03962j)	0.26592397689819336	105.48552652652653
959	(2.4153329151583467-1.4091884333559184j)	0.27435803413391113	105.59563563563565
960	(2.505441481981215-1.3832496150338178j)	0.27320075035095215	105.70574474474475
961	(2.593792394489963-1.3517552901408272j)	0.2784152030944824	105.81585385385385
962	(2.6796915775268633-1.3144124519524694j)	0.29481005668640137	105.92596296296297
963	(2.7627615208897236-1.2718815037266322j)	0.27498793601989746	106.03607207207207
964	(2.843049482686899-1.2241341227213873j)	0.274385929107666	106.14618118118119
965	(2.9198547010299043-1.1711951771017124j)	0.27939820289611816	106.2562902902903
966	(2.992919787461653-1.1134681226266954j)	0.26999402046203613	106.3663993993994
967	(3.062301162811091-1.051269063456118j)	0.2699739933013916	106.47650850850852
968	(3.1275601890771583-0.9852556753466308j)	0.26345205307006836	106.58661761761762
969	(3.187887687153451-0.915160445535449j)	0.2750883102416992	106.69672672672672
970	(3.2439520717835744-0.8412859064436353j)	0.274428129196167	106.80683583583584
971	(3.294888574135305-0.7639823229910254j)	0.273496150970459	106.91694494494494
972	(3.3407536565811364-0.6839219690900178j)	0.2759130001068115	107.02705405405406
973	(3.3815107492578744-0.6010302808593972j)	0.2753620147705078	107.13716316316317
974	(3.416587306986977-0.5157588468637012j)	0.27455592155456543	107.24727227227227
975	(3.44618144838467-0.42873583369134227j)	0.2616240978240967	107.35738138138139
976	(3.470238316978404-0.3398849691993406j)	0.2836639881134033	107.46749049049049
977	(3.488289149328202-0.2497792059865097j)	0.27307963371276855	107.57759959959961
978	(3.500672398965996-0.1589688766908941j)	0.2805359363555908	107.68770870870871
979	(3.507285595128791-0.06739866614389028j)	0.2745201587677002	107.79781781781782
980	(3.5078122737749178+0.024260167226816898j)	0.27611613273620605	107.90792692692693
981	(3.5026896247231365+0.11554950774039285j)	0.2772102355957031	108.01803603603604
982	(3.491781329408171+0.20648867399748733j)	0.2784438133239746	108.12814514514515
983	(3.4751611916564102+0.2963805731574045j)	0.26343703269958496	108.23825425425426
984	(3.452606557450767+0.3847667358979034j)	0.27910280227661133	108.34836336336336
985	(3.4246844494393236+0.47173861932545874j)	0.2750430107116699	108.45847247247248
986	(3.3911316626738723+0.5565017413520961j)	0.27428197860717773	108.56858158158158
987	(3.35250504881606+0.638845052841498j)	0.27716708183288574	108.6786906906907
988	(3.3086237408089305+0.7187049298260262j)	0.2765188217163086	108.7887997997998
989	(3.2596432581939867+0.7953410591898313j)	0.27445197105407715	108.89890890890891
