	res_adaptive	time_adaptive	w
0	(1.0677552554193812-0.05973986577421542j)	0.3066561222076416	0.001
1	(1.3047226948818076-0.29851864130364936j)	0.2808868885040283	0.11110910910910911
2	(1.4389271565105126-0.41886021648939664j)	0.27935099601745605	0.22121821821821822
3	(1.5536236517141966-0.5019343022601644j)	0.2805147171020508	0.33132732732732734
4	(1.6526410288884417-0.5647303223021948j)	0.28083109855651855	0.44143643643643643
5	(1.7462195140094932-0.6175253583780046j)	0.2804296016693115	0.5515455455455456
6	(1.8371238725338965-0.6568327708740613j)	0.2831900119781494	0.6616546546546547
7	(1.9213683827414423-0.6872551548810294j)	0.28077268600463867	0.7717637637637638
8	(2.004357319682608-0.7123970498490905j)	0.28237414360046387	0.8818728728728729
9	(2.085718616466207-0.7281816757711228j)	0.2882049083709717	0.991981981981982
10	(2.1622019013390106-0.7384296712174256j)	0.2803621292114258	1.102091091091091
11	(2.238191498830842-0.7445339762721681j)	0.2779688835144043	1.2122002002002001
12	(2.312038245718053-0.7430080551146455j)	0.27810096740722656	1.3223093093093092
13	(2.3815971425625975-0.7375693895890149j)	0.2770061492919922	1.4324184184184183
14	(2.450662032894034-0.7282518963547617j)	0.27898073196411133	1.5425275275275274
15	(2.516873712989572-0.7123898901901171j)	0.2799201011657715	1.6526366366366365
16	(2.579173904896993-0.6936298992036529j)	0.2803170680999756	1.7627457457457456
17	(2.6407767119366348-0.6710701550974715j)	0.2795751094818115	1.8728548548548547
18	(2.698914858442731-0.6429659677450825j)	0.28057193756103516	1.9829639639639638
19	(2.753486249180698-0.6127953524824588j)	0.2820899486541748	2.093073073073073
20	(2.8070277958385734-0.5790038233593662j)	0.2772648334503174	2.203182182182182
21	(2.856572286203924-0.5407656418218345j)	0.2778811454772949	2.313291291291291
22	(2.9028049932472197-0.5012261018862649j)	0.27793383598327637	2.4234004004004004
23	(2.946524277648102-0.458486096659705j)	0.28545093536376953	2.5335095095095093
24	(2.9877064683085544-0.41221530451947136j)	0.27993321418762207	2.6436186186186186
25	(3.024734947953494-0.36538645061898123j)	0.2778172492980957	2.7537277277277274
26	(3.059605404390624-0.31559194528634726j)	0.2825169563293457	2.8638368368368368
27	(3.08958146179596-0.26355323160908134j)	0.2771880626678467	2.9739459459459456
28	(3.1164953763182237-0.21128055634767068j)	0.27943873405456543	3.084055055055055
29	(3.140659768487103-0.15639216512243204j)	0.27982115745544434	3.194164164164164
30	(3.159762689392939-0.10022235605001195j)	0.27968716621398926	3.304273273273273
31	(3.175996870480012-0.04412181949801519j)	0.2768220901489258	3.414382382382382
32	(3.1890410923295978+0.01416070937816677j)	0.27980685234069824	3.5244914914914913
33	(3.197129612543163+0.07278306606730034j)	0.2800891399383545	3.6346006006006006
34	(3.202620511761122+0.13104030776389336j)	0.27373385429382324	3.7447097097097095
35	(3.2046192491080085+0.19087147130461873j)	0.28119802474975586	3.854818818818819
36	(3.2019536557195347+0.2500768930855154j)	0.27779579162597656	3.9649279279279277
37	(3.196936858520331+0.30857802913964955j)	0.2794191837310791	4.0750370370370375
38	(3.1881864843403274+0.3678939909664779j)	0.27965307235717773	4.185146146146146
39	(3.175138738443149+0.42566502581040017j)	0.2798309326171875	4.295255255255255
40	(3.159893979681911+0.4824144235886493j)	0.2897610664367676	4.405364364364365
41	(3.140724573265735+0.5391873612539881j)	0.28347277641296387	4.515473473473474
42	(3.1176862773740392+0.5936638450916992j)	0.27700018882751465	4.625582582582583
43	(3.0925609021050384+0.6468973356427163j)	0.2778961658477783	4.735691691691692
44	(3.0634586122650735+0.6994203641850756j)	0.27785396575927734	4.845800800800801
45	(3.031042713324271+0.7491045576986127j)	0.27750182151794434	4.95590990990991
46	(2.9967023123200143+0.7973991210663377j)	0.28200221061706543	5.066019019019019
47	(2.9585575359835157+0.8442892518733532j)	0.2756481170654297	5.176128128128128
48	(2.917804569503537+0.8879440166903674j)	0.28055405616760254	5.286237237237238
49	(2.875368307532747+0.9300420142214382j)	0.28307318687438965	5.396346346346347
50	(2.8295058616389577+0.9700259191630924j)	0.28488779067993164	5.5064554554554554
51	(2.7818112293221624+1.0064539273802555j)	0.2821919918060303	5.616564564564565
52	(2.732685875603109+1.0410869967236813j)	0.27966809272766113	5.726673673673674
53	(2.6806235415864843+1.072898374147634j)	0.28026604652404785	5.836782782782783
54	(2.62746157409727+1.1009282875686224j)	0.28247928619384766	5.946891891891892
55	(2.573073332475163+1.126905178320439j)	0.28236985206604004	6.057001001001002
56	(2.5162896304181297+1.1494575135914213j)	0.2746920585632324	6.1671101101101105
57	(2.4590593721924074+1.168173277316042j)	0.27830028533935547	6.277219219219219
58	(2.400790533325784+1.1846416732759766j)	0.28858017921447754	6.387328328328328
59	(2.340750577215716+1.1972753252751824j)	0.27671313285827637	6.497437437437438
60	(2.2808863776661137+1.206211130689126j)	0.2805287837982178	6.607546546546547
61	(2.220241670202783+1.2127806870770996j)	0.2823030948638916	6.717655655655656
62	(2.1594373666312108+1.2155607407447828j)	0.2865920066833496	6.827764764764765
63	(2.0977258166924475+1.2143616481721344j)	0.27976107597351074	6.937873873873874
64	(2.036453796733492+1.2109610663373793j)	0.28051304817199707	7.047982982982983
65	(1.9750196978284529+1.2033923139560205j)	0.276641845703125	7.158092092092092
66	(1.9149832976321817+1.1926825510933927j)	0.27933692932128906	7.268201201201202
67	(1.8549445019260753+1.1793638168417755j)	0.2811281681060791	7.378310310310311
68	(1.7955911813696797+1.1618681457646076j)	0.2872457504272461	7.48841941941942
69	(1.7381047762369282+1.1415424084365795j)	0.2811100482940674	7.5985285285285284
70	(1.6810114047748328+1.1184892084759j)	0.2780458927154541	7.708637637637638
71	(1.6253628876091006+1.0914033273700792j)	0.2813248634338379	7.818746746746747
72	(1.5719014666092967+1.0618659317666104j)	0.28073811531066895	7.928855855855856
73	(1.5192110791777926+1.029584962795237j)	0.2845120429992676	8.038964964964965
74	(1.4686399174263445+0.9936226994451073j)	0.28011322021484375	8.149074074074074
75	(1.4204854595745025+0.9556784477665212j)	0.28098106384277344	8.259183183183183
76	(1.3735213972786269+0.9151057850058488j)	0.2922990322113037	8.369292292292291
77	(1.329307802921661+0.8713820739509408j)	0.2819631099700928	8.4794014014014
78	(1.287712354680626+0.8261811075810224j)	0.27910804748535156	8.58951051051051
79	(1.2477932546791681+0.778548219805336j)	0.27930212020874023	8.699619619619618
80	(1.2112000829168603+0.7283822220071325j)	0.2776918411254883	8.809728728728729
81	(1.1773892818871143+0.6771974181439571j)	0.28447389602661133	8.919837837837838
82	(1.145749130014439+0.6238076430514454j)	0.2823801040649414	9.029946946946946
83	(1.117875263660308+0.5685307258813035j)	0.2803530693054199	9.140056056056055
84	(1.0929270173670458+0.5126598227699306j)	0.2808723449707031	9.250165165165164
85	(1.0704186614298257+0.4547976003991159j)	0.2820730209350586	9.360274274274273
86	(1.0519923872497439+0.3957669761160921j)	0.2790219783782959	9.470383383383382
87	(1.036368806696181+0.33648765911168704j)	0.27788805961608887	9.580492492492493
88	(1.0236529691635812+0.27567743689856206j)	0.27664804458618164	9.690601601601601
89	(1.015003162529536+0.21442397560481477j)	0.2767760753631592	9.80071071071071
90	(1.0090460263177545+0.1533284270976495j)	0.27812790870666504	9.91081981981982
91	(1.0062550943245663+0.09122996050320603j)	0.28056812286376953	10.020928928928928
92	(1.0074721076635158+0.029486612407851054j)	0.2816200256347656	10.131038038038037
93	(1.0112778717851114-0.031690238093869505j)	0.2836480140686035	10.241147147147146
94	(1.0184748179038483-0.09326900856990489j)	0.284038782119751	10.351256256256255
95	(1.0295338905146332-0.15374297369768974j)	0.28444385528564453	10.461365365365365
96	(1.043087420535297-0.21330414652967677j)	0.28247928619384766	10.571474474474474
97	(1.060179688751731-0.27266683129030955j)	0.27909016609191895	10.681583583583583
98	(1.0808655811762904-0.33029072731496506j)	0.2825772762298584	10.791692692692692
99	(1.1039069345557029-0.3867332840571241j)	0.28188204765319824	10.9018018018018
100	(1.1304835852438635-0.4423919938660651j)	0.2795851230621338	11.01191091091091
101	(1.160227599965201-0.4957844495627928j)	0.27834010124206543	11.122020020020019
102	(1.1923106343847407-0.5480591818654453j)	0.2855570316314697	11.23212912912913
103	(1.2273532359645574-0.5983336783280979j)	0.28615593910217285	11.342238238238238
104	(1.265212108882159-0.6461832949443084j)	0.28574085235595703	11.452347347347347
105	(1.3049495502388662-0.6923431805018221j)	0.2821488380432129	11.562456456456456
106	(1.3477509551180054-0.7364780062633192j)	0.28107786178588867	11.672565565565565
107	(1.3925749054530991-0.7774853545044864j)	0.2818760871887207	11.782674674674674
108	(1.4390318627458623-0.8165229227119455j)	0.2890899181365967	11.892783783783782
109	(1.4881867844541339-0.8529346700383527j)	0.27874207496643066	12.002892892892891
110	(1.5382543932442792-0.8862648986143514j)	0.27327919006347656	12.113002002002002
111	(1.5907876115061144-0.9167504373549242j)	0.27971911430358887	12.22311111111111
112	(1.6450473659098068-0.9444441800895135j)	0.2778799533843994	12.33322022022022
113	(1.7001673105747432-0.9686288393819j)	0.2768259048461914	12.443329329329329
114	(1.7564342451169404-0.9904511131945187j)	0.28287291526794434	12.553438438438437
115	(1.8143969773378452-1.0088135446982154j)	0.2818000316619873	12.663547547547546
116	(1.8726067896682157-1.02370271539273j)	0.2785003185272217	12.773656656656655
117	(1.9316259228710364-1.036109034030924j)	0.28118181228637695	12.883765765765766
118	(1.9917377361801414-1.0447621892707968j)	0.2755887508392334	12.993874874874875
119	(2.051321447708565-1.050155890376426j)	0.2778787612915039	13.103983983983984
120	(2.111398339102238-1.0528883221533851j)	0.279202938079834	13.214093093093092
121	(2.1717598835131775-1.0517556909195842j)	0.27770185470581055	13.324202202202201
122	(2.23118142666626-1.0474220485104824j)	0.2781238555908203	13.43431131131131
123	(2.2905784306445423-1.040389813231382j)	0.2833120822906494	13.544420420420419
124	(2.3496551019504412-1.0293715615813133j)	0.2790689468383789	13.654529529529528
125	(2.407284097214447-1.0154219489338678j)	0.28283190727233887	13.764638638638639
126	(2.4645708817989416-0.9986797585602345j)	0.2788698673248291	13.874747747747747
127	(2.520769262863345-0.9781444891545338j)	0.2909970283508301	13.984856856856856
128	(2.575204706978535-0.9549803574241182j)	0.28212881088256836	14.094965965965965
129	(2.6289098655759933-0.9290711894621225j)	0.29773497581481934	14.205075075075074
130	(2.680882665285213-0.8996666921932872j)	0.2960939407348633	14.315184184184183
131	(2.7307653805002943-0.8680499368228327j)	0.28193092346191406	14.425293293293292
132	(2.7794767158106573-0.8338185219962457j)	0.28295302391052246	14.535402402402402
133	(2.8258278841406925-0.7965099638928641j)	0.2771308422088623	14.645511511511511
134	(2.86979719199216-0.7574152461424386j)	0.2791411876678467	14.75562062062062
135	(2.9121248345869812-0.7158739771350684j)	0.2811722755432129	14.865729729729729
136	(2.951538746435739-0.6717368979684619j)	0.2779109477996826	14.975838838838838
137	(2.988356243190683-0.6262094471529589j)	0.27908921241760254	15.085947947947947
138	(3.0231000032421305-0.5784403799095339j)	0.27814722061157227	15.196057057057056
139	(3.0545184720075422-0.5286156669183273j)	0.2807600498199463	15.306166166166165
140	(3.083240492454115-0.47778910762680016j)	0.27881503105163574	15.416275275275275
141	(3.1095306700865577-0.4250103637200717j)	0.2763698101043701	15.526384384384384
142	(3.132242462982986-0.3708028747883858j)	0.27653002738952637	15.636493493493493
143	(3.152245562200216-0.31601234058214156j)	0.2797729969024658	15.746602602602602
144	(3.169514600862194-0.2596777059856965j)	0.27867984771728516	15.85671171171171
145	(3.183070825012078-0.20262045664261485j)	0.2808690071105957	15.96682082082082
146	(3.193937098770182-0.1454206173384831j)	0.28164100646972656	16.076929929929932
147	(3.201791374522678-0.08717376267538923j)	0.2827639579772949	16.18703903903904
148	(3.2058871394750534-0.028925366445984313j)	0.2823331356048584	16.29714814814815
149	(3.2073196376031787+0.029057425693148398j)	0.28094911575317383	16.407257257257257
150	(3.2055079557407797+0.08756054113304979j)	0.28316807746887207	16.517366366366367
151	(3.2000009292072353+0.14540036594157724j)	0.2827911376953125	16.627475475475478
152	(3.1918988783472666+0.2026319102353824j)	0.27719593048095703	16.737584584584585
153	(3.1804272887236156+0.25985532801661604j)	0.27928709983825684	16.847693693693696
154	(3.165473540638791+0.3158235081676195j)	0.2779099941253662	16.957802802802803
155	(3.1480702163126084+0.3708814801765876j)	0.27822089195251465	17.067911911911914
156	(3.1273172241972107+0.4253776540417218j)	0.279587984085083	17.17802102102102
157	(3.1034411957359103+0.47807328466452637j)	0.29440784454345703	17.28813013013013
158	(3.0773241128938933+0.5295502081840677j)	0.30385494232177734	17.39823923923924
159	(3.0480003524193577+0.5798677301045161j)	0.30163097381591797	17.50834834834835
160	(3.015999447967963+0.6278780114251918j)	0.29279208183288574	17.61845745745746
161	(2.981978715597543+0.6743488204034269j)	0.2858288288116455	17.728566566566567
162	(2.9449714918722325+0.7190537600239733j)	0.2824981212615967	17.838675675675677
163	(2.9057634193396717+0.7610282196506977j)	0.2801089286804199	17.948784784784785
164	(2.864744881865861+0.801172615723287j)	0.28345584869384766	18.058893893893895
165	(2.8210327794867105+0.8390064931256305j)	0.2863759994506836	18.169003003003002
166	(2.7756196687996395+0.873822958306044j)	0.285991907119751	18.279112112112113
167	(2.728626063395252+0.9065864310932379j)	0.28423309326171875	18.389221221221224
168	(2.679338529373263+0.9365971149192042j)	0.2790079116821289	18.49933033033033
169	(2.62890077540823+0.9634440395684456j)	0.28476691246032715	18.60943943943944
170	(2.5769862143436644+0.98785328079746j)	0.28205180168151855	18.71954854854855
171	(2.5236831196636413+1.0095813842599877j)	0.27961301803588867	18.82965765765766
172	(2.4696355264540246+1.0278822342898732j)	0.28214192390441895	18.939766766766766
173	(2.4146548411635664+1.0437930595196456j)	0.28072690963745117	19.049875875875877
174	(2.358522648846801+1.0563094126387607j)	0.28103208541870117	19.159984984984987
175	(2.3024203800518293+1.0656200176430932j)	0.2893190383911133	19.270094094094095
176	(2.2457539189612405+1.0723752674721196j)	0.29894590377807617	19.380203203203205
177	(2.1885742365444365+1.075530514737446j)	0.29390621185302734	19.490312312312312
178	(2.1319422566922284+1.0755629063783192j)	0.28415989875793457	19.600421421421423
179	(2.075101362404969+1.0729174540857627j)	0.28064608573913574	19.71053053053053
180	(2.0187365037895235+1.0665574230950807j)	0.29073619842529297	19.82063963963964
181	(1.9626375795750493+1.0573562505733713j)	0.27959418296813965	19.93074874874875
182	(1.9070555277023007+1.045395853142578j)	0.28281712532043457	20.04085785785786
183	(1.8522143882672832+1.029860929559479j)	0.28476905822753906	20.15096696696697
184	(1.7987710906678447+1.0116887237544285j)	0.2812001705169678	20.261076076076076
185	(1.745889392051712+0.9908496920329848j)	0.2810091972351074	20.371185185185187
186	(1.6943888439146675+0.9666656361020972j)	0.2826650142669678	20.481294294294294
187	(1.6446677371459246+0.940187654028543j)	0.2814459800720215	20.591403403403405
188	(1.595958418574435+0.9111341647254112j)	0.3129770755767822	20.70151251251251
189	(1.549245130010653+0.8790507640781229j)	0.28403496742248535	20.811621621621622
190	(1.504635370095313+0.8450178865567354j)	0.28364014625549316	20.921730730730733
191	(1.4614800187810215+0.8085310751821849j)	0.28246092796325684	21.03183983983984
192	(1.4208439558935213+0.7693998212770178j)	0.28127002716064453	21.14194894894895
193	(1.3825361499102333+0.7286678049403781j)	0.28321099281311035	21.252058058058058
194	(1.3460735001033255+0.6856673146173808j)	0.2781980037689209	21.36216716716717
195	(1.312526114895935+0.6405027252619346j)	0.2781529426574707	21.472276276276276
196	(1.2814351080983366+0.5941210495403186j)	0.27884984016418457	21.582385385385386
197	(1.2525329111353405+0.5457614282744272j)	0.27895188331604004	21.692494494494497
198	(1.2267698432732885+0.49572831023315567j)	0.2792539596557617	21.802603603603604
199	(1.2036635512473979+0.4450880653819708j)	0.279738187789917	21.912712712712715
200	(1.1830092759867177+0.39276532334565323j)	0.28130197525024414	22.02282182182182
201	(1.1657612979704113+0.3395068646620139j)	0.2771608829498291	22.132930930930932
202	(1.1511009397628609+0.28587560200135254j)	0.28080201148986816	22.24304004004004
203	(1.1392582442849526+0.23109605440501446j)	0.27829408645629883	22.35314914914915
204	(1.1309347446484275+0.17601886348994256j)	0.28185582160949707	22.46325825825826
205	(1.1252167787940583+0.12094423363829332j)	0.2813701629638672	22.573367367367368
206	(1.122549357879923+0.06517930461276755j)	0.2769601345062256	22.68347647647648
207	(1.1233800487224808+0.00971704157875175j)	0.27658915519714355	22.793585585585586
208	(1.1267605026236314-0.045409236037574296j)	0.28315019607543945	22.903694694694696
209	(1.1333063567866581-0.10073768891419449j)	0.28007984161376953	23.013803803803803
210	(1.14317947706547-0.15518994662091817j)	0.28003621101379395	23.123912912912914
211	(1.1554709871270916-0.20897488374206297j)	0.28040194511413574	23.234022022022025
212	(1.1709263109327213-0.2624196723195101j)	0.27704381942749023	23.34413113113113
213	(1.1894237092357858-0.3144273515578102j)	0.2789750099182129	23.454240240240242
214	(1.2101745671578987-0.3654226276717458j)	0.280637264251709	23.56434934934935
215	(1.2340057070509332-0.41549501596718635j)	0.28014111518859863	23.67445845845846
216	(1.2605332170998986-0.46361480973016056j)	0.2793159484863281	23.784567567567567
217	(1.2891485854834803-0.5103905851462344j)	0.2844207286834717	23.894676676676678
218	(1.3206940226701394-0.555679169932835j)	0.2821481227874756	24.004785785785785
219	(1.3550542339661753-0.598741208053553j)	0.28040504455566406	24.114894894894896
220	(1.3903087648014405-0.6398996059111615j)	0.2808859348297119	24.225004004004006
221	(1.428755351726265-0.679214228165733j)	0.27877283096313477	24.335113113113113
222	(1.4690572268819255-0.715870181149566j)	0.2797977924346924	24.445222222222224
223	(1.5110351844202816-0.7506834717360037j)	0.2774341106414795	24.55533133133133
224	(1.5553272883071108-0.7830840514693097j)	0.2770838737487793	24.66544044044044
225	(1.6009523369839354-0.8126339021147998j)	0.2844207286834717	24.77554954954955
226	(1.6479557936274862-0.8401378700374048j)	0.27971601486206055	24.88565865865866
227	(1.6967920967621688-0.8648480345258243j)	0.27789902687072754	24.99576776776777
228	(1.7464004515388283-0.8865972295242984j)	0.2790360450744629	25.105876876876877
229	(1.797073734057813-0.9060628732356284j)	0.28005504608154297	25.215985985985988
230	(1.8490333192554742-0.9224249930237697j)	0.2849900722503662	25.326095095095095
231	(1.9012465911828942-0.935752928028566j)	0.27892112731933594	25.436204204204206
232	(1.9541853015204589-0.946646536563082j)	0.2764129638671875	25.546313313313313
233	(2.0078624212444973-0.9541964512924842j)	0.27939510345458984	25.656422422422423
234	(2.061317882080607-0.9587583606023211j)	0.2787799835205078	25.766531531531534
235	(2.1151716654378423-0.9607712552220001j)	0.27817320823669434	25.87664064064064
236	(2.1695922190103754-0.9598378417661149j)	0.28620409965515137	25.98674974974975
237	(2.2225390959060958-0.9551183395910984j)	0.2776939868927002	26.09685885885886
238	(2.2759223300300047-0.9482930272003359j)	0.2809631824493408	26.20696796796797
239	(2.328857589986674-0.9380978131116516j)	0.2773101329803467	26.317077077077077
240	(2.38069447085745-0.9253099683524322j)	0.2791149616241455	26.427186186186187
241	(2.432147546072188-0.9099512817846998j)	0.27940893173217773	26.537295295295298
242	(2.482526749933985-0.8913744866733742j)	0.29148006439208984	26.647404404404405
243	(2.5314097296318536-0.8704703206695364j)	0.278548002243042	26.757513513513516
244	(2.5794761453235537-0.8470350259748706j)	0.2794809341430664	26.867622622622623
245	(2.6258874206288754-0.8206102273247502j)	0.2790181636810303	26.977731731731733
246	(2.6704815716399475-0.7921388920766577j)	0.2763237953186035	27.08784084084084
247	(2.7138558199446665-0.7612235663502045j)	0.2772669792175293	27.19794994994995
248	(2.7550852044032146-0.7276428425363896j)	0.2787899971008301	27.308059059059058
249	(2.794270141850548-0.6923362450468837j)	0.27797818183898926	27.41816816816817
250	(2.831868732223733-0.654762000653841j)	0.2773408889770508	27.52827727727728
251	(2.8669252264767415-0.6149616513790295j)	0.2777128219604492	27.638386386386387
252	(2.8997735166306575-0.5738105062775385j)	0.27887582778930664	27.748495495495497
253	(2.930681406935649-0.5306677200473499j)	0.2871589660644531	27.858604604604604
254	(2.958719333706839-0.485831679486242j)	0.2846972942352295	27.968713713713715
255	(2.9844140081243253-0.44004327923024367j)	0.28456997871398926	28.078822822822822
256	(3.007818139932751-0.3926069201513616j)	0.2784888744354248	28.188931931931933
257	(3.028095646613262-0.3440458479302305j)	0.2814819812774658	28.299041041041043
258	(3.045928337617631-0.2949086367661867j)	0.2790672779083252	28.40915015015015
259	(3.0611585732520457-0.244497985019006j)	0.27957820892333984	28.51925925925926
260	(3.073053591268094-0.19374355857972292j)	0.28465700149536133	28.629368368368368
261	(3.0825944270451164-0.1423197800549013j)	0.27664875984191895	28.73947747747748
262	(3.089246528329197-0.09024805379320355j)	0.2779970169067383	28.849586586586586
263	(3.092621898418671-0.038172762421339934j)	0.2818300724029541	28.959695695695697
264	(3.0935620808009237+0.013802507888247662j)	0.277083158493042	29.069804804804807
265	(3.0915570200871985+0.0661757558784285j)	0.27956414222717285	29.179913913913914
266	(3.086397498941681+0.11798436241171295j)	0.27861976623535156	29.290023023023025
267	(3.0788984243377246+0.16934138710238877j)	0.2780792713165283	29.400132132132132
268	(3.0684151733052167+0.22056742124083917j)	0.27939605712890625	29.510241241241243
269	(3.0549811003873772+0.2706703377575771j)	0.27834272384643555	29.62035035035035
270	(3.0393168018762693+0.31996933558620555j)	0.27789807319641113	29.73045945945946
271	(3.02068844872265+0.36858981434218685j)	0.2796061038970947	29.840568568568568
272	(2.9993709301431672+0.41559015923062304j)	0.28368592262268066	29.950677677677678
273	(2.975943513445049+0.46147324044112625j)	0.27849793434143066	30.06078678678679
274	(2.9496523310212472+0.5061621015534011j)	0.28389596939086914	30.170895895895896
275	(2.9210045069688633+0.5488342718438707j)	0.27680420875549316	30.281005005005007
276	(2.8904111076003995+0.5901273171257394j)	0.27666401863098145	30.391114114114114
277	(2.8565779100847215+0.6299487589649796j)	0.272935152053833	30.501223223223224
278	(2.821991587787744+0.6670711874284553j)	0.2770359516143799	30.61133233233233
279	(2.7850975827725524+0.702767804738457j)	0.2813539505004883	30.721441441441442
280	(2.7458926799190344+0.7363676139391211j)	0.27830004692077637	30.831550550550553
281	(2.7052325079603223+0.767406646254791j)	0.2788729667663574	30.94165965965966
282	(2.66313076896318+0.7965924249138272j)	0.27912306785583496	31.05176876876877
283	(2.619641372012317+0.8231203910757242j)	0.27374887466430664	31.161877877877878
284	(2.5741804692297943+0.8472154089047286j)	0.28028106689453125	31.271986986986988
285	(2.52806372087083+0.8690743150865085j)	0.2787449359893799	31.382096096096095
286	(2.4805141000719417+0.8880886738506412j)	0.2783019542694092	31.492205205205206
287	(2.4324690584682904+0.9042724017195616j)	0.27822089195251465	31.602314314314317
288	(2.383546332384428+0.9181938277634509j)	0.28131890296936035	31.712423423423424
289	(2.333685035229153+0.929044741273753j)	0.2797582149505615	31.822532532532534
290	(2.2837763300277043+0.9370886752983603j)	0.2871830463409424	31.93264164164164
291	(2.2331580527074055+0.9427798097457665j)	0.27231597900390625	32.04275075075075
292	(2.18243966304247+0.9452635924873125j)	0.2812631130218506	32.15285985985986
293	(2.1319764698893797+0.9450774043396595j)	0.27722692489624023	32.26296896896896
294	(2.081304549408779+0.9423391110727661j)	0.2813601493835449	32.37307807807807
295	(2.030809240902571+0.9362167646793371j)	0.2778501510620117	32.483187187187184
296	(1.9812415367482032+0.9283734399638823j)	0.27695584297180176	32.593296296296295
297	(1.931830103712517+0.9176066498464114j)	0.2770700454711914	32.703405405405405
298	(1.8832086034826798+0.903748211425879j)	0.2805769443511963	32.81351451451451
299	(1.8358143104262095+0.8875661504739097j)	0.27880120277404785	32.92362362362362
300	(1.7890218088016416+0.8689216075158512j)	0.2776658535003662	33.03373273273273
301	(1.7435557272063464+0.8473514498332542j)	0.27933502197265625	33.14384184184184
302	(1.7000806669534532+0.824819629204839j)	0.26282286643981934	33.25395095095095
303	(1.6566458489530658+0.7974643027771664j)	0.28009605407714844	33.364060060060055
304	(1.615489280713231+0.7689689715789644j)	0.2803020477294922	33.474169169169166
305	(1.576090093319312+0.7385049058199495j)	0.27796411514282227	33.584278278278276
306	(1.5380231178481703+0.7058128556400277j)	0.2801847457885742	33.69438738738739
307	(1.5021807667766853+0.6712242712454608j)	0.2803821563720703	33.80449649649649
308	(1.468278347321386+0.6345125684990742j)	0.2798900604248047	33.9146056056056
309	(1.4361288530846823+0.5961598261739703j)	0.27597784996032715	34.02471471471471
310	(1.4064861891687406+0.5560326089902865j)	0.2795257568359375	34.13482382382382
311	(1.3790254174856222+0.5148271133364036j)	0.27877092361450195	34.24493293293293
312	(1.3536281025263206+0.4719177556440622j)	0.2791750431060791	34.35504204204204
313	(1.3310839925848326+0.4277428048716072j)	0.2838571071624756	34.46515115115115
314	(1.3108091373488961+0.38277680062312847j)	0.2789487838745117	34.57526026026026
315	(1.292899221023346+0.3364456643504156j)	0.2805631160736084	34.68536936936937
316	(1.2780006915741748+0.28933417926276256j)	0.27799391746520996	34.79547847847847
317	(1.2654136349864316+0.2417955186883174j)	0.2799088954925537	34.90558758758758
318	(1.2554060978065664+0.1932474441982863j)	0.28011608123779297	35.01569669669669
319	(1.2484419198893173+0.14445319353760777j)	0.2800910472869873	35.125805805805804
320	(1.2437667948304965+0.09557251039231013j)	0.27707529067993164	35.235914914914915
321	(1.2418147870061425+0.046133124356401246j)	0.28196024894714355	35.34602402402402
322	(1.2428434750832549-0.0029958543303767182j)	0.2779970169067383	35.45613313313313
323	(1.2461136767232561-0.051857339129754286j)	0.27719902992248535	35.56624224224224
324	(1.2521976827853858-0.10077915613330006j)	0.28054237365722656	35.67635135135135
325	(1.2611331604105198-0.14885718135218412j)	0.2778928279876709	35.78646046046046
326	(1.2722511121919013-0.19633521958001438j)	0.2790060043334961	35.896569569569564
327	(1.2862104165833435-0.24337635737569924j)	0.28029608726501465	36.006678678678675
328	(1.3028198654056091-0.2891098437801912j)	0.2812201976776123	36.116787787787786
329	(1.3217553814525347-0.3330851381241123j)	0.26097583770751953	36.226896896896896
330	(1.3429826350656038-0.37789367542439295j)	0.27831006050109863	36.337006006006
331	(1.3668024053155596-0.42013867627758783j)	0.2787349224090576	36.44711511511511
332	(1.3925517180628753-0.4612386935330158j)	0.28127002716064453	36.55722422422422
333	(1.4208799647545487-0.5009744253020965j)	0.27761101722717285	36.66733333333333
334	(1.4511777580594853-0.5386895255241217j)	0.2796473503112793	36.77744244244244
335	(1.4831952340586894-0.5750019371727879j)	0.27962708473205566	36.887551551551546
336	(1.517503567887532-0.6095002776673829j)	0.27581000328063965	36.99766066066066
337	(1.5533552138272562-0.6416982130584838j)	0.2805149555206299	37.10776976976977
338	(1.5906966445391217-0.672233639518166j)	0.2842588424682617	37.21787887887888
339	(1.6299826716012755-0.7005381847456253j)	0.2794151306152344	37.32798798798799
340	(1.6703852291524584-0.7263357970783553j)	0.27774906158447266	37.43809709709709
341	(1.7123027970241054-0.7502106016890575j)	0.27794814109802246	37.5482062062062
342	(1.7552569920221233-0.7715814643249271j)	0.27965712547302246	37.65831531531531
343	(1.7991633822929276-0.7903125286196275j)	0.2766871452331543	37.768424424424424
344	(1.8440698486294125-0.8069818018637296j)	0.28354597091674805	37.87853353353353
345	(1.8900752369764762-0.8208587062637469j)	0.27858877182006836	37.98864264264264
346	(1.9363393176102381-0.8321268805990817j)	0.27968811988830566	38.09875175175175
347	(1.9834159029569296-0.8411945266141087j)	0.2819859981536865	38.20886086086086
348	(2.030825966445637-0.8473794218803195j)	0.276904821395874	38.31896996996997
349	(2.0781699237830384-0.851001984033107j)	0.2805798053741455	38.429079079079074
350	(2.1258490241262216-0.8523503939990047j)	0.28044605255126953	38.539188188188184
351	(2.1735472518956804-0.850714999979397j)	0.2764143943786621	38.649297297297295
352	(2.2206363604639607-0.8466437265789173j)	0.2776939868927002	38.759406406406406
353	(2.2676937800780514-0.8402244555097457j)	0.2819390296936035	38.86951551551551
354	(2.314229927625555-0.8308414989186531j)	0.2763960361480713	38.97962462462462
355	(2.3597980483021286-0.8191729855790595j)	0.27920007705688477	39.08973373373373
356	(2.4049816594874436-0.80513444101791j)	0.280029296875	39.19984284284284
357	(2.4491463452557225-0.7882620691059046j)	0.27974605560302734	39.30995195195195
358	(2.4920481391113505-0.7693222971464895j)	0.28243303298950195	39.420061061061055
359	(2.534215919339896-0.7480743056989616j)	0.27873802185058594	39.530170170170166
360	(2.574952162589308-0.7244632091293419j)	0.2839999198913574	39.64027927927928
361	(2.614070879711675-0.698625865817548j)	0.2781651020050049	39.75038838838839
362	(2.652135629840872-0.6708397654175247j)	0.2812652587890625	39.8604974974975
363	(2.6882878567174995-0.6408143067761517j)	0.2758638858795166	39.9706066066066
364	(2.7226816263570095-0.6093092006578904j)	0.2784230709075928	40.08071571571571
365	(2.755595380222372-0.5758243421621878j)	0.27729177474975586	40.19082482482482
366	(2.786216312825675-0.540493107397057j)	0.2797529697418213	40.30093393393393
367	(2.814886017397169-0.5039800960066284j)	0.2793891429901123	40.41104304304304
368	(2.8422260991939097-0.46558338008718103j)	0.26822686195373535	40.52115215215215
369	(2.8659924877303946-0.42602767510126405j)	0.2781689167022705	40.63126126126126
370	(2.8881837740121554-0.3854440470606434j)	0.28276824951171875	40.74137037037037
371	(2.9082625800744513-0.34339003458169015j)	0.2803022861480713	40.85147947947948
372	(2.9255969926694023-0.30038324868489785j)	0.27710413932800293	40.96158858858858
373	(2.940808822020971-0.2568019220520612j)	0.27883434295654297	41.071697697697694
374	(2.953685766722391-0.2121020838402049j)	0.2787289619445801	41.181806806806804
375	(2.9637484280095383-0.16696469772334588j)	0.2827889919281006	41.291915915915915
376	(2.9716740242136144-0.12159059228341973j)	0.27701592445373535	41.40202502502502
377	(2.9770860748679904-0.0755226146094019j)	0.280458927154541	41.51213413413413
378	(2.9796841730148413-0.029545336535350075j)	0.2789750099182129	41.62224324324324
379	(2.9801454509586236+0.016334758043417996j)	0.2771730422973633	41.73235235235235
380	(2.9779594873662134+0.06245831512891831j)	0.28237080574035645	41.84246146146146
381	(2.973031368942956+0.10799925413299383j)	0.2822539806365967	41.952570570570565
382	(2.9655534737656257+0.1529960417015448j)	0.2767369747161865	42.062679679679675
383	(2.956254999675405+0.19808512141170853j)	0.27920103073120117	42.172788788788786
384	(2.9439397058080186+0.2420111925762649j)	0.3721320629119873	42.2828978978979
385	(2.9296004222606444+0.2852719436390765j)	0.5153341293334961	42.39300700700701
386	(2.912611972002775+0.32788595559734557j)	0.302523136138916	42.50311611611611
387	(2.893314259158844+0.36909832160624334j)	0.28576087951660156	42.61322522522522
388	(2.8721362811221853+0.4093786109495423j)	0.30331993103027344	42.72333433433433
389	(2.848465491244687+0.4485570492708715j)	0.2843289375305176	42.83344344344344
390	(2.822820874573018+0.48598137558620913j)	0.2800717353820801	42.943552552552546
391	(2.7954693478821366+0.5221981852302038j)	0.28234410285949707	43.05366166166166
392	(2.7658511795418477+0.5568600311026046j)	0.2804419994354248	43.16377077077077
393	(2.7346206898017784+0.5894679773946719j)	0.27645397186279297	43.27387987987988
394	(2.70186298658984+0.6206081043441849j)	0.2799072265625	43.38398898898899
395	(2.6671179222477805+0.6497872353113778j)	0.2828798294067383	43.49409809809809
396	(2.631131339237074+0.6767011154452501j)	0.28455305099487305	43.6042072072072
397	(2.593815264497714+0.7019323294668044j)	0.28151822090148926	43.714316316316314
398	(2.554856198348559+0.724880473392424j)	0.278684139251709	43.824425425425424
399	(2.5150520190088+0.7454533504413419j)	0.2773599624633789	43.93453453453453
400	(2.4741626633400227+0.7641773105605578j)	0.2774472236633301	44.04464364364364
401	(2.4320552436259053+0.7803801592650428j)	0.31788063049316406	44.15475275275275
402	(2.389528010305506+0.7941737312548484j)	0.2935340404510498	44.26486186186186
403	(2.346213120245356+0.8059766746691701j)	0.28030920028686523	44.37497097097097
404	(2.3021710829090036+0.8150848896804195j)	0.28919219970703125	44.485080080080074
405	(2.258136731727846+0.821792961265027j)	0.2795851230621338	44.595189189189185
406	(2.213635397424705+0.8263864026304596j)	0.27600789070129395	44.705298298298295
407	(2.1689159989474747+0.8281730282407095j)	0.2795379161834717	44.815407407407406
408	(2.1245891531271726+0.827621968073569j)	0.27839207649230957	44.92551651651652
409	(2.0801210471430904+0.824851842168667j)	0.2784297466278076	45.03562562562562
410	(2.0359214724747616+0.8192661140076865j)	0.27818799018859863	45.14573473473473
411	(1.9924489857533119+0.8114644570092145j)	0.27777719497680664	45.25584384384384
412	(1.9491555799288651+0.8014164940946448j)	0.2776029109954834	45.36595295295295
413	(1.9066040576620562+0.7886554280999482j)	0.2790069580078125	45.476062062062056
414	(1.8650753631951278+0.7738812694243347j)	0.2818450927734375	45.586171171171166
415	(1.8240705826284893+0.756906489898669j)	0.2818911075592041	45.69628028028028
416	(1.7842715384299777+0.7374285994646349j)	0.2796459197998047	45.80638938938939
417	(1.7457557838454187+0.716171640869212j)	0.2739229202270508	45.9164984984985
418	(1.7081749001684128+0.6928351449665261j)	0.2807497978210449	46.0266076076076
419	(1.672220837712162+0.6672633933371904j)	0.282940149307251	46.13671671671671
420	(1.6378201875108018+0.6401765984632077j)	0.2823672294616699	46.24682582582582
421	(1.604681525121227+0.6111230189837673j)	0.2820761203765869	46.356934934934934
422	(1.573565061687137+0.5801694690676273j)	0.2792520523071289	46.467044044044044
423	(1.5441913159150633+0.547954557773904j)	0.2819478511810303	46.57715315315315
424	(1.5164051206394396+0.5139539510304088j)	0.2778890132904053	46.68726226226226
425	(1.490918753899736+0.4784326067596616j)	0.2800471782684326	46.79737137137137
426	(1.4672938353449536+0.44192416661996303j)	0.2760128974914551	46.90748048048048
427	(1.4455324362997428+0.4038859741388135j)	0.27869415283203125	47.01758958958958
428	(1.4262549486013094+0.3647700441187219j)	0.2772848606109619	47.127698698698694
429	(1.4089128523164263+0.32497458693746767j)	0.27677297592163086	47.237807807807805
430	(1.393674562636128+0.28398364305679896j)	0.27771711349487305	47.347916916916915
431	(1.381036533841796+0.24240196595068814j)	0.2781381607055664	47.458026026026026
432	(1.370388224514612+0.200459120932712j)	0.278383731842041	47.56813513513513
433	(1.3620570859221683+0.15770259480045334j)	0.28012800216674805	47.67824424424424
434	(1.356376734937482+0.11483906806092392j)	0.2790839672088623	47.78835335335335
435	(1.3527189562012871+0.07191272708424401j)	0.2792167663574219	47.89846246246246
436	(1.3515362322922324+0.028568503109853594j)	0.2975039482116699	48.008571571571565
437	(1.352967608880147-0.014435072799522497j)	0.28365516662597656	48.118680680680676
438	(1.356405729843675-0.057231497542444054j)	0.2802910804748535	48.228789789789786
439	(1.3623859262703841-0.10004057113435294j)	0.28021717071533203	48.3388988988989
440	(1.3708376080744944-0.142092937358698j)	0.2788510322570801	48.44900800800801
441	(1.3812207117964816-0.18367496381325754j)	0.28031301498413086	48.55911711711711
442	(1.3941129088948023-0.224838901215471j)	0.2788729667663574	48.66922622622622
443	(1.4092478791149323-0.264850820400399j)	0.27860593795776367	48.77933533533533
444	(1.4261979081863327-0.3041154426314838j)	0.28295397758483887	48.88944444444444
445	(1.4455498331897623-0.34250860766461866j)	0.28005003929138184	48.999553553553554
446	(1.466867137651172-0.3793858062267941j)	0.2749900817871094	49.10966266266266
447	(1.489872646880083-0.41523931510863044j)	0.28839802742004395	49.21977177177177
448	(1.5149341386009625-0.44954035416623006j)	0.2863187789916992	49.32988088088088
449	(1.5420237739495963-0.48251199535450495j)	0.27612781524658203	49.43998998998999
450	(1.5704803073369824-0.5139736106194878j)	0.2842988967895508	49.55009909909909
451	(1.6009463544579-0.5437419623782205j)	0.2766690254211426	49.6602082082082
452	(1.6327425345038007-0.5714897560156735j)	0.27840518951416016	49.770317317317314
453	(1.6658868139414265-0.597741292998733j)	0.26755571365356445	49.880426426426425
454	(1.7007716234648038-0.6220403031642132j)	0.34887099266052246	49.990535535535535
455	(1.7365859613663701-0.6441639485666806j)	0.5526142120361328	50.10064464464464
456	(1.7735366755551996-0.6646433043565974j)	0.28494691848754883	50.21075375375375
457	(1.8117871638372618-0.682853289001267j)	667.4626350402832	50.32086286286286
458	(1.8505849345272647-0.698840250703708j)	0.9258480072021484	50.43097197197197
459	(1.8902481848661217-0.7130125983151667j)	0.606921911239624	50.541081081081074
460	(1.930768573824551-0.7247028705682307j)	0.38284802436828613	50.651190190190185
461	(1.9714634504875077-0.733956761502121j)	0.4096641540527344	50.761299299299296
462	(2.012498858132212-0.7413647865115794j)	0.5893270969390869	50.871408408408406
463	(2.0543805279340916-0.7464546960746252j)	0.43816280364990234	50.98151751751752
464	(2.095859068288456-0.7490804063619662j)	0.3112978935241699	51.09162662662662
465	(2.137640417427342-0.7496353356959564j)	0.3239281177520752	51.20173573573573
466	(2.1793788091055553-0.7475378876503618j)	0.3004419803619385	51.31184484484484
467	(2.220606633299713-0.7433295725562375j)	0.29198598861694336	51.42195395395395
468	(2.2618324785485067-0.7370155585263504j)	0.32219386100769043	51.53206306306306
469	(2.302424924943995-0.7286956696128141j)	0.29541897773742676	51.64217217217217
470	(2.3424595887056894-0.7172976670073892j)	0.31809210777282715	51.75228128128128
471	(2.3820202496269545-0.7043836016752492j)	0.3016641139984131	51.86239039039039
472	(2.4206138226023644-0.6890518253337726j)	0.29297494888305664	51.9724994994995
473	(2.458099627818452-0.6719780974745588j)	0.310899019241333	52.0826086086086
474	(2.4947892879810514-0.6527767760516499j)	0.3007071018218994	52.19271771771771
475	(2.530266090612952-0.631559238858706j)	0.31135106086730957	52.30282682682682
476	(2.5642917840994275-0.6086310782576717j)	0.3147709369659424	52.412935935935934
477	(2.5972878416922995-0.5839175137840544j)	0.2982039451599121	52.523045045045045
478	(2.628520816258369-0.5571948780244949j)	0.30330586433410645	52.63315415415415
479	(2.658224084345971-0.5291604548393454j)	0.35329604148864746	52.74326326326326
480	(2.686579445056192-0.4993374841324727j)	0.2977759838104248	52.85337237237237
481	(2.712903389605822-0.4679329269925756j)	0.2992279529571533	52.96348148148148
482	(2.737569982036246-0.43548043383374235j)	0.29578709602355957	53.07359059059059
483	(2.7606248726942093-0.4014060769044099j)	0.3029019832611084	53.183699699699694
484	(2.7814064223534776-0.36630601140172825j)	0.2936899662017822	53.293808808808805
485	(2.8004418948298024-0.33037813849005526j)	0.29187583923339844	53.403917917917916
486	(2.8175850841860894-0.29319640442583084j)	0.29595017433166504	53.514027027027026
487	(2.8323279663822234-0.2552920386220954j)	0.29738807678222656	53.62413613613613
488	(2.8452226280314985-0.21691475756917367j)	0.31002211570739746	53.73424524524524
489	(2.8559923359473314-0.1776117850617538j)	0.29917001724243164	53.84435435435435
490	(2.864278316023215-0.1380184577656185j)	0.3324930667877197	53.95446346346346
491	(2.8706712684707734-0.098213027957194j)	0.29626989364624023	54.06457257257257
492	(2.874773605361421-0.05782953410793623j)	0.3036670684814453	54.174681681681676
493	(2.876041745405083-0.017368090585293094j)	0.30097389221191406	54.28479079079079
494	(2.876167436728511+0.022647469548715993j)	0.3300919532775879	54.3948998998999
495	(2.8735569155571508+0.06306288935280735j)	0.30007004737854004	54.50500900900901
496	(2.868597329925235+0.1029439747236991j)	0.29561805725097656	54.61511811811811
497	(2.861815017675796+0.14251792365964833j)	0.29911136627197266	54.72522722722722
498	(2.852665580584006+0.18186781971817623j)	0.2897069454193115	54.83533633633633
499	(2.841347369966405+0.22028216610656615j)	0.2901020050048828	54.94544544544544
500	(2.8282825245488628+0.2581141428626097j)	0.28968286514282227	55.055554554554554
501	(2.8129052493339453+0.2952845431458171j)	0.2945210933685303	55.16566366366366
502	(2.795577553359144+0.33116232275946955j)	0.2904059886932373	55.27577277277277
503	(2.776588234718615+0.3661973457658869j)	0.2944676876068115	55.38588188188188
504	(2.7553996569934363+0.4001614568721925j)	0.29912805557250977	55.49599099099099
505	(2.7325185266619396+0.432549639181784j)	0.2934849262237549	55.6061001001001
506	(2.7080909418184413+0.46387277030691365j)	0.30623888969421387	55.716209209209204
507	(2.681659545949394+0.4937637769722891j)	0.2942771911621094	55.826318318318314
508	(2.6538471751980506+0.5218717451721793j)	0.2926671504974365	55.936427427427425
509	(2.62465676049486+0.5487178579921228j)	0.28948402404785156	56.046536536536536
510	(2.593749582197999+0.5738114389602293j)	0.2911989688873291	56.15664564564564
511	(2.561819387670793+0.5969685745660254j)	0.2960221767425537	56.26675475475475
512	(2.528724460536754+0.6186689808559779j)	0.2906827926635742	56.37686386386386
513	(2.494267990926133+0.6383292398221885j)	0.2946131229400635	56.48697297297297
514	(2.459157799535965+0.6559394423948894j)	0.2972872257232666	56.59708208208208
515	(2.4231123009899416+0.6719038472652512j)	0.2926039695739746	56.707191191191185
516	(2.386091329417078+0.6855905954711762j)	0.29224586486816406	56.817300300300296
517	(2.3487620409259007+0.6971714819885434j)	0.29096436500549316	56.92740940940941
518	(2.310734937646725+0.7069472262174765j)	0.30224108695983887	57.03751851851852
519	(2.2721334412703573+0.7142961145345482j)	0.29004597663879395	57.14762762762762
520	(2.233545450508709+0.7195600448444504j)	0.2916989326477051	57.25773673673673
521	(2.194511845123732+0.7229102557127053j)	0.32030820846557617	57.36784584584584
522	(2.1553378269983208+0.723802922481791j)	0.317918062210083	57.47795495495495
523	(2.116489354677397+0.722695416114872j)	0.30854082107543945	57.58806406406406
524	(2.0774973171493665+0.7196331221489024j)	0.30142712593078613	57.69817317317317
525	(2.0388074016973223+0.7141371114947492j)	0.3087799549102783	57.80828228228228
526	(2.00075981969326+0.7067819074184262j)	0.31005191802978516	57.91839139139139
527	(1.962899355938756+0.6974531608326792j)	0.30181288719177246	58.0285005005005
528	(1.9257908367242818+0.6857922230771597j)	0.3000931739807129	58.13860960960961
529	(1.8896067555273992+0.6724208711445114j)	-1.4701380729675293	58.24871871871871
530	(1.8539422272994985+0.6570863475973208j)	0.38613200187683105	58.358827827827824
531	(1.8194342073532905+0.6395801992704964j)	0.30017995834350586	58.468936936936935
532	(1.786077201652409+0.620535132770468j)	0.32303404808044434	58.579046046046045
533	(1.7535493448353532+0.5995891136803341j)	0.29697513580322266	58.68915515515515
534	(1.7225187299146527+0.5767121410149381j)	0.3029658794403076	58.79926426426426
535	(1.6928123472231709+0.5525077968398069j)	0.292849063873291	58.90937337337337
536	(1.6642278556329204+0.5265412231565093j)	0.2913539409637451	59.01948248248248
537	(1.6374272756942845+0.49896696954620023j)	0.3048250675201416	59.12959159159159
538	(1.6120959094903915+0.47031422348179175j)	0.2940969467163086	59.239700700700695
539	(1.5881775922192543+0.4401082681977413j)	0.2995452880859375	59.349809809809805
540	(1.5662861989879242+0.4086705498948352j)	0.29268884658813477	59.459918918918916
541	(1.5459944187225372+0.37641336137328396j)	0.3127939701080322	59.57002802802803
542	(1.527396794124932+0.3428533055627422j)	0.29848408699035645	59.68013713713713
543	(1.5110092422042463+0.3084516382607062j)	0.29827094078063965	59.79024624624624
544	(1.4963226672389016+0.2734742358928389j)	0.3059871196746826	59.90035535535535
545	(1.4835665207461886+0.23747038947342425j)	0.30441808700561523	60.01046446446446
546	(1.4731153954843372+0.20101365830318418j)	0.3143577575683594	60.12057357357357
547	(1.4644118330427154+0.16421512005424233j)	0.30575108528137207	60.230682682682676
548	(1.4578029386631033+0.12670404721299733j)	0.29198575019836426	60.34079179179179
549	(1.4534957997615052+0.08913637349576597j)	0.29236793518066406	60.4509009009009
550	(1.4509320050131742+0.05147423507331006j)	0.29282617568969727	60.56101001001001
551	(1.4505565369401623+0.013465202019170341j)	0.2911350727081299	60.67111911911912
552	(1.452403277829794-0.02419434153449318j)	0.2919778823852539	60.78122822822822
553	(1.4559649225521891-0.06168284255288131j)	0.2970240116119385	60.89133733733733
554	(1.4617567014451043-0.09911417450916188j)	0.29781603813171387	61.001446446446444
555	(1.4696432637184575-0.13580514968388613j)	0.29345107078552246	61.111555555555555
556	(1.4792076817638138-0.17206539502897994j)	0.2920958995819092	61.22166466466466
557	(1.4909950231473026-0.20786347221069912j)	0.2938880920410156	61.33177377377377
558	(1.5047051263103313-0.2425844061079117j)	0.2874410152435303	61.44188288288288
559	(1.5200355703596586-0.2766416238524991j)	0.2951080799102783	61.55199199199199
560	(1.5375081363588-0.3098592161282303j)	0.2923128604888916	61.6621011011011
561	(1.5566726546751506-0.34173010663279313j)	0.28766608238220215	61.772210210210204
562	(1.5773530633885116-0.37272949113672205j)	0.29610395431518555	61.882319319319315
563	(1.6000025390127102-0.402540473120515j)	0.29224395751953125	61.992428428428425
564	(1.6240518630260756-0.43078597426065746j)	0.2938408851623535	62.102537537537536
565	(1.6494631510383329-0.45795540959551245j)	0.29087090492248535	62.21264664664665
566	(1.676590281295828-0.4836020416982296j)	0.30065417289733887	62.32275575575575
567	(1.7047910924868874-0.5075017512990267j)	0.2913060188293457	62.43286486486486
568	(1.7341744461397919-0.5301146513922865j)	0.2906351089477539	62.54297397397397
569	(1.7649706125090798-0.5508994728280231j)	0.29544687271118164	62.65308308308308
570	(1.7965176434344539-0.56980170347013j)	0.2877528667449951	62.763192192192186
571	(1.8290598061921775-0.5872225296978916j)	0.2934458255767822	62.8733013013013
572	(1.8626843605475016-0.6025729968143164j)	0.2940816879272461	62.98341041041041
573	(1.8967502399129248-0.6159754855151971j)	0.29607605934143066	63.09351951951952
574	(1.9316082363273606-0.6277467064380874j)	0.2990100383758545	63.20362862862863
575	(1.967181288138622-0.6372933130068164j)	0.2910761833190918	63.31373773773773
576	(2.0028875842118685-0.6449047553258386j)	0.29572486877441406	63.42384684684684
577	(2.039346640212346-0.6506724315840124j)	0.2968869209289551	63.53395595595595
578	(2.0757029368988-0.654364803588305j)	0.29096078872680664	63.644065065065064
579	(2.1120804680367984-0.6560774706752139j)	0.2893209457397461	63.75417417417417
580	(2.1487200208390185-0.655980505842456j)	0.28912997245788574	63.86428328328328
581	(2.1852304877539392-0.6535848731148216j)	0.29677700996398926	63.97439239239239
582	(2.221254193292656-0.6494077895022379j)	0.2864413261413574	64.0845015015015
583	(2.257235676177391-0.6433650875517828j)	0.2948782444000244	64.19461061061061
584	(2.2926673331393834-0.6350753966311634j)	0.2968320846557617	64.30471971971973
585	(2.327352310912618-0.6251175378403567j)	0.29688501358032227	64.41482882882883
586	(2.361697485538268-0.6132761864216486j)	0.29482126235961914	64.52493793793793
587	(2.395117737644136-0.5993153642718151j)	0.2911369800567627	64.63504704704705
588	(2.42758064636153-0.5838386207518569j)	0.29584527015686035	64.74515615615616
589	(2.459417547869029-0.5665275198366815j)	0.2905609607696533	64.85526526526527
590	(2.48999412426914-0.547314154504026j)	0.294633150100708	64.96537437437438
591	(2.519435104377958-0.5267842264634987j)	0.29538512229919434	65.07548348348348
592	(2.5479560443882328-0.5045395835151203j)	0.2926206588745117	65.1855925925926
593	(2.5749141124799295-0.48068221824684415j)	0.30184292793273926	65.2957017017017
594	(2.6005702430512283-0.4557321117106963j)	0.298677921295166	65.40581081081082
595	(2.6250051677259205-0.42923522525030466j)	0.2933828830718994	65.51591991991992
596	(2.6476146114790016-0.40145244596456064j)	0.29965710639953613	65.62602902902903
597	(2.668777662432705-0.37279489483337414j)	0.2889878749847412	65.73613813813814
598	(2.688438440671868-0.34279140582642365j)	0.2946460247039795	65.84624724724725
599	(2.70608151362745-0.3118405983773439j)	0.2910010814666748	65.95635635635637
600	(2.7221795728461604-0.28022561606256324j)	0.2915639877319336	66.06646546546547
601	(2.7365478027071974-0.24750131063570086j)	0.29404306411743164	66.17657457457457
602	(2.7487982794623824-0.2141893465225944j)	0.28816676139831543	66.28668368368369
603	(2.759456528403447-0.18043318398443528j)	0.2924540042877197	66.3967927927928
604	(2.7682183075250895-0.14586147125361337j)	0.28832411766052246	66.50690190190191
605	(2.7748430169391325-0.11108783143145712j)	0.2959311008453369	66.61701101101102
606	(2.7798065983569744-0.07610574804455933j)	0.28357982635498047	66.72712012012012
607	(2.782859671661198-0.04067174331916257j)	0.29908299446105957	66.83722922922924
608	(2.7837587363855447-0.005421952566224686j)	0.29352617263793945	66.94733833833834
609	(2.7830446855274893+0.029777470486992752j)	0.28749704360961914	67.05744744744744
610	(2.7802297342684827+0.06507118309029813j)	0.29357385635375977	67.16755655655656
611	(2.7753973798418334+0.09980773504923213j)	0.2872638702392578	67.27766566566567
612	(2.7689594032010545+0.13426172800512126j)	0.29134488105773926	67.38777477477478
613	(2.760397950758079+0.16844309986056966j)	0.2904820442199707	67.49788388388389
614	(2.7499598706254758+0.20175569445477998j)	0.2945530414581299	67.60799299299299
615	(2.7379636984013307+0.23457634210168649j)	0.29042792320251465	67.71810210210211
616	(2.723904985661046+0.2667731611333501j)	0.28688788414001465	67.82821121121121
617	(2.708183232587927+0.2978342828975523j)	0.2925450801849365	67.93832032032033
618	(2.690998009917364+0.32819895390816656j)	0.29314088821411133	68.04842942942943
619	(2.671898530377647+0.3575902154144872j)	0.2922031879425049	68.15853853853854
620	(2.651401459998396+0.3856094673135615j)	0.2907991409301758	68.26864764764765
621	(2.6295688644159334+0.4127166398431531j)	0.2888329029083252	68.37875675675676
622	(2.60603135138552+0.4385071567309512j)	0.2934689521789551	68.48886586586588
623	(2.581379019205881+0.46272540278130186j)	0.29129600524902344	68.59897497497498
624	(2.55552987001028+0.4858174422529292j)	0.2943580150604248	68.70908408408408
625	(2.5282238652433673+0.507285116070668j)	0.3028860092163086	68.8191931931932
626	(2.5000834553029954+0.5270396295959254j)	0.29575276374816895	68.9293023023023
627	(2.4706469238350492+0.5454925200161853j)	0.286013126373291	69.03941141141142
628	(2.440543258691538+0.5620669507063397j)	0.2941429615020752	69.14952052052053
629	(2.409640078490651+0.5768703975564208j)	0.29404592514038086	69.25962962962963
630	(2.377876654902391+0.5902209961045259j)	0.291729211807251	69.36973873873875
631	(2.345290094281309+0.6015501751271667j)	0.293079137802124	69.47984784784785
632	(2.312456842223504+0.6110945965190789j)	0.29517292976379395	69.58995695695695
633	(2.2789961966695973+0.6190694852408487j)	0.28745603561401367	69.70006606606607
634	(2.245103414018006+0.6249231109533295j)	0.2923619747161865	69.81017517517517
635	(2.2112714532181204+0.6290204720388896j)	0.29050302505493164	69.92028428428429
636	(2.1770749656784973+0.6314432363442593j)	0.2924060821533203	70.0303933933934
637	(2.1428515247015913+0.6316963564619033j)	0.2902510166168213	70.1405025025025
638	(2.1089682028590437+0.6302457729160211j)	0.29077887535095215	70.25061161161162
639	(2.0749902344053397+0.6270393828783734j)	0.2918109893798828	70.36072072072072
640	(2.0413671171753087+0.6216808861667756j)	0.29196691513061523	70.47082982982984
641	(2.008321078198526+0.6147115156888515j)	0.3054189682006836	70.58093893893894
642	(1.9754449925873172+0.6059566326876178j)	0.29130077362060547	70.69104804804805
643	(1.943279400679258+0.5951569738727882j)	0.2914102077484131	70.80115715715716
644	(1.911894922543197+0.5828886802894996j)	0.28990626335144043	70.91126626626627
645	(1.8809751707631142+0.5688737543253488j)	0.30283212661743164	71.02137537537538
646	(1.851066803501199+0.5530028541970148j)	0.2975618839263916	71.13148448448449
647	(1.8221492819642888+0.5358443677533167j)	0.29325127601623535	71.24159359359359
648	(1.7939754905052652+0.5170277176085245j)	0.2964439392089844	71.35170270270271
649	(1.7671666036801703+0.49660326416770845j)	0.2910768985748291	71.46181181181181
650	(1.7417213982473239+0.4751858580567369j)	0.29454994201660156	71.57192092092093
651	(1.7168918695301214+0.4520149132553809j)	0.2919631004333496	71.68203003003003
652	(1.6939064312247178+0.42762089453594176j)	0.30045390129089355	71.79213913913914
653	(1.6722154549774024+0.4023036237813826j)	0.2929809093475342	71.90224824824826
654	(1.6518329653488344+0.3756099702153488j)	0.2954397201538086	72.01235735735736
655	(1.6332709451158034+0.3478843623213634j)	0.29497194290161133	72.12246646646646
656	(1.6160932477871373+0.31942797037394977j)	0.2952268123626709	72.23257557557558
657	(1.6004426968995404+0.28980616485441046j)	0.2887418270111084	72.34268468468468
658	(1.5867226501225475+0.2594943036802422j)	0.2926361560821533	72.4527937937938
659	(1.5744414605889143+0.22866576922361787j)	0.2964029312133789	72.5629029029029
660	(1.5638678101068588+0.19694839461668162j)	0.2925887107849121	72.67301201201201
661	(1.555275799234672+0.16491237421972224j)	0.29369211196899414	72.78312112112113
662	(1.5481641553984709+0.13259169841959764j)	0.29079508781433105	72.89323023023023
663	(1.5429131907039937+0.09970183870240613j)	0.29404687881469727	73.00333933933935
664	(1.5396478511239686+0.06686118992531495j)	0.29474616050720215	73.11344844844845
665	(1.5378963242743595+0.03395963203005739j)	0.2918822765350342	73.22355755755756
666	(1.53811652725773+0.0008204103483364922j)	0.2955749034881592	73.33366666666667
667	(1.5402699114885894-0.03193579191636603j)	0.2924971580505371	73.44377577577578
668	(1.54394205950109-0.06454988775685594j)	0.2957727909088135	73.5538848848849
669	(1.5496237946819063-0.09707072616347212j)	0.2935752868652344	73.663993993994
670	(1.5571143059031864-0.12891350405383006j)	0.2932100296020508	73.7741031031031
671	(1.5660808814083504-0.1604175022009658j)	0.2939603328704834	73.88421221221222
672	(1.5770123512004328-0.1914887458694164j)	0.2928900718688965	73.99432132132132
673	(1.5895597428038715-0.22160877349756042j)	0.2902688980102539	74.10443043043044
674	(1.6035055649134506-0.2511820217781832j)	0.2899792194366455	74.21453953953954
675	(1.6193019846924168-0.2799701704687236j)	0.299328088760376	74.32464864864865
676	(1.63648714239283-0.30755723742595886j)	0.30008816719055176	74.43475775775777
677	(1.6549773955436773-0.334379425279487j)	0.2932870388031006	74.54486686686687
678	(1.6751594528807843-0.36007493754412784j)	0.3008391857147217	74.65497597597599
679	(1.6964914709343701-0.38436604790327095j)	0.29216599464416504	74.76508508508509
680	(1.7190274501793619-0.40768870934410417j)	0.2957608699798584	74.8751941941942
681	(1.743052779433616-0.4295916502755223j)	0.2934551239013672	74.98530330330331
682	(1.768036285359626-0.44993887535917493j)	0.29274582862854004	75.09541241241241
683	(1.7939799418862963-0.4691771459465194j)	0.29163026809692383	75.20552152152152
684	(1.8213607971950048-0.4863134805639782j)	0.27274012565612793	75.31563063063064
685	(1.8490623163653617-0.5027111964448776j)	0.28938794136047363	75.42573973973974
686	(1.8778178086599295-0.5173908133752096j)	0.2935791015625	75.53584884884886
687	(1.9074742845600563-0.5302416764797351j)	0.29972195625305176	75.64595795795796
688	(1.9374653602886975-0.5414491923300413j)	0.2903249263763428	75.75606706706706
689	(1.9681417292912133-0.5512371578302901j)	0.2933218479156494	75.86617617617618
690	(1.9993572904340695-0.5590631056506288j)	0.2977306842803955	75.97628528528529
691	(2.0306229818448474-0.5652392717983428j)	0.29884815216064453	76.0863943943944
692	(2.0623454525284117-0.5698698650256108j)	0.29068803787231445	76.19650350350351
693	(2.094242366117992-0.5724582953227627j)	0.2932407855987549	76.30661261261261
694	(2.125938972864169-0.5734280544011129j)	0.2923750877380371	76.41672172172173
695	(2.1577911827309895-0.5725393330524837j)	0.2916710376739502	76.52683083083083
696	(2.18960556680633-0.5700506417612963j)	0.3070042133331299	76.63693993993995
697	(2.220930226261681-0.5658056340046971j)	0.29462194442749023	76.74704904904905
698	(2.25226321800995-0.5599758801508395j)	0.28814196586608887	76.85715815815816
699	(2.283017472345771-0.5520202416673005j)	0.2911841869354248	76.96726726726727
700	(2.313171300401273-0.542745340346637j)	0.288754940032959	77.07737637637638
701	(2.3430316379295113-0.5318177493315674j)	0.2915201187133789	77.1874854854855
702	(2.3720267788112346-0.5190930849278041j)	0.29155921936035156	77.2975945945946
703	(2.4001922087659047-0.5051120473715701j)	0.29256701469421387	77.4077037037037
704	(2.4277711968351836-0.4895295941112485j)	0.2999849319458008	77.51781281281282
705	(2.4540189299863115-0.4724020559922696j)	0.28864312171936035	77.62792192192192
706	(2.479559820763805-0.4540572653541791j)	0.2938687801361084	77.73803103103103
707	(2.504083646318972-0.4342468506676713j)	0.2966489791870117	77.84814014014015
708	(2.5271675746466884-0.4130687759875865j)	0.2910740375518799	77.95824924924925
709	(2.549116479432951-0.3909384412685817j)	0.3109898567199707	78.06835835835837
710	(2.5699479839076536-0.36741793820908j)	0.2967994213104248	78.17846746746747
711	(2.5891548055280005-0.342807392929949j)	0.2932889461517334	78.28857657657657
712	(2.6071362538150953-0.31742632524578107j)	0.2919309139251709	78.39868568568569
713	(2.6237831671763465-0.2908509686385684j)	0.3009049892425537	78.5087947947948
714	(2.638676972550595-0.2635116596339132j)	0.2953662872314453	78.61890390390391
715	(2.65227298004807-0.23560659899388348j)	0.29036402702331543	78.72901301301302
716	(2.664334078877101-0.20675961008264943j)	0.2909870147705078	78.83912212212212
717	(2.6745566052049483-0.17749542234353088j)	0.2957499027252197	78.94923123123124
718	(2.6834147638517374-0.1478723546470212j)	0.28914809226989746	79.05934034034034
719	(2.6905616668318304-0.11758743116147263j)	0.29029393196105957	79.16944944944946
720	(2.695836726727401-0.08721770139314355j)	0.29056692123413086	79.27955855855856
721	(2.699700435598051-0.05668210318111222j)	0.29859280586242676	79.38966766766767
722	(2.7017306994948025-0.025773347469446595j)	0.2921421527862549	79.49977677677678
723	(2.701925458682158+0.004913244684968454j)	0.29358696937561035	79.60988588588589
724	(2.700703375109035+0.03558410890334307j)	0.2905559539794922	79.719994994995
725	(2.6976001124075113+0.06631881990034683j)	0.28792715072631836	79.83010410410411
726	(2.692772318152123+0.09654245241082415j)	0.28991103172302246	79.94021321321321
727	(2.686561488002289+0.12655586221190052j)	0.2973759174346924	80.05032232232233
728	(2.678491815103328+0.15629893070252454j)	0.2940678596496582	80.16043143143143
729	(2.668757992004788+0.1851990472946068j)	0.2882270812988281	80.27054054054054
730	(2.657894985287946+0.21378124581303692j)	0.2900688648223877	80.38064964964965
731	(2.645144044105296+0.2416963243027035j)	0.2923448085784912	80.49075875875876
732	(2.6310145797286943+0.26856764546568834j)	0.29207491874694824	80.60086786786788
733	(2.615610821443654+0.29481261791330937j)	0.29445791244506836	80.71097697697698
734	(2.598534252025169+0.32011596583457214j)	0.2918860912322998	80.82108608608608
735	(2.580281994476687+0.3441815362625442j)	0.28943920135498047	80.9311951951952
736	(2.560831191667842+0.367437205804108j)	0.29076623916625977	81.0413043043043
737	(2.5398802435085277+0.3894749452840093j)	0.29517126083374023	81.15141341341342
738	(2.5179858915912434+0.4101423429199148j)	0.2956249713897705	81.26152252252253
739	(2.495010722737514+0.4298409902224214j)	0.2959280014038086	81.37163163163163
740	(2.4707786297731937+0.4480877763612723j)	0.29241394996643066	81.48174074074075
741	(2.4458673676802936+0.4648776163947098j)	0.294111967086792	81.59184984984985
742	(2.420036498418188+0.4805437111526989j)	0.2944328784942627	81.70195895895897
743	(2.393247511250587+0.4945571459142497j)	0.29706597328186035	81.81206806806807
744	(2.3660520002307215+0.5070539104705909j)	0.2891578674316406	81.92217717717718
745	(2.3381218314704486+0.5182709722139525j)	0.2884378433227539	82.0322862862863
746	(2.309555379195363+0.5276750575639103j)	0.2915511131286621	82.1423953953954
747	(2.2808353125224543+0.5355347698784495j)	0.2923011779785156	82.25250450450451
748	(2.251570830005934+0.5419782950384304j)	0.29308414459228516	82.36261361361362
749	(2.2219957113713766+0.5465150736181419j)	0.2916748523712158	82.47272272272272
750	(2.1924921771415757+0.5495301427259011j)	0.29516005516052246	82.58283183183184
751	(2.162649662438917+0.5510374927286888j)	0.2900233268737793	82.69294094094094
752	(2.1328249420524+0.5506283551678649j)	0.29113197326660156	82.80305005005005
753	(2.10328861032642+0.5487730019127395j)	0.2920708656311035	82.91315915915916
754	(2.0736481093114127+0.5453688738952089j)	0.29381299018859863	83.02326826826827
755	(2.044369494218669+0.5401111015052458j)	0.2964799404144287	83.13337737737739
756	(2.015592213435+0.5335146663554645j)	0.28931498527526855	83.24348648648649
757	(1.9870578968466965+0.5253659534403708j)	0.2956829071044922	83.35359559559559
758	(1.959067351987294+0.5154633089334484j)	0.30143284797668457	83.46370470470471
759	(1.9318562653967168+0.5043425828838934j)	0.2953808307647705	83.57381381381381
760	(1.9050842892614241+0.49167638068117203j)	0.28955078125	83.68392292292293
761	(1.8793171429367281+0.47742292954793997j)	0.29115819931030273	83.79403203203204
762	(1.8544123603068048+0.4620644436242306j)	0.2952132225036621	83.90414114114114
763	(1.8302018923787786+0.4452131915927786j)	0.29054903984069824	84.01425025025026
764	(1.8072419385108742+0.4269783382976713j)	0.3008730411529541	84.12435935935936
765	(1.785263483435976+0.4077822625743093j)	0.29395389556884766	84.23446846846848
766	(1.764216412098793+0.3872076740661874j)	0.28748488426208496	84.34457757757758
767	(1.7446097773389642+0.36551127076226475j)	0.29274606704711914	84.45468668668668
768	(1.72608236262236+0.3430275603726928j)	0.29424500465393066	84.5647957957958
769	(1.708713773448581+0.31934202548207724j)	0.29236793518066406	84.6749049049049
770	(1.6929386937448552+0.2948383830725505j)	0.2920680046081543	84.78501401401402
771	(1.6783348596998906+0.269732588468959j)	0.2930002212524414	84.89512312312313
772	(1.6651081864868404+0.2436420491043645j)	0.2988302707672119	85.00523223223223
773	(1.6535861873506834+0.2170433201583778j)	0.2907571792602539	85.11534134134135
774	(1.6433153841128536+0.19001879881758876j)	0.2889389991760254	85.22545045045045
775	(1.634608170451374+0.16224669773487377j)	0.2913379669189453	85.33555955955956
776	(1.627651492814878+0.13426316738280852j)	0.28730201721191406	85.44566866866867
777	(1.6219944450403259+0.10601949028927582j)	0.292874813079834	85.55577777777778
778	(1.6180228266096068+0.07728645391571476j)	0.3010289669036865	85.6658868868869
779	(1.6157758133697606+0.04863379021169534j)	0.2944669723510742	85.775995995996
780	(1.6149854305818168+0.020027170588322374j)	0.2911510467529297	85.8861051051051
781	(1.615637325596771-0.009040419334227057j)	0.2877669334411621	85.99621421421422
782	(1.61807516981838-0.03760287327280232j)	0.2915079593658447	86.10632332332332
783	(1.621802536205906-0.06605925846353133j)	0.2886080741882324	86.21643243243244
784	(1.627285237055887-0.09438342391990151j)	0.29360008239746094	86.32654154154154
785	(1.6342574471346605-0.12203382839666266j)	0.2893180847167969	86.43665065065065
786	(1.6425408835770172-0.14942300911403072j)	0.2923471927642822	86.54675975975977
787	(1.6525284087432666-0.17632951674016184j)	0.29093098640441895	86.65686886886887
788	(1.6638795330881466-0.2023454230154137j)	0.2957477569580078	86.76697797797799
789	(1.6764687415201198-0.22787076690419172j)	0.29230213165283203	86.87708708708709
790	(1.6907000957037233-0.2526352430757147j)	0.29396891593933105	86.9871961961962
791	(1.7061147263926557-0.27632725388043067j)	0.2962021827697754	87.09730530530531
792	(1.722703317905594-0.2993632359023589j)	0.29294514656066895	87.20741441441442
793	(1.7407801803214866-0.3213727173408061j)	0.292050838470459	87.31752352352353
794	(1.7598183022624518-0.34217274392606534j)	0.2941000461578369	87.42763263263264
795	(1.779921371032116-0.36215683500823237j)	0.294374942779541	87.53774174174174
796	(1.8012916735013165-0.3808692450372865j)	0.2943549156188965	87.64785085085086
797	(1.8233761122469145-0.39826419299145566j)	0.28737688064575195	87.75795995995996
798	(1.846387517556726-0.41467455900349637j)	0.31227684020996094	87.86806906906907
799	(1.8704052804267128-0.42959300832874536j)	0.2898437976837158	87.97817817817818
800	(1.8948942426440836-0.4431132931749704j)	0.3019692897796631	88.08828728728729
801	(1.9201632058090765-0.45548524412598024j)	0.2897830009460449	88.1983963963964
802	(1.9461577829132517-0.46619304292798247j)	0.30859923362731934	88.30850550550551
803	(1.972402027556065-0.47546702765064985j)	0.2888309955596924	88.41861461461461
804	(1.9992873799128992-0.4834799033886755j)	0.28934311866760254	88.52872372372373
805	(2.0265626852182277-0.48969280943613125j)	0.2913978099822998	88.63883283283283
806	(2.053895295993961-0.4945107049396069j)	0.29438090324401855	88.74894194194195
807	(2.081992766040167-0.49824803922711025j)	0.28842687606811523	88.85905105105105
808	(2.1095350855023196-0.4996204689415318j)	0.29390597343444824	88.96916016016016
809	(2.1372304238949162-0.49992940152503895j)	0.2942838668823242	89.07926926926928
810	(2.1651284979580527-0.49880958538113984j)	0.29298996925354004	89.18937837837838
811	(2.1928012959338896-0.4959323006255427j)	0.2906820774078369	89.2994874874875
812	(2.220082228171007-0.4917794219702103j)	0.297412633895874	89.4095965965966
813	(2.247314584469101-0.48615593273999946j)	0.2913541793823242	89.5197057057057
814	(2.2739975674831-0.4788466443178435j)	0.2898828983306885	89.62981481481482
815	(2.300105024503095-0.47034516237855695j)	0.2950258255004883	89.73992392392393
816	(2.3259163440257984-0.46035856315539936j)	0.2908968925476074	89.85003303303304
817	(2.3508956041804456-0.4488091293904267j)	0.2895989418029785	89.96014214214215
818	(2.375154542582551-0.43617228180087797j)	0.291395902633667	90.07025125125125
819	(2.398883458328875-0.42208756849842255j)	0.29670190811157227	90.18036036036037
820	(2.4215423283506268-0.4066265193177506j)	0.28815579414367676	90.29046946946947
821	(2.4433629548940736-0.3902160077898965j)	0.2934138774871826	90.40057857857859
822	(2.4644192619046703-0.37245837135405213j)	0.2895388603210449	90.51068768768769
823	(2.484201642253614-0.3535668808174951j)	0.2919011116027832	90.6207967967968
824	(2.5030326153691673-0.3338857092545142j)	0.28949618339538574	90.73090590590591
825	(2.520861928469944-0.3130050722307798j)	0.2957770824432373	90.84101501501502
826	(2.537242902937932-0.29126078981277703j)	0.2957780361175537	90.95112412412412
827	(2.5525670588132177-0.2688829410983926j)	0.28955864906311035	91.06123323323324
828	(2.5666642712585803-0.24548162113577998j)	0.29043006896972656	91.17134234234234
829	(2.579190458099943-0.22148822003948454j)	0.29482197761535645	91.28145145145146
830	(2.590580702048592-0.19700695853475092j)	0.2988452911376953	91.39156056056056
831	(2.6005615848993715-0.1717033874994267j)	0.2954072952270508	91.50166966966967
832	(2.608920616386489-0.14608032925022174j)	0.29260897636413574	91.61177877877878
833	(2.6161008321212353-0.12011951205638827j)	0.29448795318603516	91.72188788788789
834	(2.621748146957785-0.09357624986105861j)	0.291212797164917	91.831996996997
835	(2.6257879073349555-0.06699837375447038j)	0.2923309803009033	91.94210610610611
836	(2.62863418708414-0.040253536475095775j)	0.2894139289855957	92.05221521521521
837	(2.629867765366946-0.013210876339482924j)	0.29672694206237793	92.16232432432433
838	(2.6295393988431046+0.013659102996186778j)	0.29616689682006836	92.27243343343343
839	(2.6280360552484314+0.04034743699268106j)	0.29625606536865234	92.38254254254255
840	(2.624860909991021+0.0671078655650219j)	0.2920699119567871	92.49265165165166
841	(2.620225144605868+0.09334762932223906j)	0.2902202606201172	92.60276076076076
842	(2.614381135227963+0.11939026190870172j)	0.2930150032043457	92.71286986986988
843	(2.6068781348360224+0.14512401049439627j)	0.29528117179870605	92.82297897897898
844	(2.5980344483234363+0.17011928666205j)	0.29346680641174316	92.9330880880881
845	(2.588006213114236+0.19475076085781096j)	0.2935059070587158	93.0431971971972
846	(2.5763809653265035+0.21879678405490144j)	0.2976651191711426	93.1533063063063
847	(2.56358631796086+0.24192600761585492j)	0.2938082218170166	93.26341541541542
848	(2.5496612296475996+0.26454010065813227j)	0.29575181007385254	93.37352452452453
849	(2.534278761161482+0.2863009999876356j)	0.29023313522338867	93.48363363363363
850	(2.5179354866128776+0.30699474688628947j)	0.29856371879577637	93.59374274274275
851	(2.5005537289794217+0.32700624183378124j)	0.2933840751647949	93.70385185185185
852	(2.4819050147683726+0.34590623890924677j)	0.28790283203125	93.81396096096097
853	(2.4625142995620535+0.3636135926721584j)	0.29219508171081543	93.92407007007007
854	(2.4421913987327066+0.3804636283736963j)	0.2947242259979248	94.03417917917918
855	(2.420820636469279+0.39597349627585654j)	0.2915022373199463	94.1442882882883
856	(2.398917047101371+0.4102019403552247j)	0.2939000129699707	94.2543973973974
857	(2.3761951807843986+0.42341578250401923j)	0.29433107376098633	94.36450650650652
858	(2.35266916690114+0.43511837160592404j)	0.28652405738830566	94.47461561561562
859	(2.3288119191279804+0.44550484654719225j)	0.29322028160095215	94.58472472472472
860	(2.304276308005478+0.45475489189213114j)	0.30260682106018066	94.69483383383384
861	(2.279214072213491+0.46238904400644487j)	0.2939109802246094	94.80494294294294
862	(2.254028187707273+0.46872280270922284j)	0.29195189476013184	94.91505205205206
863	(2.2283484525796+0.47382063325703383j)	0.29292798042297363	95.02516116116117
864	(2.2024457747274875+0.47726088873598604j)	0.3001368045806885	95.13527027027027
865	(2.176638989545894+0.4794343167173458j)	0.29431986808776855	95.24537937937939
866	(2.1505494643537926+0.4802915023373663j)	0.2920050621032715	95.35548848848849
867	(2.1245618508397817+0.4794798599120096j)	0.291614294052124	95.46559759759761
868	(2.0988655558269227+0.4774520303097889j)	0.29864025115966797	95.57570670670671
869	(2.0731092375751348+0.47403925056395313j)	0.29834699630737305	95.68581581581581
870	(2.047754948913845+0.46899944388560844j)	0.2969379425048828	95.79592492492493
871	(2.0228544095493297+0.4628085038577755j)	0.29421496391296387	95.90603403403404
872	(1.9981133940192641+0.4552041784865035j)	0.29570627212524414	96.01614314314314
873	(1.9740377063123555+0.44607798389574405j)	0.29577183723449707	96.12625225225226
874	(1.950551352828773+0.435899093912939j)	0.298966646194458	96.23636136136136
875	(1.9274457823212168+0.424336900021581j)	0.28781914710998535	96.34647047047048
876	(1.9052470514592237+0.4114235250530217j)	0.28930091857910156	96.45657957957958
877	(1.8837630356936232+0.3975860632153707j)	0.2931630611419678	96.56668868868869
878	(1.8628974390142594+0.3824452576427003j)	0.29287099838256836	96.6767977977978
879	(1.8431584182262974+0.3661675355911461j)	0.2901289463043213	96.7869069069069
880	(1.82425802524536+0.34910104440935563j)	0.30287671089172363	96.89701601601602
881	(1.8062176754830708+0.3308418129784091j)	0.2918360233306885	97.00712512512513
882	(1.7894878843918245+0.31167728628907243j)	0.29159998893737793	97.11723423423423
883	(1.7737020229733218+0.29184942544312953j)	0.2923009395599365	97.22734334334335
884	(1.7589943768713707+0.2709665127848502j)	0.2910778522491455	97.33745245245245
885	(1.7457197067546242+0.2494186462014646j)	0.29015398025512695	97.44756156156157
886	(1.7334601630063626+0.22733369453698582j)	0.29252004623413086	97.55767067067067
887	(1.7224528505281558+0.20437056096429707j)	0.29085302352905273	97.66777977977978
888	(1.7129322405880143+0.18100320790158553j)	0.29425716400146484	97.7778888888889
889	(1.7044718704151773+0.15724134000482637j)	0.2912178039550781	97.887997997998
890	(1.6973949825738468+0.13283042775126036j)	0.2957112789154053	97.99810710710712
891	(1.691811933089179+0.10829348366101738j)	0.294403076171875	98.10821621621622
892	(1.6873193739106171+0.08352985746542246j)	0.29451704025268555	98.21832532532532
893	(1.6843165793291779+0.058381521801134706j)	0.2965371608734131	98.32843443443444
894	(1.6827834219632218+0.03338513954433703j)	0.2955629825592041	98.43854354354355
895	(1.6823724422009678+0.008327681328024972j)	0.30331921577453613	98.54865265265265
896	(1.6835252568887518-0.01683633056039885j)	0.2921164035797119	98.65876176176177
897	(1.6860855278935574-0.041606149023411976j)	0.29668307304382324	98.76887087087087
898	(1.689786605331239-0.06628437996531233j)	0.29073596000671387	98.87897997997999
899	(1.6950708299899593-0.09079776070451129j)	0.28679990768432617	98.98908908908909
900	(1.701652708678751-0.11471212475702108j)	0.3147759437561035	99.0991981981982
901	(1.7093590138473873-0.13838948839480808j)	0.29715776443481445	99.20930730730731
902	(1.7185955502931896-0.1616350451474715j)	0.29099488258361816	99.31941641641642
903	(1.7289709122802628-0.1841016936854236j)	0.2902498245239258	99.42952552552553
904	(1.740419876129204-0.20617380618185538j)	0.29435181617736816	99.53963463463464
905	(1.753287953303332-0.2275447644601866j)	0.2944948673248291	99.64974374374374
906	(1.767108288021163-0.24797123608807206j)	0.29176998138427734	99.75985285285286
907	(1.7819371842553946-0.26783172617888334j)	0.29508423805236816	99.86996196196196
908	(1.7980302986135634-0.28672738854144575j)	0.2915630340576172	99.98007107107108
909	(1.8148912738971115-0.3045471745783165j)	0.29024696350097656	100.09018018018018
910	(1.8326876594457797-0.3216317509733342j)	0.2915198802947998	100.20028928928929
911	(1.851567713310465-0.3375275786148964j)	0.29846978187561035	100.3103983983984
912	(1.8710327972862213-0.35226244343997815j)	0.29639291763305664	100.42050750750751
913	(1.8913419504727915-0.3661189404262689j)	0.2915830612182617	100.53061661661663
914	(1.9125145553118714-0.37861974686849836j)	0.303922176361084	100.64072572572573
915	(1.9340797732612918-0.38992568107438763j)	0.2975602149963379	100.75083483483483
916	(1.9563588046805416-0.4002344368810612j)	0.29156923294067383	100.86094394394395
917	(1.9792372799368005-0.40907394184803064j)	0.29407691955566406	100.97105305305305
918	(2.0023006200509506-0.41671625931944667j)	0.29052305221557617	101.08116216216216
919	(2.025908721990749-0.4232504503880056j)	0.2947089672088623	101.19127127127128
920	(2.049821559899904-0.42823955559701443j)	0.292133092880249	101.30138038038038
921	(2.073716765262463-0.43204293284411777j)	0.2988579273223877	101.4114894894895
922	(2.0979681413426077-0.4346318929034304j)	0.29360008239746094	101.5215985985986
923	(2.1222311950464654-0.4356408855936921j)	0.2942841053009033	101.6317077077077
924	(2.1463015242705827-0.4354917965924917j)	0.29119181632995605	101.74181681681682
925	(2.170536005410905-0.43404756556259494j)	0.3048739433288574	101.85192592592593
926	(2.1945095507317687-0.4310467120103117j)	0.2929341793060303	101.96203503503504
927	(2.218143829426151-0.4269479763406363j)	0.29686808586120605	102.07214414414415
928	(2.2417434472956947-0.4215207955948278j)	0.2941629886627197	102.18225325325325
929	(2.26482622543772-0.4146305182256651j)	0.2853419780731201	102.29236236236237
930	(2.2874347692222012-0.4067358582008674j)	0.30249619483947754	102.40247147147147
931	(2.3097899121857233-0.3975316326774133j)	0.2926790714263916	102.51258058058059
932	(2.331379930971145-0.3870117588236313j)	0.2923471927642822	102.6226896896897
933	(2.3523600417986232-0.37559824019468463j)	0.29732608795166016	102.7327987987988
934	(2.372848875478869-0.362925383892375j)	0.29312610626220703	102.84290790790791
935	(2.3923450310072805-0.34911530650272404j)	0.29279208183288574	102.95301701701702
936	(2.411107186451893-0.33451701832262093j)	0.2882668972015381	103.06312612612614
937	(2.4291451435236233-0.31873419053461355j)	0.2910771369934082	103.17323523523524
938	(2.44600948029184-0.3020096177599406j)	0.29105377197265625	103.28334434434434
939	(2.4620445557607273-0.28460012259409984j)	0.2877180576324463	103.39345345345346
940	(2.477152097217321-0.26611591010365265j)	0.28966498374938965	103.50356256256256
941	(2.4909666185294492-0.24691171050095487j)	0.2946338653564453	103.61367167167167
942	(2.503888978886424-0.22714033577119694j)	0.29144716262817383	103.72378078078079
943	(2.515712264514955-0.20645718476297537j)	0.2906758785247803	103.83388988988989
944	(2.526176496127275-0.1853061320092066j)	0.29337406158447266	103.943998998999
945	(2.5356961993468787-0.1637288011054136j)	0.2967088222503662	104.05410810810811
946	(2.543968456874173-0.14145260664250625j)	0.29131007194519043	104.16421721721721
947	(2.550847868905887-0.11897525148892596j)	0.28993988037109375	104.27432632632633
948	(2.55673026464381-0.09622149835181613j)	0.29755091667175293	104.38443543543544
949	(2.561235383558344-0.07300741489702656j)	0.2927250862121582	104.49454454454455
950	(2.56434844787227-0.0498443744100618j)	0.28949928283691406	104.60465365365366
951	(2.5664175991382727-0.026544980246829653j)	0.28931593894958496	104.71476276276276
952	(2.567020846023215-0.003028993921001524j)	0.29731202125549316	104.82487187187188
953	(2.5662791449164177+0.02021375924137929j)	0.29320788383483887	104.93498098098098
954	(2.5644740298615454+0.043462326994095746j)	0.2941708564758301	105.0450900900901
955	(2.5611770058831578+0.06667735659176247j)	0.29360008239746094	105.1551991991992
956	(2.5566372248845393+0.08942019380548288j)	0.29509401321411133	105.2653083083083
957	(2.551047591863372+0.1120285161228322j)	0.28975582122802734	105.37541741741742
958	(2532982925.826763-73480579429.05357j)	0.2978940010070801	105.48552652652653
959	(2.5358579816653415+0.15599017748168031j)	0.29437708854675293	105.59563563563565
960	(2.526696758646251+0.1773068972274376j)	0.28924989700317383	105.70574474474475
961	(2.516159659988287+0.19813320097782966j)	0.2924199104309082	105.81585385385385
962	(2.50467661522703+0.21808853895193353j)	0.2993347644805908	105.92596296296297
963	(2.4922140154420256+0.23758322101237903j)	0.29163694381713867	106.03607207207207
964	(2.478490649969616+0.25625360422725707j)	0.29332518577575684	106.14618118118119
965	(2.463978524466523+0.2739643301479735j)	0.2887248992919922	106.2562902902903
966	(2.448534170647885+0.29106146801261595j)	0.29165101051330566	106.3663993993994
967	(2.431982922965388+0.3071237968107736j)	0.28994297981262207	106.47650850850852
968	(2.4148103608063876+0.3221462074909871j)	0.2980780601501465	106.58661761761762
969	(2.396786088906114+0.3364256996912816j)	0.29210805892944336	106.69672672672672
970	(2.377860827753841+0.3495025657745986j)	0.2926640510559082	106.80683583583584
971	(2.3585040164127005+0.36149971045432394j)	0.28963422775268555	106.91694494494494
972	(2.3384162419511463+0.3726278255283305j)	0.29314398765563965	107.02705405405406
973	(2.3176775140549264+0.38242030034213803j)	0.2915952205657959	107.13716316316317
974	(2.2967043531221587+0.3911095705656358j)	0.29659104347229004	107.24727227227227
975	(2.2752264996580114+0.3988106886438567j)	0.2863888740539551	107.35738138138139
976	(2.2532100972066607+0.40505814400438034j)	0.29198598861694336	107.46749049049049
977	(2.2316367628674354+0.4102551464639151j)	0.2870919704437256	107.57759959959961
978	(2.2088003321794845+0.41423211020187994j)	0.29535937309265137	107.68770870870871
979	(2.1862607136279757+0.41677264616746773j)	0.29082703590393066	107.79781781781782
980	(2.163821061756115+0.4182228608663412j)	0.29156494140625	107.90792692692693
981	(2.1411226122429756+0.4184765684819184j)	0.28786396980285645	108.01803603603604
982	(2.1185567775487275+0.4172562858056381j)	0.29900622367858887	108.12814514514515
983	(2.0962305523471843+0.41500435842548894j)	0.29137301445007324	108.23825425425426
984	(2.0738335867246107+0.41151907554586376j)	0.2890160083770752	108.34836336336336
985	(2.05182615239118+0.4066379459633426j)	0.2915482521057129	108.45847247247248
986	(2.030199169683685+0.4008078052431113j)	0.29266929626464844	108.56858158158158
987	(2.0087200892670403+0.3937448550816384j)	0.2925398349761963	108.6786906906907
988	(1.9879150672554966+0.38548738461397714j)	0.2841007709503174	108.7887997997998
989	(1.9675569370288502+0.37618319996044625j)	0.2894573211669922	108.89890890890891
