	res_adaptive	time_adaptive	w
0	(1.0677536742978357-0.05981338451383295j)	0.29641079902648926	0.001
1	(1.306006508008657-0.30565808808016215j)	0.27909398078918457	0.11110910910910911
2	(1.4430454228118295-0.4321970806933224j)	0.276608943939209	0.22121821821821822
3	(1.5619274437783917-0.5207542313158664j)	0.2814798355102539	0.33132732732732734
4	(1.66632724697532-0.5880948859867828j)	0.2805202007293701	0.44143643643643643
5	(1.7661927655767822-0.6445441745001704j)	0.2814173698425293	0.5515455455455456
6	(1.8643801225138428-0.6866069505874925j)	0.2776479721069336	0.6616546546546547
7	(1.9566957423470404-0.7185782578328126j)	0.2814021110534668	0.7717637637637638
8	(2.0482605419278674-0.7442184030497652j)	0.2801339626312256	0.8818728728728729
9	(2.1388646230901114-0.7593875511092403j)	0.2793259620666504	0.991981981981982
10	(2.224944229751663-0.7676010967295348j)	0.28081297874450684	1.102091091091091
11	(2.3106451064846896-0.7705176496067911j)	0.2820131778717041	1.2122002002002001
12	(2.394516182645674-0.7645170404931176j)	0.27840495109558105	1.3223093093093092
13	(2.4739961322792823-0.7530688774539847j)	0.28513288497924805	1.4324184184184183
14	(2.5527265355061695-0.7365704828343012j)	0.2789287567138672	1.5425275275275274
15	(2.6285477221677054-0.7121486734244571j)	0.28255629539489746	1.6526366366366365
16	(2.699896154296756-0.683307919201538j)	0.2757859230041504	1.7627457457457456
17	(2.769945691429268-0.6495831625542441j)	0.2762317657470703	1.8728548548548547
18	(2.836089881536085-0.6089507765258887j)	0.28272414207458496	1.9829639639639638
19	(2.897654825579495-0.5648856094435895j)	0.275881290435791	2.093073073073073
20	(2.957262871284031-0.5163010167282597j)	0.28615689277648926	2.203182182182182
21	(3.0120333450770933-0.4620259176366643j)	0.277817964553833	2.313291291291291
22	(3.06205184757675-0.40535575187023215j)	0.28092074394226074	2.4234004004004004
23	(3.1093173175378106-0.34472808115622433j)	0.29432177543640137	2.5335095095095093
24	(3.1516117101251977-0.279661500842901j)	0.2874319553375244	2.6436186186186186
25	(3.187423792126297-0.21337173750054655j)	0.28879785537719727	2.7537277277277274
26	(3.2203888865936503-0.14367846725201872j)	0.27927136421203613	2.8638368368368368
27	(3.2469043287243196-0.0709763680784467j)	0.2778480052947998	2.9739459459459456
28	(3.268309733667988+0.002254695221603431j)	0.27745795249938965	3.084055055055055
29	(3.285399916984688+0.07810609744988883j)	0.2758641242980957	3.194164164164164
30	(3.2956372432231387+0.15563604260727304j)	0.27741408348083496	3.304273273273273
31	(3.3008459153476064+0.23287456997809303j)	0.2761111259460449	3.414382382382382
32	(3.3002590882410936+0.312137855667747j)	0.28728294372558594	3.5244914914914913
33	(3.2948060515171798+0.3912138816548091j)	0.27571797370910645	3.6346006006006006
34	(3.283592004155543+0.46936178392058114j)	0.2761387825012207	3.7447097097097095
35	(3.2673412980264587+0.5482711434725487j)	0.28635215759277344	3.854818818818819
36	(3.24442782516876+0.6259794717521358j)	0.27727293968200684	3.9649279279279277
37	(3.217136076372507+0.7016133023182036j)	0.2805209159851074	4.0750370370370375
38	(3.1846846421647843+0.7768483153272051j)	0.2769041061401367	4.185146146146146
39	(3.154270109944751+0.8405385647890808j)	0.25023913383483887	4.295255255255255
40	(3.103304392380773+0.9191364708686742j)	0.2782618999481201	4.405364364364365
41	(3.0554917179819885+0.9872890468451415j)	0.27897119522094727	4.515473473473474
42	(3.002036185255541+1.0515663830287094j)	0.2771730422973633	4.625582582582583
43	(2.945126685115508+1.1122727287832614j)	0.2789011001586914	4.735691691691692
44	(2.883351030630571+1.1704141024624801j)	0.307293176651001	4.845800800800801
45	(2.8168222287257265+1.2236788378721433j)	0.29209089279174805	4.95590990990991
46	(2.7475428696864928+1.2728623664829142j)	0.28734898567199707	5.066019019019019
47	(2.6739793969443086+1.3185327477363726j)	0.2791447639465332	5.176128128128128
48	(2.596823737821824+1.358508064185001j)	0.2870790958404541	5.286237237237238
49	(2.5177792551580747+1.3939636213480298j)	0.2919750213623047	5.396346346346347
50	(2.4352776710286013+1.4250019521862258j)	0.28142690658569336	5.5064554554554554
51	(2.3504927587575692+1.4496853738057203j)	0.2903409004211426	5.616564564564565
52	(2.2647239587569965+1.4694796344588554j)	0.27909207344055176	5.726673673673674
53	(2.1764510614493124+1.4840600400458999j)	0.2943000793457031	5.836782782782783
54	(2.0872244775973487+1.4918631470148296j)	0.27928900718688965	5.946891891891892
55	(1.9978898539243786+1.494569967092085j)	0.28589296340942383	6.057001001001002
56	(1.907083447779733+1.4915037835714322j)	0.28913116455078125	6.1671101101101105
57	(1.8166457435810555+1.481575805834694j)	0.27896690368652344	6.277219219219219
58	(1.726572043595206+1.4664652035386254j)	0.3014829158782959	6.387328328328328
59	(1.636987879112246+1.4455696509052318j)	0.28098511695861816	6.497437437437438
60	(1.5487146371355887+1.4179511807259604j)	0.2781331539154053	6.607546546546547
61	(1.4621444483760109+1.3855162699628272j)	0.27768898010253906	6.717655655655656
62	(1.3765290112862127+1.347069463636954j)	0.2825648784637451	6.827764764764765
63	(1.2939807758321689+1.3025321715125588j)	0.2754671573638916	6.937873873873874
64	(1.2140886818212007+1.2535502149203759j)	0.2772688865661621	7.047982982982983
65	(1.1364654048954137+1.1987686311304646j)	0.2866959571838379	7.158092092092092
66	(1.0631440364237414+1.138588695019851j)	0.2807638645172119	7.268201201201202
67	(0.993339961860158+1.07443179631065j)	0.2795870304107666	7.378310310310311
68	(0.9270177097537443+1.0048967029270734j)	0.28511810302734375	7.48841941941942
69	(0.8659990110823543+0.9308484886878481j)	0.27889394760131836	7.5985285285285284
70	(0.8091912572526649+0.853442066641519j)	0.2774679660797119	7.708637637637638
71	(0.7569068330413457+0.7713544467274049j)	0.2837331295013428	7.818746746746747
72	(0.7106731358642943+0.685872842470694j)	0.2808218002319336	7.928855855855856
73	(0.6691958803716836+0.5978492172755073j)	0.2817397117614746	8.038964964964965
74	(0.6331308554108779+0.5061314618031605j)	0.27937912940979004	8.149074074074074
75	(0.6036555877801771+0.41233449767585184j)	0.2815859317779541	8.259183183183183
76	(0.5793844179753124+0.3169619562873759j)	0.2835559844970703	8.369292292292291
77	(0.561274227227148+0.2190845060778177j)	0.2797539234161377	8.4794014014014
78	(0.5500950855249767+0.12051767491647007j)	0.2792518138885498	8.58951051051051
79	(0.5444498715976019+0.021386708543057492j)	0.2827179431915283	8.699619619619618
80	(0.5455067034214776-0.07897278790536053j)	0.28086209297180176	8.809728728728729
81	(0.5535710037503974-0.1786620361647521j)	0.2854440212249756	8.919837837837838
82	(0.5672944224753257-0.27791621170421854j)	0.27904820442199707	9.029946946946946
83	(0.5879509740806328-0.37708037623584056j)	0.279965877532959	9.140056056056055
84	(0.6154065781770697-0.4742452271840647j)	0.2781209945678711	9.250165165165164
85	(0.6482960393659751-0.5700041431922745j)	0.2762019634246826	9.360274274274273
86	(0.688051315178684-0.6642791244058234j)	0.2762899398803711	9.470383383383382
87	(0.7339979179995164-0.7552972772988245j)	0.27856898307800293	9.580492492492493
88	(0.7851132756898036-0.8438236001802394j)	0.27643394470214844	9.690601601601601
89	(0.842649624641022-0.9294776094292205j)	0.2794780731201172	9.80071071071071
90	(0.9055982987651288-1.0106685519701597j)	0.27984189987182617	9.91081981981982
91	(0.9732104343615686-1.0883430096110214j)	0.28022336959838867	10.020928928928928
92	(1.0466210583389235-1.1618074155699962j)	0.2766399383544922	10.131038038038037
93	(1.1245116100514805-1.2297805880768j)	0.277454137802124	10.241147147147146
94	(1.2064268638900544-1.2933416598850636j)	0.2789318561553955	10.351256256256255
95	(1.2932930941135563-1.351548067451557j)	0.27884411811828613	10.461365365365365
96	(1.3835413119149083-1.4035019945578098j)	0.2785508632659912	10.571474474474474
97	(1.476997759110127-1.4503383989713723j)	0.27605199813842773	10.681583583583583
98	(1.5742958754990637-1.4909184064146048j)	0.2774930000305176	10.791692692692692
99	(1.6736978295394842-1.524752057796569j)	0.2785019874572754	10.9018018018018
100	(1.7784829409290275-1.5533473668530722j)	0.25066423416137695	11.01191091091091
101	(1.8793791238749744-1.5741830441863631j)	0.27984070777893066	11.122020020020019
102	(1.984177759738615-1.588406630293401j)	0.28852105140686035	11.23212912912913
103	(2.0900190833507697-1.596585961494267j)	0.2773549556732178	11.342238238238238
104	(2.19687922959372-1.5973717830022671j)	0.27646899223327637	11.452347347347347
105	(2.303031522317359-1.5910832241771407j)	0.2788107395172119	11.562456456456456
106	(2.409056866742487-1.5785261599448734j)	0.27602291107177734	11.672565565565565
107	(2.5146057956368626-1.558398549584007j)	0.2859761714935303	11.782674674674674
108	(2.6181167267653724-1.5314150280934924j)	0.2758009433746338	11.892783783783782
109	(2.7203439534439324-1.4981952052773209j)	0.28376317024230957	12.002892892892891
110	(2.820624544530573-1.4575812526058267j)	0.276965856552124	12.113002002002002
111	(2.917624894976073-1.410642948346256j)	0.2825911045074463	12.22311111111111
112	(3.012190003586755-1.357785251692874j)	0.28682398796081543	12.33322022022022
113	(3.103004004230856-1.2982873631943714j)	0.2877330780029297	12.443329329329329
114	(3.190092458353474-1.2328140125597329j)	0.2780938148498535	12.553438438438437
115	(3.2732413363049027-1.162199959848481j)	0.2772500514984131	12.663547547547546
116	(3.351619890753114-1.085526886712845j)	0.2837538719177246	12.773656656656655
117	(3.42451759546306-1.0043040212239913j)	0.27662181854248047	12.883765765765766
118	(3.492770063264616-0.9184379811925709j)	0.27698612213134766	12.993874874874875
119	(3.5550679257437308-0.8275159370505194j)	0.277083158493042	13.103983983983984
120	(3.6110307661197725-0.733171791155073j)	0.2772097587585449	13.214093093093092
121	(3.6610316594012215-0.6343853154590127j)	0.27309417724609375	13.324202202202201
122	(3.70503986517313-0.5331095909999419j)	0.27892398834228516	13.43431131131131
123	(3.7417711776213687-0.42895107912520714j)	0.27896666526794434	13.544420420420419
124	(3.7723242979466285-0.3221001130908525j)	0.276381254196167	13.654529529529528
125	(3.79534948426416-0.2128596216906391j)	0.2792949676513672	13.764638638638639
126	(3.8112941283544997-0.1027678672638177j)	0.283466100692749	13.874747747747747
127	(3.8206196594330626+0.008766811958796028j)	0.278278112411499	13.984856856856856
128	(3.8220672400079496+0.12110079383806704j)	0.2763330936431885	14.094965965965965
129	(3.816398834863851+0.23285927466917022j)	0.27838802337646484	14.205075075075074
130	(3.80386268834967+0.34471523081248323j)	0.2799661159515381	14.315184184184183
131	(3.7833695743151194+0.4557405971842383j)	0.28010129928588867	14.425293293293292
132	(3.7562939365434227+0.5650748958982581j)	0.29801487922668457	14.535402402402402
133	(3.7216502502190805+0.6726423095826974j)	0.2867100238800049	14.645511511511511
134	(3.6796331662417208+0.7780758638036254j)	0.2831919193267822	14.75562062062062
135	(3.6309409843836224+0.8805651303292192j)	0.2742173671722412	14.865729729729729
136	(3.576075577497576+0.9799802048010298j)	0.2837059497833252	14.975838838838838
137	(3.5138825032497536+1.0758066280203191j)	0.28085923194885254	15.085947947947947
138	(3.4459805397836574+1.1672727225192756j)	0.27564287185668945	15.196057057057056
139	(3.3720637491903274+1.254963163785586j)	0.28006720542907715	15.306166166166165
140	(3.2919630602674044+1.337438741505588j)	0.28128910064697266	15.416275275275275
141	(3.2071346842471895+1.4145247640275038j)	0.27724790573120117	15.526384384384384
142	(3.117117383510035+1.4866592838171688j)	0.28217196464538574	15.636493493493493
143	(3.022083588568534+1.5523842663239513j)	0.278562068939209	15.746602602602602
144	(2.9234415787090597+1.611858076802959j)	0.2840878963470459	15.85671171171171
145	(2.8206151485406497+1.6653620235730644j)	0.27963900566101074	15.96682082082082
146	(2.7141048308136018+1.7115199525070652j)	0.2787461280822754	16.076929929929932
147	(2.6052049035523304+1.7508203911084321j)	0.28055906295776367	16.18703903903904
148	(2.493284681492225+1.7833799167809081j)	0.27869391441345215	16.29714814814815
149	(2.379167925975963+1.807993915149005j)	0.2775449752807617	16.407257257257257
150	(2.2639835366794783+1.825439269982403j)	0.2826979160308838	16.517366366366367
151	(2.1471170216976243+1.8356529787089293j)	0.27617311477661133	16.627475475475478
152	(2.0296793619392566+1.8376598708902363j)	0.27687883377075195	16.737584584584585
153	(1.9125853160621866+1.8324517998473238j)	0.2769761085510254	16.847693693693696
154	(1.7952840619039838+1.8197765861878359j)	0.2862720489501953	16.957802802802803
155	(1.6791016216911543+1.7989316198698175j)	0.28171515464782715	17.067911911911914
156	(1.5646818986226916+1.771048809844504j)	0.2823481559753418	17.17802102102102
157	(1.451566993424292+1.7357064890942384j)	0.28084397315979004	17.28813013013013
158	(1.3412047267887497+1.6925214389299286j)	0.27959585189819336	17.39823923923924
159	(1.2339310957462577+1.6427065538760801j)	0.27924299240112305	17.50834834834835
160	(1.129410843538825+1.5857216172018775j)	0.2753448486328125	17.61845745745746
161	(1.0291308564884254+1.521543802122222j)	0.2786099910736084	17.728566566566567
162	(0.933119914658757+1.4514134503090728j)	0.28217577934265137	17.838675675675677
163	(0.8412078699246381+1.3747269503261639j)	0.28084826469421387	17.948784784784785
164	(0.7548507676171359+1.2918317159256383j)	0.27985191345214844	18.058893893893895
165	(0.6738026340414579+1.2039246419398104j)	0.28473925590515137	18.169003003003002
166	(0.5980895590287629+1.1103809742504236j)	0.28181982040405273	18.279112112112113
167	(0.5290664940855595+1.0118860030235606j)	0.27707910537719727	18.389221221221224
168	(0.46624505821454376+0.9095122228664341j)	0.27980804443359375	18.49933033033033
169	(0.4098484928515407+0.8026465910759444j)	0.2807297706604004	18.60943943943944
170	(0.36127214311199785+0.6925165176697723j)	0.2788100242614746	18.71954854854855
171	(0.3191283072224324+0.5792378288044855j)	0.27749085426330566	18.82965765765766
172	(0.2844918779348269+0.46302488173188605j)	0.27533984184265137	18.939766766766766
173	(0.2580320874296075+0.3448265314023301j)	0.2798027992248535	19.049875875875877
174	(0.23886768235570713+0.22530952291170978j)	0.2773897647857666	19.159984984984987
175	(0.2275234094170459+0.10403983004103687j)	0.27910804748535156	19.270094094094095
176	(0.22457369721763729-0.017592225543328135j)	0.27944016456604004	19.380203203203205
177	(0.22902471276706787-0.13914867761568525j)	0.27621912956237793	19.490312312312312
178	(0.24150994303778864-0.2608918291387945j)	0.2811410427093506	19.600421421421423
179	(0.2622653569925193-0.38131804886049564j)	0.28337907791137695	19.71053053053053
180	(0.2902636332404923-0.5002264352577418j)	0.2785770893096924	19.82063963963964
181	(0.326219065576619-0.6176885180914414j)	0.27776002883911133	19.93074874874875
182	(0.37002661823723093-0.7321828338475752j)	0.2788529396057129	20.04085785785786
183	(0.42069351824826995-0.8437585760796446j)	0.27708005905151367	20.15096696696697
184	(0.4789609915222762-0.9522980251541548j)	0.2779960632324219	20.261076076076076
185	(0.5443844274311466-1.0563616388248742j)	0.29604411125183105	20.371185185185187
186	(0.6160459263754066-1.156239727824432j)	0.28081631660461426	20.481294294294294
187	(0.6946452444229547-1.2516297865089003j)	0.2795889377593994	20.591403403403405
188	(0.7794051702584645-1.3412494866741322j)	0.27958011627197266	20.70151251251251
189	(0.8695195270911007-1.425589815994758j)	0.28031206130981445	20.811621621621622
190	(0.9655839791258234-1.5041615975254818j)	0.27487993240356445	20.921730730730733
191	(1.0665317703871096-1.575894724306898j)	0.2777981758117676	21.03183983983984
192	(1.1717103525757047-1.6414215231902562j)	0.2783632278442383	21.14194894894895
193	(1.2815745909564438-1.7000807731826653j)	0.2799820899963379	21.252058058058058
194	(1.394842784906205-1.7510633704571545j)	0.2780129909515381	21.36216716716717
195	(1.5110595277175716-1.7950946913838144j)	0.27790307998657227	21.472276276276276
196	(1.6305147174654746-1.8313851626219284j)	0.2769601345062256	21.582385385385386
197	(1.7517948827489331-1.8594416259126894j)	0.2801859378814697	21.692494494494497
198	(1.8746609225421185-1.880044850087337j)	0.2900269031524658	21.802603603603604
199	(1.999208572861818-1.892342387618513j)	0.2799947261810303	21.912712712712715
200	(2.1239639960011276-1.8961947093530565j)	0.28047704696655273	22.02282182182182
201	(2.2488907396526634-1.892397873262314j)	0.28088927268981934	22.132930930930932
202	(2.373858541672171-1.8800950907775102j)	0.2817561626434326	22.24304004004004
203	(2.4973993046184897-1.8595028629821915j)	0.2797832489013672	22.35314914914915
204	(2.619650617072823-1.8313750996177598j)	0.2803609371185303	22.46325825825826
205	(2.7402464421228965-1.7948946900842642j)	0.27933406829833984	22.573367367367368
206	(2.8577994566424243-1.7506028519176193j)	0.2764170169830322	22.68347647647648
207	(2.9726019601181766-1.6991528796245245j)	0.27675700187683105	22.793585585585586
208	(3.084074149968646-1.6398108647118321j)	0.2824270725250244	22.903694694694696
209	(3.1909985047751106-1.5734020656370773j)	0.2784109115600586	23.013803803803803
210	(3.293803151702021-1.500443298595144j)	0.2785029411315918	23.123912912912914
211	(3.39173851478888-1.4203409891868954j)	0.27661800384521484	23.234022022022025
212	(3.4838308082858833-1.3341659147121674j)	0.2771022319793701	23.34413113113113
213	(3.570612396732077-1.2422907230447695j)	0.27744293212890625	23.454240240240242
214	(3.6512026882077313-1.1443222081517026j)	0.2807290554046631	23.56434934934935
215	(3.7249155959442484-1.0415283611599908j)	0.2828707695007324	23.67445845845846
216	(3.7923315432626703-0.9341379158297948j)	0.2786428928375244	23.784567567567567
217	(3.852475642475779-0.8219955911187915j)	0.2783949375152588	23.894676676676678
218	(3.9049654236063147-0.7064946186937757j)	0.27427005767822266	24.004785785785785
219	(3.9501573032946693-0.5881922221265798j)	0.28324413299560547	24.114894894894896
220	(3.9876754244748005-0.4657363882496206j)	0.27921414375305176	24.225004004004006
221	(4.016807374980868-0.3419957009192056j)	0.2801041603088379	24.335113113113113
222	(4.0382934098139405-0.2164089100021651j)	0.279116153717041	24.445222222222224
223	(4.051135621857177-0.08930304858212956j)	0.27785491943359375	24.55533133133133
224	(4.05559195492174+0.03794695482153854j)	0.278378963470459	24.66544044044044
225	(4.052123073849043+0.16555996305676324j)	0.27849483489990234	24.77554954954955
226	(4.0398302979524106+0.29297871690546073j)	0.27840614318847656	24.88565865865866
227	(4.019288890199761+0.4189428154204766j)	0.2758920192718506	24.99576776776777
228	(3.990872680102855+0.5437673262979943j)	0.2777738571166992	25.105876876876877
229	(3.95384161463884+0.6666740487140486j)	0.27880001068115234	25.215985985985988
230	(3.9090446819729934+0.7865691369888272j)	0.2800579071044922	25.326095095095095
231	(3.856740874404124+0.9038181539364438j)	0.2776670455932617	25.436204204204206
232	(3.7963838069089917+1.0174565960278665j)	0.2814452648162842	25.546313313313313
233	(3.729029737044551+1.1266107499849034j)	0.2776529788970947	25.656422422422423
234	(3.65480045595056+1.2316684251152932j)	0.2837362289428711	25.766531531531534
235	(3.573373965060177+1.331540437658024j)	0.27776098251342773	25.87664064064064
236	(3.4853751607846117+1.4253748705418714j)	0.28082895278930664	25.98674974974975
237	(3.392509902011164+1.5143235400653587j)	0.2803788185119629	26.09685885885886
238	(3.2929974514006126+1.59648145211264j)	0.28124499320983887	26.20696796796797
239	(3.1886928612482954+1.6718154871475184j)	0.2823488712310791	26.317077077077077
240	(3.0794797180354756+1.7406822149123276j)	0.28420281410217285	26.427186186186187
241	(2.965577631321774+1.801950556111596j)	0.27797818183898926	26.537295295295298
242	(2.8482955382527195+1.8556402084512986j)	0.278627872467041	26.647404404404405
243	(2.7274392616468734+1.9020350032516924j)	0.28058576583862305	26.757513513513516
244	(2.6035084536260125+1.940065290269044j)	0.2783823013305664	26.867622622622623
245	(2.477763894496265+1.9700336490244788j)	0.27889299392700195	26.977731731731733
246	(2.3499497426722353+1.9921197480626756j)	0.28154492378234863	27.08784084084084
247	(2.220811539169265+2.0053724865195344j)	0.276561975479126	27.19794994994995
248	(2.091481184873488+2.0103525312539827j)	0.27815890312194824	27.308059059059058
249	(1.9616601738138217+2.0071286195036944j)	0.2826352119445801	27.41816816816817
250	(1.8322930787071243+1.9949368057414423j)	0.2835381031036377	27.52827727727728
251	(1.704322548303325+1.9745703296482784j)	0.2860591411590576	27.638386386386387
252	(1.5774414988576728+1.9459988659148695j)	0.28434300422668457	27.748495495495497
253	(1.452752476776093+1.9087060533960767j)	0.27936816215515137	27.858604604604604
254	(1.3309761769174577+1.8636760328596904j)	0.2783019542694092	27.968713713713715
255	(1.2118430917258542+1.8107886683203018j)	0.280703067779541	28.078822822822822
256	(1.0965695668131747+1.749807276794288j)	0.2797250747680664	28.188931931931933
257	(0.9856350516347698+1.6818392194375353j)	0.28046202659606934	28.299041041041043
258	(0.8788444792820034+1.6066783230054988j)	0.280170202255249	28.40915015015015
259	(0.777463541975043+1.5243716732933827j)	0.2821168899536133	28.51925925925926
260	(0.6817105318208818+1.436072770732273j)	0.28061985969543457	28.629368368368368
261	(0.5914795349030684+1.341501805911195j)	0.2799801826477051	28.73947747747748
262	(0.5080015308792522+1.2409859544099526j)	0.28263020515441895	28.849586586586586
263	(0.4312210697078882+1.1356600551412497j)	0.2804131507873535	28.959695695695697
264	(0.36112143183735673+1.0252043661057837j)	0.2798018455505371	29.069804804804807
265	(0.2988219875514024+0.9102235163666587j)	0.2944960594177246	29.179913913913914
266	(0.24400111191259805+0.7917866518091242j)	0.27884602546691895	29.290023023023025
267	(0.19674131186837013+0.6695801509179737j)	0.2785489559173584	29.400132132132132
268	(0.1579912185753884+0.54446851439068j)	0.27788400650024414	29.510241241241243
269	(0.12720428993539842+0.4174103183394261j)	0.2772994041442871	29.62035035035035
270	(0.10457140083177519+0.28813509877348786j)	0.28078699111938477	29.73045945945946
271	(0.09083198071538137+0.1577213084133737j)	0.2774028778076172	29.840568568568568
272	(0.0852639222295362+0.026963479737185356j)	0.28547096252441406	29.950677677677678
273	(0.08816520766473479-0.10434747917130179j)	0.2809879779815674	30.06078678678679
274	(0.10002292341318493-0.23498778044326857j)	0.27831196784973145	30.170895895895896
275	(0.1199853064400483-0.3643753306280766j)	0.2799868583679199	30.281005005005007
276	(0.1484277902972106-0.4926404857884086j)	0.27977490425109863	30.391114114114114
277	(0.18603621662594833-0.6181073854912088j)	0.2760939598083496	30.501223223223224
278	(0.2303927808109357-0.7415675120894609j)	0.27768707275390625	30.61133233233233
279	(0.2833853736118902-0.8619083180281552j)	0.28020787239074707	30.721441441441442
280	(0.34439935915878384-0.9782011018513426j)	0.28062987327575684	30.831550550550553
281	(0.4124540174329603-1.0903258419539552j)	0.27857303619384766	30.94165965965966
282	(0.48796450373269634-1.1981795904882215j)	0.27808475494384766	31.05176876876877
283	(0.5700736536236314-1.3008080343655368j)	0.27777600288391113	31.161877877877878
284	(0.6591110437119065-1.3973810568160425j)	0.2775130271911621	31.271986986986988
285	(0.7541886718914006-1.48858069815866j)	0.2880382537841797	31.382096096096095
286	(0.8550347464689247-1.5729540431517497j)	0.2828097343444824	31.492205205205206
287	(0.9607801229014464-1.6507942618730005j)	0.2775437831878662	31.602314314314317
288	(1.0717769294895871-1.7217411636085471j)	0.2805948257446289	31.712423423423424
289	(1.1870925103124068-1.7848413916818908j)	0.2821059226989746	31.822532532532534
290	(1.3059848206509581-1.840572727021294j)	0.2782111167907715	31.93264164164164
291	(1.428742132630787-1.888309560610085j)	0.28292298316955566	32.04275075075075
292	(1.554169032432736-1.9278694150832387j)	0.2784571647644043	32.15285985985986
293	(1.681738792686614-1.959357409028764j)	0.28052210807800293	32.26296896896896
294	(1.8115657776833343-1.982425424823637j)	0.27585315704345703	32.37307807807807
295	(1.9423782009015724-1.9966488709444574j)	0.2757859230041504	32.483187187187184
296	(2.073744990908063-2.0027474320076535j)	0.27715420722961426	32.593296296296295
297	(2.2056537571815396-2.000144550613174j)	0.27664732933044434	32.703405405405405
298	(2.336761125629743-1.988708806809521j)	0.27477097511291504	32.81351451451451
299	(2.4668198317265433-1.9691949273500071j)	0.27847790718078613	32.92362362362362
300	(2.5956689597344944-1.9410079005621645j)	0.27876710891723633	33.03373273273273
301	(2.7219773140962435-1.9043131429718383j)	0.2775990962982178	33.14384184184184
302	(2.845695708931252-1.8598635619524153j)	0.2758448123931885	33.25395095095095
303	(2.966517417129863-1.8070946385955324j)	0.2790651321411133	33.364060060060055
304	(3.0832016565351785-1.7464429832741528j)	0.27531957626342773	33.474169169169166
305	(3.195874877787462-1.6787192843120111j)	0.2782461643218994	33.584278278278276
306	(3.30409501927894-1.603351164458006j)	0.28027796745300293	33.69438738738739
307	(3.4067583846128766-1.521118318655238j)	0.27800488471984863	33.80449649649649
308	(3.504145204795403-1.4326711002152215j)	0.2773313522338867	33.9146056056056
309	(3.595670836083173-1.3376463623198802j)	0.2819249629974365	34.02471471471471
310	(3.6804234404434872-1.2370270766112934j)	0.27831006050109863	34.13482382382382
311	(3.7587958915983095-1.1313507769834839j)	0.2805309295654297	34.24493293293293
312	(3.8300880780667472-1.020642205592066j)	0.27125000953674316	34.35504204204204
313	(3.893646963269912-0.9053288669649j)	0.2788360118865967	34.46515115115115
314	(3.9499347350897978-0.7864801243751957j)	0.2807149887084961	34.57526026026026
315	(3.99820283469761-0.6638530726658597j)	0.2812199592590332	34.68536936936937
316	(4.038068485817543-0.5386793004510322j)	0.27829790115356445	34.79547847847847
317	(4.0700704851261245-0.41120640678831266j)	0.28181886672973633	34.90558758758758
318	(4.093448605492434-0.28154988656533403j)	0.28191471099853516	35.01569669669669
319	(4.108126676898803-0.1510158558109598j)	0.27918004989624023	35.125805805805804
320	(4.114665490491884-0.019715964141907946j)	0.27817821502685547	35.235914914914915
321	(4.112335147023219+0.1120351907129396j)	0.2806661128997803	35.34602402402402
322	(4.101359230871825+0.2429438617663311j)	0.277789831161499	35.45613313313313
323	(4.08227029249636+0.3730240126906402j)	0.279583215713501	35.56624224224224
324	(4.054405048245534+0.50177245511029j)	0.27671122550964355	35.67635135135135
325	(4.01825887453859+0.6279825735899487j)	0.2779250144958496	35.78646046046046
326	(3.9743016393843384+0.7517430994857673j)	0.28480100631713867	35.896569569569564
327	(3.921972326599599+0.8725306977822113j)	0.27774620056152344	36.006678678678675
328	(3.862019136649175+0.9891640304099587j)	0.27759790420532227	36.116787787787786
329	(3.7948261077250347+1.1019285750437064j)	0.282912015914917	36.226896896896896
330	(3.7199985318511457+1.2100448369915437j)	0.27840590476989746	36.337006006006
331	(3.638493156799865+1.3126811848074067j)	0.27933812141418457	36.44711511511511
332	(3.5506104026564724+1.4101513028298753j)	0.2781212329864502	36.55722422422422
333	(3.456154755125702+1.501585030117597j)	0.2787282466888428	36.66733333333333
334	(3.356249713929674+1.5863929313159122j)	0.2811007499694824	36.77744244244244
335	(3.251097149788198+1.6649189214103977j)	0.27391505241394043	36.887551551551546
336	(3.140718366381093+1.736238440035159j)	0.2779228687286377	36.99766066066066
337	(3.0263297142500774+1.8000220056075482j)	0.2776210308074951	37.10776976976977
338	(2.908025439620022+1.8566103976333284j)	0.27866315841674805	37.21787887887888
339	(2.7860368145305894+1.9050774061126565j)	0.2784891128540039	37.32798798798799
340	(2.661599058780639+1.9453739682167492j)	0.2790250778198242	37.43809709709709
341	(2.5346985809606113+1.9778189152492491j)	0.2780630588531494	37.5482062062062
342	(2.4057719942952196+2.0015506511113434j)	0.27671194076538086	37.65831531531531
343	(2.2760108913868935+2.016806062396051j)	0.27843379974365234	37.768424424424424
344	(2.1453167547694254+2.0238700581422764j)	0.2805159091949463	37.87853353353353
345	(2.01432731620609+2.0220020328752923j)	0.28025388717651367	37.98864264264264
346	(1.8841406025980354+2.0117073195130906j)	0.2789731025695801	38.09875175175175
347	(1.7546050361774803+1.9932127883601742j)	0.29767823219299316	38.20886086086086
348	(1.626540338211184+1.9659369238647966j)	0.28104400634765625	38.31896996996997
349	(1.5008998004808258+1.9306088454602108j)	0.2800137996673584	38.429079079079074
350	(1.3775038027370206+1.8873745032017422j)	0.2780928611755371	38.539188188188184
351	(1.257307582375335+1.8358378903386545j)	0.2807328701019287	38.649297297297295
352	(1.1410660325631545+1.7769005989214384j)	0.2809000015258789	38.759406406406406
353	(1.028583541447269+1.7106190820475586j)	0.2782411575317383	38.86951551551551
354	(0.9208908446239499+1.6368141354241799j)	0.27867579460144043	38.97962462462462
355	(0.818501059865881+1.5565125552180679j)	0.27848386764526367	39.08973373373373
356	(0.7212199504713936+1.4696956296587134j)	0.27768492698669434	39.19984284284284
357	(0.6301024096584277+1.376410175357074j)	0.2836611270904541	39.30995195195195
358	(0.5454096650159618+1.2777204380868776j)	0.2860684394836426	39.420061061061055
359	(0.4669287182571623+1.1738004141194422j)	0.27903270721435547	39.530170170170166
360	(0.3957411276811315+1.0646834899609627j)	0.3055880069732666	39.64027927927928
361	(0.3318266676336002+0.9515986361622418j)	0.3043558597564697	39.75038838838839
362	(0.2750853240348128+0.8344297834575867j)	0.2938060760498047	39.8604974974975
363	(0.226462665512797+0.7137361523624014j)	0.2892911434173584	39.9706066066066
364	(0.18564379814319742+0.5909178800105912j)	0.2802412509918213	40.08071571571571
365	(0.15283414926532526+0.46485030317037734j)	0.2835698127746582	40.19082482482482
366	(0.12861327822486002+0.3372685877507755j)	0.28258419036865234	40.30093393393393
367	(0.11259479405978029+0.20881000729345775j)	0.2895808219909668	40.41104304304304
368	(0.10482033739755953+0.07931071624511203j)	0.29561614990234375	40.52115215215215
369	(0.10590691712672512-0.050303577187212914j)	0.2949979305267334	40.63126126126126
370	(0.11518830254012895-0.1792243402095745j)	0.2866649627685547	40.74137037037037
371	(0.13276532251919274-0.30759591169344735j)	0.2797691822052002	40.85147947947948
372	(0.15901985331799923-0.4343620517917332j)	0.2794370651245117	40.96158858858858
373	(0.19312895616557418-0.5588926265956873j)	0.2794480323791504	41.071697697697694
374	(0.23524878141414707-0.6812806955244894j)	0.2805750370025635	41.181806806806804
375	(0.28551270676006796-0.8003870265739466j)	0.2816157341003418	41.291915915915915
376	(0.34300193559621867-0.9157849588561621j)	0.2810208797454834	41.40202502502502
377	(0.40792457479165845-1.0274987584983322j)	0.28312015533447266	41.51213413413413
378	(0.48016272617201244-1.1343754278928073j)	0.29311299324035645	41.62224324324324
379	(0.5587593949930444-1.2362123539646301j)	0.2912900447845459	41.73235235235235
380	(0.6439565075254037-1.3329665754244726j)	0.27710795402526855	41.84246146146146
381	(0.7353801179146814-1.4235414816076213j)	0.2781491279602051	41.952570570570565
382	(0.8320818678554601-1.5079682961213143j)	0.2784860134124756	42.062679679679675
383	(0.9343005318609696-1.5861324384445852j)	0.27847909927368164	42.172788788788786
384	(1.0414136464351154-1.6570533913474021j)	0.27782702445983887	42.2828978978979
385	(1.1525187069379657-1.7209779869678328j)	0.27758002281188965	42.39300700700701
386	(1.2678197579912462-1.777709131046752j)	0.28153085708618164	42.50311611611611
387	(1.3864710105220035-1.8264262805885763j)	0.27701401710510254	42.61322522522522
388	(1.5076642664194435-1.8675557901632516j)	0.2785658836364746	42.72333433433433
389	(1.631548799369439-1.9008164773023517j)	0.2779042720794678	42.83344344344344
390	(1.7571086358063757-1.9255857081498031j)	0.2774529457092285	42.943552552552546
391	(1.8836775925253968-1.9424335534053547j)	0.2782590389251709	43.05366166166166
392	(2.01133931834469-1.9510128974981982j)	0.2786281108856201	43.16377077077077
393	(2.1389688695743647-1.9509401861293967j)	0.28161025047302246	43.27387987987988
394	(2.266076410890804-1.942901566544311j)	0.27971673011779785	43.38398898898899
395	(2.3926606398150208-1.9265141751905852j)	0.2770559787750244	43.49409809809809
396	(2.517544558169558-1.901667625747859j)	0.27687692642211914	43.6042072072072
397	(2.6404209556737697-1.869127214116908j)	0.2821369171142578	43.714316316316314
398	(2.761183512764506-1.8285066602316962j)	0.2772090435028076	43.824425425425424
399	(2.878650126700742-1.77997528403808j)	0.2810192108154297	43.93453453453453
400	(2.992692921378226-1.7243269408829622j)	0.27782130241394043	44.04464364364364
401	(3.1030875460067615-1.6611921381560761j)	0.28038668632507324	44.15475275275275
402	(3.208705696435147-1.5910012681066166j)	0.279587984085083	44.26486186186186
403	(3.3095948486287594-1.5145211739586233j)	0.27535486221313477	44.37497097097097
404	(3.4054181965641463-1.4314188124212301j)	0.27335691452026367	44.485080080080074
405	(3.495173051431933-1.3423573482789866j)	0.281872034072876	44.595189189189185
406	(3.579076057051035-1.2480333625111864j)	0.2772202491760254	44.705298298298295
407	(3.6558117705787696-1.1480336951007926j)	0.26921510696411133	44.815407407407406
408	(3.727235057604032-1.043671070657514j)	0.2752828598022461	44.92551651651652
409	(3.7910418606924803-0.9351022162625087j)	0.27769899368286133	45.03562562562562
410	(3.8476788944773377-0.8225032129983254j)	0.2808051109313965	45.14573473473473
411	(3.8964094363225947-0.7063523112331511j)	0.28292322158813477	45.25584384384384
412	(3.937859110075079-0.5876975748062478j)	0.29227495193481445	45.36595295295295
413	(3.9714339604438504-0.46632615458235027j)	0.28388309478759766	45.476062062062056
414	(3.9967884448129247-0.3433904773595142j)	0.28186702728271484	45.586171171171166
415	(4.014468459104315-0.2192461723368857j)	0.2811460494995117	45.69628028028028
416	(4.0238273384211185-0.09404311713088376j)	0.2787141799926758	45.80638938938939
417	(4.024994452446054+0.031138265880563676j)	0.278519868850708	45.9164984984985
418	(4.018331157310105+0.15598184261833592j)	0.2780911922454834	46.0266076076076
419	(4.003343197849606+0.28027887752060665j)	0.27954602241516113	46.13671671671671
420	(3.98021418435612+0.4028587754368955j)	0.28049802780151367	46.24682582582582
421	(3.949521214861624+0.5236772992503287j)	0.27791500091552734	46.356934934934934
422	(3.9107629030498785+0.6423535851142037j)	0.28397369384765625	46.467044044044044
423	(3.8643880695992845+0.7577995555555943j)	0.28050923347473145	46.57715315315315
424	(3.8109502959838135+0.8701015057916051j)	0.278001070022583	46.68726226226226
425	(3.7500434106261986+0.978752041585467j)	0.27763891220092773	46.79737137137137
426	(3.682355005448233+1.082787978701744j)	0.2779557704925537	46.90748048048048
427	(3.608378467061439+1.1824024414442933j)	0.2760281562805176	47.01758958958958
428	(3.5278252685001146+1.2769732575217176j)	0.279163122177124	47.127698698698694
429	(3.4415731699464196+1.3657120143905312j)	0.28356194496154785	47.237807807807805
430	(3.3500212398121962+1.4488985323760575j)	0.2808852195739746	47.347916916916915
431	(3.2530167302691653+1.525832983380685j)	0.27896881103515625	47.458026026026026
432	(3.1515752250011717+1.5959506290194774j)	0.2785477638244629	47.56813513513513
433	(3.0459865524930065+1.6596003794246927j)	0.30260801315307617	47.67824424424424
434	(2.9362576636267104+1.7160518748527638j)	0.2994711399078369	47.78835335335335
435	(2.8234938201638315+1.7649968001704852j)	0.29924702644348145	47.89846246246246
436	(2.70788030461923+1.806826611174197j)	0.29275989532470703	48.008571571571565
437	(2.5896033418115607+1.8408199683410282j)	0.2856869697570801	48.118680680680676
438	(2.4697818349538947+1.866911687013163j)	0.27988290786743164	48.228789789789786
439	(2.348587985088377+1.8855568996430785j)	0.281343936920166	48.3388988988989
440	(2.2263045637602787+1.8960129381416055j)	0.2823069095611572	48.44900800800801
441	(2.1040854831768567+1.8985066363297833j)	0.277677059173584	48.55911711711711
442	(1.9819216463906897+1.893401380360765j)	0.2785787582397461	48.66922622622622
443	(1.860342728195+1.880089085693177j)	0.2852442264556885	48.77933533533533
444	(1.7403839196167117+1.8590102342574597j)	0.27868080139160156	48.88944444444444
445	(1.6219441337351297+1.8304768430716862j)	0.2811927795410156	48.999553553553554
446	(1.5056851714988753+1.7940024645838206j)	0.2818901538848877	49.10966266266266
447	(1.392494721183919+1.7502431087284371j)	0.27933287620544434	49.21977177177177
448	(1.2822001573371815+1.6994526616528138j)	0.28560900688171387	49.32988088088088
449	(1.1755679186545074+1.6413088943071483j)	0.2802300453186035	49.43998998998999
450	(1.073303779436433+1.576652918136762j)	0.2842092514038086	49.55009909909909
451	(0.9751965249457624+1.50567305809904j)	0.289597749710083	49.6602082082082
452	(0.8820906717135666+1.4282360724558223j)	0.2949869632720947	49.770317317317314
453	(0.794486710787022+1.345314231787765j)	0.28893184661865234	49.880426426426425
454	(0.7121658908793944+1.257016650349288j)	0.2836589813232422	49.990535535535535
455	(0.6360092333692812+1.1634064783385556j)	0.2806892395019531	50.10064464464464
456	(0.5662902186300349+1.065521289931995j)	0.2802157402038574	50.21075375375375
457	(0.5027992658835442+0.9633881590037157j)	0.27761220932006836	50.32086286286286
458	(0.44639875300163123+0.857261172048331j)	0.28382205963134766	50.43097197197197
459	(0.39711504076347404+0.748188169025326j)	0.2786531448364258	50.541081081081074
460	(0.3547599636118585+0.6361240664671193j)	0.27794790267944336	50.651190190190185
461	(0.3200210933316118+0.5213615006251806j)	0.27696895599365234	50.761299299299296
462	(0.2929756454659766+0.405374878464781j)	0.2799201011657715	50.871408408408406
463	(0.27317642022148697+0.2876098449636902j)	0.2775402069091797	50.98151751751752
464	(0.26139093551092946+0.16885392717047099j)	0.2816188335418701	51.09162662662662
465	(0.25718153347150363+0.05003674578135592j)	0.2773268222808838	51.20173573573573
466	(0.260455105991925-0.06895638438664604j)	0.2778191566467285	51.31184484484484
467	(0.27173313600932675-0.18733569874196787j)	0.27712082862854004	51.42195395395395
468	(0.2903991172320305-0.30430272304293515j)	0.27979183197021484	51.53206306306306
469	(0.3164304124841091-0.41998313290302125j)	0.2772679328918457	51.64217217217217
470	(0.350171903697007-0.5334788839563602j)	0.27873778343200684	51.75228128128128
471	(0.390864951762537-0.6441702212540829j)	0.27843475341796875	51.86239039039039
472	(0.43855137238353925-0.7521815755876358j)	0.27832603454589844	51.9724994994995
473	(0.493366545492768-0.8565582852226403j)	0.27536606788635254	52.0826086086086
474	(0.5544460037130752-0.9568869880711264j)	0.27599406242370605	52.19271771771771
475	(0.6218772298260451-1.053269830409357j)	0.2824409008026123	52.30282682682682
476	(0.6955659154794045-1.1447379374205515j)	0.279099702835083	52.412935935935934
477	(0.7745852281494084-1.2310900798668634j)	0.27718496322631836	52.523045045045045
478	(0.8590548858529264-1.3123781806737584j)	0.27901220321655273	52.63315415415415
479	(0.9486553559877653-1.3876611339560956j)	0.2840712070465088	52.74326326326326
480	(1.0424536863126987-1.4569443329321625j)	0.2769749164581299	52.85337237237237
481	(1.140596304007476-1.5202124791356655j)	0.27487635612487793	52.96348148148148
482	(1.2425574758359925-1.5766038126702653j)	0.2776658535003662	53.07359059059059
483	(1.347460352266165-1.6263240867358617j)	0.27632832527160645	53.183699699699694
484	(1.455463442706903-1.669292401203367j)	0.28268980979919434	53.293808808808805
485	(1.5658645712098365-1.704784371400602j)	0.27939295768737793	53.403917917917916
486	(1.6778840450896226-1.733194669043443j)	0.2782270908355713	53.514027027027026
487	(1.7916669297082892-1.7543872489787986j)	0.2781081199645996	53.62413613613613
488	(1.9063595912168274-1.7678207369439505j)	0.27831602096557617	53.73424524524524
489	(2.0212218362280776-1.7739771933350725j)	0.2668302059173584	53.84435435435435
490	(2.1366119025813073-1.772894949128158j)	0.27775001525878906	53.95446346346346
491	(2.251300346601129-1.7640157741039926j)	0.27692604064941406	54.06457257257257
492	(2.364869493356152-1.748087957582377j)	0.27864670753479004	54.174681681681676
493	(2.4770248893505604-1.7248813086032437j)	0.25493383407592773	54.28479079079079
494	(2.5877135213770943-1.6942655641398403j)	0.27805113792419434	54.3948998998999
495	(2.6956223371137344-1.6569963583093528j)	0.2778317928314209	54.50500900900901
496	(2.8010427756137166-1.6127951044228486j)	0.27558088302612305	54.61511811811811
497	(2.9029403102658837-1.5617759621070635j)	0.2844860553741455	54.72522722722722
498	(3.0011736126947266-1.5047040967828282j)	0.27750110626220703	54.83533633633633
499	(3.0956341223062767-1.4412981598837473j)	0.2760319709777832	54.94544544544544
500	(3.1853461805490237-1.3719052850482352j)	0.2836742401123047	55.055554554554554
501	(3.270355511893259-1.297283618661886j)	0.27735090255737305	55.16566366366366
502	(3.3504745580770052-1.2171766208770687j)	0.2778739929199219	55.27577277277277
503	(3.4248288944249747-1.1321544939056851j)	0.28017687797546387	55.38588188188188
504	(3.4936286994440837-1.0429307490768656j)	0.2796149253845215	55.49599099099099
505	(3.556598964359987-0.9492959517419737j)	0.2936739921569824	55.6061001001001
506	(3.6130069898503154-0.8520104747884383j)	0.2790107727050781	55.716209209209204
507	(3.6632262150053547-0.7517184423371988j)	0.2693910598754883	55.826318318318314
508	(3.7068199859767956-0.6482112764477383j)	0.27560877799987793	55.936427427427425
509	(3.743321281121056-0.5424504002464581j)	0.27880287170410156	56.046536536536536
510	(3.773160430595877-0.4349134556492722j)	0.27883291244506836	56.15664564564564
511	(3.795934289028656-0.3255301926734766j)	0.27792930603027344	56.26675475475475
512	(3.811311151927076-0.21529132447601174j)	0.2764260768890381	56.37686386386386
513	(3.8195739568799265-0.1043751369335908j)	0.26557183265686035	56.48697297297297
514	(3.8210924911921866+0.006649595041956502j)	0.28501415252685547	56.59708208208208
515	(3.8149833612838364+0.11728203993351105j)	0.27686023712158203	56.707191191191185
516	(3.8021106455964264+0.22712755221454373j)	0.2791297435760498	56.817300300300296
517	(3.782051040073373+0.3360398836128431j)	0.2763378620147705	56.92740940940941
518	(3.7549542943892256+0.4429747700432658j)	0.2793610095977783	57.03751851851852
519	(3.7214248212397116+0.5478576855696884j)	0.2794821262359619	57.14762762762762
520	(3.681059069151833+0.6504237221005478j)	0.2771790027618408	57.25773673673673
521	(3.6342284292741027+0.7496858124157455j)	0.2814767360687256	57.36784584584584
522	(3.5815016769917785+0.8457094639448925j)	0.27985501289367676	57.47795495495495
523	(3.522521717085408+0.9381264609242452j)	0.2809274196624756	57.58806406406406
524	(3.4578621788343176+1.026069422361676j)	0.28269100189208984	57.69817317317317
525	(3.3880334939443975+1.1097326675095913j)	0.2759249210357666	57.80828228228228
526	(3.31275879660702+1.188666350921614j)	0.277799129486084	57.91839139139139
527	(3.232796249606264+1.2621660136916106j)	0.2760028839111328	58.0285005005005
528	(3.1485749671350733+1.3305342642360918j)	0.27815699577331543	58.13860960960961
529	(3.0599373484372636+1.3932488979913957j)	0.2788350582122803	58.24871871871871
530	(2.9677852515315584+1.4497967274503751j)	0.2823350429534912	58.358827827827824
531	(2.872454457511599+1.5005495662044337j)	0.2897000312805176	58.468936936936935
532	(2.773916288111834+1.5449319633832006j)	0.27922821044921875	58.579046046046045
533	(2.673163101863856+1.5826395347119808j)	0.2763099670410156	58.68915515515515
534	(2.5704158285272705+1.614079104394323j)	0.2816932201385498	58.79926426426426
535	(2.465778641320127+1.6386544364534827j)	0.2786078453063965	58.90937337337337
536	(2.3602027473247276+1.6563243770643363j)	0.28098297119140625	59.01948248248248
537	(2.253845770551906+1.6671140358482808j)	0.27772092819213867	59.12959159159159
538	(2.1471826191118+1.671411626725421j)	0.28037381172180176	59.239700700700695
539	(2.0408345486366293+1.6684882809879724j)	0.2781198024749756	59.349809809809805
540	(1.9349349549643797+1.6590399530925661j)	0.28309011459350586	59.459918918918916
541	(1.829861034067756+1.6425552475518286j)	0.27989721298217773	59.57002802802803
542	(1.7265420162328449+1.6194207987398825j)	0.2820749282836914	59.68013713713713
543	(1.6248747711887042+1.5900126675113915j)	0.2814452648162842	59.79024624624624
544	(1.5253671766708847+1.5539112363952126j)	0.27780580520629883	59.90035535535535
545	(1.4288403830034615+1.5116965963978286j)	0.2776298522949219	60.01046446446446
546	(1.3351218644582756+1.463675824497742j)	0.27935004234313965	60.12057357357357
547	(1.244823489846791+1.4095486142895877j)	0.2792370319366455	60.230682682682676
548	(1.1586139262531896+1.3500398221858412j)	0.2759978771209717	60.34079179179179
549	(1.0762608272631127+1.285378015855326j)	0.28032422065734863	60.4509009009009
550	(0.9984470577174236+1.2153887629220281j)	0.2791750431060791	60.56101001001001
551	(0.9256411432448279+1.140923987763731j)	0.27882814407348633	60.67111911911912
552	(0.8575743858819331+1.0621214516094688j)	0.27739906311035156	60.78122822822822
553	(0.7949588570991692+0.9789704242339818j)	0.27907681465148926	60.89133733733733
554	(0.7380479165053939+0.8923993563000715j)	0.27730607986450195	61.001446446446444
555	(0.6865639389276263+0.8024701310238989j)	0.2780270576477051	61.111555555555555
556	(0.6412185547754842+0.7093479881461605j)	0.27991795539855957	61.22166466466466
557	(0.6020510324434981+0.6139916923988149j)	0.275235652923584	61.33177377377377
558	(0.5688075250936868+0.5163891671102974j)	0.2777290344238281	61.44188288288288
559	(0.5421679342262354+0.4168751532856364j)	0.2773423194885254	61.55199199199199
560	(0.5219656347764685+0.3163793340031746j)	0.29210782051086426	61.6621011011011
561	(0.5079922903677484+0.21481880819954532j)	0.29622769355773926	61.772210210210204
562	(0.5008535748714008+0.11267693450944j)	0.27584409713745117	61.882319319319315
563	(0.5001851288191417+0.01079860766535684j)	0.2754180431365967	61.992428428428425
564	(0.5058317119766974-0.0909564451863891j)	0.2790257930755615	62.102537537537536
565	(0.518278314691809-0.19197740104210642j)	0.2784078121185303	62.21264664664665
566	(0.5369794996044597-0.2915420531149257j)	0.27686023712158203	62.32275575575575
567	(0.5618351090195767-0.389822083008065j)	0.27907490730285645	62.43286486486486
568	(0.5931767516766718-0.4860979329031012j)	0.27675604820251465	62.54297397397397
569	(0.6303113808662464-0.5797949425109176j)	0.2809479236602783	62.65308308308308
570	(0.6732056233494637-0.6710857502784882j)	0.2833588123321533	62.763192192192186
571	(0.7220179880433351-0.7591724053448925j)	0.2792332172393799	62.8733013013013
572	(0.7759616085270764-0.8436505088278834j)	0.28319811820983887	62.98341041041041
573	(0.8350724011900028-0.9246730931541225j)	0.2791297435760498	63.09351951951952
574	(0.8993339759027086-1.0014102176052373j)	0.2804560661315918	63.20362862862863
575	(0.9679136163979143-1.0736509546130328j)	0.28020811080932617	63.31373773773773
576	(1.040910952498854-1.1415195325406724j)	0.2803637981414795	63.42384684684684
577	(1.1181276603824684-1.2042066431558256j)	0.2776200771331787	63.53395595595595
578	(1.1987245345091329-1.261705421881655j)	0.27764201164245605	63.644065065065064
579	(1.282843446864737-1.3141003792559118j)	0.28074097633361816	63.75417417417417
580	(1.370098730515598-1.3606473655666274j)	0.27695584297180176	63.86428328328328
581	(1.4596830406574286-1.4015331169892438j)	0.275158166885376	63.97439239239239
582	(1.5517547593132397-1.4367844804673986j)	0.2786290645599365	64.0845015015015
583	(1.6457534453644993-1.4657537067657525j)	0.27876782417297363	64.19461061061061
584	(1.7409451644902438-1.4887960542111218j)	0.27594518661499023	64.30471971971973
585	(1.837489837312122-1.5058639271216347j)	0.28113317489624023	64.41482882882883
586	(1.934685731131052-1.516440133965936j)	0.2781388759613037	64.52493793793793
587	(2.031916568416192-1.5210157973893028j)	0.2765161991119385	64.63504704704705
588	(2.129331209389753-1.5194732583083241j)	0.2809181213378906	64.74515615615616
589	(2.2261288859137656-1.5114584111459157j)	0.27624082565307617	64.85526526526527
590	(2.3218460527771936-1.4975751180576684j)	0.2798938751220703	64.96537437437438
591	(2.416601064420572-1.4776504244908777j)	0.2758800983428955	65.07548348348348
592	(2.5095356559353608-1.4515247313845334j)	0.2833249568939209	65.1855925925926
593	(2.6003477312082866-1.4198819023057745j)	0.27806997299194336	65.2957017017017
594	(2.689102238761289-1.382513408335278j)	0.277965784072876	65.40581081081082
595	(2.7749144113165958-1.3394657480178749j)	0.27817797660827637	65.51591991991992
596	(2.8576482549141575-1.2914596140561054j)	0.27599596977233887	65.62602902902903
597	(2.937290384958945-1.2382606543621302j)	0.28063082695007324	65.73613813813814
598	(3.012978563199271-1.180116093877661j)	0.2766692638397217	65.84624724724725
599	(3.08473086482152-1.1177276480170688j)	0.27960991859436035	65.95635635635637
600	(3.152306679181522-1.0508917513147447j)	0.2789628505706787	66.06646546546547
601	(3.215371434048019-0.9799128928470853j)	0.27820396423339844	66.17657457457457
602	(3.2736466979879295-0.9055637844912374j)	0.27767086029052734	66.28668368368369
603	(3.3271209268937225-0.8275652161470144j)	0.2763688564300537	66.3967927927928
604	(3.375122952454333-0.7465088623483902j)	0.28069591522216797	66.50690190190191
605	(3.417980542131949-0.6629657764775729j)	0.2778809070587158	66.61701101101102
606	(3.4554610457484105-0.5767376775869719j)	0.27962207794189453	66.72712012012012
607	(3.487050625375243-0.48856170325046117j)	0.2779548168182373	66.83722922922924
608	(3.5131897528685245-0.3989067984071567j)	0.2851848602294922	66.94733833833834
609	(3.5335824678903434-0.3076433719589939j)	0.28027892112731934	67.05744744744744
610	(3.547889552791955-0.21561661727051154j)	0.28210997581481934	67.16755655655656
611	(3.556512716037245-0.12299953636106542j)	0.2832460403442383	67.27766566566567
612	(3.5594361602183966-0.030260373722555023j)	0.27765774726867676	67.38777477477478
613	(3.5561768280792774+0.062217933215779175j)	0.2783031463623047	67.49788388388389
614	(3.547394457959384+0.15405898835443022j)	0.27654004096984863	67.60799299299299
615	(3.5327093669168543+0.24522830803655615j)	0.2784707546234131	67.71810210210211
616	(3.512176565622378+0.3348235130534861j)	0.27553606033325195	67.82821121121121
617	(3.4863563733756258+0.42278986635330107j)	0.2788090705871582	67.93832032032033
618	(3.454872468320125+0.5089977153466484j)	0.27843308448791504	68.04842942942943
619	(3.4179892946882595+0.5925881599791896j)	0.27704381942749023	68.15853853853854
620	(3.376250487192492+0.6736400987245605j)	0.2793748378753662	68.26864764764765
621	(3.3293119596636482+0.7519212592267626j)	0.2754371166229248	68.37875675675676
622	(3.2776508046206154+0.8266561742022895j)	0.27787280082702637	68.48886586586588
623	(3.2217051857615098+0.8980179996859232j)	0.2762618064880371	68.59897497497498
624	(3.1612364156752606+0.9656901735486215j)	0.2799508571624756	68.70908408408408
625	(3.096846016173609+1.0290014130809815j)	0.2774629592895508	68.8191931931932
626	(3.029010518161692+1.0882329198139815j)	0.2936861515045166	68.9293023023023
627	(2.957280555785842+1.1426578751312468j)	0.27736687660217285	69.03941141141142
628	(2.8826460834941963+1.1927160901909604j)	0.27710509300231934	69.14952052052053
629	(2.805306766110137+1.2378135364835898j)	0.27625179290771484	69.25962962962963
630	(2.7253261427350535+1.2777425910234843j)	0.263150691986084	69.36973873873875
631	(2.6429772871772226+1.3123568699495847j)	0.2772181034088135	69.47984784784785
632	(2.5590093830932843+1.3418942798594211j)	0.28004884719848633	69.58995695695695
633	(2.4732294549155145+1.3659139329120507j)	0.2762932777404785	69.70006606606607
634	(2.3865185960197874+1.3843003737603332j)	0.2780449390411377	69.81017517517517
635	(2.298963805314336+1.3974758439838562j)	0.28276586532592773	69.92028428428429
636	(2.2106887426158135+1.4049324609887617j)	0.2791130542755127	70.0303933933934
637	(2.1225789244710493+1.4067528817977806j)	0.2806880474090576	70.1405025025025
638	(2.034619648858098+1.4033359858616246j)	0.28072190284729004	70.25061161161162
639	(1.947057985991247+1.3941908683682323j)	0.2781400680541992	70.36072072072072
640	(1.8607304652590568+1.3795855063985365j)	0.27828097343444824	70.47082982982984
641	(1.7755192582855108+1.359873078248563j)	0.2776319980621338	70.58093893893894
642	(1.6917851617215005+1.3346159592533124j)	0.2754707336425781	70.69104804804805
643	(1.6102656000888675+1.3042595132378827j)	0.2798447608947754	70.80115715715716
644	(1.5307587772996993+1.269097746325151j)	0.28266215324401855	70.91126626626627
645	(1.453725325740054+1.2287836610520644j)	0.2771329879760742	71.02137537537538
646	(1.3797735133386415+1.183922340135392j)	0.27888035774230957	71.13148448448449
647	(1.30864652088715+1.1347359645271866j)	0.2801687717437744	71.24159359359359
648	(1.240893907254673+1.0809955268235971j)	0.2778158187866211	71.35170270270271
649	(1.1769718208593183+1.0234250545147872j)	0.2792079448699951	71.46181181181181
650	(1.1165833527228413+0.9624022276444045j)	0.2804090976715088	71.57192092092093
651	(1.060396891151029+0.8971086197216663j)	0.27666592597961426	71.68203003003003
652	(1.0089617728654727+0.829084665865447j)	0.27126002311706543	71.79213913913914
653	(0.9610554930534626+0.7580484029639443j)	0.27980804443359375	71.90224824824826
654	(0.9182752968302067+0.6841204703592656j)	0.2786409854888916	72.01235735735736
655	(0.8803953333318442+0.6080920532013416j)	0.2788059711456299	72.12246646646646
656	(0.8471477172430991+0.529916964638957j)	0.27516698837280273	72.23257557557558
657	(0.8191509873624871+0.44977593325956755j)	0.28212618827819824	72.34268468468468
658	(0.7963062009079378+0.3684762261194518j)	0.27996230125427246	72.4527937937938
659	(0.778375406693649+0.2859034524526187j)	0.2757840156555176	72.5629029029029
660	(0.765927747819741+0.2023889320214051j)	0.2772059440612793	72.67301201201201
661	(0.7586800147442133+0.11869323839873491j)	0.27606725692749023	72.78312112112113
662	(0.7564569702726046+0.034653414430158416j)	0.2814040184020996	72.89323023023023
663	(0.7597488656363771-0.04925911652611202j)	0.2861032485961914	73.00333933933935
664	(0.7681211823925266-0.13237511687055112j)	0.27886295318603516	73.11344844844845
665	(0.7814748649714632-0.21488798580816637j)	0.27719902992248535	73.22355755755756
666	(0.8001963824848357-0.29621700760969555j)	0.279738187789917	73.33366666666667
667	(0.8237276350526893-0.37582416211495745j)	0.2821638584136963	73.44377577577578
668	(0.8520471480874616-0.45392195440765426j)	0.2826879024505615	73.5538848848849
669	(0.8854059147893161-0.5298538137952813j)	0.2838888168334961	73.663993993994
670	(0.9231476340296567-0.6032384527569901j)	0.2762608528137207	73.7741031031031
671	(0.9653184615465273-0.674284736281656j)	0.27834320068359375	73.88421221221222
672	(1.012007962930934-0.7422883250788246j)	0.27761006355285645	73.99432132132132
673	(1.0624943931686848-0.8070344971631006j)	0.27834606170654297	74.10443043043044
674	(1.1168843559676167-0.8686962159712042j)	0.28084707260131836	74.21453953953954
675	(1.1750954545104728-0.9265528224041754j)	0.2783167362213135	74.32464864864865
676	(1.2363884357836343-0.9805509038240828j)	0.2751321792602539	74.43475775775777
677	(1.3009214649300491-1.0308082431175865j)	0.2754671573638916	74.54486686686687
678	(1.368452398462491-1.0766214395329943j)	0.27872633934020996	74.65497597597599
679	(1.4382854040181232-1.1180988516282004j)	0.2847449779510498	74.76508508508509
680	(1.5105792187514346-1.1553005605035012j)	0.2815561294555664	74.8751941941942
681	(1.584984713200158-1.1875817900718497j)	0.2755458354949951	74.98530330330331
682	(1.6608455109826665-1.2152103084813983j)	0.2858550548553467	75.09541241241241
683	(1.7383809736464868-1.2381765392670807j)	0.2892720699310303	75.20552152152152
684	(1.817061930228061-1.2559496619216952j)	0.27541303634643555	75.31563063063064
685	(1.8963568186383988-1.2690106379845942j)	0.2828540802001953	75.42573973973974
686	(1.9764164872182248-1.2770611044779483j)	0.2757692337036133	75.53584884884886
687	(2.056647400457152-1.2799228144162949j)	0.2808258533477783	75.64595795795796
688	(2.1365934349407634-1.2780350724888834j)	0.27873992919921875	75.75606706706706
689	(2.2164230358393864-1.2712473170856393j)	0.2788379192352295	75.86617617617618
690	(2.2954026772307676-1.2593117456259288j)	0.2802751064300537	75.97628528528529
691	(2.373226439281556-1.2428051198355012j)	0.28166723251342773	76.0863943943944
692	(2.4500203507683027-1.221506714668819j)	0.280040979385376	76.19650350350351
693	(2.525003915488277-1.1953364831367592j)	0.278702974319458	76.30661261261261
694	(2.5980293971398756-1.1648994871689433j)	0.2806541919708252	76.41672172172173
695	(2.6691077549074818-1.1297734525952636j)	0.27402281761169434	76.52683083083083
696	(2.7376169364122447-1.0905284360379632j)	0.27764081954956055	76.63693993993995
697	(2.803413453072121-1.0472993896701128j)	0.2951850891113281	76.74704904904905
698	(2.8665332402623003-0.999963527778674j)	0.2989492416381836	76.85715815815816
699	(2.9262469199270034-0.9487978507854625j)	0.2806510925292969	76.96726726726727
700	(2.9826946350229875-0.8943826476169454j)	0.2778749465942383	77.07737637637638
701	(3.0357757967775347-0.836445762737256j)	0.2725660800933838	77.1874854854855
702	(3.0848293020547404-0.7754230063712094j)	0.2781047821044922	77.2975945945946
703	(3.130114659367032-0.7118344493960039j)	0.2795891761779785	77.4077037037037
704	(3.1714365160887423-0.6454258714288434j)	0.27989673614501953	77.51781281281282
705	(3.208245819625707-0.5767734217383885j)	0.2830839157104492	77.62792192192192
706	(3.240895785862385-0.5062928880554588j)	0.2794930934906006	77.73803103103103
707	(3.2689743405617326-0.4339390443532791j)	0.26769185066223145	77.84814014014015
708	(3.292502451416462-0.3598885269364027j)	0.2792057991027832	77.95824924924925
709	(3.3114868527388768-0.2849448453572776j)	0.27873730659484863	78.06835835835837
710	(3.3257417790745376-0.2087951552941807j)	0.2763187885284424	78.17846746746747
711	(3.3350361373105653-0.13219139250996448j)	0.27851223945617676	78.28857657657657
712	(3.339850268413556-0.05531958447769458j)	0.2805008888244629	78.39868568568569
713	(3.3398170666651996+0.021875350193999443j)	0.2787792682647705	78.5087947947948
714	(3.3348836898586587+0.09859779645696753j)	0.2793276309967041	78.61890390390391
715	(3.3255392318943477+0.1747798689968998j)	0.2862122058868408	78.72901301301302
716	(3.3113919609789346+0.25037070836927344j)	0.27931809425354004	78.83912212212212
717	(3.2925628959911366+0.32457893709927743j)	0.27925610542297363	78.94923123123124
718	(3.269513538554949+0.3974536820174861j)	0.27866196632385254	79.05934034034034
719	(3.241849936150379+0.4688421224079423j)	0.27735400199890137	79.16944944944946
720	(3.209862335886315+0.538007303630817j)	0.27666378021240234	79.27955855855856
721	(3.1739600594149104+0.6051089161428116j)	0.28104400634765625	79.38966766766767
722	(3.1337825437882065+0.6699015746661794j)	0.2813849449157715	79.49977677677678
723	(3.089778063656793+0.7317408059846379j)	0.278515100479126	79.60988588588589
724	(3.0422928464197057+0.790880835484122j)	0.28142523765563965	79.719994994995
725	(2.99103371492148+0.8469794213551303j)	0.276195764541626	79.83010410410411
726	(2.9365862777238894+0.8995186622453335j)	0.2766718864440918	79.94021321321321
727	(2.879218917437908+0.9488091722212739j)	0.2775862216949463	80.05032232232233
728	(2.818853937460236+0.9944944445034423j)	0.2764749526977539	80.16043143143143
729	(2.755792534906471+1.0359966693629319j)	0.2777879238128662	80.27054054054054
730	(2.6905918546971086+1.0738535554434616j)	0.27924489974975586	80.38064964964965
731	(2.6230164327057146+1.1075159901944418j)	0.27567315101623535	80.49075875875876
732	(2.5538122147179827+1.1367621288722167j)	0.2782578468322754	80.60086786786788
733	(2.48304531083724+1.1619467273332964j)	0.2805819511413574	80.71097697697698
734	(2.4107180991661656+1.182547578796979j)	0.28579092025756836	80.82108608608608
735	(2.337585908957946+1.1985427832629942j)	0.2772798538208008	80.9311951951952
736	(2.26362412441809+1.210256368554705j)	0.27672910690307617	81.0413043043043
737	(2.188955431716903+1.217188736435208j)	0.2822599411010742	81.15141341341342
738	(2.114330917071049+1.219478857901962j)	0.27937889099121094	81.26152252252253
739	(2.0396341754615137+1.2174369709748458j)	0.28389501571655273	81.37163163163163
740	(1.965124199029365+1.210589448894758j)	0.28311920166015625	81.48174074074075
741	(1.8915014574387474+1.1992399031958534j)	0.2796590328216553	81.59184984984985
742	(1.8185888223685467+1.1836362839917967j)	0.27913403511047363	81.70195895895897
743	(1.7467655642123519+1.1633607043156466j)	0.2777683734893799	81.81206806806807
744	(1.6766428270601907+1.138857068471232j)	0.2812690734863281	81.92217717717718
745	(1.6079944250952307+1.1102906902380456j)	0.2825889587402344	82.0322862862863
746	(1.5412999104736875+1.0773306055649026j)	0.27515172958374023	82.1423953953954
747	(1.4770377035731777+1.0405302810159638j)	0.282351016998291	82.25250450450451
748	(1.4149529476643863+0.9999780491698053j)	0.27680182456970215	82.36261361361362
749	(1.3555913205728332+0.955453577230663j)	0.2757291793823242	82.47272272272272
750	(1.299285612875636+0.9076047858475251j)	0.2798428535461426	82.58283183183184
751	(1.245774239800292+0.8564423700888897j)	0.2835829257965088	82.69294094094094
752	(1.1956520852799137+0.8018855981946469j)	0.27717113494873047	82.80305005005005
753	(1.149094973071191+0.7446398906039976j)	0.28478407859802246	82.91315915915916
754	(1.1058684059610318+0.6846443899844905j)	0.28031063079833984	83.02326826826827
755	(1.0665939609629524+0.6219660153864014j)	0.2790091037750244	83.13337737737739
756	(1.0312810027222208+0.5573168699212613j)	0.27625298500061035	83.24348648648649
757	(0.9997536584767137+0.490573252597282j)	0.27968811988830566	83.35359559559559
758	(0.9724859104893062+0.42184720011870314j)	0.2764699459075928	83.46370470470471
759	(0.9497281059469083+0.35209598953188026j)	0.2810659408569336	83.57381381381381
760	(0.9309635872488424+0.2808624569937183j)	0.276580810546875	83.68392292292293
761	(0.9168727577212306+0.20857470319143517j)	0.27646899223327637	83.79403203203204
762	(0.9071654828719247+0.13584981480941094j)	0.2777900695800781	83.90414114114114
763	(0.9017747972165389+0.06247332117029558j)	0.2776660919189453	84.01425025025026
764	(0.9011611547203715-0.011090320847823354j)	0.28050899505615234	84.12435935935936
765	(0.9049011894267476-0.08431416098285427j)	0.28366613388061523	84.23446846846848
766	(0.9143794064927675-0.1573908866701504j)	0.2565019130706787	84.34457757757758
767	(0.9257992341203468-0.2298120567109202j)	0.27825284004211426	84.45468668668668
768	(0.9427816099600719-0.3010950156567148j)	0.2800261974334717	84.5647957957958
769	(0.964027006184565-0.37145676194576993j)	0.27915120124816895	84.6749049049049
770	(0.989750527112599-0.4402413854214492j)	0.2789790630340576	84.78501401401402
771	(1.0193713726326064-0.5071705020050224j)	0.27997899055480957	84.89512312312313
772	(1.0530412129735975-0.5724020311116604j)	0.2797267436981201	85.00523223223223
773	(1.090829661119618-0.6352471803265267j)	0.28031086921691895	85.11534134134135
774	(1.1321246565552814-0.69557342209294j)	0.27714014053344727	85.22545045045045
775	(1.1771288660305272-0.753496933811695j)	0.28635191917419434	85.33555955955956
776	(1.2257495457221321-0.8083267770747922j)	0.2830328941345215	85.44566866866867
777	(1.277371227576745-0.860081571251653j)	0.2798171043395996	85.55577777777778
778	(1.3322235648328924-0.9088095632196286j)	0.2875792980194092	85.6658868868869
779	(1.3900477658484376-0.9538527586279469j)	0.28717684745788574	85.775995995996
780	(1.4502586254159988-0.9953632590113096j)	0.279465913772583	85.8861051051051
781	(1.513092368842725-1.0333075877253688j)	0.2794477939605713	85.99621421421422
782	(1.5781428887605977-1.0670892191217494j)	0.2769620418548584	86.10632332332332
783	(1.6448895188438963-1.0969748888838948j)	0.2796809673309326	86.21643243243244
784	(1.7135652788587254-1.1228468848425925j)	0.28133296966552734	86.32654154154154
785	(1.7836392444573006-1.144207559354307j)	0.2769279479980469	86.43665065065065
786	(1.8546888902831793-1.1614234300980644j)	0.278548002243042	86.54675975975977
787	(1.92692068874463-1.1743043485906635j)	0.2845430374145508	86.65686886886887
788	(1.9997064718221478-1.1824875092492237j)	0.27708888053894043	86.76697797797799
789	(2.0727351937309773-1.1864210822321777j)	0.28000402450561523	86.87708708708709
790	(2.1461594275312015-1.1858566271611086j)	0.2798898220062256	86.9871961961962
791	(2.219277783046442-1.1805902221459585j)	0.28052616119384766	87.09730530530531
792	(2.2918941872153624-1.171118116636742j)	0.27838730812072754	87.20741441441442
793	(2.3640825616146124-1.1571487706304437j)	0.2794950008392334	87.31752352352353
794	(2.434697719076036-1.1390493231384478j)	0.2718369960784912	87.42763263263264
795	(2.504869463134983-1.1161004705138557j)	0.2817502021789551	87.53774174174174
796	(2.5733735820726737-1.0892038913007913j)	0.28095102310180664	87.64785085085086
797	(2.6398749901017475-1.0580708768523912j)	0.28066587448120117	87.75795995995996
798	(2.7043857175672317-1.0231596759299988j)	0.27372312545776367	87.86806906906907
799	(2.7668887653699867-0.9842154769468796j)	0.27821993827819824	87.97817817817818
800	(2.82660996628917-0.9414380335950807j)	0.2812197208404541	88.08828728728729
801	(2.8837340712043646-0.8952953872723588j)	0.2759249210357666	88.1983963963964
802	(2.9380722762693794-0.8454755347911005j)	0.2798609733581543	88.30850550550551
803	(2.9890220963128717-0.792411613366746j)	0.27847981452941895	88.41861461461461
804	(3.0368348858786423-0.7364875894427381j)	0.27662110328674316	88.52872372372373
805	(3.081234950379293-0.6774422547509942j)	0.2815821170806885	88.63883283283283
806	(3.1217305948942884-0.6158450301908693j)	0.2788658142089844	88.74894194194195
807	(3.1586877841952803-0.5519397807186912j)	0.28281712532043457	88.85905105105105
808	(3.1916006781098947-0.4857165048046448j)	0.28238892555236816	88.96916016016016
809	(3.2202589215836954-0.41766410133964027j)	0.27797412872314453	89.07926926926928
810	(3.2449542155309823-0.3480619335735067j)	0.27266693115234375	89.18937837837838
811	(3.265311344247232-0.27676127826297847j)	0.278702974319458	89.2994874874875
812	(3.281085853488471-0.20453247604528824j)	0.28098201751708984	89.4095965965966
813	(3.292664761552432-0.13145550862066901j)	0.27695584297180176	89.5197057057057
814	(3.2996062219027955-0.05752769816763137j)	0.2828209400177002	89.62981481481482
815	(3.301878849558198+0.01650759101515642j)	0.27936887741088867	89.73992392392393
816	(3.299854267806295+0.09065535971965932j)	0.2773630619049072	89.85003303303304
817	(3.2930984953464124+0.16479322652858497j)	0.2789170742034912	89.96014214214215
818	(3.2817487790698996+0.2382006120437734j)	0.2782762050628662	90.07025125125125
819	(3.267446933334892+0.31264086379433964j)	0.2645299434661865	90.18036036036037
820	(3.245899500259779+0.3828281168924743j)	0.29305601119995117	90.29046946946947
821	(3.2212864360482554+0.4531309422746752j)	0.2786428928375244	90.40057857857859
822	(3.1926018345979275+0.5220201790466172j)	0.2767181396484375	90.51068768768769
823	(3.1594892681854096+0.5891443535597016j)	0.28566908836364746	90.6207967967968
824	(3.1223776567951784+0.6539157273623075j)	0.27694201469421387	90.73090590590591
825	(3.081486442223185+0.716540073426964j)	0.2777700424194336	90.84101501501502
826	(3.035635192484901+0.7767830787223848j)	0.25975608825683594	90.95112412412412
827	(2.988048252147057+0.833590178475849j)	0.27903103828430176	91.06123323323324
828	(2.9362000605355285+0.8877918821209392j)	0.27831482887268066	91.17134234234234
829	(2.880797301535927+0.9387048449382589j)	0.280148983001709	91.28145145145146
830	(2.8224819215522112+0.9859913939433225j)	0.2814640998840332	91.39156056056056
831	(2.761333721488497+1.0299224977044634j)	0.2770841121673584	91.50166966966967
832	(2.6972917520452446+1.0699562124400095j)	0.27921485900878906	91.61177877877878
833	(2.631063477524237+1.105911608271744j)	0.2797231674194336	91.72188788788789
834	(2.5626514544283454+1.1380404801671564j)	0.27811098098754883	91.831996996997
835	(2.49212780444544+1.1657790103594263j)	0.2781970500946045	91.94210610610611
836	(2.4202168822885923+1.1891025358561969j)	0.27993202209472656	92.05221521521521
837	(2.3468444766176226+1.2082253208682423j)	0.28102874755859375	92.16232432432433
838	(2.272216451044922+1.222599886599522j)	0.2782890796661377	92.27243343343343
839	(2.197025017278717+1.2323602019512157j)	0.2795298099517822	92.38254254254255
840	(2.121140314746957+1.2376790281326742j)	0.2799839973449707	92.49265165165166
841	(2.044887206961066+1.238059538315846j)	0.2870500087738037	92.60276076076076
842	(1.968903553875769+1.2337945032716524j)	0.28469085693359375	92.71286986986988
843	(1.8930200242052393+1.2250054935546166j)	0.27803802490234375	92.82297897897898
844	(1.8177598849466408+1.2114107332915693j)	0.27071309089660645	92.9330880880881
845	(1.743447715800425+1.1930503882737193j)	0.2807028293609619	93.0431971971972
846	(1.6701317042234303+1.1703698905255564j)	0.29238104820251465	93.1533063063063
847	(1.59828765700146+1.1429400822396176j)	0.27912282943725586	93.26341541541542
848	(1.5283566822038814+1.1112868764848227j)	0.28084492683410645	93.37352452452453
849	(1.4601676193345892+1.0754000330008662j)	0.2762491703033447	93.48363363363363
850	(1.3943420419944226+1.0350996039719689j)	0.277324914932251	93.59374274274275
851	(1.33118590608226+0.9909831920740595j)	0.2921741008758545	93.70385185185185
852	(1.2705450121469641+0.942973928599564j)	0.3101508617401123	93.81396096096097
853	(1.2130742219589603+0.8910357039471966j)	0.2976551055908203	93.92407007007007
854	(1.158925762702648+0.8358039061120444j)	0.29073309898376465	94.03417917917918
855	(1.1079742949162454+0.7771576045068361j)	0.2868647575378418	94.1442882882883
856	(1.0608825194496179+0.715215157553758j)	0.2850039005279541	94.2543973973974
857	(1.017642140626092+0.6506279583706411j)	0.2784566879272461	94.36450650650652
858	(0.9781867358650603+0.5832444688062045j)	0.28879213333129883	94.47461561561562
859	(0.9431366009093216+0.5133420963447082j)	0.3010282516479492	94.58472472472472
860	(0.9123567136419626+0.4415495001644338j)	0.29338693618774414	94.69483383383384
861	(0.8858434673386384+0.3676995379229886j)	0.2952408790588379	94.80494294294294
862	(0.8641560442087373+0.2922108823468761j)	0.2866208553314209	94.91505205205206
863	(0.8470326326097521+0.2156494900249919j)	0.28263211250305176	95.02516116116117
864	(0.8345377648313463+0.13784612816143837j)	0.28214216232299805	95.13527027027027
865	(0.8271329164484498+0.0593348685717322j)	0.2842130661010742	95.24537937937939
866	(0.8244428583808318-0.019409629553880425j)	0.2917919158935547	95.35548848848849
867	(0.8265889205173129-0.09854126527028417j)	0.2898900508880615	95.46559759759761
868	(0.8338958273084729-0.17742954322974205j)	0.29328012466430664	95.57570670670671
869	(0.8458971096469157-0.2557078495915125j)	0.3000161647796631	95.68581581581581
870	(0.8627616208440736-0.333489028274254j)	0.2999300956726074	95.79592492492493
871	(0.884657077972008-0.4100720420407503j)	0.2957141399383545	95.90603403403404
872	(0.9110576557080866-0.4852024716754161j)	0.3046882152557373	96.01614314314314
873	(0.9421708964463582-0.5589324406778553j)	0.29518723487854004	96.12625225225226
874	(0.9780058839139694-0.6305239778266989j)	0.29059290885925293	96.23636136136136
875	(1.0180122912459972-0.6998474133945307j)	0.2895488739013672	96.34647047047048
876	(1.0624286536163223-0.7668835940948034j)	0.29808783531188965	96.45657957957958
877	(1.1111026137390771-0.8309030536482883j)	0.28732895851135254	96.56668868868869
878	(1.1635039421987305-0.8918787230129863j)	0.2857480049133301	96.6767977977978
879	(1.2198460662697765-0.949805770815879j)	0.28093886375427246	96.7869069069069
880	(1.2798481256614174-1.0039255084161693j)	0.2828850746154785	96.89701601601602
881	(1.3429891410776131-1.0543930577042813j)	0.2907252311706543	97.00712512512513
882	(1.409490488594606-1.101049596400685j)	0.2810180187225342	97.11723423423423
883	(1.478907786026838-1.1433155122500827j)	0.2812371253967285	97.22734334334335
884	(1.5507236853086008-1.181404182395184j)	0.28391289710998535	97.33745245245245
885	(1.6251691714965413-1.215105436919502j)	0.28157591819763184	97.44756156156157
886	(1.7016288469022216-1.2439373701024459j)	0.30847597122192383	97.55767067067067
887	(1.779717870109936-1.268214200162412j)	0.30258703231811523	97.66777977977978
888	(1.859551170009161-1.2876408191906705j)	0.30390405654907227	97.7778888888889
889	(1.9404368128839424-1.3018799113143222j)	0.3005199432373047	97.887997997998
890	(2.0220878202211723-1.3113012968188864j)	0.30028700828552246	97.99810710710712
891	(2.104544613462872-1.3155711350144617j)	0.3042490482330322	98.10821621621622
892	(2.1870733957174306-1.3145009561746126j)	0.3008110523223877	98.21832532532532
893	(2.2695247987330354-1.3083695910118778j)	0.32431483268737793	98.32843443443444
894	(2.3517339880068393-1.2972533830103241j)	0.32447314262390137	98.43854354354355
895	(2.4330633262116153-1.2807197253344285j)	0.32228708267211914	98.54865265265265
896	(2.5133915637835744-1.2593443205025419j)	0.2996349334716797	98.65876176176177
897	(2.5925818922647075-1.232779566130254j)	0.3000640869140625	98.76887087087087
898	(2.669877865822473-1.2012079166605323j)	0.3032057285308838	98.87897997997999
899	(2.745295697969213-1.1650445707861523j)	0.304506778717041	98.98908908908909
900	(2.818595667714033-1.123973359984799j)	0.2968411445617676	99.0991981981982
901	(2.889072747291793-1.0783332141289865j)	0.30670881271362305	99.20930730730731
902	(2.9568285148133624-1.0285035198134547j)	0.3135809898376465	99.31941641641642
903	(3.021535728270354-0.9742107371934292j)	0.30361390113830566	99.42952552552553
904	(3.082584263379537-0.9159380795045904j)	0.29671382904052734	99.53963463463464
905	(3.1401524596293684-0.8540061229462842j)	0.2964622974395752	99.64974374374374
906	(3.193847987378473-0.788213850150397j)	0.30756688117980957	99.75985285285286
907	(3.243186969199331-0.7191686262343137j)	0.2956399917602539	99.86996196196196
908	(3.288414473924669-0.6471254352278276j)	0.29394102096557617	99.98007107107108
909	(3.329082997578212-0.5719860021881253j)	0.29865217208862305	100.09018018018018
910	(3.364864849480647-0.4944542570971222j)	0.300156831741333	100.20028928928929
911	(3.39603620551534-0.4147193968490246j)	0.2998530864715576	100.3103983983984
912	(3.42211734383963-0.3327937167152007j)	0.30039286613464355	100.42050750750751
913	(3.442940772669503-0.24944983198142417j)	0.29816102981567383	100.53061661661663
914	(3.458788636954301-0.1647896946667356j)	0.2914590835571289	100.64072572572573
915	(3.4691750134957333-0.07895383198146655j)	0.3009507656097412	100.75083483483483
916	(3.474096541196862+0.007281908294119788j)	0.3007049560546875	100.86094394394395
917	(3.4738303704358624+0.09388627244858239j)	0.2919278144836426	100.97105305305305
918	(3.46791438729285+0.1806126683360112j)	0.2928929328918457	101.08116216216216
919	(3.4565170891024337+0.2667115966562065j)	0.2967507839202881	101.19127127127128
920	(3.4398999580074214+0.3522236263805858j)	0.2975339889526367	101.30138038038038
921	(3.4176567265230795+0.43679356834660293j)	0.2955338954925537	101.4114894894895
922	(3.390127935698131+0.5197324030087644j)	0.3470280170440674	101.5215985985986
923	(3.3575485833038146+0.6011318937680876j)	0.34328389167785645	101.6317077077077
924	(3.3195956603212173+0.6805329826557499j)	0.3256211280822754	101.74181681681682
925	(3.2767577259574927+0.7573392935611962j)	0.3197638988494873	101.85192592592593
926	(3.229211016764902+0.8316748881369587j)	0.3070390224456787	101.96203503503504
927	(3.1767489203606454+0.9029890292195073j)	0.2985727787017822	102.07214414414415
928	(3.119968347813248+0.9708125772021197j)	0.30187225341796875	102.18225325325325
929	(3.058984614721243+1.0352874813859458j)	0.3068089485168457	102.29236236236237
930	(2.993713413092853+1.0958179284207494j)	0.30002713203430176	102.40247147147147
931	(2.924725190266259+1.1510308097491129j)	0.31149983406066895	102.51258058058059
932	(2.85239027949211+1.2042233398079123j)	0.30035400390625	102.6226896896897
933	(2.77644982030759+1.2516443403019792j)	0.29920005798339844	102.7327987987988
934	(2.6977319039197996+1.2941796172045201j)	0.30083298683166504	102.84290790790791
935	(2.6162492161667488+1.3319803731333102j)	0.30047106742858887	102.95301701701702
936	(2.5322047468686724+1.3644538575953478j)	0.3016011714935303	103.06312612612614
937	(2.446339554328509+1.3916052129908578j)	0.3045802116394043	103.17323523523524
938	(2.358631535437217+1.4135590544041792j)	0.3033161163330078	103.28334434434434
939	(2.2694277417570428+1.4297655174926696j)	0.3024930953979492	103.39345345345346
940	(2.179446078699225+1.4403859286290512j)	0.3318328857421875	103.50356256256256
941	(2.0886337713532046+1.445504957428693j)	0.31648993492126465	103.61367167167167
942	(1.9974644574233276+1.444645899678142j)	0.30397701263427734	103.72378078078079
943	(1.9065860430810428+1.4381168359715777j)	0.3036000728607178	103.83388988988989
944	(1.8159261074224387+1.4259577765176619j)	0.30409908294677734	103.943998998999
945	(1.7260610519668516+1.4078058744312216j)	0.30544400215148926	104.05410810810811
946	(1.6375406674809587+1.384101432749385j)	0.2984127998352051	104.16421721721721
947	(1.550283131525417+1.3548477355992588j)	0.29997897148132324	104.27432632632633
948	(1.4649452397582037+1.3198236421913423j)	0.3004930019378662	104.38443543543544
949	(1.381961182657967+1.2795788865807114j)	0.3069760799407959	104.49454454454455
950	(1.3012689143812117+1.2340851164932145j)	0.3031611442565918	104.60465365365366
951	(1.2235742310912718+1.1832768183322755j)	0.30570292472839355	104.71476276276276
952	(1.1491841354329553+1.1277765508628852j)	0.3029639720916748	104.82487187187188
953	(1.078068024006655+1.0675249861767608j)	0.30059194564819336	104.93498098098098
954	(1.0109500644758713+1.0026126703149387j)	0.3053457736968994	105.0450900900901
955	(0.9479902878152086+0.93365402316787j)	0.29845404624938965	105.1551991991992
956	(0.8891957346911484+0.8606972450486468j)	0.30669689178466797	105.2653083083083
957	(0.835262553727346+0.7838541622277141j)	0.3565511703491211	105.37541741741742
958	(63842969.92867907-1852044332.3062122j)	0.3185873031616211	105.48552652652653
959	(0.7420440033319267+0.6205292095312309j)	0.30731892585754395	105.59563563563565
960	(0.7034292418349538+0.5342929097036513j)	0.3072550296783447	105.70574474474475
961	(0.6702019183775911+0.4459451824342448j)	0.30345606803894043	105.81585385385385
962	(0.6424561415179385+0.35521240480602295j)	0.30079102516174316	105.92596296296297
963	(0.6207089682607714+0.2627075780495375j)	0.2998368740081787	106.03607207207207
964	(0.6046904004505503+0.16901413785858477j)	0.29843592643737793	106.14618118118119
965	(0.594530461160224+0.07407670254269072j)	0.2994687557220459	106.2562902902903
966	(0.5906236195042757-0.021438019676890407j)	0.30194592475891113	106.3663993993994
967	(0.592595229368226-0.11703011673161698j)	0.3035750389099121	106.47650850850852
968	(0.6006145816623769-0.21271859433053064j)	0.29972290992736816	106.58661761761762
969	(0.6149297684279662-0.30775774982044485j)	0.3003718852996826	106.69672672672672
970	(0.6350787375141872-0.4017606703455253j)	0.3063530921936035	106.80683583583584
971	(0.6612554859652958-0.4947006218703596j)	0.31018996238708496	106.91694494494494
972	(0.6935345830001849-0.5857954140554339j)	0.3014709949493408	107.02705405405406
973	(0.7313895935295903-0.67478103070011j)	0.30381107330322266	107.13716316316317
974	(0.7750181582638598-0.7615742083813217j)	0.30486106872558594	107.24727227227227
975	(0.8243075500260916-0.8453891567590937j)	0.30660295486450195	107.35738138138139
976	(0.8786967918990196-0.9260844421328301j)	0.30786895751953125	107.46749049049049
977	(0.9383696524410365-1.003510554141151j)	0.3031919002532959	107.57759959959961
978	(1.0030341301338763-1.0769120688020613j)	0.29923105239868164	107.68770870870871
979	(1.0721305806214914-1.1462659101819874j)	0.3049030303955078	107.79781781781782
980	(1.145815725547603-1.2113573486957978j)	0.34831929206848145	107.90792692692693
981	(1.2236402332560772-1.2715015481486869j)	0.3032550811767578	108.01803603603604
982	(1.305076290384999-1.3267943221107161j)	0.30310773849487305	108.12814514514515
983	(1.3902409687864445-1.3769665612904745j)	0.3029310703277588	108.23825425425426
984	(1.4785458236268854-1.4214503453231244j)	0.3008887767791748	108.34836336336336
985	(1.5695175204199754-1.4604534459070868j)	0.30540919303894043	108.45847247247248
986	(1.6632120139839357-1.4936672277280365j)	0.30461621284484863	108.56858158158158
987	(1.7589220802611798-1.5206754385009018j)	0.4241480827331543	108.6786906906907
988	(1.8565098663236135-1.5432202258674235j)	0.6436560153961182	108.7887997997998
989	(1.9551485611719797-1.5566413216855983j)	0.4919548034667969	108.89890890890891
