	res_adaptive	time_adaptive	w
0	(1.0825694522712117-0.05904061165943988j)	0.35022497177124023	0.001
1	(1.2793523307877996-0.22561330645883826j)	0.3120088577270508	0.1010990990990991
2	(1.3920316015534862-0.2845601389039068j)	0.3043508529663086	0.2011981981981982
3	(1.472597489500917-0.3245840918173538j)	0.3202707767486572	0.3012972972972973
4	(1.5381634049145534-0.347622492962936j)	0.30727410316467285	0.4013963963963964
5	(1.5984086602933705-0.36499202339946685j)	0.4214010238647461	0.5014954954954955
6	(1.6479632936859063-0.37702816542136125j)	0.34861183166503906	0.6015945945945946
7	(1.6931979302239215-0.3814165534416908j)	0.32813215255737305	0.7016936936936937
8	(1.7339133411232444-0.38599900774872764j)	0.31009602546691895	0.8017927927927928
9	(1.7676105964649176-0.38752465153119037j)	0.3197450637817383	0.9018918918918919
10	(1.8009789719132467-0.3871361650630333j)	0.310107946395874	1.001990990990991
11	(1.8310155355023714-0.38808470870598527j)	0.2965362071990967	1.10209009009009
12	(1.858253192622791-0.3851196402974074j)	0.3100309371948242	1.2021891891891892
13	(1.885625011338584-0.38161616268438003j)	0.32597780227661133	1.3022882882882882
14	(1.9083610227586147-0.3779417988979684j)	0.33292698860168457	1.4023873873873873
15	(1.9296431326361314-0.37172290337687686j)	0.3288440704345703	1.5024864864864864
16	(1.9501301773891733-0.3675981585315221j)	0.30580973625183105	1.6025855855855855
17	(1.967506985950819-0.36280083615558556j)	0.3051271438598633	1.7026846846846846
18	(1.9859826384606862-0.3567064829247558j)	0.30664920806884766	1.8027837837837837
19	(2.0029220823200697-0.3518569732937088j)	0.33429694175720215	1.9028828828828828
20	(2.017591685725155-0.3446272599153358j)	0.316298246383667	2.002981981981982
21	(2.0326240255369563-0.3376799782666397j)	0.3185610771179199	2.103081081081081
22	(2.0447757193722076-0.33194238565501344j)	0.3152740001678467	2.2031801801801802
23	(2.056575988325464-0.3248028766396019j)	0.3142402172088623	2.303279279279279
24	(2.0689756493140927-0.3193064442160102j)	0.3170042037963867	2.4033783783783784
25	(2.0790706828253946-0.31323330916396197j)	0.3214130401611328	2.5034774774774773
26	(2.090318127390556-0.3056849571011507j)	0.323991060256958	2.6035765765765766
27	(2.1000938458389973-0.29959501842741115j)	0.338392972946167	2.7036756756756755
28	(2.107864770098573-0.2923523099597571j)	0.3084678649902344	2.8037747747747748
29	(2.1165772799186118-0.2857601330772982j)	0.33254408836364746	2.9038738738738736
30	(2.1237813228803932-0.280549596504808j)	0.3188180923461914	3.003972972972973
31	(2.1310279469659386-0.2738013462203273j)	0.3418698310852051	3.104072072072072
32	(2.139019382077647-0.26795173986917514j)	0.32968592643737793	3.204171171171171
33	(2.1448793434493756-0.2617592125971696j)	0.31811022758483887	3.3042702702702704
34	(2.1510465852978404-0.2545792846402057j)	0.3073117733001709	3.4043693693693693
35	(2.1565507756676077-0.2492524527356293j)	0.34201598167419434	3.5044684684684686
36	(2.160746953500084-0.24335957483882592j)	0.31035900115966797	3.6045675675675675
37	(2.166383509431066-0.23767715674342538j)	0.33623790740966797	3.7046666666666668
38	(2.1710375253795955-0.23293482624765627j)	0.33864593505859375	3.8047657657657656
39	(2.1753193996328677-0.22654505001454445j)	0.3443260192871094	3.904864864864865
40	(2.18007285453563-0.2209649192893537j)	0.3300771713256836	4.004963963963965
41	(2.182876196086469-0.21573884068502347j)	0.320789098739624	4.105063063063064
42	(2.186191482859772-0.20990971262086283j)	0.3214399814605713	4.205162162162162
43	(2.1896622099725542-0.20576628887856302j)	0.3321220874786377	4.305261261261261
44	(2.1921938145888404-0.20090388929625164j)	0.343717098236084	4.405360360360361
45	(2.1959525357004774-0.1956489015241908j)	0.3038368225097656	4.50545945945946
46	(2.1986246182075746-0.19126847197229535j)	0.30150389671325684	4.605558558558559
47	(2.200542095380366-0.18571373912643052j)	0.3334321975708008	4.705657657657658
48	(2.203129800110495-0.18119325806851494j)	0.3250000476837158	4.805756756756757
49	(2.2044214331201646-0.17737118241841426j)	0.31641697883605957	4.905855855855856
50	(2.206486059134606-0.17270496656784812j)	0.304027795791626	5.005954954954955
51	(2.2089763416048616-0.16913806844751167j)	0.31157779693603516	5.106054054054055
52	(2.210264484789727-0.16478273304914337j)	0.3123352527618408	5.206153153153154
53	(2.212308681221202-0.16000845980672485j)	0.33136701583862305	5.306252252252253
54	(2.2134145736886075-0.15650569408769488j)	0.30504298210144043	5.4063513513513515
55	(2.2139561527805562-0.1522869153333668j)	0.41156506538391113	5.506450450450451
56	(2.215647830109306-0.14886997854040873j)	0.3031949996948242	5.60654954954955
57	(2.2164539899208813-0.1459185947701066j)	0.3657059669494629	5.706648648648649
58	(2.21773344631063-0.14174450554185325j)	0.4110419750213623	5.806747747747748
59	(2.2192224656970794-0.13845108315123367j)	0.34980201721191406	5.906846846846848
60	(2.2192902033643236-0.13482483073567486j)	0.6751329898834229	6.006945945945946
61	(2.2201048639235994-0.1310345482447539j)	0.5386779308319092	6.107045045045045
62	(2.220566851597334-0.12864597974799485j)	0.32559800148010254	6.207144144144144
63	(2.2207244769609487-0.12545420263070162j)	0.4043107032775879	6.307243243243244
64	(2.2220750837996133-0.12249005410764269j)	0.472991943359375	6.407342342342343
65	(2.2224067763695565-0.11985556652119889j)	0.45815587043762207	6.507441441441442
66	(2.2227193726882475-0.11612307798440202j)	0.3243141174316406	6.607540540540541
67	(2.2232769910055934-0.11348641387576464j)	0.29935789108276367	6.70763963963964
68	(2.2227066697516555-0.1109560725478862j)	0.3081669807434082	6.807738738738739
69	(2.223152214360959-0.10811600658996134j)	0.31302809715270996	6.907837837837838
70	(2.2236175571602144-0.10631748745367497j)	0.2935166358947754	7.007936936936938
71	(2.223553117806774-0.10350472158322255j)	0.31500792503356934	7.108036036036037
72	(2.22432103717152-0.10069416323967506j)	0.37182164192199707	7.2081351351351355
73	(2.223981430921993-0.09855129796877804j)	0.6376953125	7.308234234234234
74	(2.223570266829359-0.09567710035971766j)	0.668846845626831	7.408333333333334
75	(2.2238394353262545-0.09388674512598083j)	0.4429588317871094	7.508432432432433
76	(2.2233306554410563-0.09214451969022253j)	0.3217899799346924	7.608531531531532
77	(2.223733501292512-0.08965077647309738j)	0.30354809761047363	7.708630630630631
78	(2.224038999632713-0.08794559788765066j)	0.327502965927124	7.8087297297297305
79	(2.223434173601958-0.08546186980281723j)	0.3101651668548584	7.908828828828829
80	(2.223552545276629-0.08315660785087775j)	0.30650997161865234	8.008927927927928
81	(2.222933041040224-0.08183265816318053j)	0.31067419052124023	8.109027027027027
82	(2.222453934456226-0.07977057337195848j)	0.2986459732055664	8.209126126126126
83	(2.2228920529838487-0.07835401297533284j)	0.330460786819458	8.309225225225225
84	(2.222458488555798-0.07681383250771479j)	0.30429887771606445	8.409324324324324
85	(2.2224911722713148-0.07441006413615303j)	0.30471229553222656	8.509423423423423
86	(2.2223531528329006-0.07298110730099794j)	0.29582905769348145	8.609522522522521
87	(2.221340335345195-0.071208701849513j)	0.3165309429168701	8.709621621621622
88	(2.2213142701426567-0.06958824585903645j)	0.374859094619751	8.80972072072072
89	(2.2209536838369277-0.06880402739037295j)	0.31253814697265625	8.90981981981982
90	(2.220613783783126-0.06700503738650754j)	0.30073118209838867	9.009918918918919
91	(2.220982287448056-0.06553551382361456j)	0.3019862174987793	9.110018018018017
92	(2.220250452216209-0.06417247264057346j)	0.3499729633331299	9.210117117117116
93	(2.2197956959555363-0.06220107437955669j)	0.31089186668395996	9.310216216216215
94	(2.2195104680323996-0.061365404227832765j)	0.30954790115356445	9.410315315315314
95	(2.2186280905238176-0.06025924935893734j)	0.3845698833465576	9.510414414414415
96	(2.219320836469596-0.0602359096318158j)	0.31487393379211426	9.610513513513514
97	(2.2186461342630577-0.05813605247873832j)	0.3196389675140381	9.710612612612612
98	(2.2180867363640706-0.056385395563138374j)	0.31061792373657227	9.810711711711711
99	(2.218077367806364-0.05506568629518316j)	0.3164799213409424	9.91081081081081
100	(2.2171241509877833-0.054246277417410504j)	0.31277990341186523	10.010909909909909
101	(2.2166150572083243-0.052880229565524295j)	0.32829999923706055	10.111009009009008
102	(2.2166273829558456-0.052391228167025905j)	0.32034993171691895	10.211108108108109
103	(2.216011154874799-0.05144909458095959j)	0.32306408882141113	10.311207207207207
104	(2.2161417211615064-0.04998658963060543j)	0.3362739086151123	10.411306306306306
105	(2.215568839303594-0.04905693769344355j)	0.41634511947631836	10.511405405405405
106	(2.214864034705691-0.0478804529774044j)	0.31235408782958984	10.611504504504504
107	(2.214728202786603-0.047024285727432225j)	0.3368091583251953	10.711603603603603
108	(2.214016500676247-0.046707199030348256j)	0.297637939453125	10.811702702702702
109	(2.2137506053097127-0.04556048197030582j)	0.3194749355316162	10.9118018018018
110	(2.2139523900537363-0.044957701674653516j)	0.3168971538543701	11.011900900900901
111	(2.2132326352869045-0.04399948159991551j)	0.297191858291626	11.112
112	(2.213005763903874-0.042652316510562116j)	0.3183150291442871	11.212099099099099
113	(2.2124898818409666-0.04229895712631093j)	0.31634092330932617	11.312198198198198
114	(2.2119434109270424-0.04129318665384185j)	0.3327760696411133	11.412297297297297
115	(2.211745123652589-0.04086459546446497j)	0.31142711639404297	11.512396396396396
116	(2.2113611981719106-0.04058807180777024j)	0.2976808547973633	11.612495495495494
117	(2.211065792602767-0.03933857529154161j)	0.3169679641723633	11.712594594594595
118	(2.211066303457206-0.038661634106556875j)	0.3014073371887207	11.812693693693694
119	(2.2100890677138696-0.037809290878295765j)	0.3281972408294678	11.912792792792793
120	(2.2097590404084415-0.03708886622468943j)	0.3066897392272949	12.012891891891892
121	(2.2097616415477557-0.0373740095146432j)	0.2974061965942383	12.11299099099099
122	(2.208929907297735-0.036445170865820886j)	0.29702281951904297	12.21309009009009
123	(2.2091925641206984-0.03566846286336445j)	0.30484724044799805	12.313189189189188
124	(2.208763617208886-0.03528429145364631j)	0.29391908645629883	12.413288288288287
125	(2.2081534202478816-0.0341586898697096j)	0.30349016189575195	12.513387387387388
126	(2.207995385087549-0.03376478270961292j)	0.305988073348999	12.613486486486487
127	(2.2071597179036146-0.033575935290614534j)	0.2980160713195801	12.713585585585585
128	(2.207042712956614-0.03286917796538702j)	0.30751705169677734	12.813684684684684
129	(2.2071024783673105-0.032793480483012116j)	0.2931058406829834	12.913783783783783
130	(2.2065495792629912-0.03204376521435326j)	0.3028218746185303	13.013882882882882
131	(2.2065735924711127-0.03116867333373574j)	0.29515504837036133	13.113981981981981
132	(2.2055702928361245-0.03126760568090381j)	0.29912304878234863	13.214081081081082
133	(2.2052711058569376-0.030288818488792613j)	0.30445194244384766	13.31418018018018
134	(2.2053324538300325-0.030149908382532953j)	0.3152740001678467	13.41427927927928
135	(2.2048407462781334-0.030072344093548642j)	0.2986609935760498	13.514378378378378
136	(2.20482436264552-0.029213384299376033j)	0.29381823539733887	13.614477477477477
137	(2.204827406711127-0.028949013968655235j)	0.312802791595459	13.714576576576576
138	(2.2040292245998527-0.02831689320451969j)	0.31595802307128906	13.814675675675675
139	(2.203863529612403-0.027696596953326047j)	0.3245697021484375	13.914774774774774
140	(2.2034132820351835-0.027878170575594163j)	0.3269927501678467	14.014873873873874
141	(2.2029635826695815-0.027385797053185224j)	0.3097848892211914	14.114972972972973
142	(2.2036545426951415-0.026403892907102877j)	0.31503987312316895	14.215072072072072
143	(2.202849782869156-0.02688265373258969j)	0.3360869884490967	14.31517117117117
144	(2.202582172656729-0.025955722823039595j)	0.3157498836517334	14.41527027027027
145	(2.202403352104677-0.025824308273477703j)	0.3254966735839844	14.515369369369369
146	(2.201583633403062-0.025581861591219557j)	0.3112010955810547	14.615468468468467
147	(2.201586818862769-0.025191296777263394j)	0.30573415756225586	14.715567567567568
148	(2.2014843572906675-0.025393247284376086j)	0.30342698097229004	14.815666666666667
149	(2.2011463431752176-0.024772846634919965j)	0.3105299472808838	14.915765765765766
150	(2.201346583453005-0.02428165893056411j)	0.3072218894958496	15.015864864864865
151	(2.2007343677850058-0.024123281967938004j)	0.3147151470184326	15.115963963963964
152	(2.2002772902896486-0.02347082133885081j)	0.2970387935638428	15.216063063063062
153	(2.2002308704407185-0.023603082142793497j)	0.30472493171691895	15.316162162162161
154	(2.1996995262397054-0.023551040475959573j)	0.2996947765350342	15.41626126126126
155	(2.199890999111107-0.023030130333996146j)	0.30317211151123047	15.51636036036036
156	(2.199855222872196-0.023013966137189756j)	0.3004329204559326	15.61645945945946
157	(2.1992989485057675-0.022358419711570487j)	0.2938101291656494	15.716558558558559
158	(2.199277121936773-0.021971693340877785j)	0.29781079292297363	15.816657657657657
159	(2.1986937690484756-0.02213917975894364j)	0.292341947555542	15.916756756756756
160	(2.1983944433974485-0.021731832135743367j)	0.2930581569671631	16.01685585585586
161	(2.198648122841265-0.021815144667792108j)	0.29708123207092285	16.116954954954956
162	(2.1982641390614757-0.02162590116591634j)	0.29377198219299316	16.217054054054056
163	(2.1983002225776556-0.020912651303029772j)	0.29561543464660645	16.317153153153154
164	(2.198087242347934-0.02090763568264653j)	0.2953469753265381	16.417252252252254
165	(2.1973856144397423-0.020542402946848615j)	0.2972249984741211	16.51735135135135
166	(2.197447059139573-0.02038609095681787j)	0.2927689552307129	16.617450450450452
167	(2.1971779017612563-0.0206797172267994j)	0.2943079471588135	16.717549549549553
168	(2.197048749241974-0.020174347196554532j)	0.2959470748901367	16.81764864864865
169	(2.1973211451329044-0.019998444088404232j)	0.3007028102874756	16.91774774774775
170	(2.1967697358557823-0.019769096419949728j)	0.2977900505065918	17.017846846846847
171	(2.196558948101405-0.019184929860306843j)	0.29657411575317383	17.117945945945948
172	(2.196555073787444-0.01961259264909887j)	0.2949378490447998	17.218045045045045
173	(2.1958668828464174-0.019315700741819652j)	0.2999091148376465	17.318144144144146
174	(2.1961631620980673-0.01909428941806479j)	0.29567503929138184	17.418243243243246
175	(2.196056058323928-0.019203592328505437j)	0.30262017250061035	17.518342342342343
176	(2.1957721228449856-0.018554364759373998j)	0.297072172164917	17.618441441441444
177	(2.1958334073363153-0.018355777725465705j)	0.2950448989868164	17.71854054054054
178	(2.195193458685183-0.018393307056815855j)	0.29636096954345703	17.818639639639642
179	(2.1950386081288595-0.01805515022379378j)	0.2952601909637451	17.91873873873874
180	(2.1951512914021105-0.018357544122043157j)	0.30194091796875	18.01883783783784
181	(2.194834393884327-0.018158417512436076j)	0.2942769527435303	18.11893693693694
182	(2.195090544795358-0.017687145142369465j)	0.29794883728027344	18.219036036036037
183	(2.19484134318862-0.017715507561099075j)	0.2994842529296875	18.319135135135138
184	(2.194330445873152-0.017234606208110126j)	0.2962660789489746	18.419234234234235
185	(2.1943870840868795-0.01724593616012493j)	0.32195377349853516	18.519333333333336
186	(2.1939781849029947-0.017496677943573014j)	0.3083229064941406	18.619432432432433
187	(2.1940212576517206-0.01712042978875461j)	0.2884349822998047	18.719531531531533
188	(2.19426474103926-0.017191120611950828j)	0.298098087310791	18.81963063063063
189	(2.1938315416710528-0.01686932166776911j)	0.30439186096191406	18.91972972972973
190	(2.193836394131047-0.01639049947381066j)	0.2949061393737793	19.01982882882883
191	(2.193525882468732-0.016631911802423627j)	0.2963440418243408	19.11992792792793
192	(2.19308876244744-0.016421887126732093j)	0.299562931060791	19.22002702702703
193	(2.1933854453851196-0.016452484965506997j)	0.2942941188812256	19.320126126126127
194	(2.1931985082848193-0.01659327338058625j)	0.29433584213256836	19.420225225225227
195	(2.1931742454769143-0.016012470324777706j)	0.3025081157684326	19.520324324324324
196	(2.1932571505338374-0.015961626147876773j)	0.2948007583618164	19.620423423423425
197	(2.1926463839189196-0.015821156649051815j)	0.29448795318603516	19.720522522522526
198	(2.1926111588452395-0.01555944909216267j)	0.29842710494995117	19.820621621621623
199	(2.192540095178887-0.015951615902377148j)	0.2945730686187744	19.920720720720723
200	(2.192309937771086-0.015730920479475108j)	0.2954890727996826	20.02081981981982
201	(2.1926808597205003-0.01551486396568924j)	0.29507899284362793	20.12091891891892
202	(2.192409538773297-0.015516331768033353j)	0.2946939468383789	20.221018018018018
203	(2.1921289308780882-0.014974428563955033j)	0.30444788932800293	20.32111711711712
204	(2.192132588621737-0.015090189938292475j)	0.29661107063293457	20.42121621621622
205	(2.191641425386964-0.015212773135065083j)	0.30422019958496094	20.521315315315316
206	(2.1917995915067747-0.014982230143969266j)	0.30139803886413574	20.621414414414417
207	(2.1919428194447654-0.015213650239377374j)	0.29379820823669434	20.721513513513514
208	(2.191663137274017-0.01482839266738134j)	0.3027060031890869	20.821612612612615
209	(2.191827292404361-0.014493035505532825j)	0.29358673095703125	20.921711711711712
210	(2.1912052553341734-0.014969091405679036j)	0.30364298820495605	21.021810810810813
211	(2.191102414201546-0.014351452147538746j)	0.2943739891052246	21.121909909909913
212	(2.191312477989981-0.014568989762355988j)	0.2952759265899658	21.22200900900901
213	(2.1910605907660727-0.014674003307387107j)	0.29432201385498047	21.32210810810811
214	(2.1912477991096906-0.014227100721453612j)	0.2981750965118408	21.422207207207208
215	(2.19130317326567-0.01428108935875727j)	0.30382704734802246	21.52230630630631
216	(2.1908029518183794-0.013969176225084201j)	0.295835018157959	21.622405405405406
217	(2.1908508932085358-0.013794660714793183j)	0.29227304458618164	21.722504504504506
218	(2.190596855285562-0.014162550273270513j)	0.29923009872436523	21.822603603603604
219	(2.190464032386467-0.013933376975261647j)	0.2975270748138428	21.922702702702704
220	(2.1908426049085197-0.013957533058292615j)	0.30620503425598145	22.022801801801805
221	(2.190575763891389-0.013899210894635972j)	0.2948770523071289	22.122900900900902
222	(2.19052910651196-0.013372585697443595j)	0.2996680736541748	22.223000000000003
223	(2.190453397303718-0.013531671266336365j)	0.30652689933776855	22.3230990990991
224	(2.1899532676882147-0.013486729949094278j)	0.29392004013061523	22.4231981981982
225	(2.1901613393872115-0.013407060034345442j)	0.30620384216308594	22.523297297297297
226	(2.190160605864287-0.013714602802979203j)	0.2961862087249756	22.623396396396398
227	(2.1897154890737074-0.01310675272006745j)	0.29593324661254883	22.7234954954955
228	(2.190304351634048-0.013142610524614629j)	0.29953670501708984	22.823594594594596
229	(2.189863634043076-0.013152686954871484j)	0.29364895820617676	22.923693693693696
230	(2.1896856539331466-0.012818336409871178j)	0.29357290267944336	23.023792792792793
231	(2.1897518063650887-0.013142252971726998j)	0.29686975479125977	23.123891891891894
232	(2.189467757689088-0.013170356276411055j)	0.2975471019744873	23.22399099099099
233	(2.1897917263031967-0.01290627744331696j)	0.293668270111084	23.324090090090092
234	(2.1897885145992424-0.013018441570330164j)	0.3040292263031006	23.424189189189192
235	(2.189460897436549-0.012584061355728648j)	0.29969000816345215	23.52428828828829
236	(2.189546377514475-0.012507361024154284j)	0.29229092597961426	23.62438738738739
237	(2.189557032645272-0.013522860562549366j)	0.30025696754455566	23.724486486486487
238	(2.189116361646978-0.012542158278396887j)	0.30080294609069824	23.824585585585588
239	(2.1894101239073587-0.01276003656496516j)	0.3003990650177002	23.924684684684685
240	(2.1891797823913226-0.012633851548103259j)	0.30130696296691895	24.024783783783786
241	(2.1893346993372997-0.012198765816276214j)	0.29785823822021484	24.124882882882886
242	(2.189177403836877-0.01234537545825165j)	0.29749298095703125	24.224981981981983
243	(2.189341613126546-0.012445741421482137j)	0.2893381118774414	24.325081081081084
244	(2.1889374225423004-0.012194139668553206j)	0.2947251796722412	24.42518018018018
245	(2.188788018070003-0.012493608643224907j)	0.3010439872741699	24.52527927927928
246	(2.1888423592216304-0.01213377765446122j)	0.29589295387268066	24.62537837837838
247	(2.1891065267553977-0.012125945004124783j)	0.29801201820373535	24.72547747747748
248	(2.1886971542831795-0.011984916058160433j)	0.2977721691131592	24.825576576576577
249	(2.1886624621416773-0.011658583302471937j)	0.29883909225463867	24.925675675675677
250	(2.1885646211439163-0.012002163481456551j)	0.29622697830200195	25.025774774774778
251	(2.1882900562420975-0.011938939198993137j)	0.31560683250427246	25.125873873873875
252	(2.188662243685727-0.011876415033819088j)	0.2948641777038574	25.225972972972976
253	(2.188589815001632-0.012000880103434253j)	0.29648876190185547	25.326072072072073
254	(2.1884664352951915-0.01151812407954489j)	0.2945230007171631	25.426171171171173
255	(2.188557198465359-0.011516965262544976j)	0.3039689064025879	25.52627027027027
256	(2.1880888218503256-0.011603451934282916j)	0.2981250286102295	25.62636936936937
257	(2.1881291314795335-0.011434029329507545j)	0.3053319454193115	25.72646846846847
258	(2.1882745535502854-0.011773456422701667j)	0.321727991104126	25.82656756756757
259	(2.1881090367605562-0.011592353681095235j)	0.3079700469970703	25.92666666666667
260	(2.188404892686369-0.011308327791692219j)	0.30069613456726074	26.026765765765767
261	(2.1881846951168487-0.011397500286573714j)	0.30365681648254395	26.126864864864867
262	(2.187878067438249-0.011064284156367288j)	0.29781198501586914	26.226963963963964
263	(2.188005537192455-0.011225185049037911j)	0.3053092956542969	26.327063063063065
264	(2.1877343474276345-0.011446840048255025j)	0.29839515686035156	26.427162162162166
265	(2.1879166174502522-0.011181313641289603j)	0.3074681758880615	26.527261261261263
266	(2.1881287099066253-0.011308888290078922j)	0.2938833236694336	26.627360360360363
267	(2.1878124754043062-0.011038848195410011j)	0.2977299690246582	26.72745945945946
268	(2.1879006934238405-0.010769168048480604j)	0.29749488830566406	26.82755855855856
269	(2.1876537938501968-0.011052750599644834j)	0.31707000732421875	26.927657657657658
270	(2.1874283998292894-0.010906934176335259j)	0.3050978183746338	27.02775675675676
271	(2.187266137600283-0.010858392403790051j)	0.2895948886871338	27.127855855855856
272	(2.1876291614170755-0.011128720459386066j)	0.29709744453430176	27.227954954954956
273	(2.1877064954885745-0.010679393335757403j)	0.2973501682281494	27.328054054054057
274	(2.1877656881273553-0.010740867241753382j)	0.29807066917419434	27.428153153153154
275	(2.1873057750417364-0.010643040618565025j)	0.30460381507873535	27.528252252252255
276	(2.187398353114984-0.010537275253984069j)	0.29402804374694824	27.628351351351352
277	(2.187367091735416-0.010914052446267086j)	0.29340577125549316	27.728450450450453
278	(2.1872846802931645-0.01070488720636309j)	0.2958540916442871	27.82854954954955
279	(2.187643289080293-0.010602256250495934j)	0.294741153717041	27.92864864864865
280	(2.1873948947150166-0.010606756636010073j)	0.2932140827178955	28.02874774774775
281	(2.1872518579030937-0.010210783367368581j)	0.2982938289642334	28.128846846846848
282	(2.1872795114607753-0.010427397949096084j)	0.29885101318359375	28.22894594594595
283	(2.1869373056192303-0.010524768679894603j)	0.29845094680786133	28.329045045045046
284	(2.187194720801088-0.010389132611824836j)	0.2930617332458496	28.429144144144146
285	(2.1873080866544554-0.01060586228367233j)	0.303333044052124	28.529243243243243
286	(2.1871298061561624-0.010254485442329653j)	0.29953622817993164	28.629342342342344
287	(2.187302291556912-0.010077790469888326j)	0.30239105224609375	28.729441441441445
288	(2.186951976617185-0.010240972247544056j)	0.30034708976745605	28.829540540540542
289	(2.186805475379381-0.010038409258498304j)	0.3031730651855469	28.929639639639642
290	(2.1870300584930917-0.010305593019663606j)	0.29867005348205566	29.02973873873874
291	(2.186859312965659-0.010347811192473855j)	0.29900383949279785	29.12983783783784
292	(2.1871001517274364-0.010005118120621659j)	0.2926149368286133	29.229936936936937
293	(2.1871071070006494-0.010100851258748711j)	0.30026793479919434	29.330036036036038
294	(2.186732400715961-0.009839880809331625j)	0.29755592346191406	29.43013513513514
295	(2.1868442807126107-0.009806636217031706j)	0.3002631664276123	29.530234234234236
296	(2.1866454309593597-0.010137467208111484j)	0.29639196395874023	29.630333333333336
297	(2.186650519813679-0.009934475909317453j)	0.29360318183898926	29.730432432432433
298	(2.1869908738916664-0.010010278674656536j)	0.29604506492614746	29.830531531531534
299	(2.1867554614212223-0.009923164618435343j)	0.29653501510620117	29.93063063063063
300	(2.18678274597021-0.009535223095831769j)	0.2973809242248535	30.03072972972973
301	(2.1863452730573556-0.01001729099362414j)	0.29793286323547363	30.13082882882883
302	(2.186349338488739-0.009709915895179388j)	0.29537010192871094	30.23092792792793
303	(2.1866198421116-0.009714931701781448j)	0.30588698387145996	30.33102702702703
304	(2.186612856728949-0.009963192083707106j)	0.293093204498291	30.431126126126127
305	(2.186591563194248-0.009593565172222873j)	0.30242466926574707	30.531225225225228
306	(2.1867999223198913-0.009527968488725114j)	0.2972900867462158	30.631324324324325
307	(2.1864103463231803-0.009537255184106253j)	0.294694185256958	30.731423423423426
308	(2.1863569569114607-0.009315255980170967j)	0.41562795639038086	30.831522522522523
309	(2.186158845461457-0.009608885920577737j)	0.3193690776824951	30.931621621621623
310	(2.186249878435185-0.009632564190957593j)	0.30069804191589355	31.031720720720724
311	(2.1865914105168756-0.009447352804362152j)	0.2944808006286621	31.13181981981982
312	(2.1865405642558398-0.00954522236488653j)	0.2963278293609619	31.23191891891892
313	(2.1863096566838256-0.009173239245780007j)	0.29716014862060547	31.33201801801802
314	(2.186407909042679-0.00920791192681325j)	0.29732227325439453	31.43211711711712
315	(2.1860830385573466-0.00942538493352385j)	0.30397510528564453	31.532216216216217
316	(2.186163848244216-0.009262448270561663j)	0.29544997215270996	31.632315315315317
317	(2.1864160119173977-0.009482404460891491j)	0.29370594024658203	31.732414414414418
318	(2.186232819297451-0.009316155965458206j)	0.2988770008087158	31.832513513513515
319	(2.186405826529901-0.009001964820260666j)	0.29456520080566406	31.932612612612616
320	(2.1862266899129392-0.00917166721801771j)	0.30481410026550293	32.03271171171171
321	(2.1859286775690987-0.008998322160794048j)	0.2949512004852295	32.13281081081081
322	(2.1861525301353084-0.009130048028925197j)	0.2937741279602051	32.23290990990991
323	(2.1860298516845242-0.00935234420723513j)	0.29909825325012207	32.333009009009004
324	(2.186155867924393-0.009029490661784129j)	0.29497385025024414	32.43310810810811
325	(2.186350069952031-0.009071367338658848j)	0.3020610809326172	32.533207207207205
326	(2.18599178888769-0.008925762363506062j)	0.2941861152648926	32.6333063063063
327	(2.186027355783934-0.008723393018729847j)	0.2935512065887451	32.733405405405406
328	(2.185933906130227-0.00906443074012342j)	0.29480814933776855	32.8335045045045
329	(2.185779888852382-0.008975859329112462j)	0.2962617874145508	32.9336036036036
330	(2.1861452485349324-0.008967804131446516j)	0.29273319244384766	33.0337027027027
331	(2.186044954598515-0.009039451335472154j)	0.30203914642333984	33.1338018018018
332	(2.185987653901934-0.008627094964927084j)	0.2982349395751953	33.2339009009009
333	(2.186045260263419-0.00871208989793823j)	0.29462504386901855	33.333999999999996
334	(2.1856586593912155-0.008775841927372657j)	0.2963430881500244	33.4340990990991
335	(2.1857900215815054-0.008677869211306505j)	0.30019211769104004	33.5341981981982
336	(2.185905552287203-0.008984921305370402j)	0.297987699508667	33.634297297297294
337	(2.185804833123688-0.008768179824414593j)	0.2938699722290039	33.73439639639639
338	(2.186075621341448-0.008576632311880106j)	0.2986431121826172	33.834495495495496
339	(2.185832848704695-0.008659228784393111j)	0.2970101833343506	33.93459459459459
340	(2.1858911479580385-0.008444958748378348j)	0.29418182373046875	34.03469369369369
341	(2.1857658058514984-0.008614121638609584j)	0.29351806640625	34.134792792792794
342	(2.1855553689012974-0.008763769338445249j)	0.29677891731262207	34.23489189189189
343	(2.1857923126307592-0.008541532684387891j)	0.2951631546020508	34.33499099099099
344	(2.185930506206856-0.008667877846758057j)	0.2957732677459717	34.435090090090085
345	(2.185665797995343-0.008396808635720624j)	0.3108377456665039	34.53518918918919
346	(2.185771313751581-0.008246664895798703j)	0.2996551990509033	34.63528828828829
347	(2.1855342812881315-0.008515397381256007j)	0.2972230911254883	34.735387387387384
348	(2.1854297757091454-0.008292858940384132j)	0.2961850166320801	34.83548648648649
349	(2.185743208334378-0.008535770479150802j)	0.29367613792419434	34.935585585585585
350	(2.1856128498750844-0.008561028333054312j)	0.29218196868896484	35.03568468468468
351	(2.1857256618213747-0.008183735644488238j)	0.2944629192352295	35.13578378378378
352	(2.1857264504301694-0.008292248360747927j)	0.295457124710083	35.23588288288288
353	(2.1853511035319815-0.008193563063642884j)	0.30339813232421875	35.33598198198198
354	(2.1854996777281803-0.008173535391144217j)	0.29280829429626465	35.43608108108108
355	(2.1854615822274517-0.00849782227181977j)	0.3005669116973877	35.53618018018018
356	(2.1854558737678698-0.008270104135165282j)	0.3279139995574951	35.63627927927928
357	(2.1857617323744596-0.008224240501315164j)	0.30437612533569336	35.736378378378376
358	(2.1855009210179905-0.008200577080894542j)	0.29604196548461914	35.83647747747747
359	(2.185430785425066-0.007893493581842867j)	0.2958979606628418	35.93657657657658
360	(2.185441447960417-0.008152382393120342j)	0.29323530197143555	36.036675675675674
361	(2.1851860316300287-0.0082002910256838j)	0.2923159599304199	36.13677477477477
362	(2.1854797941876813-0.008112280261193094j)	0.2946019172668457	36.236873873873876
363	(2.185535598598176-0.008286184476078484j)	0.29295802116394043	36.33697297297297
364	(2.1854069800433784-0.007942387038822107j)	0.29517316818237305	36.43707207207207
365	(2.185551301036385-0.007865244079740569j)	0.29790425300598145	36.53717117117117
366	(2.1852192128605945-0.008008620768298086j)	0.31575775146484375	36.63727027027027
367	(2.1851778093653773-0.007854199292479602j)	0.2949190139770508	36.73736936936937
368	(2.185378307482686-0.008129239673139582j)	0.29692792892456055	36.837468468468465
369	(2.1852442156097136-0.008099389289196984j)	0.2929980754852295	36.93756756756757
370	(2.1853006953477503-0.007840434864461926j)	0.3015909194946289	37.03766666666667
371	(2.1854338461380975-0.007924895127482179j)	0.2914721965789795	37.137765765765764
372	(2.185137154895009-0.007686793621196175j)	0.2925539016723633	37.23786486486486
373	(2.1852674646921706-0.007741696922600433j)	0.2948009967803955	37.337963963963965
374	(2.185088476169322-0.008015285618018814j)	0.2956879138946533	37.43806306306306
375	(2.185173499031259-0.00782090980554423j)	0.2992691993713379	37.53816216216216
376	(2.1854496867933695-0.007912110287369378j)	0.3003668785095215	37.638261261261256
377	(2.1852193709533734-0.007785053891910032j)	0.2968299388885498	37.73836036036036
378	(2.1852781597562747-0.007494320252593667j)	0.3092780113220215	37.83845945945946
379	(2.1851674477109904-0.007734252154483978j)	0.2968308925628662	37.938558558558555
380	(2.184916447791108-0.007674745846250941j)	0.2919740676879883	38.03865765765766
381	(2.1852045343552753-0.007727218125632873j)	0.2979910373687744	38.138756756756756
382	(2.185169663550307-0.007906370847004296j)	0.2934098243713379	38.23885585585585
383	(2.1851931631085666-0.0075542443929446645j)	0.30315184593200684	38.33895495495495
384	(2.18534043933815-0.00755432884965318j)	0.29871678352355957	38.439054054054054
385	(2.1849784319395535-0.007546509490875153j)	0.2993500232696533	38.53915315315315
386	(2.184999028648525-0.007401704480262783j)	0.29934000968933105	38.63925225225225
387	(2.185052980377206-0.007733723051401131j)	0.3037600517272949	38.73935135135135
388	(2.1849403472294124-0.007653216692396103j)	0.296889066696167	38.83945045045045
389	(2.1852661110412437-0.007519370949717941j)	0.29596877098083496	38.93954954954955
390	(2.1851592275260647-0.007589340762266028j)	0.2990610599517822	39.039648648648644
391	(2.1849899047977748-0.007260935606421104j)	0.2939927577972412	39.13974774774775
392	(2.1850728380577684-0.00737271451286825j)	0.2952687740325928	39.239846846846845
393	(2.1847925070827823-0.0075418898737667495j)	0.296004056930542	39.33994594594594
394	(2.184945094164706-0.0074088656004485665j)	0.29088425636291504	39.440045045045046
395	(2.1851390980647416-0.0076125591956475724j)	0.29109716415405273	39.54014414414414
396	(2.184980102315296-0.007405820434382537j)	0.2960813045501709	39.64024324324324
397	(2.1851451751721207-0.007182270475248054j)	0.2926199436187744	39.74034234234234
398	(2.184935765391781-0.007352664668643372j)	0.29447388648986816	39.84044144144144
399	(2.1847346087913166-0.007199650294080262j)	0.29633188247680664	39.94054054054054
400	(2.1849588540043268-0.007373955228916429j)	0.29781293869018555	40.040639639639636
401	(2.1848449296460126-0.007518734303926244j)	0.29407787322998047	40.14073873873874
402	(2.1850060530210627-0.007221864503784037j)	0.29651784896850586	40.24083783783784
403	(2.185124152008945-0.0072899316893364485j)	0.29460930824279785	40.340936936936934
404	(2.1847997917875737-0.007134421377213762j)	0.30014896392822266	40.44103603603603
405	(2.1848737653358468-0.007024097584912958j)	0.2976813316345215	40.541135135135136
406	(2.184771462174753-0.007343307333821381j)	0.3118877410888672	40.64123423423423
407	(2.18470133432486-0.007227319128861209j)	0.2997739315032959	40.74133333333333
408	(2.1850365823940723-0.007251058179089331j)	0.3001711368560791	40.841432432432434
409	(2.1848178658670685-0.006965896832587859j)	0.3028600215911865	40.94153153153153
410	(2.1848840426342253-0.006914757223297485j)	0.2990899085998535	41.04163063063063
411	(2.1848999749698867-0.007055469455086949j)	0.3045938014984131	41.141729729729725
412	(2.184575147810174-0.00709059503217524j)	0.31108927726745605	41.24182882882883
413	(2.1847608683168818-0.007042551359252358j)	0.29376888275146484	41.34192792792793
414	(2.184836779886173-0.007305982298191016j)	0.2958648204803467	41.442027027027024
415	(2.18477687467551-0.007058604992744799j)	0.29795408248901367	41.54212612612613
416	(2.185006800496881-0.006936502173039094j)	0.29805803298950195	41.642225225225225
417	(2.1847405476913835-0.007003040794365756j)	0.29734206199645996	41.74232432432432
418	(2.1846227720139266-0.006789019396423512j)	0.3021049499511719	41.84242342342342
419	(2.184739402687271-0.0070433515852168505j)	0.294511079788208	41.94252252252252
420	(2.184571453482907-0.007123774994162724j)	0.3031129837036133	42.04262162162162
421	(2.1848326834132257-0.006933916231784187j)	0.2905709743499756	42.14272072072072
422	(2.1848972771542194-0.0070466085167929515j)	0.29682087898254395	42.24281981981982
423	(2.1846689172053373-0.006776017990357763j)	0.29744887351989746	42.34291891891892
424	(2.18477339060152-0.0067174845697760555j)	0.2958981990814209	42.443018018018016
425	(2.184540543544299-0.006959376320311517j)	0.293292760848999	42.54311711711711
426	(2.1845239254630657-0.006831085438157802j)	0.2953929901123047	42.64321621621622
427	(2.1848015955422615-0.0069972118695661445j)	0.2915687561035156	42.743315315315314
428	(2.184666951830196-0.006957464037091632j)	0.2954709529876709	42.84341441441441
429	(2.1847934279061243-0.006641373727549471j)	0.29580211639404297	42.94351351351351
430	(2.184737733042316-0.0067773583690232675j)	0.29614830017089844	43.04361261261261
431	(2.1844309032078666-0.006674766714794167j)	0.289201021194458	43.14371171171171
432	(2.1846098087150874-0.006716925642187066j)	0.29195499420166016	43.24381081081081
433	(2.1845582699153963-0.006982934305049482j)	0.29268813133239746	43.34390990990991
434	(2.1846042148080795-0.006740721566990682j)	0.2988698482513428	43.44400900900901
435	(2.1848491008668205-0.006734669729122622j)	0.2931404113769531	43.544108108108105
436	(2.1845770222350764-0.00668309059670924j)	0.31120777130126953	43.6442072072072
437	(2.184559428952434-0.0064548332159414246j)	0.3003699779510498	43.74430630630631
438	(2.184545765135933-0.006729354616793248j)	0.2940230369567871	43.8444054054054
439	(2.1843590871947063-0.006730531014495167j)	0.29909491539001465	43.9445045045045
440	(2.1846642507129665-0.006677010908142211j)	0.29313182830810547	44.044603603603605
441	(2.184663872299887-0.006805119054579367j)	0.29335808753967285	44.1447027027027
442	(2.1845701439761274-0.006472337167782283j)	0.29489898681640625	44.2448018018018
443	(2.184678543131252-0.006471330656042662j)	0.2909669876098633	44.344900900900896
444	(2.184363723633292-0.006589603950230449j)	0.299375057220459	44.445
445	(2.1843999485679606-0.006473321990957848j)	0.2921788692474365	44.5450990990991
446	(2.184567402712489-0.006740364954779476j)	0.3013339042663574	44.645198198198194
447	(2.1844856296420416-0.006635995518684434j)	0.292722225189209	44.7452972972973
448	(2.1846969885873824-0.0064262888978136035j)	0.29760098457336426	44.845396396396396
449	(2.184580484920063-0.0065264728887332035j)	0.2989978790283203	44.94549549549549
450	(2.184347928359191-0.006309820792348875j)	0.29588913917541504	45.04559459459459
451	(2.1844820495590858-0.006428749776906328j)	0.29990220069885254	45.145693693693694
452	(2.1843180278167598-0.006642731450498984j)	0.3057749271392822	45.24579279279279
453	(2.1844569689058786-0.006450239688276627j)	0.29306912422180176	45.34589189189189
454	(2.184666851834896-0.006550889115836456j)	0.2929821014404297	45.44599099099099
455	(2.184440396897997-0.006391716980767681j)	0.2917349338531494	45.54609009009009
456	(2.1845155235519145-0.0061840713872948205j)	0.30263280868530273	45.64618918918919
457	(2.184379284430057-0.00642931889596976j)	0.3007669448852539	45.746288288288284
458	(2.184210576375266-0.006353799114638292j)	0.2940967082977295	45.84638738738739
459	(2.18449731534911-0.006438959570118197j)	0.29818272590637207	45.946486486486485
460	(2.184434877114706-0.006551702071174392j)	0.29524683952331543	46.04658558558558
461	(2.1844868734299476-0.006220246448536582j)	0.29146409034729004	46.146684684684686
462	(2.1845740263163305-0.00626995414858178j)	0.2931969165802002	46.24678378378378
463	(2.1842396560411927-0.0062439080912957134j)	0.2943727970123291	46.34688288288288
464	(2.184317202934877-0.006161671456924478j)	0.2954740524291992	46.44698198198198
465	(2.1843457804614967-0.006470782339234371j)	0.29146385192871094	46.54708108108108
466	(2.1842845622456215-0.006343231469079225j)	0.299210786819458	46.64718018018018
467	(2.1845813796458535-0.006251279376278007j)	0.29490208625793457	46.747279279279276
468	(2.184426626130203-0.006291237789513238j)	0.3018159866333008	46.84737837837838
469	(2.1843076715697607-0.0060059919517951865j)	0.2937939167022705	46.94747747747748
470	(2.1843695482344705-0.006173301057538549j)	0.3138608932495117	47.047576576576574
471	(2.184129280443152-0.0062938591838125335j)	0.296889066696167	47.14767567567567
472	(2.184330121302634-0.006185254294610143j)	0.2954699993133545	47.247774774774776
473	(2.1842967389995493-0.006096323848136964j)	0.2886059284210205	47.34787387387387
474	(2.184325683225407-0.006128123127235208j)	0.29303812980651855	47.44797297297297
475	(2.184472709006152-0.005981377287626266j)	0.2916848659515381	47.548072072072074
476	(2.1842411606953362-0.006143839577130827j)	0.3039438724517822	47.64817117117117
477	(2.1841212233991505-0.0060085131300355865j)	0.2992711067199707	47.74827027027027
478	(2.1843331361483815-0.006208805931366301j)	0.2948489189147949	47.848369369369365
479	(2.184224623892275-0.006281205859298478j)	0.29571986198425293	47.94846846846847
480	(2.184405415038513-0.006012287199712141j)	0.29375791549682617	48.04856756756757
481	(2.1844521631601337-0.006096215520180914j)	0.2998378276824951	48.148666666666664
482	(2.1841616979865677-0.0059338084305775585j)	0.298323392868042	48.24876576576577
483	(2.184260538677366-0.00589932149165695j)	0.2940640449523926	48.348864864864865
484	(2.1841491861476743-0.0061864036919414556j)	0.30159926414489746	48.44896396396396
485	(2.1841461955309365-0.006048214841727573j)	0.2934861183166504	48.54906306306306
486	(2.184441074588677-0.006094460636350663j)	0.2991499900817871	48.64916216216216
487	(2.184279167886195-0.006065544316450344j)	0.31250882148742676	48.74926126126126
488	(2.1842896024166167-0.005766137201150379j)	0.29518890380859375	48.84936036036036
489	(2.1842660225899357-0.005944865520627118j)	0.29763007164001465	48.949459459459455
490	(2.1839987302032338-0.005951874219234599j)	0.29437899589538574	49.04955855855856
491	(2.1842190552262077-0.005943415547662312j)	0.2976870536804199	49.149657657657656
492	(2.1842551643594734-0.006158935893417761j)	0.29152584075927734	49.24975675675675
493	(2.184227274473474-0.005891182479336399j)	0.2934870719909668	49.34985585585586
494	(2.1844118703344644-0.005827546756593804j)	0.3016200065612793	49.449954954954954
495	(2.184131208958879-0.005875378958711375j)	0.2942080497741699	49.55005405405405
496	(2.1840795492732514-0.005708775906150931j)	0.2943079471588135	49.65015315315315
497	(2.1841769558735717-0.005979080024762551j)	0.29824090003967285	49.75025225225225
498	(2.184046060215062-0.005996428931484221j)	0.2935769557952881	49.85035135135135
499	(2.184314942990449-0.005837071368024249j)	0.2925601005554199	49.95045045045045
500	(2.1843123794034747-0.005931815299403453j)	0.29694390296936035	50.05054954954955
501	(2.184118477234872-0.0056674819868236526j)	0.29033493995666504	50.15064864864865
502	(2.184215016569061-0.005684089204607501j)	0.2924978733062744	50.250747747747745
503	(2.183989815222668-0.005892337869943143j)	0.29339122772216797	50.35084684684684
504	(2.1840436184130088-0.005770826095236048j)	0.2933650016784668	50.450945945945946
505	(2.1842785717576145-0.005938046542407038j)	0.2917349338531494	50.55104504504504
506	(2.184141503420383-0.005842815158357162j)	0.29602503776550293	50.65114414414414
507	(2.1842713686341018-0.005585357972128557j)	0.29786086082458496	50.751243243243245
508	(2.1841675950887436-0.005737149966426713j)	0.2952899932861328	50.85134234234234
509	(2.1839250008437667-0.0056320846306137096j)	0.2947402000427246	50.95144144144144
510	(2.1841198753153503-0.005721910168458688j)	0.2998640537261963	51.051540540540536
511	(2.1840556928000923-0.005927612132071047j)	0.29395103454589844	51.15163963963964
512	(2.1841399668370634-0.005678938251901577j)	0.2943077087402344	51.25173873873874
513	(2.184322512984193-0.005703710446726351j)	0.29796504974365234	51.351837837837834
514	(2.184047174815791-0.005628143421849918j)	0.29360103607177734	51.45193693693694
515	(2.184067925583105-0.005463194545489047j)	0.2978630065917969	51.552036036036036
516	(2.1840346584513757-0.005746463446469008j)	0.298922061920166	51.65213513513513
517	(2.1839088618061786-0.005706010830365482j)	0.2992393970489502	51.75223423423423
518	(2.18421013635197-0.005680647496210334j)	0.29244422912597656	51.852333333333334
519	(2.1841598850943265-0.005763591296389592j)	0.290194034576416	51.95243243243243
520	(2.184095701512901-0.005449058689064534j)	0.29535579681396484	52.05253153153153
521	(2.1841673458739304-0.005509187734781706j)	0.2954740524291992	52.15263063063063
522	(2.183875270451175-0.005600145488231512j)	0.29035282135009766	52.25272972972973
523	(2.1839725335928546-0.005517410602257078j)	0.29275083541870117	52.35282882882883
524	(2.1841037863853607-0.005766126337170885j)	0.2896249294281006	52.452927927927924
525	(2.184018335391463-0.0056223456661448346j)	0.2953920364379883	52.55302702702703
526	(2.1842369347159414-0.005452912910794971j)	0.29264116287231445	52.653126126126125
527	(2.1840727945515144-0.005544768540778788j)	0.2991607189178467	52.75322522522522
528	(2.183899255361637-0.005351554700319561j)	0.29507994651794434	52.853324324324326
529	(2.1840297233727766-0.005517552762719147j)	0.2923710346221924	52.95342342342342
530	(2.183881456921547-0.005671741867248725j)	0.2928168773651123	53.05352252252252
531	(2.1840586920653537-0.00548816846625777j)	0.2935340404510498	53.15362162162162
532	(2.1842022779342476-0.0055888970505098j)	0.2961709499359131	53.25372072072072
533	(2.183985082648729-0.005405314607380252j)	0.29330992698669434	53.35381981981982
534	(2.184069179151525-0.005272831371067044j)	0.2912919521331787	53.453918918918916
535	(2.183913611613211-0.00551185892595174j)	0.2926661968231201	53.55401801801802
536	(2.1838175926175136-0.005423577177332106j)	0.294863224029541	53.65411711711712
537	(2.1840908537718415-0.005530710310679421j)	0.2998321056365967	53.754216216216214
538	(2.184005058071301-0.00558143041631487j)	0.2936289310455322	53.85431531531531
539	(2.1840768393470307-0.005276882773838754j)	0.2916710376739502	53.954414414414416
540	(2.1841080859164124-0.005364596704491076j)	0.2964439392089844	54.05451351351351
541	(2.1838067741787883-0.0053218160061914155j)	0.2949380874633789	54.15461261261261
542	(2.183925770065864-0.005293743101304704j)	0.2928431034088135	54.25471171171171
543	(2.1839315981938676-0.005570413632735471j)	0.2977008819580078	54.35481081081081
544	(2.183913690644656-0.0054057776671456725j)	0.29462385177612305	54.45490990990991
545	(2.184173242553027-0.00535025565094327j)	0.2926051616668701	54.555009009009005
546	(2.1839819016793798-0.0053626137379676475j)	0.296314001083374	54.65510810810811
547	(2.183906413020918-0.005121035452939404j)	0.3148179054260254	54.75520720720721
548	(2.1839468898284276-0.0053271664284326725j)	0.3052940368652344	54.855306306306304
549	(2.1837470062489026-0.005400050798244793j)	0.30127406120300293	54.9554054054054
550	(2.183979678459949-0.005314504960696631j)	0.2995491027832031	55.055504504504505
551	(2.184057638999752-0.005464541548947821j)	0.2957489490509033	55.1556036036036
552	(2.1839390530434253-0.005210474601544668j)	0.30043601989746094	55.2557027027027
553	(2.184062663820832-0.005131449637650665j)	0.29547882080078125	55.3558018018018
554	(2.1838187162346983-0.005279758818561353j)	0.2940971851348877	55.4559009009009
555	(2.183769603173426-0.005162785677344628j)	0.29702091217041016	55.556
556	(2.183961864008588-0.005375507725211115j)	0.29494500160217285	55.656099099099094
557	(2.183860464635865-0.005382163280178043j)	0.29639101028442383	55.7561981981982
558	(2.184049165832877-0.005144496652830011j)	0.29485392570495605	55.856297297297296
559	(2.1840319928742207-0.005236900838035519j)	0.2963559627532959	55.95639639639639
560	(2.181348257662307-0.007514818555780289j)	0.2624788284301758	56.0564954954955
561	(2.1838930447618203-0.005102471315785673j)	0.2962679862976074	56.156594594594594
562	(2.1837773096155852-0.005350538285668227j)	0.29678797721862793	56.25669369369369
563	(2.183829303861664-0.005196660830798505j)	0.2958030700683594	56.35679279279279
564	(2.1840772382674505-0.005258634000445461j)	0.293123722076416	56.45689189189189
565	(2.1838961368691248-0.005187996842767495j)	0.3016500473022461	56.55699099099099
566	(2.183928553483179-0.004945089655425505j)	0.2925691604614258	56.65709009009009
567	(2.183870826095533-0.0051480267673691404j)	0.3004319667816162	56.75718918918919
568	(2.1836606188497636-0.0051292415307220285j)	0.3044290542602539	56.85728828828829
569	(2.1839008274585336-0.005153120310754211j)	0.29733777046203613	56.957387387387385
570	(2.1839008852156576-0.005318209995460954j)	0.29527807235717773	57.05748648648648
571	(2.1838990062251873-0.005041342499359169j)	0.2977590560913086	57.157585585585586
572	(2.1840366985421347-0.005028527699175389j)	0.29746103286743164	57.25768468468468
573	(2.183752214584066-0.005056753238131373j)	0.2934300899505615	57.35778378378378
574	(2.1837564213619958-0.004935573029693274j)	0.29656314849853516	57.457882882882885
575	(2.1838332720837634-0.005207488689444761j)	0.29199695587158203	57.55798198198198
576	(2.183737231187391-0.005168741810232302j)	0.2928009033203125	57.65808108108108
577	(2.184001314195491-0.00503915639164898j)	0.29711198806762695	57.758180180180176
578	(2.1839398809516366-0.005114262595962371j)	0.3027660846710205	57.85827927927928
579	(2.1837814969792277-0.004863051718541622j)	0.3000197410583496	57.95837837837838
580	(2.183866138476702-0.004941918722413119j)	0.2975001335144043	58.058477477477474
581	(2.183654589893382-0.005113110974030888j)	0.29482007026672363	58.15857657657658
582	(2.1838698493798745-0.0048906079205532915j)	0.29933619499206543	58.258675675675676
583	(2.183953132429597-0.005159877061472029j)	0.2919158935546875	58.35877477477477
584	(2.1838175757610077-0.005019137002947205j)	0.30376601219177246	58.45887387387387
585	(2.183944824169421-0.004820304262589725j)	0.29807209968566895	58.558972972972974
586	(2.183801704736915-0.004978110779861544j)	0.2915518283843994	58.65907207207207
587	(2.183621880481546-0.004872938690381523j)	0.2947227954864502	58.75917117117117
588	(2.1838218617842253-0.004999163521821504j)	0.302642822265625	58.85927027027027
589	(2.1837505683816705-0.005145673233159509j)	0.3081040382385254	58.95936936936937
590	(2.1838604801523154-0.004897645640591919j)	0.300018310546875	59.05946846846847
591	(2.183981536301991-0.00494653595590433j)	0.2956509590148926	59.159567567567564
592	(2.1837124127649084-0.004851564729476232j)	0.29371118545532227	59.25966666666667
593	(2.1837657450425905-0.004749393696280579j)	0.29872679710388184	59.359765765765765
594	(2.1837135344109773-0.005024582562607405j)	0.2960507869720459	59.45986486486486
595	(2.183643717095607-0.0049488489748885645j)	0.2936210632324219	59.559963963963966
596	(2.183929196690139-0.004946941624699441j)	0.29668712615966797	59.66006306306306
597	(2.1838366893957493-0.00498664889569278j)	0.2911350727081299	59.76016216216216
598	(2.183799064217971-0.004698052097456773j)	0.29689979553222656	59.86026126126126
599	(2.1838355953843265-0.004807543380088264j)	0.2924220561981201	59.96036036036036
600	(2.183572352601471-0.004869542494097101j)	0.29271602630615234	60.06045945945946
601	(2.183717446909452-0.004817646219469229j)	0.31793808937072754	60.160558558558556
602	(2.1838110505653474-0.005040225371134466j)	0.2953150272369385	60.26065765765765
603	(2.1837477145470694-0.00485608716244601j)	0.2933809757232666	60.36075675675676
604	(2.183940034763985-0.0047359514743785525j)	0.29448604583740234	60.460855855855854
605	(2.183709738937642-0.0048030433716731435j)	0.295835018157959	60.56095495495495
606	(2.1836234253113687-0.004648988789649144j)	0.29657888412475586	60.661054054054055
607	(2.1837440914364032-0.004848558166268613j)	0.291064977645874	60.76115315315315
608	(2.1836135964631613-0.004943913562674984j)	0.29750514030456543	60.86125225225225
609	(2.1837563985171995-0.004748686804714519j)	0.29811787605285645	60.96135135135135
610	(2.18389677043459-0.004868951236961849j)	0.29244494438171387	61.06145045045045
611	(2.1836939561441486-0.004670656593095068j)	0.29947781562805176	61.16154954954955
612	(2.18378118569241-0.004606417383635764j)	0.29409193992614746	61.261648648648645
613	(2.1836141654802734-0.0048298123657435355j)	0.2954528331756592	61.36174774774775
614	(2.1835836941997564-0.004732577974678076j)	0.29483604431152344	61.461846846846846
615	(2.183833817292759-0.004853942592928706j)	0.29348182678222656	61.56194594594594
616	(2.1837299869306483-0.004847763284287709j)	0.2928500175476074	61.66204504504504
617	(2.1838158729854964-0.004576953064999945j)	0.29042506217956543	61.762144144144145
618	(2.183796140132854-0.004691926879182184j)	0.3011798858642578	61.86224324324324
619	(2.183533457829794-0.004636489146372158j)	0.2908799648284912	61.96234234234234
620	(2.1836828170063547-0.004654662948409105j)	0.2915079593658447	62.06244144144144
621	(2.183667685711168-0.00489145510352218j)	0.29517579078674316	62.16254054054054
622	(2.1836872974685657-0.004699746024031892j)	0.2926337718963623	62.26263963963964
623	(2.1839039124238617-0.0046771154641714885j)	0.29476094245910645	62.362738738738734
624	(2.183686753314758-0.004663181019243567j)	0.2935769557952881	62.46283783783784
625	(2.1836519372882766-0.004467565855750699j)	0.2946138381958008	62.562936936936936
626	(2.18367069576154-0.0046986028885123154j)	0.29855895042419434	62.66303603603603
627	(2.1835126876375828-0.004726963587501132j)	0.2953190803527832	62.76313513513514
628	(2.183762919197613-0.004662910346358351j)	0.2992429733276367	62.863234234234234
629	(2.183787663038157-0.004781051261536495j)	0.29692697525024414	62.96333333333333
630	(2.1836890985971524-0.004518417625943516j)	0.29069995880126953	63.06343243243243
631	(2.183788922708089-0.004501835865964421j)	0.2966182231903076	63.16353153153153
632	(2.1835419781943783-0.004630305851309635j)	0.29443907737731934	63.26363063063063
633	(2.1835557087525483-0.0045323843145334j)	0.2960329055786133	63.36372972972973
634	(2.183829568933849-0.004778453289220441j)	0.2935218811035156	63.46382882882883
635	(2.1836299515845647-0.004695436204765535j)	0.292769193649292	63.56392792792793
636	(2.1838179078883226-0.004493194052990868j)	0.29371190071105957	63.664027027027025
637	(2.183744799566511-0.004588281217599799j)	0.291532039642334	63.76412612612612
638	(2.18353293531372-0.004428139591603153j)	0.29498887062072754	63.864225225225226
639	(2.1836556236764415-0.004510914010331546j)	0.29643869400024414	63.96432432432432
640	(2.1835393346924574-0.004714639984429558j)	0.297778844833374	64.06442342342343
641	(2.1836362538642207-0.004551683889095215j)	0.2925870418548584	64.16452252252253
642	(2.183833471778889-0.004623426973780709j)	0.2935149669647217	64.26462162162163
643	(2.18364137845139-0.004518837838091483j)	0.3045229911804199	64.36472072072073
644	(2.1836487618019063-0.004322940449810075j)	0.29322218894958496	64.46481981981982
645	(2.1836049384621896-0.00454860939152496j)	0.31354284286499023	64.56491891891892
646	(2.1834516301190092-0.004506622053835674j)	0.2933061122894287	64.66501801801802
647	(2.183699340913224-0.004556976984922689j)	0.293140172958374	64.76511711711713
648	(2.1836670396332383-0.00467096272664369j)	0.29250097274780273	64.86521621621623
649	(2.183686926449972-0.004395549826921641j)	0.3006856441497803	64.96531531531532
650	(2.18377772907165-0.004426041413366222j)	0.29225897789001465	65.06541441441442
651	(2.1835001797338456-0.004436001754110019j)	0.29091382026672363	65.16551351351352
652	(2.183553124708166-0.004357260332886415j)	0.29413795471191406	65.26561261261261
653	(2.1836072494834484-0.004619717206549301j)	0.2957010269165039	65.36571171171171
654	(2.183544980885168-0.004532692561768359j)	0.2950878143310547	65.46581081081082
655	(2.1837938955002953-0.00443281232911763j)	0.2961280345916748	65.56590990990992
656	(2.183682945189757-0.004486706903727544j)	0.29280781745910645	65.66600900900902
657	(2.1835600522317096-0.004256154494014397j)	0.2914721965789795	65.76610810810811
658	(2.183630700047645-0.004385110834982886j)	0.29383182525634766	65.86620720720721
659	(2.1834382870859534-0.004515641517655877j)	0.29917407035827637	65.96630630630631
660	(2.183593246610662-0.004412903905473664j)	0.3006119728088379	66.0664054054054
661	(2.1837333138058512-0.004560284679227589j)	0.29358839988708496	66.16650450450452
662	(2.1836032325850687-0.004384479529512597j)	0.29614686965942383	66.26660360360361
663	(2.1837220933720927-0.004243143886588141j)	0.2950887680053711	66.36670270270271
664	(2.183549988674247-0.004399751048363432j)	0.2925879955291748	66.46680180180181
665	(2.183430970178867-0.004298213685985708j)	0.2988169193267822	66.5669009009009
666	(2.183627283981173-0.004449907754483173j)	0.29079604148864746	66.667
667	(2.183546494219759-0.004535183030824619j)	0.29352593421936035	66.7670990990991
668	(2.1836793032383084-0.00429899363769215j)	0.2922980785369873	66.86719819819821
669	(2.1837413629622113-0.004366124691100093j)	0.29719114303588867	66.9672972972973
670	(2.1834871081523515-0.004257511975613082j)	0.2887241840362549	67.0673963963964
671	(2.1835659829190885-0.004213162979401108j)	0.29241323471069336	67.1674954954955
672	(2.1834995758809397-0.004469960635862802j)	0.29390788078308105	67.2675945945946
673	(2.1834802742961346-0.004364566069530562j)	0.2969069480895996	67.3676936936937
674	(2.183740333801848-0.004383231888855893j)	0.2897789478302002	67.46779279279279
675	(2.1836139487112503-0.004382255489845555j)	0.2934420108795166	67.5678918918919
676	(2.1836017533349814-0.0041268701974039035j)	0.2994959354400635	67.667990990991
677	(2.1836038560474056-0.00427423098408769j)	0.2967050075531006	67.7680900900901
678	(2.1833757260626716-0.004308493766181309j)	0.29599499702453613	67.8681891891892
679	(2.183556442186245-0.0042842525705956425j)	0.30655503273010254	67.96828828828829
680	(2.1836136010433997-0.004474095286965796j)	0.30576086044311523	68.06838738738739
681	(2.1835707319616366-0.004260948369335299j)	0.29340195655822754	68.16848648648649
682	(2.1837320345058995-0.004187957756718624j)	0.29568004608154297	68.2685855855856
683	(2.183507945254662-0.004254817683048723j)	0.29462099075317383	68.3686846846847
684	(2.1834444837367175-0.004115804968920861j)	0.29050278663635254	68.46878378378379
685	(2.183552055694414-0.004335864071799464j)	0.2964949607849121	68.56888288288289
686	(2.183442019400547-0.004375438141349788j)	0.2959890365600586	68.66898198198199
687	(2.183658409952231-0.004222489827708564j)	0.29587507247924805	68.76908108108108
688	(2.1837089321180576-0.004310073551321972j)	0.2947101593017578	68.86918018018018
689	(2.18349645116407-0.004103939975509077j)	0.3131599426269531	68.96927927927929
690	(2.1835827516165804-0.004101403352234342j)	0.3005211353302002	69.06937837837839
691	(2.1834117782725895-0.004301946985966247j)	0.2957150936126709	69.16947747747749
692	(2.183439307192225-0.004199883462068454j)	0.3070240020751953	69.26957657657658
693	(2.183473631349398-0.004592420628461873j)	0.27525782585144043	69.36967567567568
694	(2.183543040336856-0.004270907015495106j)	0.3102419376373291	69.46977477477478
695	(2.183637133395031-0.00403964277970191j)	0.29157590866088867	69.56987387387387
696	(2.1835724913152323-0.004174149056981366j)	0.29984211921691895	69.66997297297299
697	(2.183469512460317-0.004155033179497138j)	0.2970130443572998	69.77007207207208
698	(2.183523690427423-0.00416548349518759j)	0.2902028560638428	69.87017117117118
699	(2.183490723029657-0.004357342520644049j)	0.30114102363586426	69.97027027027028
700	(2.1835559056466702-0.004154072291095549j)	0.3040010929107666	70.07036936936937
701	(2.1837112052409324-0.004154104978286971j)	0.29344892501831055	70.17046846846847
702	(2.183479350166299-0.004117402534676282j)	0.3018660545349121	70.27056756756757
703	(2.183480486428585-0.003969478308290253j)	0.2960782051086426	70.37066666666668
704	(2.183479723778228-0.004212633674329752j)	0.29430603981018066	70.47076576576578
705	(2.183364175103838-0.004199716916093887j)	0.29920315742492676	70.57086486486487
706	(2.183619732529093-0.00415614977700117j)	0.2923111915588379	70.67096396396397
707	(2.183596483229379-0.004240702944727115j)	0.3002960681915283	70.77106306306307
708	(2.183518893995047-0.00398104403916523j)	0.29392409324645996	70.87116216216216
709	(2.1835928314972444-0.0040188473539487235j)	0.29893994331359863	70.97126126126126
710	(2.1833525728951275-0.004124590365905623j)	0.2978248596191406	71.07136036036037
711	(2.1834204985053716-0.004046520259050973j)	0.29279494285583496	71.17145945945947
712	(2.1835588846237437-0.004253478568096353j)	0.30939602851867676	71.27155855855857
713	(2.1834768323298994-0.004151679832527788j)	0.2978973388671875	71.37165765765766
714	(2.183655605221318-0.003987286237751325j)	0.29549503326416016	71.47175675675676
715	(2.1835358286805526-0.004080591539159323j)	0.2941761016845703	71.57185585585586
716	(2.183368529847246-0.003929345740998513j)	0.29239392280578613	71.67195495495496
717	(2.183493043489092-0.004055604935664037j)	0.29192566871643066	71.77205405405407
718	(2.1833800058378325-0.004210968922601921j)	0.2925231456756592	71.87215315315316
719	(2.183512975294566-0.0040460205499217305j)	0.30017805099487305	71.97225225225226
720	(2.183656834567319-0.0041236389560563025j)	0.3041419982910156	72.07235135135136
721	(2.183462462418862-0.0039917510705730075j)	0.29185986518859863	72.17245045045046
722	(2.1835248052035037-0.0038636168520941316j)	0.2921273708343506	72.27254954954955
723	(2.1834166348707162-0.004080641698254561j)	0.29645800590515137	72.37264864864865
724	(2.1833193799496606-0.004020486651163446j)	0.29964780807495117	72.47274774774776
725	(2.1835636986337215-0.004090185052206485j)	0.2939939498901367	72.57284684684686
726	(2.1835028319158862-0.004153979201774405j)	0.29482603073120117	72.67294594594595
727	(2.1835417665243373-0.00389011405093731j)	0.29244327545166016	72.77304504504505
728	(2.183586901944092-0.003957483051687749j)	0.2955281734466553	72.87314414414415
729	(2.1833259704251313-0.0039492067388644525j)	0.2947719097137451	72.97324324324325
730	(2.1834194113640715-0.0039110422928488875j)	0.29645705223083496	73.07334234234234
731	(2.1834521611624997-0.004154168015554238j)	0.2933688163757324	73.17344144144145
732	(2.18342056004795-0.004026863284212201j)	0.29430603981018066	73.27354054054055
733	(2.183645879699762-0.003956654780101432j)	0.29098987579345703	73.37363963963965
734	(2.1834948166152053-0.003989291625183411j)	0.2909121513366699	73.47373873873875
735	(2.183408701119444-0.0037850952186344045j)	0.29519009590148926	73.57383783783784
736	(2.183463283761159-0.0039530419641746195j)	0.2936100959777832	73.67393693693694
737	(2.1832948951550724-0.004041575530251973j)	0.289614200592041	73.77403603603604
738	(2.1834831489041453-0.00395200635773707j)	0.29212117195129395	73.87413513513515
739	(2.1835743528982494-0.004081309888914475j)	0.291363000869751	73.97423423423425
740	(2.183453728704529-0.0038806924710507174j)	0.30478382110595703	74.07433333333334
741	(2.1835602534607075-0.003795432312143021j)	0.2968478202819824	74.17443243243244
742	(2.1833688526807498-0.003944293726509174j)	0.2940950393676758	74.27453153153154
743	(2.1833084964656333-0.0038486160436287387j)	0.2979578971862793	74.37463063063063
744	(2.1834929799890035-0.004016968901191076j)	0.29464006423950195	74.47472972972973
745	(2.1834092449302287-0.004045093623056661j)	0.29076313972473145	74.57482882882883
746	(2.1835541395748193-0.0038267303210675063j)	0.29318976402282715	74.67492792792794
747	(2.1835609795346738-0.003907043680713429j)	0.2939646244049072	74.77502702702704
748	(2.1833296089213468-0.003789987508186321j)	0.2961881160736084	74.87512612612613
749	(2.1834283179086706-0.003798040898494559j)	0.29779624938964844	74.97522522522523
750	(2.1833511470799043-0.004027828675506273j)	0.31029820442199707	75.07532432432433
751	(2.1833771657096195-0.003899670575357339j)	0.29544782638549805	75.17542342342342
752	(2.1836038487475404-0.003935264544689732j)	0.2936439514160156	75.27552252252252
753	(2.1834518582431186-0.003897540189970239j)	0.3041257858276367	75.37562162162163
754	(2.183459240014386-0.0036808914534252057j)	0.29218602180480957	75.47572072072073
755	(2.183433719991259-0.0038559841926927296j)	0.3001890182495117	75.57581981981983
756	(2.183245498168638-0.0038634876779497507j)	0.29490208625793457	75.67591891891892
757	(2.183450520810628-0.0038640984434582526j)	0.291179895401001	75.77601801801802
758	(2.183472481538301-0.004016768585412445j)	0.29290032386779785	75.87611711711712
759	(2.1834493468215586-0.00378573617626643j)	0.2939159870147705	75.97621621621622
760	(2.183576135953015-0.003757084080837747j)	0.2980327606201172	76.07631531531533
761	(2.183338990099223-0.003808634275028866j)	0.2974278926849365	76.17641441441442
762	(2.1833253490594293-0.0036998122873813655j)	0.29897308349609375	76.27651351351352
763	(2.1834167393261494-0.003928838759113318j)	0.29511117935180664	76.37661261261262
764	(2.1833287953524927-0.003916447244331933j)	0.2961690425872803	76.47671171171172
765	(2.1835483267350058-0.0037841221954861837j)	0.2981898784637451	76.57681081081081
766	(2.183514985198495-0.003858381387860099j)	0.2920689582824707	76.67690990990991
767	(2.1833569151646692-0.0036557863326195372j)	0.29935693740844727	76.77700900900902
768	(2.183438865622862-0.0037078681683058168j)	0.2940201759338379	76.87710810810812
769	(2.1832708209850993-0.003879488434721301j)	0.2941880226135254	76.97720720720721
770	(2.18334868836779-0.0037764057182179123j)	0.3020510673522949	77.07730630630631
771	(2.1835326433479447-0.0039037740187846115j)	0.2935190200805664	77.17740540540541
772	(2.1834094696231547-0.003804213354691055j)	0.30230188369750977	77.2775045045045
773	(2.1835064276620555-0.0036166000276361965j)	0.2952098846435547	77.3776036036036
774	(2.1834072589023252-0.0037700475300880276j)	0.2859151363372803	77.47770270270271
775	(2.1832334572435452-0.0036897687579156013j)	0.29349708557128906	77.57780180180181
776	(2.1834148789067997-0.0037790973022646668j)	0.29319334030151367	77.67790090090091
777	(2.1833668327609335-0.003922649985475535j)	0.29310107231140137	77.778
778	(2.183442943398017-0.003705979976509566j)	0.29565882682800293	77.8780990990991
779	(2.183563810568463-0.0037364639311446846j)	0.29094934463500977	77.9781981981982
780	(2.183345233294427-0.0036736247503410535j)	0.2987830638885498	78.0782972972973
781	(2.183360842895669-0.003580443817909784j)	0.29453587532043457	78.17839639639641
782	(2.183342440945494-0.0038242475155357836j)	0.2937960624694824	78.2784954954955
783	(2.18326906209358-0.0037742407521048627j)	0.29613780975341797	78.3785945945946
784	(2.183518914784414-0.0037501761014769874j)	0.29425525665283203	78.4786936936937
785	(2.1834532314246693-0.0038009625677812853j)	0.29340505599975586	78.5787927927928
786	(2.1833972243157915-0.003553811375496041j)	0.29663896560668945	78.6788918918919
787	(2.1834445460013274-0.0036379942104405316j)	0.30336594581604004	78.77899099099099
788	(2.1832199846330935-0.0037190230421251247j)	0.2914900779724121	78.8790900900901
789	(2.1833335109996996-0.0036611359624404427j)	0.29888010025024414	78.9791891891892
790	(2.1834402473546963-0.003852385121632662j)	0.29506611824035645	79.0792882882883
791	(2.183370765253547-0.003709265403628148j)	0.2977461814880371	79.1793873873874
792	(2.183533973622966-0.003584913218215968j)	0.29532790184020996	79.27948648648649
793	(2.1833769265320813-0.0036725812086911835j)	0.29459095001220703	79.37958558558559
794	(2.183368557676034-0.0037783705129098566j)	0.2914910316467285	79.47968468468468
795	(2.1833771734426772-0.003694385741309758j)	0.29192209243774414	79.5797837837838
796	(2.183271667351901-0.0038000541323153225j)	0.29715776443481445	79.6798828828829
797	(2.182800539195296-0.0023293065748296593j)	0.28205108642578125	79.77998198198199
798	(2.1835210157513982-0.0037177346204563255j)	0.2940659523010254	79.88008108108109
799	(2.1833316995575895-0.003566894711408475j)	0.29610586166381836	79.98018018018018
800	(2.183402659844503-0.003494792777422262j)	0.29103589057922363	80.08027927927928
801	(2.1832791861333254-0.0037044359648775727j)	0.30167102813720703	80.18037837837838
802	(2.1832357386702794-0.0036284004174385043j)	0.30005884170532227	80.28047747747749
803	(2.1834666247309995-0.0037137308442182215j)	0.2951171398162842	80.38057657657659
804	(2.183383067955921-0.003729030502914954j)	0.29458117485046387	80.48067567567568
805	(2.1834363461568786-0.0034855552670182144j)	0.29396510124206543	80.58077477477478
806	(2.1834591024396324-0.0035718522830122668j)	0.29283905029296875	80.68087387387388
807	(2.183202958582917-0.0035588513419020362j)	0.29351282119750977	80.78097297297298
808	(2.18332866176708-0.0035578378512294284j)	0.2921142578125	80.88107207207207
809	(2.183339764342619-0.0037730083880153087j)	0.3022279739379883	80.98117117117118
810	(2.18333771970608-0.0036141251303600797j)	0.293410062789917	81.08127027027028
811	(2.183532736600941-0.0035737904037548285j)	0.30324602127075195	81.18136936936938
812	(2.1833514899061823-0.003584806352982861j)	0.2923309803009033	81.28146846846847
813	(2.183300971565716-0.0034123916025885492j)	0.29362916946411133	81.38156756756757
814	(2.1833393238204652-0.0036079444332400845j)	0.3010838031768799	81.48166666666667
815	(2.1831994382217865-0.003655271567103213j)	0.2958500385284424	81.58176576576577
816	(2.1834094562821202-0.003580135520197203j)	0.2911238670349121	81.68186486486488
817	(2.1834522799614877-0.0036879086134847805j)	0.2955000400543213	81.78196396396397
818	(2.1833455087682507-0.003472212553725984j)	0.2895350456237793	81.88206306306307
819	(2.1834367130359236-0.003440808359522096j)	0.30323290824890137	81.98216216216217
820	(2.1832349181630573-0.003575549317412552j)	0.29087281227111816	82.08226126126127
821	(2.1832293835335936-0.0034893592455971234j)	0.3046989440917969	82.18236036036036
822	(2.1833961597506106-0.003664765297281991j)	0.2929971218109131	82.28245945945946
823	(2.1833134310743523-0.003640271729377642j)	0.28947925567626953	82.38255855855857
824	(2.183462510839326-0.0034465174819432454j)	0.29397106170654297	82.48265765765767
825	(2.1834188283832883-0.003535069682892855j)	0.2969508171081543	82.58275675675677
826	(2.1832176364757143-0.0034138819261337883j)	0.29230594635009766	82.68285585585586
827	(2.1833292690322077-0.0034688895516037377j)	0.2910599708557129	82.78295495495496
828	(2.1832451562872386-0.003664152997050696j)	0.29258012771606445	82.88305405405406
829	(2.1833113183793857-0.003520770120349459j)	0.29235005378723145	82.98315315315315
830	(2.1834988975694185-0.003568281791795913j)	0.2935490608215332	83.08325225225227
831	(2.1833292065760457-0.0034998855517107685j)	0.3000829219818115	83.18335135135136
832	(2.183356115675223-0.0033267068614213358j)	0.29687070846557617	83.28345045045046
833	(2.1833042826378803-0.003519034760341322j)	0.2945060729980469	83.38354954954956
834	(2.18315942492878-0.0035009869086621848j)	0.2941708564758301	83.48364864864865
835	(2.1833778152906658-0.00352429341358218j)	0.2945239543914795	83.58374774774775
836	(2.183366340873658-0.003636916931576639j)	0.311633825302124	83.68384684684685
837	(2.1833618539010953-0.003398326615108971j)	0.3013598918914795	83.78394594594596
838	(2.1834529511591954-0.003411226278493107j)	0.29407835006713867	83.88404504504506
839	(2.183213261868639-0.0034456084367913142j)	0.2940230369567871	83.98414414414415
840	(2.183245323753994-0.0033679735074578776j)	0.293529748916626	84.08424324324325
841	(2.1833173487641706-0.003595701064191381j)	0.30018091201782227	84.18434234234235
842	(2.1832541756795836-0.0035350698726082097j)	0.30275988578796387	84.28444144144144
843	(2.183466420961194-0.003428247479276836j)	0.2961699962615967	84.38454054054054
844	(2.183385302418607-0.0034878428306610587j)	0.2963218688964844	84.48463963963965
845	(2.183256252599892-0.0032948358012847567j)	0.2947807312011719	84.58473873873875
846	(2.1833305723408194-0.003394018600041848j)	0.2927889823913574	84.68483783783785
847	(2.183171170488804-0.0035315143925367387j)	0.2904360294342041	84.78493693693694
848	(2.1832914958237737-0.0034315715542547753j)	0.2923121452331543	84.88503603603604
849	(2.1834347497585957-0.0035539463531335524j)	0.2916600704193115	84.98513513513514
850	(2.1833104499760907-0.0034186591228908547j)	0.2927281856536865	85.08523423423424
851	(2.1834059764521796-0.0032777321359325207j)	0.29285597801208496	85.18533333333335
852	(2.1832746723756866-0.003428280853591481j)	0.30699706077575684	85.28543243243244
853	(2.1831534705468694-0.003350701610433715j)	0.3007078170776367	85.38553153153154
854	(2.183337343330853-0.0034656033165270106j)	0.2924962043762207	85.48563063063064
855	(2.1830207788075238-0.003779084668923849j)	0.2934541702270508	85.58572972972974
856	(2.183373408768216-0.003344152479302309j)	0.29526305198669434	85.68582882882883
857	(2.1834448274959564-0.003395872180393944j)	0.29548120498657227	85.78592792792793
858	(2.183214479737123-0.003323504586367987j)	0.29778409004211426	85.88602702702703
859	(2.18327544641255-0.0032706026906048624j)	0.29431891441345215	85.98612612612614
860	(2.183240758628871-0.003504589551525328j)	0.29470372200012207	86.08622522522523
861	(2.183208501177586-0.0034224000602585125j)	0.29297685623168945	86.18632432432433
862	(2.183442875637338-0.003417514074400163j)	0.2962071895599365	86.28642342342343
863	(2.183354019350693-0.0034231057597655656j)	0.2972910404205322	86.38652252252253
864	(2.183307604946353-0.0032087624408720927j)	0.29990339279174805	86.48662162162162
865	(2.183328425988885-0.0033313051115069214j)	0.2970740795135498	86.58672072072072
866	(2.183126772227026-0.003385448634535937j)	0.2966749668121338	86.68681981981983
867	(2.1832769758492954-0.0033482238402744446j)	0.29265689849853516	86.78691891891893
868	(2.1833497864357163-0.0035174529538652965j)	0.2978198528289795	86.88701801801803
869	(2.1832948415053606-0.0033421441540419927j)	0.2917602062225342	86.98711711711712
870	(2.1834375508666035-0.0032593975098753614j)	0.292233943939209	87.08721621621622
871	(2.1832526684898603-0.003337459666939324j)	0.29578614234924316	87.18731531531532
872	(2.1831782171523524-0.003217434261643115j)	0.30504918098449707	87.28741441441441
873	(2.1832914478843963-0.003400025022412878j)	0.2947678565979004	87.38751351351353
874	(2.1830427089243596-0.003304787001950471j)	0.2765238285064697	87.48761261261262
875	(2.1833731856577683-0.0033047869712918843j)	0.29863882064819336	87.58771171171172
876	(2.183410670069658-0.0033813787788488092j)	0.2957491874694824	87.68781081081082
877	(2.1832340604867433-0.003218501775235749j)	0.2914419174194336	87.78790990990991
878	(2.183310039798466-0.0032000669638558854j)	0.29424095153808594	87.88800900900901
879	(2.183176813837139-0.003393620871452674j)	0.2928459644317627	87.98810810810811
880	(2.1831840301037513-0.0033063360284062426j)	0.2944982051849365	88.08820720720722
881	(2.183393042257997-0.003401966732127004j)	0.29607677459716797	88.18830630630632
882	(2.183291814428148-0.003372304925941094j)	0.3035590648651123	88.28840540540541
883	(2.183356641146736-0.0031571675700847734j)	0.3019871711730957	88.38850450450451
884	(2.183319552746805-0.0032770384590872226j)	0.29340386390686035	88.48860360360361
885	(2.1831162820769197-0.00323881477770116j)	0.3002281188964844	88.5887027027027
886	(2.183265956187453-0.003271657775101966j)	0.29527711868286133	88.6888018018018
887	(2.1832565823762984-0.0034523784609825636j)	0.2899148464202881	88.78890090090091
888	(2.1832807546219426-0.003270531044447411j)	0.2933540344238281	88.88900000000001
889	(2.1834406598675296-0.0032591270684216855j)	0.2994379997253418	88.9890990990991
890	(2.1832392977803208-0.003249717592174628j)	0.29513978958129883	89.0891981981982
891	(2.183223665573917-0.0031127192381610325j)	0.2893822193145752	89.1892972972973
892	(2.1832448388167647-0.0033251137694767507j)	0.30306386947631836	89.2893963963964
893	(2.1831362408844233-0.0033322003147455703j)	0.2989780902862549	89.3894954954955
894	(2.1833575207618185-0.0032735954400702205j)	0.29324913024902344	89.4895945945946
895	(2.1833545308126556-0.0033568917438617785j)	0.2970120906829834	89.5896936936937
896	(2.1832646615226166-0.003136069843564071j)	0.2942068576812744	89.6897927927928
897	(2.183337886568937-0.0031545329469877537j)	0.29561614990234375	89.7898918918919
898	(2.183134844201242-0.003270508487306145j)	0.2989070415496826	89.889990990991
899	(2.1831794681971104-0.0031958193660344136j)	0.29233717918395996	89.99009009009009
900	(2.1833224819831343-0.003370700372841595j)	0.30709099769592285	90.09018918918919
901	(2.183243495352668-0.0032986118099360695j)	0.2938370704650879	90.1902882882883
902	(2.183390997240438-0.003135182981465201j)	0.30339670181274414	90.2903873873874
903	(2.1833029955519283-0.003227097000053414j)	0.29408907890319824	90.3904864864865
904	(2.183137433718737-0.003106894283697592j)	0.29097485542297363	90.49058558558559
905	(2.183256283566343-0.003201988435237446j)	0.29509401321411133	90.59068468468469
906	(2.1831689305858113-0.00335751417306418j)	0.2970008850097656	90.69078378378379
907	(2.1832687356019247-0.0032057773864437866j)	0.2992110252380371	90.79088288288288
908	(2.183412451846128-0.003263158850499659j)	0.29576897621154785	90.890981981982
909	(2.183234053073442-0.003168089600693147j)	0.29566097259521484	90.99108108108109
910	(2.183277376849509-0.003041364893147991j)	0.2903861999511719	91.09118018018019
911	(2.1832035328602837-0.003241041561057978j)	0.2943103313446045	91.19127927927929
912	(2.1832135312527097-0.003250342806820683j)	0.3019132614135742	91.29137837837838
913	(2.1833254223325804-0.0032430209525624587j)	0.30008602142333984	91.39147747747748
914	(2.183283953113422-0.0033141085848646945j)	0.2977631092071533	91.49157657657658
915	(2.183296914637011-0.003078401557317978j)	0.3011791706085205	91.59167567567569
916	(2.1833511146416966-0.0031280329012002284j)	0.2954139709472656	91.69177477477479
917	(2.1831189333926337-0.0031450162207484755j)	0.29270315170288086	91.79187387387388
918	(2.1831910934374372-0.003098827513625224j)	0.2951638698577881	91.89197297297298
919	(2.1832423556068985-0.0033155939538775936j)	0.295255184173584	91.99207207207208
920	(2.183201667400381-0.0032153328457141805j)	0.2928330898284912	92.09217117117117
921	(2.1834010202439362-0.0031337924297091257j)	0.28987693786621094	92.19227027027027
922	(2.183279424351058-0.0031774574266549838j)	0.29364585876464844	92.29236936936938
923	(2.183182226661227-0.00300058861626451j)	0.30205607414245605	92.39246846846848
924	(2.1832462421052092-0.003138284973254968j)	0.2968149185180664	92.49256756756758
925	(2.1829541415916007-0.002986079816041043j)	0.2785041332244873	92.59266666666667
926	(2.1832552214416414-0.003145571832911198j)	0.2920830249786377	92.69276576576577
927	(2.183355310825406-0.0032579143046791437j)	0.29961323738098145	92.79286486486487
928	(2.1832351233782794-0.003095329827324189j)	0.29051804542541504	92.89296396396396
929	(2.1833256790264066-0.0030028879031601674j)	0.2955751419067383	92.99306306306308
930	(2.183172171225312-0.00315035796647134j)	0.29126906394958496	93.09316216216217
931	(2.183101521649421-0.0030717344456290263j)	0.3027629852294922	93.19326126126127
932	(2.1832798092656263-0.003204931261702182j)	0.30037784576416016	93.29336036036037
933	(2.18321053344423-0.003248475474583179j)	0.2994809150695801	93.39345945945946
934	(2.1833215967307154-0.0030438417814948604j)	0.2964920997619629	93.49355855855856
935	(2.1833447369344694-0.0031123649644390072j)	0.29485487937927246	93.59365765765766
936	(2.183128509505268-0.003028559588645896j)	0.2948179244995117	93.69375675675677
937	(2.183189001398131-0.0030635983766108543j)	0.2900810241699219	93.79385585585587
938	(2.1831645031525464-0.003234840976196418j)	0.2951488494873047	93.89395495495496
939	(2.1831711178731905-0.003126501098969503j)	0.2974081039428711	93.99405405405406
940	(2.1833814670118428-0.0031390039126191205j)	0.2926058769226074	94.09415315315316
941	(2.1832508807445-0.0031250769655776223j)	0.29499006271362305	94.19425225225226
942	(2.183239227577548-0.0029269860494166577j)	0.2948329448699951	94.29435135135135
943	(2.1832346779218814-0.0030790621004639362j)	0.3008100986480713	94.39445045045046
944	(2.1830624388765174-0.003106861462491728j)	0.2952880859375	94.49454954954956
945	(2.183239693741066-0.0030891987957056832j)	0.2922642230987549	94.59464864864866
946	(2.1832783873311796-0.0032309531923480073j)	0.29899096488952637	94.69474774774775
947	(2.1833930990786024-0.0031070577186199655j)	0.2913539409637451	94.79484684684685
948	(2.183356824115066-0.002991649018769915j)	0.29605698585510254	94.89494594594595
949	(2.18315408784681-0.0030573065043971726j)	0.2969043254852295	94.99504504504505
950	(2.1831803656267588-0.0029719332712044855j)	0.2983839511871338	95.09514414414416
951	(2.1832251685069495-0.0031534629793174007j)	0.30158209800720215	95.19524324324325
952	(2.183145284237786-0.003161543890671692j)	0.29407787322998047	95.29534234234235
953	(2.1833300151758146-0.0030255106009071664j)	0.3094000816345215	95.39544144144145
954	(2.183317689479891-0.0030969245781446997j)	0.2942469120025635	95.49554054054055
955	(2.1831599866666647-0.0029295592510549806j)	0.2938270568847656	95.59563963963964
956	(2.18323713380758-0.0029607279621728377j)	0.30062103271484375	95.69573873873874
957	(2.1831011576547232-0.003132104787090584j)	0.30072927474975586	95.79583783783785
958	(2.1831536546193804-0.0030373715453347883j)	0.2972908020019531	95.89593693693695
959	(2.183334218462714-0.0031374172138787237j)	0.2974209785461426	95.99603603603605
960	(2.183220803387948-0.003067953049328942j)	0.2935829162597656	96.09613513513514
961	(2.183292635171217-0.002887187924190182j)	0.29732704162597656	96.19623423423424
962	(2.183221359860739-0.0030227541351803833j)	0.2933328151702881	96.29633333333334
963	(2.1830562232755923-0.0029728119630875183j)	0.3027150630950928	96.39643243243243
964	(2.183221526133018-0.00303501563436237j)	0.29630112648010254	96.49653153153155
965	(2.1831942877509882-0.0031764835032890293j)	0.29738903045654297	96.59663063063064
966	(2.1832508726619375-0.002985248780654759j)	0.2967209815979004	96.69672972972974
967	(2.1833616598422316-0.0029955410187230136j)	0.2928290367126465	96.79682882882884
968	(2.1831501313619093-0.0029683004931618795j)	0.2933681011199951	96.89692792792793
969	(2.1831665344002644-0.002869219485622243j)	0.2985830307006836	96.99702702702703
970	(2.1831717922070606-0.003087855429286135j)	0.2950630187988281	97.09712612612613
971	(2.1830960656418843-0.0030574640409954945j)	0.29628586769104004	97.19722522522522
972	(2.1833183783255983-0.0030157943255826325j)	0.2933919429779053	97.29732432432434
973	(2.1832737351857436-0.003072964906814968j)	0.29952311515808105	97.39742342342343
974	(2.1832022038705654-0.0028567138962424243j)	0.29376673698425293	97.49752252252253
975	(2.1832559106546854-0.0029195877391605674j)	0.29392123222351074	97.59762162162163
976	(2.183060525838028-0.0030140114977150745j)	0.29801487922668457	97.69772072072072
977	(2.1831489136871878-0.002952525010774476j)	0.30764198303222656	97.79781981981982
978	(2.183264731393336-0.003118853289340584j)	0.3002963066101074	97.89791891891892
979	(2.1831920935147524-0.0030061671029131265j)	0.2957429885864258	97.99801801801803
980	(2.183331326200196-0.0028765674377054795j)	0.2983839511871338	98.09811711711713
981	(2.1832066163373027-0.0029678222581398517j)	0.2943079471588135	98.19821621621622
982	(2.183080118936913-0.0028538703798617338j)	0.2923111915588379	98.29831531531532
983	(2.1832016739442395-0.0029784775328226543j)	0.3010680675506592	98.39841441441442
984	(2.1831147066371495-0.003093711344050565j)	0.2985808849334717	98.49851351351352
985	(2.1832405606150083-0.002940006622008995j)	0.2975730895996094	98.59861261261261
986	(2.183338166648156-0.0030032912041388915j)	0.29653286933898926	98.69871171171172
987	(2.183158784568654-0.0028881294680401792j)	0.2949039936065674	98.79881081081082
988	(2.1832148430383946-0.0028089073141202014j)	0.2964460849761963	98.89890990990992
989	(2.1831245474939034-0.0030070170277132213j)	0.29320693016052246	98.99900900900901
990	(2.183070676283851-0.0029471798643508906j)	0.3023049831390381	99.09910810810811
991	(2.183285569151004-0.003004925924199764j)	0.29734182357788086	99.19920720720721
992	(2.183218455020963-0.003034834341443471j)	0.29523682594299316	99.2993063063063
993	(2.1832459496871346-0.002811324578957275j)	0.311032772064209	99.39940540540542
994	(2.1832641330250397-0.0028921811991287627j)	0.29930901527404785	99.49950450450451
995	(2.1830485321465445-0.002893081411760534j)	0.30234813690185547	99.59960360360361
996	(2.1831542695405872-0.0028771659184708698j)	0.2970108985900879	99.69970270270271
997	(2.1831850321466746-0.003074375235393556j)	0.29748106002807617	99.7998018018018
998	(2.1831675618971484-0.002940783671778302j)	0.3026292324066162	99.8999009009009
999	(2.183345035005129-0.0028859263802298307j)	0.2979609966278076	100.0
