1.028420008936216
1.3234121591901786
1.4816446283833613
1.613433983807242
1.731263226946484
1.8398640144763456
1.941587591930084
2.0377737121978767
2.129250236960871
2.21655537586475
2.3000501880727904
2.379981035159009
2.456516750322795
2.5297720037578015
2.599822656201054
2.666716225873245
2.7304792499135
2.7911226024796476
2.8486454278737074
2.9030381102695793
2.954284558007861
3.002363990183163
3.047252355243147
3.088923473028847
3.1273499657701125
3.162504025756719
3.1943580550000354
3.2228852032978788
3.248059824728096
3.2698578679233785
3.2882572120380282
3.303237957677392
3.314782680195357
3.322876651173154
3.327508032848239
3.3286680493092873
3.3263511376612107
3.320555081763363
3.311281130793058
3.2985341045796015
3.282322487367809
3.262658511556385
3.2395582328126604
3.213041597943625
3.1831325068176444
3.1498588697385133
3.1132526617199776
3.0733499752436946
3.0301910732934734
2.9838204447689805
2.934286864637648
2.881643461887973
2.8259477987068444
2.767261965454539
2.70565269685198
2.641191516453304
2.573954918309228
2.5040245973750355
2.4314877436829043
2.356437420094915
2.2789730498996996
2.1992010496275793
2.11723565500875
2.033200005963388
1.9472275821112626
1.8594641174502449
1.7700701775085301
1.6792246635185022
1.5871296306750513
1.4940169946207622
1.400157989089264
1.3058766875322023
1.2115696048949323
1.117734489002156
1.0250130674688631
0.934254857998268
0.8466118705927022
0.7636751366642258
0.6876562953099007
0.6215812256466289
0.5693614759508896
0.5354370144729185
0.5236537035253778
0.5356459634984817
0.5699813656386606
0.6229509166524378
0.6901770946826695
0.7677642363500339
0.8526825917174181
0.9427109640166216
1.0362483451387086
1.1321337019892928
1.2295094878412547
1.3277266467802762
1.4262804968912433
1.524767741595411
1.6228575046393199
1.7202716083249503
1.8167709704858463
1.9121460922840896
2.006210315689364
2.098794982025208
2.1897459136429083
2.2789208290982623
2.3661874255860784
2.451421944203791
2.534508088628075
2.6153362052052307
2.693802658282455
2.7698093526032412
2.843263367338174
2.9140766753985217
2.9821659282503763
3.0474522912423705
3.109861317987221
3.1693228549653787
3.2257709694929884
3.2791438956886743
3.3293839942131944
3.3764377224347686
3.4202556123571695
3.460792254164018
3.4980062836933143
3.531860372414005
3.562321218849578
3.589359540485902
3.612950065491637
3.633071523633875
3.649706635941188
3.6628421027540794
3.6724685898702476
3.678580712600043
3.6811770175738823
3.6802599622263457
3.675835891927558
3.667915014778074
3.6565113741270903
3.6416428189428762
3.6233309721788753
3.6016011973595674
3.576482563642743
3.5480078096962697
3.51621330677226
3.481139021457422
3.4428284786676224
3.401328725553676
3.3566902971308843
3.3089671845930297
3.2582168074751072
3.204499991058065
3.1478809507404457
3.0884272854328754
3.0262099825517796
2.9613034377882146
2.8937854935994207
2.8237375013951764
2.7512444137266274
2.676394914478236
2.5992815974240933
2.520001206528491
2.438654955537145
2.3553489500245925
2.2701947427857534
2.1833100641810943
2.0948197840698186
2.0048571832420907
1.913565642788238
1.8211009041143063
1.72763411725796
1.6333559916561096
1.5384825083487004
1.4432628723420056
1.347990719458059
1.2530201059639956
1.1587885911888962
1.0658508839782401
0.9749281407904725
0.8869799041284258
0.803306741553571
0.7256879496920263
0.6565393900334251
0.5990196046717742
0.5568995452795291
0.5339166886731955
0.5325527289901998
0.552887790384806
0.5925458909451675
0.6477895733187653
0.7147768238332973
0.7902608528756585
0.8717506113692483
0.9574125962674133
1.0459109203142603
1.1362651184628727
1.2277434568732593
1.3197879852204584
1.4119631569240634
1.5039207765733942
1.5953759681934316
1.6860905368903782
1.7758613090169626
1.8645118545078854
1.951886533135844
2.037846157614606
2.122264796084078
2.2050273877390962
2.286027945902695
2.36516819048556
2.4423564977904064
2.5175070872905607
2.5905393870928934
2.6613775353703284
2.729949986096757
2.7961891954508875
2.8600313710209986
2.9214162702270445
2.980287037561663
3.0365900725733845
3.0902749223433275
3.1412941935402063
3.1896034801847666
3.2351613040602416
3.2779290653246105
3.3178710013701367
3.3549541523632236
3.38914833219064
3.4204261037979333
3.448762758086054
3.4741362956943065
3.4965274111222744
3.5159194787656687
3.5322985404845215
3.545653294448702
3.5559750850212337
3.563257893515061
3.5674983296944274
3.5686956239339302
3.566851619981892
3.561970768311933
3.5540601200730135
3.5431293216807664
3.5291906101312134
3.512258809140195
3.4923513262634294
3.46948815117877
3.44369185537297
3.4149875935192147
3.383403106905365
3.348968729341853
3.311717396077323
3.271684656358411
3.2289086904086184
3.183430331767822
3.1352930961428798
3.0845432181766275
3.0312296978649242
2.975404358753833
2.9171219205625105
2.856440089521106
2.793419670545949
2.7281247064397793
2.6606226506853883
2.590984582190743
2.5192858226239236
2.445604520981024
2.370025571026259
2.2926376392612675
2.213535580667259
2.1328209362964397
2.050603017953817
1.9670003061434023
1.8821422655034312
1.7961717219058524
1.7092480025999002
1.6215511233054838
1.5332874260496727
1.4446972462556087
1.3560654420987406
1.2677359864631292
1.1801323393845076
1.0937860090190383
1.0093765164036093
0.9277865938638652
0.8501758665495259
0.7780718557392703
0.7134631700216555
0.6588472590195608
0.6171313472998369
0.5912477922193192
0.5834399075491914
0.594485009284995
0.6233811362695462
0.6677561255625047
0.7246643102540044
0.791258508696995
0.8651252395506315
0.9443544687141304
1.0274812786682672
1.1133919439664361
1.2012356874200607
1.2903542873558793
1.3802296816815816
1.4704461309138672
1.5606631968210132
1.650596463777149
1.7400037218690203
1.8286749904929949
1.9164252509164035
2.0030891024096182
2.0885167959991104
2.172571264272442
2.2551258785098245
2.336062742210239
2.4152713840562368
2.4926477511198564
2.568093429772441
2.6415150407352415
2.712823768358193
2.7819349941119964
2.8487680115277527
2.9132458051658707
2.9752948801878585
3.0348451320921597
3.091829748437684
3.146185136124199
3.197850869087464
3.24676965234245
3.292887299061926
3.336152718040352
3.376517909362333
3.4139379665063805
3.4483710834173444
3.479778565342957
3.508124842428453
3.5333774852387396
3.555507221504204
3.57448795351819
3.5902967756915554
3.6029139918662305
3.6123231320477895
3.618510968291889
3.6214675295180494
3.6211861150837414
3.6176633069950945
3.610898980668064
3.6008963142033097
3.5876617961728594
3.5712052319635093
3.551539748761962
3.5286817993291533
3.5026511647415752
3.473470956365118
3.441167617372397
3.4057709242239014
3.367313988601091
3.32583326041952
3.281368532680001
3.233962949089013
3.183663015594402
3.1305186172423336
3.0745830420928497
3.015913014344711
2.9545687393452233
2.8906139638386183
2.82411605566042
2.755146108226364
2.683779076617002
2.6100939540104755
2.534173999779195
2.4561070340331144
2.37598581805619
2.293908546482528
2.2099794858615445
2.1243098065758823
2.037018672401544
1.9482346767431131
1.8580977502537965
1.7667617167024923
1.6743977509996637
1.5811991086768133
1.4873876706485247
1.3932231138893025
1.2990159290649224
1.2051461380205835
1.1120905268585366
1.020462629904554
0.9310716226465949
0.84500831704469
0.7637666689608474
0.6894012575614135
0.6246888590894395
0.5731778238820199
0.5388725808630899
0.5252809889308311
0.5340271551265732
0.5640322922582953
0.6120686817551978
0.6741289091386575
0.7465176008142388
0.8262866508504115
0.9112378337602611
0.9997709691863725
1.0907207334055322
1.1832267258435265
1.2766403736855723
1.3704609010476168
1.46429183345998
1.5578114120360909
1.650752303355162
1.7428875236883026
1.834020548164832
1.9239782689162568
2.0126059170392425
2.0997633560306364
2.1853223455672164
2.26916450058685
2.351179754638509
2.4312651931806135
2.5093241611770347
2.5852655761165253
2.6590033962742976
2.7304562072733543
2.799546899475113
2.866202415566254
2.9303535527114186
2.9919348073274503
3.050884253269771
3.1071434462946
3.1606573492025754
3.211374273276643
3.2592458325158016
3.304226907919381
3.346275619576095
3.3853533047902067
3.4214245007999957
3.454456930924927
3.48442149319751
3.5112922507127857
3.5350464230765337
3.555664378449512
3.573129625786073
3.5874288069489424
3.598551688447365
3.6064911526181485
3.611243188100726
3.6128068795321306
3.6111843964035537
3.606380981078413
3.59840493599883
3.587267610155301
3.57298338491829
3.5555696593847625
3.5350468354238926
3.511438302657781
3.484770423673383
3.455072519795294
3.422376857858584
3.3867186384635746
3.348135986329639
3.3066699434420643
3.2623644658696715
3.2152664252874588
3.1654256164403347
3.112894772088378
3.0577295872725747
2.999988755183739
2.939734017437857
2.8770302322433854
2.811945464801092
2.74455110541138
2.674922022191827
2.6031367572153434
2.5292777773634962
2.4534317945107493
2.3756901740684673
2.2961494569106153
2.2149120278177032
2.1320869747737285
2.047791198917031
1.962150856634207
1.8753032459368064
1.7873992929334532
1.6986068571611712
1.609115165842306
1.5191408206266905
1.4289360162248315
1.3387998974426774
1.249094398124685
1.1602664958366522
1.0728796038994788
0.9876577325632161
0.90554668310579
0.8277956007143075
0.7560563173377799
0.6924798283786745
0.6397485006308953
0.600920259708703
0.578935683048897
0.5757964916834339
0.5918037831184
0.6254280528145052
0.6739235275869561
0.7341923447023031
0.8033984890307738
0.8792169547990555
0.9598447453491851
1.0439152221730372
1.1303958266650471
1.2184999032237764
1.3076191436151612
1.3972744000074777
1.4870806155050504
1.5767219650012585
1.6659341935201344
1.754491984965104
1.842199848334138
1.9288854768644002
2.0143948599332453
2.0985886491709533
2.181339431215021
2.2625296626583427
2.342050093616836
2.4197985554297574
2.4956790223149907
2.5696008810001603
2.6414783595986426
2.7112300793873265
2.778778702148497
2.8440506523283444
2.906975898135893
2.9674877793376826
3.025522872232642
3.0810208843581703
3.1339245730554537
3.1841796832347384
3.2317349006193137
3.276541817479094
3.318554908437673
3.357731514390256
3.3940318329286003
3.4274189139569597
3.4578586594185503
3.485319826228242
3.5097740316745423
3.5311957606674813
3.5495623743197995
3.5648541194286594
3.5770541385112304
3.586148480088321
3.592126108992796
3.5949789165001094
3.5947017301401165
3.5912923230814133
3.584751423018673
3.5750827205295033
3.5622928769087827
3.5463915315191024
3.5273913087410818
3.5053078246576708
3.4801596936421224
3.451968535088974
3.420758980586364
3.386558681905462
3.349398320275454
3.3093116175233384
3.2663353497793977
3.22050936463627
3.1718766028161465
3.120483125675701
3.0663781501721967
3.009614093305615
2.95024662854332
2.8883347573577125
2.823940899807383
2.7571310091299552
2.687974716656468
2.6165455151294275
2.542920990828431
2.4671831180320773
2.389418633494731
2.309719514312177
2.2281835902779155
2.144915332563602
2.0600268755216122
1.9736393495411433
1.8858846330381471
1.7969076751759998
1.7068696043833171
1.6159519313836228
1.5243622949594475
1.4323424082854428
1.3401791803290477
1.2482204651343578
1.1568976067015202
1.066757983289386
0.978512146430182
0.8931016684226264
0.8117943359266632
0.7363092259244197
0.6689561033192735
0.6127236804329749
0.5711571681156639
0.5477906821137409
0.545078157313403
0.5633470902887024
0.6006426281885351
0.6536113456160265
0.7186423021841667
0.7925797930724392
0.8729416332159357
0.9578672742724857
1.0459830509935448
1.1362709036208594
1.2279654058537148
1.3204794555553352
1.4133524129051849
1.5062142755496568
1.5987608985161672
1.6907367283653756
1.7819226493962634
1.872127329631388
1.9611809858995892
2.048930839898181
2.1352377703599377
2.2199738214478497
2.3030203312802775
2.3842665146631425
2.463608382072655
2.5409479100585246
2.616192401412759
2.689253989797332
2.7600492552128135
2.828498925114571
2.8945276421290065
2.9580637838337704
3.0190393234265116
3.077389722613828
3.133053849949827
3.1859739192998995
3.2360954442093495
3.2833672048165887
3.3277412246139817
3.3691727548846173
3.4076202650559604
3.4430454375329256
3.4754131658509206
3.5046915551815925
3.530851924411379
3.553868809146986
3.573719965119241
3.590386371554743
3.603852234164341
3.6141049874732296
3.62113529626509
3.624937055984791
3.625507391971554
3.6228466574555527
3.6169584302801767
3.60784950835876
3.595529903910842
3.580012836567716
3.5613147254701056
3.539455180542717
3.514456993163609
3.4863461265168483
3.455151705975372
3.420906009939935
3.383644461651521
3.3434056225997426
3.3002311882808297
3.254165987223918
3.205257984381598
3.1535582902419406
3.0991211773092138
3.0420041059627594
2.9822677622029237
2.9199761103712354
2.8551964647085875
2.7879995846127064
2.718459799721371
2.646655172650142
2.5726677094070545
2.496583630448055
2.4184937192719507
2.338493770756922
2.256685168675851
2.173175631794007
2.088080181770661
2.0015224055175396
1.9136361122007566
1.8245675245536208
1.7344782013622146
1.6435489716650724
1.5519852848519886
1.4600245648652275
1.3679464319070191
1.2760870662440282
1.184859596343382
1.0947832643868263
1.0065252813799543
0.9209605520907667
0.8392549711317674
0.7629750435932673
0.6942131796519836
0.6356804803365572
0.5906444624846848
0.5625127590047381
0.5539509726205996
0.565857364607443
0.5969484084001954
0.6443341573618067
0.7045686480500789
0.7744570605008965
0.8513946049556849
0.9333877534692042
1.018948758191698
1.106970632884688
1.1966216568346748
1.2872663737959065
1.3784092921586284
1.4696555120279153
1.5606832886149762
1.6512248301646129
1.7410527451015163
1.829970376133582
1.917804828817226
2.0044018863693345
2.0896222594761436
2.173338791725775
2.255434356885541
2.335800262601244
2.4143350287431824
2.490943445699594
2.56553584384863
2.638027523748355
2.7083383096447324
2.7763921983214512
2.8421170821721193
2.9054445304119665
2.9663096160851548
3.024650779319022
3.080409719376834
3.133531309678242
3.1839635311650016
3.2316574203485873
3.2765670291097178
3.318649393893199
3.357864512390942
3.394175326180273
3.4275477080459593
3.4579504529702767
3.4853552719458336
3.509736787921263
3.531072533308813
3.549342948599409
3.5645313817000015
3.576624087689756
3.5856102287473375
3.591481874062365
3.5942339995822974
3.59386448749513
3.590374125380606
3.5837666050083037
3.5740485207864223
3.561229367910639
3.5453215402923957
3.526340328389324
3.504303917102191
3.4792333839579683
3.4511526978351124
3.420088718578367
3.3860711979010847
3.3491327820766332
3.309309017023643
3.266638356519033
3.2211621744346064
3.1729247820877515
3.1219734520352334
3.0683584499501926
3.0121330765912777
2.9533537223622193
2.892079937555561
2.8283745221650194
2.762303640143544
2.693936964286373
2.623347859614266
2.5506136153614
2.475815738636709
2.3990403267798586
2.3203785407776687
2.2399272093656233
2.1577896034188226
2.0740764340777496
1.988907147418789
1.9024116159100541
1.814732366070317
1.7260275383191035
1.6364748574907082
1.5462770137603539
1.4556690332923343
1.3649284846781753
1.2743897625574074
1.184464267749105
1.0956691191027181
1.00866809238812
0.9243295810373146
0.843806644901276
0.7686410278449105
0.7008798830429064
0.6431586488592376
0.5986358713273939
0.5705992565505009
0.561644078352095
0.5727137863323121
0.6026840138043974
0.6488584797266921
0.70794114435814
0.7768201063061806
0.8529219404783485
0.9342556177729903
1.0193231196593733
1.107003091695806
1.1964492669299918
1.2870129283592582
1.3781869562170033
1.4695663536224264
1.560820563577939
1.6516740025368755
1.7418922720628374
1.8312722988244663
1.9196352093663376
2.0068211258444153
2.092685325074426
2.1770953756927462
2.2599289848149833
2.3410723648931877
2.420418985972961
2.4978686163038666
2.5733265807260666
2.646703184963082
2.7179132673391866
2.786875849089272
2.853513861476149
2.917753933096177
2.9795262246080383
3.03876430098644
3.0954050335779506
3.149388525882389
3.2006580582529316
3.249160047681307
3.294844019595316
3.337662589189424
3.3775714502786136
3.4145293700366826
3.4484981882771595
3.479442820173541
3.5073312615082535
3.5321345957018844
3.553827001990424
3.572385764247107
3.587791280016744
3.6000270694092924
3.609079783579279
3.614939212553464
3.617598292235296
3.6170531104542856
3.613302911968618
3.6063501023754045
3.596200250913757
3.5828620921973364
3.5663475269352327
3.546671621766201
3.523852608356873
3.4979118819798773
3.468873999843514
3.4367666795107032
3.401620797830375
3.3634703908953165
3.322352655653877
3.2783079539499056
3.2313798199219903
3.181614971910373
3.129063330274974
3.073778042849061
3.0158155201583914
2.9552354830560135
2.892101026059927
2.8264787005435306
2.7584386229974265
2.6880546150059628
2.6154043834373777
2.5405697518143735
2.46363695710404
2.384697030601437
2.303846287586379
2.2211869586727224
2.136828007195033
2.0508861929620226
1.9634874653189411
1.8747688008192245
1.7848806475936065
1.6939902069451602
1.602285883900784
1.5099833895354975
1.4173342053210742
1.3246374636974718
1.2322568183719635
1.1406446516339812
1.0503770774661398
0.9622046576175899
0.87712522228671
0.7964852354050989
0.7221102998918766
0.6564426279794368
0.6026044718389845
0.5642058362467108
0.5446653512129237
0.5460761017970575
0.5682695869638485
0.6088966288423263
0.6644473642600698
0.7313475364974308
0.8065622565411715
0.8877388796353771
0.9731250136900385
1.0614288246558485
1.1516918323622263
1.2431916104733813
1.3353723246734268
1.4277964648613646
1.5201115398535223
1.61202702565904
1.7032982787083089
1.79371518846789
1.8830940785428234
1.9712718570106516
2.0581017420626107
2.1434501042271448
2.2271941095419923
2.3092199439907897
2.3894214645069245
2.46769916634257
2.543959387411527
2.6181136917830115
2.6900783897738574
2.7597741630095824
2.827125770719117
2.8920618192944105
2.954514581385852
3.0144198539750695
3.0717168472201597
3.1263480976711673
3.1782594008138285
3.2273997589500465
3.2737213412360187
3.3171794533263306
3.3577325145799324
3.3953420411620927
3.429972633700317
3.461591968394345
3.490170790686092
3.515682910757282
3.5381052002568993
3.5574175897705835
3.5736030666373817
3.586647672795274
3.5965405024031214
3.603273699047242
3.606842452382575
3.6072449941135543
3.6044825932549767
3.5985595506512804
3.5894831927740634
3.5772638648526507
3.5619149234321346
3.543452728487994
3.5218966352846914
3.4972689861933444
3.4695951027569714
3.4389032783476714
3.4052247718286504
3.368593802733563
3.3290475485698177
3.2866261449847722
3.2413726896856696
3.193333251194301
3.1425568837500646
3.0890956499668394
3.033004653212179
2.9743420821370044
2.9131692703634444
2.8495507750847815
2.7835544792816096
2.71525172349576
2.6447174747140694
2.5720305420216527
2.4972738514927815
2.420534796505543
2.341905684696314
2.26148430957858
2.1793746841826653