0.000000000000000000e+00
1.096401593168952360e+00
2.192803186337904719e+00
3.289204779506857079e+00
4.385606372675809439e+00
5.482007965844761799e+00
6.578409559013714158e+00
7.674811152182666518e+00
8.771212745351618878e+00
9.867614338520571238e+00
1.096401593168952360e+01
1.206041752485847596e+01
1.315681911802742832e+01
1.425322071119638068e+01
1.534962230436533304e+01
1.644602389753428540e+01
1.754242549070323776e+01
1.863882708387219012e+01
1.973522867704114248e+01
2.083163027021009484e+01
2.192803186337904719e+01
2.302443345654799955e+01
2.412083504971695191e+01
2.521723664288590427e+01
2.631363823605485663e+01
2.741003982922380899e+01
2.850644142239276135e+01
2.960284301556171371e+01
3.069924460873066607e+01
3.179564620189961843e+01
3.289204779506857079e+01
3.398844938823752670e+01
3.508485098140647551e+01
3.618125257457542432e+01
3.727765416774438023e+01
3.837405576091333614e+01
3.947045735408228495e+01
4.056685894725123376e+01
4.166326054042018967e+01
4.275966213358914558e+01
4.385606372675809439e+01
4.495246531992704320e+01
4.604886691309599911e+01
4.714526850626495502e+01
4.824167009943390383e+01
4.933807169260285264e+01
5.043447328577180855e+01
5.153087487894076446e+01
5.262727647210971327e+01
5.372367806527866207e+01
5.482007965844761799e+01
5.591648125161657390e+01
5.701288284478552271e+01
5.810928443795447151e+01
5.920568603112342743e+01
6.030208762429238334e+01
6.139848921746133215e+01
6.249489081063028095e+01
6.359129240379923687e+01
6.468769399696819278e+01
6.578409559013714158e+01
6.688049718330609039e+01
6.797689877647505341e+01
6.907330036964400222e+01
7.016970196281295102e+01
7.126610355598189983e+01
7.236250514915084864e+01
7.345890674231981166e+01
7.455530833548876046e+01
7.565170992865770927e+01
7.674811152182667229e+01
7.784451311499562109e+01
7.894091470816456990e+01
8.003731630133351871e+01
8.113371789450246752e+01
8.223011948767143053e+01
8.332652108084037934e+01
8.442292267400932815e+01
8.551932426717829117e+01
8.661572586034723997e+01
8.771212745351618878e+01
8.880852904668513759e+01
8.990493063985408639e+01
9.100133223302304941e+01
9.209773382619199822e+01
9.319413541936094703e+01
9.429053701252991004e+01
9.538693860569885885e+01
9.648334019886780766e+01
9.757974179203675646e+01
9.867614338520570527e+01
9.977254497837466829e+01
1.008689465715436171e+02
1.019653481647125659e+02
1.030617497578815289e+02
1.041581513510504777e+02
1.052545529442194265e+02
1.063509545373883753e+02
1.074473561305573241e+02
1.085437577237262872e+02
1.096401593168952360e+02
1.107365609100641848e+02
1.118329625032331478e+02
1.129293640964020966e+02
1.140257656895710454e+02
1.151221672827399942e+02
1.162185688759089430e+02
1.173149704690779060e+02
1.184113720622468549e+02
1.195077736554158037e+02
1.206041752485847667e+02
1.217005768417537155e+02
1.227969784349226643e+02
1.238933800280916131e+02
1.249897816212605619e+02
1.260861832144295249e+02
1.271825848075984737e+02
1.282789864007674225e+02
1.293753879939363856e+02
1.304717895871053202e+02
1.315681911802742832e+02
1.326645927734432462e+02
1.337609943666121808e+02
1.348573959597811438e+02
1.359537975529501068e+02
1.370501991461190414e+02
1.381466007392880044e+02
1.392430023324569390e+02
1.403394039256259020e+02
1.414358055187948651e+02
1.425322071119637997e+02
1.436286087051327627e+02
1.447250102983016973e+02
1.458214118914706603e+02
1.469178134846396233e+02
1.480142150778085579e+02
1.491106166709775209e+02
1.502070182641464839e+02
1.513034198573154185e+02
1.523998214504843816e+02
1.534962230436533446e+02
1.545926246368222792e+02
1.556890262299912422e+02
1.567854278231601768e+02
1.578818294163291398e+02
1.589782310094981028e+02
1.600746326026670374e+02
1.611710341958360004e+02
1.622674357890049350e+02
1.633638373821738980e+02
1.644602389753428611e+02
1.655566405685117957e+02
1.666530421616807587e+02
1.677494437548497217e+02
1.688458453480186563e+02
1.699422469411876193e+02
1.710386485343565823e+02
1.721350501275255169e+02
1.732314517206944799e+02
1.743278533138634145e+02
1.754242549070323776e+02
1.765206565002013406e+02
1.776170580933702752e+02
1.787134596865392382e+02
1.798098612797081728e+02
1.809062628728771358e+02
1.820026644660460988e+02
1.830990660592150334e+02
1.841954676523839964e+02
1.852918692455529595e+02
1.863882708387218941e+02
1.874846724318908571e+02
1.885810740250598201e+02
1.896774756182287547e+02
1.907738772113977177e+02
1.918702788045666523e+02
1.929666803977356153e+02
1.940630819909045783e+02
1.951594835840735129e+02
1.962558851772424759e+02
1.973522867704114105e+02
1.984486883635803736e+02
1.995450899567493366e+02
2.006414915499182712e+02
2.017378931430872342e+02
2.028342947362561972e+02
2.039306963294251318e+02
2.050270979225940948e+02
2.061234995157630578e+02
2.072199011089319924e+02
2.083163027021009555e+02
2.094127042952698901e+02
2.105091058884388531e+02
2.116055074816078161e+02
2.127019090747767507e+02
2.137983106679457137e+02
2.148947122611146483e+02
2.159911138542836113e+02
2.170875154474525743e+02
2.181839170406215089e+02
2.192803186337904719e+02
2.203767202269594350e+02
2.214731218201283696e+02
2.225695234132973326e+02
2.236659250064662956e+02
2.247623265996352302e+02
2.258587281928041932e+02
2.269551297859731278e+02
2.280515313791420908e+02
2.291479329723110538e+02
2.302443345654799884e+02
2.313407361586489515e+02
2.324371377518178861e+02
2.335335393449868491e+02
2.346299409381558121e+02
2.357263425313247467e+02
2.368227441244937097e+02
2.379191457176626727e+02
2.390155473108316073e+02
2.401119489040005703e+02
2.412083504971695334e+02
2.423047520903384680e+02
2.434011536835074310e+02
2.444975552766763656e+02
2.455939568698453286e+02
2.466903584630142916e+02
2.477867600561832262e+02
2.488831616493521892e+02
2.499795632425211238e+02
2.510759648356900868e+02
2.521723664288590498e+02
2.532687680220279844e+02
2.543651696151969475e+02
2.554615712083659105e+02
2.565579728015348451e+02
2.576543743947037797e+02
2.587507759878727711e+02
2.598471775810417057e+02
2.609435791742106403e+02
2.620399807673796317e+02
2.631363823605485663e+02
2.642327839537175009e+02
2.653291855468864924e+02
2.664255871400554270e+02
2.675219887332243616e+02
2.686183903263933530e+02
2.697147919195622876e+02
2.708111935127312222e+02
2.719075951059002136e+02
2.730039966990691482e+02
2.741003982922380828e+02
2.751967998854070174e+02
2.762932014785760089e+02
2.773896030717449435e+02
2.784860046649138781e+02
2.795824062580828695e+02
2.806788078512518041e+02
2.817752094444207387e+02
2.828716110375897301e+02
2.839680126307586647e+02
2.850644142239275993e+02
2.861608158170965908e+02
2.872572174102655254e+02
2.883536190034344600e+02
2.894500205966033946e+02
2.905464221897723860e+02
2.916428237829413206e+02
2.927392253761102552e+02
2.938356269692792466e+02
2.949320285624481812e+02
2.960284301556171158e+02
2.971248317487861073e+02
2.982212333419550419e+02
2.993176349351239764e+02
3.004140365282929679e+02
3.015104381214619025e+02
3.026068397146308371e+02
3.037032413077998285e+02
3.047996429009687631e+02
3.058960444941376977e+02
3.069924460873066892e+02
3.080888476804756237e+02
3.091852492736445583e+02
3.102816508668134929e+02
3.113780524599824844e+02
3.124744540531514190e+02
3.135708556463203536e+02
3.146672572394893450e+02
3.157636588326582796e+02
3.168600604258272142e+02
3.179564620189962056e+02
3.190528636121651402e+02
3.201492652053340748e+02
3.212456667985030663e+02
3.223420683916720009e+02
3.234384699848409355e+02
3.245348715780098701e+02
3.256312731711788615e+02
3.267276747643477961e+02
3.278240763575167307e+02
3.289204779506857221e+02
3.300168795438546567e+02
3.311132811370235913e+02
3.322096827301925828e+02
3.333060843233615174e+02
3.344024859165304520e+02
3.354988875096994434e+02
3.365952891028683780e+02
3.376916906960373126e+02
3.387880922892063040e+02
3.398844938823752386e+02
3.409808954755441732e+02
3.420772970687131647e+02
3.431736986618820993e+02
3.442701002550510339e+02
3.453665018482199685e+02
3.464629034413889599e+02
3.475593050345578945e+02
3.486557066277268291e+02
3.497521082208958205e+02
3.508485098140647551e+02
3.519449114072336897e+02
3.530413130004026812e+02
3.541377145935716158e+02
3.552341161867405503e+02
3.563305177799095418e+02
3.574269193730784764e+02
3.585233209662474110e+02
3.596197225594163456e+02
3.607161241525853370e+02
3.618125257457542716e+02
3.629089273389232062e+02
3.640053289320921976e+02
3.651017305252611322e+02
3.661981321184300668e+02
3.672945337115990583e+02
3.683909353047679929e+02
3.694873368979369275e+02
3.705837384911059189e+02
3.716801400842748535e+02
3.727765416774437881e+02
3.738729432706127795e+02
3.749693448637817141e+02
3.760657464569506487e+02
3.771621480501196402e+02
3.782585496432885748e+02
3.793549512364575094e+02
3.804513528296264440e+02
3.815477544227954354e+02
3.826441560159643700e+02
3.837405576091333046e+02
3.848369592023022960e+02
3.859333607954712306e+02
3.870297623886401652e+02
3.881261639818091567e+02
3.892225655749780913e+02
3.903189671681470259e+02
3.914153687613160173e+02
3.925117703544849519e+02
3.936081719476538865e+02
3.947045735408228211e+02
3.958009751339918125e+02
3.968973767271607471e+02
3.979937783203296817e+02
3.990901799134986732e+02
4.001865815066676078e+02
4.012829830998365424e+02
4.023793846930055338e+02
4.034757862861744684e+02
4.045721878793434030e+02
4.056685894725123944e+02
4.067649910656813290e+02
4.078613926588502636e+02
4.089577942520192551e+02
4.100541958451881897e+02
4.111505974383571242e+02
4.122469990315261157e+02
4.133434006246950503e+02
4.144398022178639849e+02
4.155362038110329195e+02
4.166326054042019109e+02
4.177290069973708455e+02
4.188254085905397801e+02
4.199218101837087715e+02
4.210182117768777061e+02
4.221146133700466407e+02
4.232110149632156322e+02
4.243074165563845668e+02
4.254038181495535014e+02
4.265002197427224928e+02
4.275966213358914274e+02
4.286930229290603620e+02
4.297894245222292966e+02
4.308858261153982880e+02
4.319822277085672226e+02
4.330786293017361572e+02
4.341750308949051487e+02
4.352714324880740833e+02
4.363678340812430179e+02
4.374642356744120093e+02
4.385606372675809439e+02
4.396570388607498785e+02
4.407534404539188699e+02
4.418498420470878045e+02
4.429462436402567391e+02
4.440426452334257306e+02
4.451390468265946652e+02
4.462354484197635998e+02
4.473318500129325912e+02
4.484282516061015258e+02
4.495246531992704604e+02
4.506210547924393950e+02
4.517174563856083864e+02
4.528138579787773210e+02
4.539102595719462556e+02
4.550066611651152471e+02
4.561030627582841817e+02
4.571994643514531163e+02
4.582958659446221077e+02
4.593922675377910423e+02
4.604886691309599769e+02
4.615850707241289683e+02
4.626814723172979029e+02
4.637778739104668375e+02
4.648742755036357721e+02
4.659706770968047636e+02
4.670670786899736981e+02
4.681634802831426327e+02
4.692598818763116242e+02
4.703562834694805588e+02
4.714526850626494934e+02
4.725490866558184848e+02
4.736454882489874194e+02
4.747418898421563540e+02
4.758382914353253454e+02
4.769346930284942800e+02
4.780310946216632146e+02
4.791274962148322061e+02
4.802238978080011407e+02
4.813202994011700753e+02
4.824167009943390667e+02
4.835131025875080013e+02
4.846095041806769359e+02
4.857059057738458705e+02
4.868023073670148619e+02
4.878987089601837965e+02
4.889951105533527311e+02
4.900915121465217226e+02
4.911879137396906572e+02
4.922843153328595918e+02
4.933807169260285832e+02
4.944771185191975178e+02
4.955735201123664524e+02
4.966699217055354438e+02
4.977663232987043784e+02
4.988627248918733130e+02
-4.999591264850422476e+02
-4.988627248918733130e+02
-4.977663232987043784e+02
-4.966699217055354438e+02
-4.955735201123664524e+02
-4.944771185191975178e+02
-4.933807169260285832e+02
-4.922843153328595918e+02
-4.911879137396906572e+02
-4.900915121465217226e+02
-4.889951105533527311e+02
-4.878987089601837965e+02
-4.868023073670148619e+02
-4.857059057738458705e+02
-4.846095041806769359e+02
-4.835131025875080013e+02
-4.824167009943390667e+02
-4.813202994011700753e+02
-4.802238978080011407e+02
-4.791274962148322061e+02
-4.780310946216632146e+02
-4.769346930284942800e+02
-4.758382914353253454e+02
-4.747418898421563540e+02
-4.736454882489874194e+02
-4.725490866558184848e+02
-4.714526850626494934e+02
-4.703562834694805588e+02
-4.692598818763116242e+02
-4.681634802831426327e+02
-4.670670786899736981e+02
-4.659706770968047636e+02
-4.648742755036357721e+02
-4.637778739104668375e+02
-4.626814723172979029e+02
-4.615850707241289683e+02
-4.604886691309599769e+02
-4.593922675377910423e+02
-4.582958659446221077e+02
-4.571994643514531163e+02
-4.561030627582841817e+02
-4.550066611651152471e+02
-4.539102595719462556e+02
-4.528138579787773210e+02
-4.517174563856083864e+02
-4.506210547924393950e+02
-4.495246531992704604e+02
-4.484282516061015258e+02
-4.473318500129325912e+02
-4.462354484197635998e+02
-4.451390468265946652e+02
-4.440426452334257306e+02
-4.429462436402567391e+02
-4.418498420470878045e+02
-4.407534404539188699e+02
-4.396570388607498785e+02
-4.385606372675809439e+02
-4.374642356744120093e+02
-4.363678340812430179e+02
-4.352714324880740833e+02
-4.341750308949051487e+02
-4.330786293017361572e+02
-4.319822277085672226e+02
-4.308858261153982880e+02
-4.297894245222292966e+02
-4.286930229290603620e+02
-4.275966213358914274e+02
-4.265002197427224928e+02
-4.254038181495535014e+02
-4.243074165563845668e+02
-4.232110149632156322e+02
-4.221146133700466407e+02
-4.210182117768777061e+02
-4.199218101837087715e+02
-4.188254085905397801e+02
-4.177290069973708455e+02
-4.166326054042019109e+02
-4.155362038110329195e+02
-4.144398022178639849e+02
-4.133434006246950503e+02
-4.122469990315261157e+02
-4.111505974383571242e+02
-4.100541958451881897e+02
-4.089577942520192551e+02
-4.078613926588502636e+02
-4.067649910656813290e+02
-4.056685894725123944e+02
-4.045721878793434030e+02
-4.034757862861744684e+02
-4.023793846930055338e+02
-4.012829830998365424e+02
-4.001865815066676078e+02
-3.990901799134986732e+02
-3.979937783203296817e+02
-3.968973767271607471e+02
-3.958009751339918125e+02
-3.947045735408228211e+02
-3.936081719476538865e+02
-3.925117703544849519e+02
-3.914153687613160173e+02
-3.903189671681470259e+02
-3.892225655749780913e+02
-3.881261639818091567e+02
-3.870297623886401652e+02
-3.859333607954712306e+02
-3.848369592023022960e+02
-3.837405576091333046e+02
-3.826441560159643700e+02
-3.815477544227954354e+02
-3.804513528296264440e+02
-3.793549512364575094e+02
-3.782585496432885748e+02
-3.771621480501196402e+02
-3.760657464569506487e+02
-3.749693448637817141e+02
-3.738729432706127795e+02
-3.727765416774437881e+02
-3.716801400842748535e+02
-3.705837384911059189e+02
-3.694873368979369275e+02
-3.683909353047679929e+02
-3.672945337115990583e+02
-3.661981321184300668e+02
-3.651017305252611322e+02
-3.640053289320921976e+02
-3.629089273389232062e+02
-3.618125257457542716e+02
-3.607161241525853370e+02
-3.596197225594163456e+02
-3.585233209662474110e+02
-3.574269193730784764e+02
-3.563305177799095418e+02
-3.552341161867405503e+02
-3.541377145935716158e+02
-3.530413130004026812e+02
-3.519449114072336897e+02
-3.508485098140647551e+02
-3.497521082208958205e+02
-3.486557066277268291e+02
-3.475593050345578945e+02
-3.464629034413889599e+02
-3.453665018482199685e+02
-3.442701002550510339e+02
-3.431736986618820993e+02
-3.420772970687131647e+02
-3.409808954755441732e+02
-3.398844938823752386e+02
-3.387880922892063040e+02
-3.376916906960373126e+02
-3.365952891028683780e+02
-3.354988875096994434e+02
-3.344024859165304520e+02
-3.333060843233615174e+02
-3.322096827301925828e+02
-3.311132811370235913e+02
-3.300168795438546567e+02
-3.289204779506857221e+02
-3.278240763575167307e+02
-3.267276747643477961e+02
-3.256312731711788615e+02
-3.245348715780098701e+02
-3.234384699848409355e+02
-3.223420683916720009e+02
-3.212456667985030663e+02
-3.201492652053340748e+02
-3.190528636121651402e+02
-3.179564620189962056e+02
-3.168600604258272142e+02
-3.157636588326582796e+02
-3.146672572394893450e+02
-3.135708556463203536e+02
-3.124744540531514190e+02
-3.113780524599824844e+02
-3.102816508668134929e+02
-3.091852492736445583e+02
-3.080888476804756237e+02
-3.069924460873066892e+02
-3.058960444941376977e+02
-3.047996429009687631e+02
-3.037032413077998285e+02
-3.026068397146308371e+02
-3.015104381214619025e+02
-3.004140365282929679e+02
-2.993176349351239764e+02
-2.982212333419550419e+02
-2.971248317487861073e+02
-2.960284301556171158e+02
-2.949320285624481812e+02
-2.938356269692792466e+02
-2.927392253761102552e+02
-2.916428237829413206e+02
-2.905464221897723860e+02
-2.894500205966033946e+02
-2.883536190034344600e+02
-2.872572174102655254e+02
-2.861608158170965908e+02
-2.850644142239275993e+02
-2.839680126307586647e+02
-2.828716110375897301e+02
-2.817752094444207387e+02
-2.806788078512518041e+02
-2.795824062580828695e+02
-2.784860046649138781e+02
-2.773896030717449435e+02
-2.762932014785760089e+02
-2.751967998854070174e+02
-2.741003982922380828e+02
-2.730039966990691482e+02
-2.719075951059002136e+02
-2.708111935127312222e+02
-2.697147919195622876e+02
-2.686183903263933530e+02
-2.675219887332243616e+02
-2.664255871400554270e+02
-2.653291855468864924e+02
-2.642327839537175009e+02
-2.631363823605485663e+02
-2.620399807673796317e+02
-2.609435791742106403e+02
-2.598471775810417057e+02
-2.587507759878727711e+02
-2.576543743947037797e+02
-2.565579728015348451e+02
-2.554615712083659105e+02
-2.543651696151969475e+02
-2.532687680220279844e+02
-2.521723664288590498e+02
-2.510759648356900868e+02
-2.499795632425211238e+02
-2.488831616493521892e+02
-2.477867600561832262e+02
-2.466903584630142916e+02
-2.455939568698453286e+02
-2.444975552766763656e+02
-2.434011536835074310e+02
-2.423047520903384680e+02
-2.412083504971695334e+02
-2.401119489040005703e+02
-2.390155473108316073e+02
-2.379191457176626727e+02
-2.368227441244937097e+02
-2.357263425313247467e+02
-2.346299409381558121e+02
-2.335335393449868491e+02
-2.324371377518178861e+02
-2.313407361586489515e+02
-2.302443345654799884e+02
-2.291479329723110538e+02
-2.280515313791420908e+02
-2.269551297859731278e+02
-2.258587281928041932e+02
-2.247623265996352302e+02
-2.236659250064662956e+02
-2.225695234132973326e+02
-2.214731218201283696e+02
-2.203767202269594350e+02
-2.192803186337904719e+02
-2.181839170406215089e+02
-2.170875154474525743e+02
-2.159911138542836113e+02
-2.148947122611146483e+02
-2.137983106679457137e+02
-2.127019090747767507e+02
-2.116055074816078161e+02
-2.105091058884388531e+02
-2.094127042952698901e+02
-2.083163027021009555e+02
-2.072199011089319924e+02
-2.061234995157630578e+02
-2.050270979225940948e+02
-2.039306963294251318e+02
-2.028342947362561972e+02
-2.017378931430872342e+02
-2.006414915499182712e+02
-1.995450899567493366e+02
-1.984486883635803736e+02
-1.973522867704114105e+02
-1.962558851772424759e+02
-1.951594835840735129e+02
-1.940630819909045783e+02
-1.929666803977356153e+02
-1.918702788045666523e+02
-1.907738772113977177e+02
-1.896774756182287547e+02
-1.885810740250598201e+02
-1.874846724318908571e+02
-1.863882708387218941e+02
-1.852918692455529595e+02
-1.841954676523839964e+02
-1.830990660592150334e+02
-1.820026644660460988e+02
-1.809062628728771358e+02
-1.798098612797081728e+02
-1.787134596865392382e+02
-1.776170580933702752e+02
-1.765206565002013406e+02
-1.754242549070323776e+02
-1.743278533138634145e+02
-1.732314517206944799e+02
-1.721350501275255169e+02
-1.710386485343565823e+02
-1.699422469411876193e+02
-1.688458453480186563e+02
-1.677494437548497217e+02
-1.666530421616807587e+02
-1.655566405685117957e+02
-1.644602389753428611e+02
-1.633638373821738980e+02
-1.622674357890049350e+02
-1.611710341958360004e+02
-1.600746326026670374e+02
-1.589782310094981028e+02
-1.578818294163291398e+02
-1.567854278231601768e+02
-1.556890262299912422e+02
-1.545926246368222792e+02
-1.534962230436533446e+02
-1.523998214504843816e+02
-1.513034198573154185e+02
-1.502070182641464839e+02
-1.491106166709775209e+02
-1.480142150778085579e+02
-1.469178134846396233e+02
-1.458214118914706603e+02
-1.447250102983016973e+02
-1.436286087051327627e+02
-1.425322071119637997e+02
-1.414358055187948651e+02
-1.403394039256259020e+02
-1.392430023324569390e+02
-1.381466007392880044e+02
-1.370501991461190414e+02
-1.359537975529501068e+02
-1.348573959597811438e+02
-1.337609943666121808e+02
-1.326645927734432462e+02
-1.315681911802742832e+02
-1.304717895871053202e+02
-1.293753879939363856e+02
-1.282789864007674225e+02
-1.271825848075984737e+02
-1.260861832144295249e+02
-1.249897816212605619e+02
-1.238933800280916131e+02
-1.227969784349226643e+02
-1.217005768417537155e+02
-1.206041752485847667e+02
-1.195077736554158037e+02
-1.184113720622468549e+02
-1.173149704690779060e+02
-1.162185688759089430e+02
-1.151221672827399942e+02
-1.140257656895710454e+02
-1.129293640964020966e+02
-1.118329625032331478e+02
-1.107365609100641848e+02
-1.096401593168952360e+02
-1.085437577237262872e+02
-1.074473561305573241e+02
-1.063509545373883753e+02
-1.052545529442194265e+02
-1.041581513510504777e+02
-1.030617497578815289e+02
-1.019653481647125659e+02
-1.008689465715436171e+02
-9.977254497837466829e+01
-9.867614338520570527e+01
-9.757974179203675646e+01
-9.648334019886780766e+01
-9.538693860569885885e+01
-9.429053701252991004e+01
-9.319413541936094703e+01
-9.209773382619199822e+01
-9.100133223302304941e+01
-8.990493063985408639e+01
-8.880852904668513759e+01
-8.771212745351618878e+01
-8.661572586034723997e+01
-8.551932426717829117e+01
-8.442292267400932815e+01
-8.332652108084037934e+01
-8.223011948767143053e+01
-8.113371789450246752e+01
-8.003731630133351871e+01
-7.894091470816456990e+01
-7.784451311499562109e+01
-7.674811152182667229e+01
-7.565170992865770927e+01
-7.455530833548876046e+01
-7.345890674231981166e+01
-7.236250514915084864e+01
-7.126610355598189983e+01
-7.016970196281295102e+01
-6.907330036964400222e+01
-6.797689877647505341e+01
-6.688049718330609039e+01
-6.578409559013714158e+01
-6.468769399696819278e+01
-6.359129240379923687e+01
-6.249489081063028095e+01
-6.139848921746133215e+01
-6.030208762429238334e+01
-5.920568603112342743e+01
-5.810928443795447151e+01
-5.701288284478552271e+01
-5.591648125161657390e+01
-5.482007965844761799e+01
-5.372367806527866207e+01
-5.262727647210971327e+01
-5.153087487894076446e+01
-5.043447328577180855e+01
-4.933807169260285264e+01
-4.824167009943390383e+01
-4.714526850626495502e+01
-4.604886691309599911e+01
-4.495246531992704320e+01
-4.385606372675809439e+01
-4.275966213358914558e+01
-4.166326054042018967e+01
-4.056685894725123376e+01
-3.947045735408228495e+01
-3.837405576091333614e+01
-3.727765416774438023e+01
-3.618125257457542432e+01
-3.508485098140647551e+01
-3.398844938823752670e+01
-3.289204779506857079e+01
-3.179564620189961843e+01
-3.069924460873066607e+01
-2.960284301556171371e+01
-2.850644142239276135e+01
-2.741003982922380899e+01
-2.631363823605485663e+01
-2.521723664288590427e+01
-2.412083504971695191e+01
-2.302443345654799955e+01
-2.192803186337904719e+01
-2.083163027021009484e+01
-1.973522867704114248e+01
-1.863882708387219012e+01
-1.754242549070323776e+01
-1.644602389753428540e+01
-1.534962230436533304e+01
-1.425322071119638068e+01
-1.315681911802742832e+01
-1.206041752485847596e+01
-1.096401593168952360e+01
-9.867614338520571238e+00
-8.771212745351618878e+00
-7.674811152182666518e+00
-6.578409559013714158e+00
-5.482007965844761799e+00
-4.385606372675809439e+00
-3.289204779506857079e+00
-2.192803186337904719e+00
-1.096401593168952360e+00
