-5.815821431721448
-4.720474632505153
-2.157911076347756
0.26061990377013095
1.2603320848336668
0.7657569424494965
-0.2589755592964813
-0.752145273503757
-0.40748932878108735
0.25581471860283256
0.5382170723674218
0.23778776364650026
-0.2509786432018452
-0.4143030299632995
-0.13616240158605897
0.24439332005742365
0.3295346372034209
0.06735722646894793
-0.23605758868755913
-0.26534553093493674
-0.017386709509811027
0.22603062061017742
0.21344685453438772
-0.020369211668717746
-0.2144197303708774
-0.16965341458056415
0.04944165654067767
0.20136919280388418
0.13167478531724341
-0.07189223701599062
-0.18705046752986978
-0.09818703856290054
0.0890187987135928
0.17165400031955422
0.06839518601075165
-0.10169574986690921
-0.15538258811474726
-0.041808444927145375
0.1105511823736895
0.13844616196932538
0.018116893830016967
-0.1160647146805732
-0.12105775797080356
0.002879918346317123
0.11862421157740073
0.10343040543703046
-0.02131617687692569
-0.11856000440720332
-0.08577465742161622
0.03728700555804612
0.11616621991208936
0.06829651268520551
-0.050866242005098976
-0.11171439121274813
-0.051195522260408466
0.06211846225122808
0.10546223010030156
0.03466292927110162
-0.07110736443630955
-0.09765920764516342
-0.018879750263081065
0.07790173630837638
0.08854991259214678
0.004014763641304271
-0.08257971845653976
-0.07837578122422903
0.009777579011304674
0.08523177533988491
0.06737558550135515
-0.022359263311384256
-0.08596261326329954
-0.05578495506901519
0.03361076147980058
0.08489218941749227
0.04383515105424132
-0.04343292373958034
-0.08215590932757257
-0.03175128041235637
0.0517486124911974
0.07790409266772894
0.01975012389074584
-0.058503988421834775
-0.07230078682717435
-0.008037739470527723
0.06366937436033582
0.06552201526030775
-0.0031930086073057376
-0.06723964499675628
-0.05775355764454372
0.013764859860521284
0.0692341158271407
0.049188367320726206
-0.023518389658753934
-0.0696959302907374
-0.04002373606339067
0.032313968026611545
0.0686909678079136
0.030458315799353014
-0.040033373454674136
-0.06630631554733843
-0.020689101294096325
0.046581014250344686
0.06264836205154295
0.010908467604021324
-0.051884733217979644
-0.05784058071310536
-0.0013013422924959342
0.05589619233561715
0.05202107545912617
-0.007957423636544808
-0.058590851481390434
-0.04533996030032386
0.01670543898297651
0.05996756842555337
0.03795663945759943
-0.02479487893976902
-0.0600478559324843
-0.03003704669324849
0.03209429869176984
0.05887483601331045
0.02175089249415895
-0.03849014949830569
-0.05651193160490542
-0.013268957150342028
0.04388800128273261
0.05304133299231041
0.0047604577217656915
-0.048213480829586285
-0.048562271110159504
0.0036094916210454575
0.05141293643751988
0.04318912352760052
-0.011682312632112939
-0.05345383874555623
-0.03704937251306187
0.01930827968589887
0.05432492413966217
0.030281429068270492
-0.02634871114716962
-0.05403608252200698
-0.023032333018476486
0.03267802454552668
0.052617986230841414
0.015455337717142054
-0.03818564065857666
-0.050121452469902614
-0.007707388966585189
0.04277771611519434
0.04661652858567479
-0.000053488615097921355
-0.0463786779935101
-0.04219128859990259
0.007670878594463658
0.048932527992884195
0.036950331029151136
-0.014992706121157572
-0.05040387897729234
-0.031012972419646755
0.021873981835749547
0.05077868380318079
0.024511138149411082
-0.028179511163184928
-0.05006461598971358
-0.017586961602557093
0.033786515195956233
0.04829106439423693
0.010390114279327851
-0.03858710212917407
-0.045508709816851844
-0.003074902063636066
0.04249052318402727
0.041788660324137
-0.0042028241041582245
-0.045425144792818575
-0.037221133759723905
0.011288882403480097
0.047340069975235
0.03191368988394702
-0.018034027335396906
-0.0482063465485904
-0.025989030160441816
0.02429718929521814
0.04801770808339266
0.019582399554564846
-0.029948599977487313
-0.0467908051030186
-0.012838640922047607
0.03487271466967213
0.04456489847564059
0.0059089677272128015
-0.03897084388826923
-0.04140100361322038
0.0010524659356633964
0.042163412110285056
0.03738049218737659
-0.007892108508411017
-0.04439177042380736
-0.03260317671168604
0.014460570599790064
0.045619502414579086
0.027184921604254626
-0.020616100905844453
-0.045833177978371636
-0.021254841331878337
0.026227878783413497
0.045042527299981136
0.014952161117648773
-0.0311790283826906
-0.043280026155968945
-0.00842282775939807
0.035369267589610454
0.04059990310114621
0.0018159668035861824
-0.038717116779079595
-0.03707659810277571
0.004719712718089325
0.04116160697031113
0.03280271994014849
-0.011039463722803441
-0.042663443712473464
-0.02788656543270565
0.01700589722538854
0.04320560112824081
0.02244927665543961
-0.022492136201998556
-0.042793339187951335
-0.016621722266254357
0.02738464387626119
0.04145365565907186
0.010541195594442991
-0.031585655558714745
-0.03923420151428484
-0.004348025094358596
0.03501515767018479
0.036201704211626246
-0.0018178077974488407
-0.0376123734532873
-0.032439956625215795
0.007819952237338348
0.03933673139779609
0.028047440095224682
-0.013528788643757412
-0.04016830886860033
-0.023134657818675602
0.018824271433161673
0.04010775917390867
0.01782125951857156
-0.023598450042391608
-0.0391757447808183
-0.012233040050728285
0.027757617048173245
0.037411912111095944
0.006498893520558401
-0.031224045528613284
-0.0348734539954917
-0.0007478008742115329
0.03393729131166569
0.031633314221849965
-0.004894076817568795
-0.035855048897512454
-0.027778094596698756
0.01030613461506481
0.03695356217620738
0.023405728591260114
-0.0153758334298391
-0.03722760223147641
-0.01862298709758232
0.020000936609025608
0.03669003426948709
0.013542881301807457
-0.02409143660673633
-0.035371003879849525
-0.008282025468776126
0.027571144753324395
0.033316779368700394
0.0029580188400823784
-0.03037892656186523
-0.03058829182737056
0.0023130987961621427
0.032469573839259004
0.027259418008961887
-0.00741926868894208
-0.033814312913367506
-0.02341505313814824
0.01225466851960584
0.034400955460596266
0.019149021650613614
-0.016721764308577285
-0.03423370468582562
-0.014561873757758432
0.020733127588582322
0.03333263498345418
0.00975861484513601
-0.02421299253182799
-0.031732867775774554
-0.004846413224437988
0.027098533439688707
0.02948347005332097
-0.00006767018804988006
-0.029340848480318007
-0.026646105353076238
0.004878888985489077
0.030905640789503804
0.023293469577751934
-0.009486916461036336
-0.03177359305871057
-0.019507546285891117
0.013797812960527272
0.03194043657175101
0.015377717908244406
-0.01772582252340321
-0.0314167203533095
-0.010998770803927322
0.02119496923082818
0.030227290692015477
0.0064688331605089276
-0.024140427275188517
-0.02841049582570317
-0.0018872854200335989
0.026509642680321008
0.026017134994601947
-0.002647316860072378
-0.028263188892060545
-0.02310917535815094
0.007039268114530744
0.029375343122758253
0.01975826435548745
-0.011197647161930353
-0.02983437535367096
-0.01604406886515609
0.015038123789089013
0.029642547255660907
0.01205247589541782
-0.018484602758464676
-0.028815823873462522
-0.007873692348045098
0.021470673552017427
0.02738330665534739
0.0036002835631849892
-0.02394083800887382
-0.025386402133878765
0.0006748082886877012
0.025851492573294627
0.022877746136845158
-0.004860224419290748
-0.027171647079719835
-0.019919908648105687
0.008868087170468449
0.02788336773072185
0.01658390918515265
-0.012615795699839494
-0.02798193804691499
-0.012947576627894617
0.016027682461612312
0.027475737891764884
0.009093790706650378
-0.01903649673981528
-0.026385847025321055
-0.005108644692329374
0.021584685731993535
0.024745385815549976
0.0010795701566410788
-0.023625448657396214
-0.022598611543410675
0.002906535050259368
0.025123544904869746
0.019999793998725854
-0.00676513523385187
-0.026055843154710878
-0.017011898631593744
0.010415803113001193
0.02641160455671623
0.013705109267950415
-0.013783848016691325
-0.02619249916453632
-0.010155225232052345
0.016801793655791545
0.025412360804929885
0.006441969610478006
-0.01941067728274494
-0.024096691162383076
-0.0026472463078564138
0.02156114675361045
0.022281928992469564
-0.0011466164435077492
-0.0232143370356618
-0.020014504915677633
0.004858599333745904
0.02434251293497866
0.017349706087342293
-0.008410666834775132
-0.024929470052335756
-0.01435037816698716
0.01172935082564497
0.024970691141144474
0.011085494417110304
-0.014747212997596603
-0.024473259939004642
-0.007628623428011673
0.017404159346596646
0.02345553919506506
0.0040563279532405926
-0.019648583656950346
-0.021946623842800755
-0.00044652771758258575
0.02143832070854178
0.019985584139414144
-0.003123141162155672
-0.02274139390782246
-0.017620517033219315
0.006576938198269617
0.023536546031996158
0.014907427010585072
-0.009842571212791794
-0.02381354584524499
-0.011908960324035885
0.012852660435854745
0.02357326735295304
0.008693018686523758
-0.015546086703298894
-0.02282754242909306
-0.0053312803816630405
0.017869198658877632
0.021598791523052795
0.0018976581606698758
-0.01977685645648482
-0.019919440969636184
0.0015332756020424148
0.021233292323072816
0.01783113928773941
-0.004887865387629909
-0.022212771575709077
-0.015383788482155413
0.008094919300646578
0.022700041220378067
0.012634409971388483
-0.011087195046612866
-0.022690557085851923
-0.009645868066937832
0.013802794816249877
0.02219048466551742
0.006485477090406222
-0.01618644014708403
-0.021216473204282202
-0.003223520865094782
0.018190599771334172
0.019795207241522804
-0.00006828431152919659
-0.019776446119913207
-0.017962744537680583
0.003318350425794883
0.020914619383005838
0.01576365416752988
-0.006456768353795467
-0.021585781868786957
-0.013249973107887622
0.009416814096850516
-0.01325347174653491
-0.02159717383464608
-0.006461873717968811
0.01578024502642264
0.020942073384616587
0.003323563146149804
-0.017995556926610128
-0.019817575470582334
-0.00006844338331533917
0.019846196016101603
0.01824186311714055
-0.0032333722782208483
-0.021286262475769202
-0.016243378036738546
0.0065097358351903405
0.02227830537173648
0.013860333707384037
-0.00968805262710517
-0.022794283574423264
-0.011139996881853425
0.01269690295329741
0.022816324460105813
0.008137751255499153
-0.015467658820126679
-0.022337259428583053
-0.0049159629445019
0.017936057080464585
0.021360920784757393
0.001542672589232243
-0.020043690874727335
-0.01990219056297972
0.001909856270232338
0.02173938325470104
0.01798679815334666
-0.00536669926003034
-0.02298040969584944
-0.015650869971211498
0.008751907496837125
0.02373354009828615
0.012940240656108735
-0.01199018027951879
-0.023975875392014363
-0.009909541143426575
0.015008535593863922
0.023695459271697347
0.006621084207264191
-0.017737940240468666
-0.022891650934259704
-0.0031435727786051706
0.020114862831047346
0.021575250678840842
-0.0004493399029804751
-0.022082715259246093
-0.019768376049666615
0.004080606303475809
0.02359315116024686
0.01750409165330548
-0.007671422717227915
-0.02460719374683866
-0.014825801351550528
0.011142914308795552
0.025096169516587986
0.011786416216469683
-0.014417831497125489
-0.025042428621578697
-0.008447315915726476
0.017422222669254916
0.02443983753761134
0.004877125205760651
-0.020087049044284863
-0.023294034080766683
-0.0011503301105483497
0.022349709373193166
0.021622439563732117
-0.002654238818421348
-0.024155443985410866
-0.01945402716219801
0.0064550267917025585
0.02545859031087098
0.016828849932006847
-0.010169447599911546
-0.026223664524711837
-0.01379733611193668
0.013715616741218961
0.02642624696397981
0.010419362982972902
-0.017014091837089178
-0.026053652086832396
-0.00676312463019654
0.019989586947672618
0.02510536736082375
0.002903812541985816
-0.022572627081817214
-0.02359324827712897
0.0010778686603683477
0.024701109919303042
0.021541462083264292
-0.00509732437796853
-0.026321741938356544
-0.018986175008200476
0.00906780306086388
0.027391317741403222
0.01597498424731144
-0.012902206924798243
-0.02787781314977272
-0.01256609936935502
0.016514945542387686
0.02776126460525515
0.008827283461242511
-0.01982379509839533
-0.027034411421880913
-0.004834569936948908
0.022751724516265212
0.025703080131164267
0.0006707755659709682
-0.02522864855484319
-0.023786296213642855
0.0035761635669213938
0.027193067925285225
0.021316112747727343
-0.007815001877406181
-0.02859355732952261
-0.01833715208953978
0.011953103638213473
0.02939006418808271
0.014905863668086848
-0.015898431711805813
-0.02955498404889207
-0.011089506973491665
0.0195615623663671
0.029073983054957325
0.006964876659212138
-0.022857680813214976
-0.027946542516192732
-0.0026167934288424434
0.025708511343369836
0.026186207971125558
-0.0018636095342670599
-0.02804413615057015
-0.023820530946256673
0.006380768535357709
0.029804659274220345
0.020890700062983852
-0.01083669923921528
-0.030941674993615484
-0.017450865338565075
0.01513308974921047
0.03141950446942157
0.013567167783281424
-0.019173430612724335
-0.031216170227996522
-0.009316492810061517
0.02286513297704346
0.030324083499376354
0.0047849740341146495
-0.026121588493985104
-0.028750428759975195
-0.00006627864686458221
0.028864123822678885
0.026517233674301366
-0.0047402888686297676
-0.0310238082549644
-0.023661122784288616
0.009531824405866841
0.03254307348382277
0.02023275921619106
-0.014203960632452335
-0.03337711283558149
-0.016295985595575282
0.01865305789082981
0.03349502905089005
0.011926680250580628
-0.022778405297636032
-0.03288070860185382
-0.007211351646667915
0.02648438808236356
0.03153340230447205
0.0022454980238205205
-0.029682578670742643
-0.029468001125448284
0.0028682385954791056
0.032293711470575345
0.026714999907839647
-0.008022089155015654
-0.03424950222789909
-0.023320144919209935
0.013105309993665038
0.03549427679683054
0.01934377128137743
-0.018006432267007103
-0.03598637663004285
-0.01485983408058884
0.022615568652436933
0.035699310113138226
0.00995464787325924
-0.02682673567083347
-0.03462262481264466
-0.0047253506763235385
0.030540148498915086
0.03276247466114575
-0.0007218862005864274
-0.03366444421808916
-0.03014186527555518
0.006273875277921757
0.03611878981954337
0.026800561394712666
-0.011812625035150076
-0.037834826656023654
-0.022794646646860782
0.017217709855906187
0.038758411314602295
0.018195733658093037
-0.022368754765788666
-0.038851106013107234
-0.01308982661264375
0.027147988156971697
0.038091378029018394
0.0075758490583423335
-0.03144280873270654
-0.03647547651872962
-0.0017638551508813403
0.03514831345063605
0.034017948732718864
-0.004227045468181083
-0.03816972704857599
-0.030751778267994474
0.010271013390053717
0.04042467601941087
0.026728126762899963
-0.016238009984846133
-0.04184525080340591
-0.02201567410581839
0.021996480168130765
0.042379801423741745
0.01669956322513543
-0.027416129315295135
-0.041994421649229716
-0.010879964406415414
0.032370732938889396
0.04067407833947481
0.00467028494613634
-0.03674091348409439
-0.038423357115858016
0.0018049390013356002
0.040416821708791975
0.035266802037037456
-0.008412424813114324
-0.04330066247132043
-0.03124884031048321
0.015012748534058663
0.045309007408308725
0.026433288560159494
-0.02146311750028051
-0.04637484711155868
-0.02090245392638638
0.02762025331484956
0.046449334199110265
0.01475584958070255
-0.033343325767516196
-0.04550319763940014
-0.008108547384881176
0.038496880204881984
0.04352778288573855
0.0010892026271386024
-0.042953709660845496
-0.04053571875246696
0.006162213810820633
0.04659761159613145
0.03656118773921331
-0.013496937858912438
-0.04932599597817494
-0.03165979744234103
0.020760148962979588
0.05105228700447552
0.025908056136661257
-0.027793881375136883
-0.05170809112929807
-0.019402445233406215
0.034440065938583744
0.05124508883811842
0.01225810420976909
-0.040543661762375525
-0.049636607309007916
-0.004607126449986836
0.04595583093508268
0.046878849307815225
-0.0034035145115135987
-0.050537106425326606
-0.04299173031860659
0.011614396952447564
0.05416050112158388
0.03801929808744146
-0.019856415197394093
-0.056714493473080795
-0.03202969974629513
0.027953842202510272
0.05810583549341694
0.025114665599001426
-0.03572765044560857
-0.05826209680086861
-0.017388501909993706
0.04299903412519171
0.057133897813664694
0.008986572860277646
-0.04959306380860438
-0.054696740098089995
-0.00006329137961089831
0.05534239402108644
0.05095239035798117
-0.009210365392676043
-0.060090948309906314
-0.04592974914655137
0.018649768697608718
0.06369746237421152
0.03968517700593792
-0.02805991993421067
-0.06603883381476863
-0.03230225354684624
0.037239027156767135
0.06701315751141942
0.023890972770564248
-0.04598229175020286
-0.06654237429334714
-0.01458639383430696
0.05408580350088985
0.06457451499789324
0.004546788606927171
-0.061350467127547444
-0.061085454353664456
0.006048655489603191
0.06758586864084147
0.05608016674251912
-0.01700251348199216
-0.07261400429455109
-0.04959352419721291
0.028102114850337923
0.07627283225421895
0.04169060272282418
-0.039122783489873636
-0.07841959982175903
-0.032466559695513764
0.049831277098446355
0.07893393092030665
0.022046084123004808
-0.05998939241325714
-0.07772067082585332
-0.010582456517220645
0.06935769573191128
0.0747124655788986
-0.0017437822075225262
-0.07769941030682384
-0.06987207242103978
0.014726564884935539
0.08478438564490981
0.06319437603881992
-0.02813645485424776
-0.09039322409262522
-0.0547080661697216
0.041723263610580805
0.09432140463857246
0.04447686304848283
-0.055219151759836146
-0.09638350283569982
-0.03260025983140036
0.06834220337895855
0.09641725167987679
0.01921362433159919
-0.0808004951280765
-0.09428733044489389
-0.004487614576502444
0.09229647370776467
0.08988883649793226
-0.011373165772755003
-0.10253160211533735
-0.08315006463648178
0.028132251015153834
0.11121100629614357
0.07403455334406135
-0.04552404282759094
-0.1180478083165083
-0.06254227075224734
0.06325701007207424
0.12276702242585968
0.04870984128749374
-0.08101706707158808
-0.12510857292931388
-0.03260994580583168
0.09847084341371645
0.12482933391919243
0.01435007340467881
-0.1152683731367308
-0.12170408298162207
0.005929160099193559
0.13104510817741946
0.11552535795357008
-0.028055746813873822
-0.14542264658190324
-0.10610218229169421
0.05182785732693651
0.15800843543882742
0.09325800984118254
-0.07701509091125938
-0.16839422721792824
-0.07682760119490833
0.10335951996086476
0.1761531073505916
0.056652624158035736
-0.1305769559392168
-0.18083528381780198
-0.03257493407228406
0.15835909368089335
0.18196151548741826
0.00442576575575189
-0.1863774121563349
-0.1790125551197998
0.027992398359612675
0.2142896143240038
0.17141098542606764
-0.06493613370306954
-0.24174912807628893
-0.15848927381509237
0.10677092730509086
0.26841670437161347
0.13943290414524678
-0.15405211800853047
-0.29397265972198744
-0.1131805995375012
0.20765595393801053
0.3181259868932023
0.0782490057940124
-0.2689960061697182
-0.3406159797910623
-0.03242000158035625
0.3403998483003776
0.3612019524456346
-0.027842296953320467
-0.42581790509958406
-0.3796393265134978
0.10856513404622314
0.5323116379627784
0.39565020457945677
-0.22091531247767104
-0.6736161538362929
-0.40890780077574707
0.38817689312315584
0.8802297799887606
0.41908359956907126
-0.6685907187658944
-1.235798452737418
-0.42603757799536285
1.261202271267606
2.078170325539988
0.4302906163174801
-3.5685165403586714
-7.823547296616986