0.
-13.409519569755906
-15.326924246433322
-5.436142805151466
5.518853080825911
6.833945593913116
-1.5571591477782458
-9.710586436571846
-8.489424585495787
0.9079903612190272
8.535439167847546
6.427295464219016
-2.992497107725357
-9.60886662565409
-6.390253956207765
3.228742711752476
9.08693151452603
5.0797917612225145
-4.452722703652754
-9.406850993729538
-4.609879782394644
4.793563079391357
8.86884702270861
3.3916953867488457
-5.7785843370656345
-8.976646923237183
-2.9299341889807224
5.888523756020022
8.187400128857213
1.6500740618002034
-6.732792588934941
-8.136521341061174
-1.1916623644222188
6.6930493153479
7.2430041807101695
0.013772114196254015
-7.272836827433283
-6.969854381898027
0.47258108529752196
7.123910901234172
6.03123484065889
-1.5024683793491778
-7.442389676493277
-5.585260500408729
1.9650721850597581
7.172584078736597
4.627220030781883
-2.8285713385330733
-7.258916212752919
-4.079419903832597
3.1992897724579574
6.839095944909082
3.1022549094184937
-3.9091414886485545
-6.745808168931759
-2.524168630296239
4.14604427040842
6.189511339730327
1.5722886324655614
-4.677170725593535
-5.935525420670695
-1.0025815093896373
4.766484899808822
5.269633427837281
0.1133469258534176
-5.1141211197132606
-4.891592534222294
0.40568109053362816
5.050430770722239
4.151518471381369
-1.1950380013649522
-5.216142414121337
-3.689127158827903
1.6262603569228844
5.001988809619065
2.91126641731969
-2.287304383220344
-4.997911783325748
-2.4058287358793553
2.6029627251590477
4.646944747623648
1.6283946386222596
-3.1161155596850527
-4.495136031200678
-1.1217724349636984
3.2976112142797143
4.030064213573256
0.3825826147838193
-3.6521176910422835
-3.7597683134387263
0.08591934863826967
3.690584940412659
3.2098501896348792
-0.7525532301925375
-3.8851944900404884
-2.8552310116973363
1.148951626603348
3.781929707576566
2.2540739770446567
-1.7146213689969148
-3.824989762082425
-1.8520729835267118
2.0121676666017083
3.59100236138692
1.2353166417703163
-2.456018542711644
-3.4996601490222576
-0.8233215094485286
2.6364586719674334
3.1544132949769246
0.22615726762889277
-2.9462452105835086
-2.9531221079586167
0.1604133879360562
3.0005194736841374
2.522713789085016
-0.7056759310247811
-3.173082476113988
-2.241276142504469
1.035634507803119
3.1014434900098387
1.7562679504451033
-1.5017229813533384
-3.142574487132414
-1.4275991196895417
1.7500148785923004
2.954098209698134
0.9206588481396955
-2.1163989134576897
-2.8777913075345305
-0.5784315861077625
2.26550221600307
2.589306825560956
0.0819456226210223
-2.519538083134874
-2.4164550513676257
0.24172558400883234
2.560276756346444
2.05097480990632
-0.6979143064781602
-2.6977354691721107
-1.80761839470419
0.9745936784525446
2.6294715831406874
1.3923940125817649
-1.365173142200684
-2.65444063643393
-1.1076631131768875
1.571886051240052
2.484656241388136
0.6720194633085005
-1.8776578987464048
-2.40884826051316
-0.3759332222155989
1.9982179706475542
2.1521694168226335
-0.050954142703683925
-2.2071758452808816
-1.9937105995978577
0.32966522109386626
2.2329747487287106
1.6704635334951634
-0.7208854784733467
-2.3408173019444654
-1.452268913118251
0.9567746522336094
2.2710369333522946
1.086688960616048
-1.2895396254657077
-2.2810977455304693
-0.8345577441648886
1.4621165294543548
2.122348597364727
0.45279335248186314
-1.7192348232390322
-2.044968962821737
-0.1933738362033287
1.8142042511251075
1.8104011758491465
-0.178561273264522
-1.9850778191327012
-1.661812344769288
0.4197827153880217
1.9950692410618518
1.3697839517371346
-0.7579568383518063
-2.0761570009330894
-1.1705999195692205
0.9584947464096965
2.000909720189361
0.8430173097424128
-1.2427646234429832
-1.995644194848364
-0.6164651309442156
1.3846709028303619
1.8416547752914707
0.27693169657242095
-1.6000292561517198
-1.7598389464636086
-0.046961849875198046
1.6710233324731874
1.5395175435281263
-0.28111919928174733
-1.8085000845333683
-1.3962670845743568
0.4916955552842345
1.8026228810217773
1.126684650087107
-0.7869195622043398
-1.8596890255567033
-0.9410127085354958
0.958126535291099
1.7774491131617665
0.6423491854700877
-1.2026545660181351
-1.7579114590158291
-0.43551463124899464
1.3187581022974444
1.6059312629678772
0.12933722881171975
-1.4995425058692735
-1.5193452956693947
0.07690884584769213
1.550071176308759
1.3095530485990508
-0.3693996018982514
-1.6596588811110107
-1.1702169974342647
0.5545311227525255
1.6399752094833229
0.9186633501324265
-0.8141520062256724
-1.676843124634291
-0.7442865094818822
0.9604183013885637
1.588238404072086
0.46969089180481277
-1.1714275688650713
-1.5566527680301439
-0.2798511766260082
1.2651235095923505
1.4059759122172177
0.002000325425943736
-1.4163170951896769
-1.3154044038161
0.1834815341891216
1.448685020880965
1.1142710244776644
-0.44535310569203235
-1.5340919189824989
-0.9784100849765135
0.6079931183972401
1.501798824340814
0.7420689878895654
-0.8367138391741749
-1.5209363389273118
-0.5775765853716552
0.9607763425363046
1.4261046788767975
0.3235349450712412
-1.1425252922786173
-1.3837897678763396
-0.14857894305055655
1.2161620012005785
1.233595757039757
-0.10489711430881467
-1.3414405938158525
-1.1393434795069717
0.272154068649366
1.357477293222472
0.9452301242567014
-0.507540859324456
-1.4216997330476628
-0.8123015042208344
0.650398047660459
1.3780210811815141
0.5888822801465063
-0.8522989802109983
-1.3816904946615391
-0.4330694110908395
0.9568026495612999
1.281206663205543
0.196820375963128
-1.1131104848201745
-1.2296775386776075
-0.03507443594018933
1.1690711713478212
1.0798899475634416
-0.19707391544179764
-1.2718232572469321
-0.982750192795622
0.3480570853225763
1.2734936716177157
0.7949647873196656
-0.5601125747174419
-1.319362587757113
-0.6650998080272661
0.6852349961287628
1.2657335834293315
0.4533627649338168
-0.8634103922546404
-1.2561264395960898
-0.3057872542569955
0.9503376102148503
1.1508303269069138
0.08563771946963827
-1.084093963192959
-1.0916019879786645
0.06380334823962819
1.1241562942937902
0.9424441250014597
-0.27665725783119466
-1.206946679746985
-0.8432603049226085
0.4126096625059894
1.195712372659678
0.6614289663170572
-0.6035825336465774
-1.2253760991342721
-0.5348420446896411
0.7124187207751151
1.1628609920786217
0.33387081053003875
-0.8692040915374576
-1.141647896636393
-0.1941923377298691
0.9400769312457437
1.0321564269227763
-0.011233156194118899
-1.0535790458799825
-0.96639123732838
0.14916551664651256
1.0792140219115112
0.8180134799908939
-0.3444548838492491
-1.144186800044746
-0.7174389092094802
0.4665126754065146
1.1213566878243315
0.5412553091588768
-0.6383692537292853
-1.1367072894064694
-0.4181173167873433
0.7322704214461371
1.066360701441913
0.22718485772910996
-0.8697450390417741
-1.0351034484349053
-0.09514248088377855
0.9260035201243328
0.9221474759719462
-0.09664845681144257
-1.0213222196969312
-0.8510226287054328
0.22369451436964335
1.0339382889414046
0.7037878517884864
-0.4027954742623401
-1.083043390236424
-0.6025865174620155
0.5118574439479535
1.0498862447421238
0.4320276350903117
-0.6661724506288855
-1.052655166104953
-0.31268678100219593
0.7462194300405692
0.9755156592081217
0.131392096519295
-0.8660618850963631
-0.9356491681457159
-0.006940539088566219
0.9088709185973028
0.8199681022911275
-0.17196296141508793
-0.9876929750974397
-0.7445668498753535
0.2885168488603224
0.9884431497414897
0.5988705600697444
-0.4524699976569509
-1.0232843472656812
-0.4977436838686302
0.549215882458044
0.9808525487201853
0.33284168284351145
-0.6872542074890504
-0.9724789128153131
-0.2176119617561759
0.7543351269865233
0.889421432311737
0.04562938374039443
-0.8579539212162435
-0.8421523728649783
0.07128567337682565
0.8883241731830529
0.7243827230273323
-0.2379565334680847
-0.952115063416369
-0.6456287308332321
0.34440025956139136
0.9420437123543612
0.5018266725876666
-0.49414064379079425
-0.9640565812719258
-0.4013839408389261
0.5792213650063289
0.9133420455735181
0.24219187001881826
-0.7021333135080916
-0.8951499514985259
-0.13135871898690385
0.7570955611086825
0.8070358061390688
-0.03156243403232476
-0.8457800094574315
-0.7535055733087804
0.14096948643108262
0.8646743511076845
0.6343125614582521
-0.2959430020209179
-0.9147802387785011
-0.5531078877914735
0.39258943402619356
0.8948816563168771
0.4116201364593113
-0.5288996322193388
-0.9053866464043604
-0.31248543544723695
0.6028661056814337
0.8473334187230079
0.15914818279096862
-0.711628995513527
-0.8205399896292284
-0.05303825406484675
0.7552019140083315
0.7281888354840024
-0.10096148167915735
-0.8300601983056728
-0.6694434343249346
0.20282975404386708
0.8383177011526791
0.5494602326726751
-0.3465202447200802
-0.8759069348158854
-0.4666258940504985
0.43361341821996885
0.8470568631559845
0.3278527053819922
-0.5571525591631029
-0.8472098293116922
-0.23058520678595668
0.6204848532871842
0.7826578158463026
0.08324185608189878
-0.7159567919687778
0.7483366805073411
0.7159567919687778
-0.08324185608189878
-0.7826578158463026
-0.6204848532871842
0.23058520678595668
0.8472098293116922
0.5571525591631029
-0.3278527053819922
-0.8470568631559845
-0.43361341821996885
0.4666258940504985
0.8759069348158854
0.3465202447200802
-0.5494602326726751
-0.8383177011526791
-0.20282975404386708
0.6694434343249346
0.8300601983056728
0.10096148167915735
-0.7281888354840024
-0.7552019140083315
0.05303825406484675
0.8205399896292284
0.711628995513527
-0.15914818279096862
-0.8473334187230079
-0.6028661056814337
0.31248543544723695
0.9053866464043604
0.5288996322193388
-0.4116201364593113
-0.8948816563168771
-0.39258943402619356
0.5531078877914735
0.9147802387785011
0.2959430020209179
-0.6343125614582521
-0.8646743511076845
-0.14096948643108262
0.7535055733087804
0.8457800094574315
0.03156243403232476
-0.8070358061390688
-0.7570955611086825
0.13135871898690385
0.8951499514985259
0.7021333135080916
-0.24219187001881826
-0.9133420455735181
-0.5792213650063289
0.4013839408389261
0.9640565812719258
0.49414064379079425
-0.5018266725876666
-0.9420437123543612
-0.34440025956139136
0.6456287308332321
0.952115063416369
0.2379565334680847
-0.7243827230273323
-0.8883241731830529
-0.07128567337682565
0.8421523728649783
0.8579539212162435
-0.04562938374039443
-0.889421432311737
-0.7543351269865233
0.2176119617561759
0.9724789128153131
0.6872542074890504
-0.33284168284351145
-0.9808525487201853
-0.549215882458044
0.4977436838686302
1.0232843472656812
0.4524699976569509
-0.5988705600697444
-0.9884431497414897
-0.2885168488603224
0.7445668498753535
0.9876929750974397
0.17196296141508793
-0.8199681022911275
-0.9088709185973028
0.006940539088566219
0.9356491681457159
0.8660618850963631
-0.131392096519295
-0.9755156592081217
-0.7462194300405692
0.31268678100219593
1.052655166104953
0.6661724506288855
-0.4320276350903117
-1.0498862447421238
-0.5118574439479535
0.6025865174620155
1.083043390236424
0.4027954742623401
-0.7037878517884864
-1.0339382889414046
-0.22369451436964335
0.8510226287054328
1.0213222196969312
0.09664845681144257
-0.9221474759719462
-0.9260035201243328
0.09514248088377855
1.0351034484349053
0.8697450390417741
-0.22718485772910996
-1.066360701441913
-0.7322704214461371
0.4181173167873433
1.1367072894064694
0.6383692537292853
-0.5412553091588768
-1.1213566878243315
-0.4665126754065146
0.7174389092094802
1.144186800044746
0.3444548838492491
-0.8180134799908939
-1.0792140219115112
-0.14916551664651256
0.96639123732838
1.0535790458799825
0.011233156194118899
-1.0321564269227763
-0.9400769312457437
0.1941923377298691
1.141647896636393
0.8692040915374576
-0.33387081053003875
-1.1628609920786217
-0.7124187207751151
0.5348420446896411
1.2253760991342721
0.6035825336465774
-0.6614289663170572
-1.195712372659678
-0.4126096625059894
0.8432603049226085
1.206946679746985
0.27665725783119466
-0.9424441250014597
-1.1241562942937902
-0.06380334823962819
1.0916019879786645
1.084093963192959
-0.08563771946963827
-1.1508303269069138
-0.9503376102148503
0.3057872542569955
1.2561264395960898
0.8634103922546404
-0.4533627649338168
-1.2657335834293315
-0.6852349961287628
0.6650998080272661
1.319362587757113
0.5601125747174419
-0.7949647873196656
-1.2734936716177157
-0.3480570853225763
0.982750192795622
1.2718232572469321
0.19707391544179764
-1.0798899475634416
-1.1690711713478212
0.03507443594018933
1.2296775386776075
1.1131104848201745
-0.196820375963128
-1.281206663205543
-0.9568026495612999
0.4330694110908395
1.3816904946615391
0.8522989802109983
-0.5888822801465063
-1.3780210811815141
-0.650398047660459
0.8123015042208344
1.4216997330476628
0.507540859324456
-0.9452301242567014
-1.357477293222472
-0.272154068649366
1.1393434795069717
1.3414405938158525
0.10489711430881467
-1.233595757039757
-1.2161620012005785
0.14857894305055655
1.3837897678763396
1.1425252922786173
-0.3235349450712412
-1.4261046788767975
-0.9607763425363046
0.5775765853716552
1.5209363389273118
0.8367138391741749
-0.7420689878895654
-1.501798824340814
-0.6079931183972401
0.9784100849765135
1.5340919189824989
0.44535310569203235
-1.1142710244776644
-1.448685020880965
-0.1834815341891216
1.3154044038161
1.4163170951896769
-0.002000325425943736
-1.4059759122172177
-1.2651235095923505
0.2798511766260082
1.5566527680301439
1.1714275688650713
-0.46969089180481277
-1.588238404072086
-0.9604183013885637
0.7442865094818822
1.676843124634291
0.8141520062256724
-0.9186633501324265
-1.6399752094833229
-0.5545311227525255
1.1702169974342647
1.6596588811110107
0.3693996018982514
-1.3095530485990508
-1.550071176308759
-0.07690884584769213
1.5193452956693947
1.4995425058692735
-0.12933722881171975
-1.6059312629678772
-1.3187581022974444
0.43551463124899464
1.7579114590158291
1.2026545660181351
-0.6423491854700877
-1.7774491131617665
-0.958126535291099
0.9410127085354958
1.8596890255567033
0.7869195622043398
-1.126684650087107
-1.8026228810217773
-0.4916955552842345
1.3962670845743568
1.8085000845333683
0.28111919928174733
-1.5395175435281263
-1.6710233324731874
0.046961849875198046
1.7598389464636086
1.6000292561517198
-0.27693169657242095
-1.8416547752914707
-1.3846709028303619
0.6164651309442156
1.995644194848364
1.2427646234429832
-0.8430173097424128
-2.000909720189361
-0.9584947464096965
1.1705999195692205
2.0761570009330894
0.7579568383518063
-1.3697839517371346
-1.9950692410618518
-0.4197827153880217
1.661812344769288
1.9850778191327012
0.178561273264522
-1.8104011758491465
-1.8142042511251075
0.1933738362033287
2.044968962821737
1.7192348232390322
-0.45279335248186314
-2.122348597364727
-1.4621165294543548
0.8345577441648886
2.2810977455304693
1.2895396254657077
-1.086688960616048
-2.2710369333522946
-0.9567746522336094
1.452268913118251
2.3408173019444654
0.7208854784733467
-1.6704635334951634
-2.2329747487287106
-0.32966522109386626
1.9937105995978577
2.2071758452808816
0.050954142703683925
-2.1521694168226335
-1.9982179706475542
0.3759332222155989
2.40884826051316
1.8776578987464048
-0.6720194633085005
-2.484656241388136
-1.571886051240052
1.1076631131768875
2.65444063643393
1.365173142200684
-1.3923940125817649
-2.6294715831406874
-0.9745936784525446
1.80761839470419
2.6977354691721107
0.6979143064781602
-2.05097480990632
-2.560276756346444
-0.24172558400883234
2.4164550513676257
2.519538083134874
-0.0819456226210223
-2.589306825560956
-2.26550221600307
0.5784315861077625
2.8777913075345305
2.1163989134576897
-0.9206588481396955
-2.954098209698134
-1.7500148785923004
1.4275991196895417
3.142574487132414
1.5017229813533384
-1.7562679504451033
-3.1014434900098387
-1.035634507803119
2.241276142504469
3.173082476113988
0.7056759310247811
-2.522713789085016
-3.0005194736841374
-0.1604133879360562
2.9531221079586167
2.9462452105835086
-0.22615726762889277
-3.1544132949769246
-2.6364586719674334
0.8233215094485286
3.4996601490222576
2.456018542711644
-1.2353166417703163
-3.59100236138692
-2.0121676666017083
1.8520729835267118
3.824989762082425
1.7146213689969148
-2.2540739770446567
-3.781929707576566
-1.148951626603348
2.8552310116973363
3.8851944900404884
0.7525532301925375
-3.2098501896348792
-3.690584940412659
-0.08591934863826967
3.7597683134387263
3.6521176910422835
-0.3825826147838193
-4.030064213573256
-3.2976112142797143
1.1217724349636984
4.495136031200678
3.1161155596850527
-1.6283946386222596
-4.646944747623648
-2.6029627251590477
2.4058287358793553
4.997911783325748
2.287304383220344
-2.91126641731969
-5.001988809619065
-1.6262603569228844
3.689127158827903
5.216142414121337
1.1950380013649522
-4.151518471381369
-5.050430770722239
-0.40568109053362816
4.891592534222294
5.1141211197132606
-0.1133469258534176
-5.269633427837281
-4.766484899808822
1.0025815093896373
5.935525420670695
4.677170725593535
-1.5722886324655614
-6.189511339730327
-4.14604427040842
2.524168630296239
6.745808168931759
3.9091414886485545
-3.1022549094184937
-6.839095944909082
-3.1992897724579574
4.079419903832597
7.258916212752919
2.8285713385330733
-4.627220030781883
-7.172584078736597
-1.9650721850597581
5.585260500408729
7.442389676493277
1.5024683793491778
-6.03123484065889
-7.123910901234172
-0.47258108529752196
6.969854381898027
7.272836827433283
-0.013772114196254015
-7.2430041807101695
-6.6930493153479
1.1916623644222188
8.136521341061174
6.732792588934941
-1.6500740618002034
-8.187400128857213
-5.888523756020022
2.9299341889807224
8.976646923237183
5.7785843370656345
-3.3916953867488457
-8.86884702270861
-4.793563079391357
4.609879782394644
9.406850993729538
4.452722703652754
-5.0797917612225145
-9.08693151452603
-3.228742711752476
6.390253956207765
9.60886662565409
2.992497107725357
-6.427295464219016
-8.535439167847546
-0.9079903612190272
8.489424585495787
9.710586436571846
1.5571591477782458
-6.833945593913116
-5.518853080825911
5.436142805151466
15.326924246433322
13.409519569755906