0.001
0.100999
0.200998
0.300997
0.400996
0.500995
0.600994
0.7009930000000001
0.800992
0.9009910000000001
1.00099
1.1009889999999998
1.200988
1.3009870000000001
1.400986
1.500985
1.6009840000000002
1.7009830000000001
1.8009820000000003
1.9009809999999998
2.00098
2.100979
2.2009779999999997
2.3009769999999996
2.400976
2.500975
2.600974
2.7009730000000003
2.8009720000000002
2.900971
3.00097
3.100969
3.200968
3.3009670000000004
3.4009660000000004
3.5009650000000003
3.6009640000000007
3.700963
3.8009619999999997
3.900961
4.00096
4.1009590000000005
4.200958
4.300957
4.400956
4.500955
4.600954
4.700953
4.800952
4.900951
5.00095
5.100949000000001
5.200948
5.300947
5.400946
5.500945
5.600944
5.7009430000000005
5.800942000000001
5.900941
6.00094
6.1009389999999994
6.200938
6.300937
6.400936000000001
6.500935
6.6009340000000005
6.700933
6.800932
6.900931
7.000930000000001
7.100929000000001
7.200928000000001
7.300927
7.400925999999999
7.500925
7.600924
7.700923
7.800922
7.900921
8.00092
8.100919
8.200918000000001
8.300917
8.400916
8.500915
8.600914000000001
8.700913000000002
8.800911999999999
8.900911
9.00091
9.100909
9.200908
9.300907
9.400906
9.500905
9.600904
9.700903
9.800902
9.900901000000001
10.0009
10.100899000000002
10.200898
10.300897
10.400896
10.500895
10.600894
10.700892999999999
10.800892000000001
10.900891
11.00089
11.100889
11.200888
11.300887000000001
11.400886
11.500885
11.600884
11.700883000000001
11.800882000000001
11.900881
12.00088
12.100878999999999
12.200878
12.300877
12.400876
12.500875
12.600874
12.700873
12.800872
12.900871
13.00087
13.100869000000001
13.200868000000002
13.300867
13.400866
13.500865
13.600864000000001
13.700863000000002
13.800862
13.900861000000003
14.000860000000001
14.100859000000002
14.200858
14.300857
14.400856000000003
14.500854999999998
14.600854
14.700852999999999
14.800851999999999
14.900851
15.00085
15.100849
15.200847999999999
15.300847
15.400846
15.500845
15.600844
15.700842999999999
15.800842000000001
15.900841
16.00084
16.100839
16.200838
16.300837
16.400836
16.500835
16.600834000000003
16.700833
16.800832
16.900831000000004
17.00083
17.100829
17.200828
17.300827
17.400826000000002
17.500825
17.600824
17.700823
17.800822
17.900820999999997
18.00082
18.100818999999998
18.200817999999998
18.300817000000002
18.400816
18.500815
18.600814
18.700813
18.800812
18.900810999999997
19.00081
19.100809
19.200808
19.300807
19.400806000000003
19.500805
19.600804
19.700803
19.800802
19.900801
20.0008
20.100799000000002
20.200798000000002
20.300797
20.400796000000003
20.500795
20.600794
20.700793000000004
20.800792
20.900790999999998
21.00079
21.100789
21.200788
21.300787
21.400786
21.500785
21.600784
21.700782999999998
21.800782
21.900781
22.00078
22.100779000000003
22.200778
22.300777
22.400776
22.500775
22.600774
22.700772999999998
22.800772000000002
22.900771000000002
23.00077
23.100769
23.200768000000004
23.300767
23.400766
23.500765
23.600764
23.700763000000002
23.800762000000002
23.900761000000003
24.00076
24.100758999999996
24.200758
24.300757
24.400755999999998
24.500755
24.600754000000002
24.700753
24.800752
24.900751
25.00075
25.100749
25.200748
25.300747
25.400745999999998
25.500745
25.600744000000002
25.700743
25.800742
25.900741000000004
26.00074
26.100739
26.200738
26.300737
26.400736000000002
26.500735
26.600734000000003
26.700733000000003
26.800732
26.900731
27.00073
27.100729
27.200728
27.300727000000002
27.400726000000002
27.500725000000003
27.600724000000003
27.700723000000004
27.800722000000004
27.900721
28.000720000000005
28.100719
28.200718000000002
28.300717000000006
28.400716000000003
28.500715000000003
28.600714
28.700713000000004
28.800712000000004
28.900710999999998
29.000709999999998
29.100709
29.200708
29.300706999999996
29.400706
29.500705
29.600703999999997
29.700703
29.800701999999998
29.900700999999998
30.0007
30.100699
30.200698
30.300697
30.400696
30.500695
30.600693999999997
30.700692999999998
30.800692
30.900691
31.00069
31.100689000000003
31.200688
31.300687
31.400686
31.500685
31.600684
31.700682999999998
31.800682000000002
31.900681000000002
32.00068
32.100679
32.200678
32.30067700000001
32.400676
32.500675
32.600674
32.700673
32.800672000000006
32.900670999999996
33.00067
33.100669
33.200668
33.300667000000004
33.400666
33.500665
33.600664
33.700663000000006
33.800662
33.90066100000001
34.00066
34.100659
34.200658000000004
34.300657
34.400656000000005
34.500655
34.600654
34.700653
34.80065200000001
34.900651
35.00065
35.100649000000004
35.200647999999994
35.300647
35.400646
35.500645
35.600644
35.70064299999999
35.800641999999996
35.900641
36.00064
36.100639
36.200638
36.300636999999995
36.400636
36.500635
36.600634
36.700633
36.800632
36.900631
37.00063
37.100629000000005
37.200628
37.300627
37.400625999999995
37.500625
37.600624
37.700623
37.800622
37.900621
38.00062
38.100619
38.200618000000006
38.300616999999995
38.400616
38.500615
38.600614
38.700613000000004
38.800612
38.900611
39.00061
39.100609
39.200608
39.30060700000001
39.400605999999996
39.500605
39.600604000000004
39.700603
39.800602000000005
39.90060100000001
40.0006
40.100599
40.200598
40.300597
40.40059600000001
40.500595
40.600594
40.700593000000005
40.800592
40.900591000000006
41.00059
41.100589
41.200588
41.30058700000001
41.400586000000004
41.500585
41.600584000000005
41.700582999999995
41.800582
41.900580999999995
42.00058
42.100579
42.20057799999999
42.300577
42.400576
42.500575
42.600574
42.700573
42.800571999999995
42.900571
43.00057
43.100569
43.200568000000004
43.300566999999994
43.400566
43.500565
43.600564
43.700563
43.800562
43.900560999999996
44.00056
44.100559000000004
44.200558
44.300557
44.400556
44.500555
44.600554
44.700553
44.800552
44.900551
45.00055
45.100549
45.200548000000005
45.300547
45.400546
45.500545
45.600544
45.700543
45.80054200000001
45.900541
46.00054
46.100539000000005
46.200538
46.300537000000006
46.400536
46.500535
46.600534
46.700533
46.800532000000004
46.90053100000001
47.00053
47.100529
47.200528000000006
47.300527
47.400526000000006
47.500525
47.600524
47.700523000000004
47.800522
47.900521000000005
48.00052
48.100519
48.200517999999995
48.300517
48.400515999999996
48.500515
48.600514000000004
48.700512999999994
48.800512
48.900511
49.00051
49.100509
49.200508000000006
49.300506999999996
49.400506
49.500505
49.600504
49.700503000000005
49.800501999999994
49.900501
50.0005
50.100499
50.200498
50.300497
50.400496
50.500495
50.600494000000005
50.700493
50.800492
50.900490999999995
51.00049
51.100489
51.200488
51.300487000000004
51.400486
51.500485
51.600484
51.700483000000006
51.800482
51.900481
52.00048
52.100479
52.200478000000004
52.300477
52.400476000000005
52.500475
52.600474
52.700473
52.800472000000006
52.900471
53.00047
53.100469000000004
53.200468
53.300467000000005
53.40046600000001
53.500465
53.600464
53.700463000000006
53.800462
53.90046100000001
54.00046
54.100459
54.200458000000005
54.300457
54.400456000000005
54.50045500000001
54.600454
54.700453
54.80045200000001
54.900451000000004
55.00045000000001
55.100449000000005
55.200448
55.300447000000005
55.400446
55.500445000000006
55.60044400000001
55.700443
55.800442000000004
55.90044100000001
56.000440000000005
56.10043900000001
56.200438000000005
56.300437
56.400436000000006
56.50043500000001
56.60043400000001
56.700433000000004
56.80043200000001
56.900431000000005
57.00043000000001
57.100429000000005
57.200428
57.300427000000006
57.400426
57.50042500000001
57.60042400000001
57.700422999999994
57.800422
57.900421
58.00041999999999
58.100418999999995
58.200418
58.300416999999996
58.400416
58.500415
58.600413999999994
58.700413
58.800411999999994
58.900411
59.00041
59.10040899999999
59.200407999999996
59.300407
59.400406
59.500405
59.600404
59.700402999999994
59.800402
59.900400999999995
60.0004
60.100398999999996
60.20039799999999
60.300397
60.400396
60.500395
60.600394
60.700393
60.800391999999995
60.900391
61.00039
61.100389
61.200388
61.300387
61.400386
61.500385
61.600384
61.700383
61.800382
61.900380999999996
62.00038
62.100379000000004
62.200378
62.300377
62.400376
62.500375
62.600374
62.700373000000006
62.800371999999996
62.900371
63.00037
63.100369
63.200368000000005
63.300366999999994
63.400366
63.500365
63.600364
63.700363
63.80036200000001
63.900361
64.00036
64.100359
64.20035800000001
64.30035699999999
64.400356
64.500355
64.60035400000001
64.700353
64.800352
64.900351
65.00035
65.10034900000001
65.200348
65.300347
65.400346
65.500345
65.600344
65.700343
65.800342
65.90034100000001
66.00034
66.100339
66.200338
66.300337
66.40033600000001
66.500335
66.600334
66.700333
66.800332
66.90033100000001
67.00033
67.100329
67.200328
67.30032700000001
67.400326
67.500325
67.60032400000001
67.700323
67.80032200000001
67.900321
68.00032
68.10031900000001
68.200318
68.300317
68.400316
68.500315
68.60031400000001
68.70031300000001
68.800312
68.900311
69.00031
69.10030900000001
69.200308
69.30030700000002
69.400306
69.500305
69.60030400000001
69.700303
69.80030200000002
69.900301
70.0003
70.100299
70.200298
70.30029700000001
70.400296
70.500295
70.60029399999999
70.700293
70.800292
70.900291
71.00029
71.10028899999999
71.200288
71.300287
71.400286
71.500285
71.60028399999999
71.700283
71.800282
71.90028099999999
72.00028
72.100279
72.200278
72.300277
72.40027599999999
72.500275
72.600274
72.70027300000001
72.80027199999999
72.90027099999999
73.00027
73.100269
73.20026800000001
73.30026699999999
73.400266
73.500265
73.600264
73.700263
73.800262
73.900261
74.00026
74.100259
74.200258
74.300257
74.400256
74.500255
74.60025399999999
74.700253
74.800252
74.90025100000001
75.00025
75.10024899999999
75.200248
75.300247
75.40024600000001
75.500245
75.60024399999999
75.700243
75.800242
75.90024100000001
76.00024
76.10023899999999
76.200238
76.300237
76.400236
76.500235
76.600234
76.700233
76.800232
76.900231
77.00023
77.10022900000001
77.20022800000001
77.30022699999999
77.400226
77.500225
77.60022400000001
77.70022300000001
77.80022199999999
77.900221
78.00022
78.10021900000001
78.200218
78.300217
78.400216
78.500215
78.60021400000001
78.700213
78.800212
78.900211
79.00021
79.100209
79.200208
79.300207
79.40020600000001
79.500205
79.600204
79.700203
79.80020200000001
79.90020100000001
80.0002
80.100199
80.200198
80.30019700000001
80.40019600000001
80.500195
80.600194
80.700193
80.80019200000001
80.900191
81.00019
81.10018900000001
81.200188
81.30018700000001
81.400186
81.500185
81.60018400000001
81.70018300000001
81.800182
81.900181
82.00018
82.10017900000001
82.20017800000001
82.300177
82.400176
82.500175
82.60017400000001
82.700173
82.80017200000002
82.900171
83.00017
83.10016900000001
83.200168
83.300167
83.40016599999998
83.500165
83.60016399999999
83.700163
83.800162
83.900161
84.00016
84.10015899999999
84.200158
84.300157
84.400156
84.500155
84.60015399999999
84.700153
84.800152
84.900151
85.00015
85.10014899999999
85.200148
85.300147
85.40014599999999
85.500145
85.600144
85.700143
85.800142
85.900141
86.00014
86.100139
86.20013800000001
86.30013699999999
86.400136
86.500135
86.600134
86.70013300000001
86.80013199999999
86.900131
87.00013
87.100129
87.200128
87.300127
87.400126
87.500125
87.600124
87.700123
87.800122
87.900121
88.00012
88.10011899999999
88.200118
88.300117
88.40011600000001
88.500115
88.60011399999999
88.700113
88.800112
88.90011100000001
89.00011
89.10010899999999
89.200108
89.300107
89.40010600000001
89.500105
89.600104
89.700103
89.800102
89.900101
90.0001
90.10009900000001
90.200098
90.300097
90.400096
90.500095
90.60009400000001
90.70009300000001
90.80009199999999
90.900091
91.00009
91.10008900000001
91.20008800000001
91.30008699999999
91.400086
91.500085
91.60008400000001
91.700083
91.800082
91.900081
92.00008
92.10007900000001
92.200078
92.30007700000002
92.40007600000001
92.500075
92.600074
92.700073
92.80007200000001
92.90007100000001
93.00007
93.100069
93.200068
93.30006700000001
93.40006600000001
93.500065
93.600064
93.700063
93.80006200000001
93.90006100000001
94.00006
94.100059
94.200058
94.30005700000001
94.400056
94.500055
94.60005400000001
94.700053
94.80005200000001
94.900051
95.00005
95.10004900000001
95.20004800000001
95.300047
95.400046
95.500045
95.60004400000001
95.70004300000001
95.800042
95.900041
96.00004
96.100039
96.200038
96.300037
96.40003599999999
96.500035
96.600034
96.700033
96.800032
96.900031
97.00003
97.10002899999999
97.200028
97.300027
97.400026
97.500025
97.60002399999999
97.700023
97.800022
97.900021
98.00002
98.10001899999999
98.200018
98.300017
98.40001600000001
98.500015
98.60001399999999
98.700013
98.800012
98.900011
99.00001
99.100009
99.200008
99.300007
99.400006
99.500005
99.600004
99.70000300000001
99.80000199999999
99.900001
100.