	res_adaptive	time_adaptive	w
0	(1.0825975688154919-0.05983745522452089j)	0.35529088973999023	0.001
1	(1.2865230107099113-0.28777471652664766j)	0.2982368469238281	0.09632793136320304
2	(1.4108140468527788-0.4046982587538353j)	0.29746007919311523	0.19165586272640608
3	(1.5160767297680164-0.4926478073442282j)	0.31162595748901367	0.2869837940896091
4	(1.6141576708562808-0.5619776951887429j)	0.3224830627441406	0.38231172545281217
5	(1.7072982177219957-0.6164975665338024j)	0.37862586975097656	0.4776396568160152
6	(1.7956606549577525-0.6601079087263875j)	0.3629930019378662	0.5729675881792182
7	(1.8806989680689608-0.6962823116940337j)	0.3612353801727295	0.6682955195424213
8	(1.9646338004884947-0.726114395978695j)	0.3696167469024658	0.7636234509056243
9	(2.0481988681726713-0.7487043328327909j)	0.3619048595428467	0.8589513822688274
10	(2.130188314977373-0.763557417642061j)	0.4077939987182617	0.9542793136320304
11	(2.209414488516494-0.7718400914915444j)	0.3657338619232178	1.0496072449952334
12	(2.2863375458013637-0.7750639029019712j)	0.3259549140930176	1.1449351763584363
13	(2.3622611897964756-0.7733033539389464j)	0.3365449905395508	1.2402631077216395
14	(2.4374220841283285-0.7654784116257146j)	0.3960909843444824	1.3355910390848424
15	(2.5106797673954238-0.7512004518639772j)	0.33132505416870117	1.4309189704480456
16	(2.581104252198578-0.7315524863791389j)	0.4165160655975342	1.5262469018112486
17	(2.6491201161839686-0.7078063276577223j)	0.3457450866699219	1.6215748331744515
18	(2.715632133805484-0.6799841395621851j)	0.3170030117034912	1.7169027645376547
19	(2.780469776532164-0.6472602714700548j)	0.28884458541870117	1.8122306959008576
20	(2.842369410552276-0.6095158106318782j)	0.3798680305480957	1.9075586272640608
21	(2.9004538393270227-0.5677883191061742j)	0.29424595832824707	2.0028865586272637
22	(2.955080357909271-0.5230337566416665j)	0.40361881256103516	2.098214489990467
23	(3.006922738935995-0.47502743719313445j)	0.36889195442199707	2.19354242135367
24	(3.055685927216771-0.4229595484655803j)	0.3586151599884033	2.288870352716873
25	(3.1002980197976013-0.36682978706827474j)	0.3740088939666748	2.384198284080076
26	(3.1402461669720574-0.30765966378654097j)	0.37642788887023926	2.479526215443279
27	(3.1761111927317227-0.24628999489946268j)	0.384052038192749	2.574854146806482
28	(3.208557944181993-0.18253483166910162j)	0.3545548915863037	2.670182078169685
29	(3.237251764164517-0.11587702396591654j)	0.32697391510009766	2.765510009532888
30	(3.261224922856373-0.04665304703072781j)	0.2967660427093506	2.8608379408960913
31	(3.2801108149111182+0.023993366570938812j)	0.30078792572021484	2.956165872259294
32	(3.2944614498483435+0.09530076341080307j)	0.30364179611206055	3.0514938036224972
33	(3.2878133719729297+0.16509947981240453j)	0.2665438652038574	3.1468217349857004
34	(3.3104711228350014+0.24107445757268448j)	0.30185818672180176	3.242149666348903
35	(3.310800869155788+0.3156013622061809j)	0.29618406295776367	3.3374775977121063
36	(3.305607312844261+0.3900804866123418j)	0.352449893951416	3.4328055290753094
37	(3.2975286001938335+0.4642836205881783j)	0.3749990463256836	3.5281334604385126
38	(3.281321812685183+0.5376133515874308j)	0.31969285011291504	3.6234613918017153
39	(3.262392479656689+0.611297520392914j)	0.33706092834472656	3.7187893231649185
40	(3.2382273164810824+0.6844537212900117j)	0.3139798641204834	3.8141172545281217
41	(3.208973061257489+0.7560135194356052j)	0.38056230545043945	3.9094451858913244
42	(3.1754173286141762+0.8254739240971787j)	0.3522360324859619	4.004773117254528
43	(3.1379695486637407+0.8931134819227888j)	0.34322381019592285	4.100101048617731
44	(3.09619975968434+0.9590933961006172j)	0.3160409927368164	4.195428979980934
45	(3.049589599682925+1.0227775746707857j)	0.35066795349121094	4.290756911344137
46	(2.9984044394173934+1.0832490780157982j)	0.33720898628234863	4.386084842707341
47	(2.9434512011011016+1.140261897004203j)	0.2914257049560547	4.481412774070543
48	(2.8851082675948136+1.1942489247937287j)	0.2951500415802002	4.576740705433746
49	(2.8230437225411684+1.2453844389328448j)	0.30157995223999023	4.67206863679695
50	(2.7570108260492936+1.2930493202557138j)	0.30627918243408203	4.7673965681601524
51	(2.687553546753123+1.3364457095318991j)	0.30179286003112793	4.862724499523355
52	(2.6155956764761674+1.3754452526415908j)	0.2950410842895508	4.958052430886559
53	(2.5415101893272802+1.4104508206095474j)	0.30010986328125	5.0533803622497615
54	(2.464998173908235+1.4414937073153764j)	0.3671150207519531	5.148708293612964
55	(2.38592462834019+1.4678925210062332j)	0.3358330726623535	5.244036224976168
56	(2.30488750812318+1.488967035906301j)	0.3034780025482178	5.339364156339371
57	(2.22271674726323+1.5047798146268008j)	0.31395888328552246	5.434692087702573
58	(2.1396450775884728+1.5158486103450208j)	0.31421589851379395	5.530020019065777
59	(2.0553675741086037+1.522265624693731j)	0.31557297706604004	5.62534795042898
60	(1.9698970954627617+1.5234952140939568j)	0.2999269962310791	5.720675881792183
61	(1.8839817067981521+1.5191162999968362j)	0.30431389808654785	5.816003813155386
62	(1.7984920333985626+1.5094159153092042j)	0.3111419677734375	5.911331744518589
63	(1.7136706315506378+1.49496627274059j)	0.3062591552734375	6.006659675881792
64	(1.6293099702126885+1.4758039220115573j)	0.305706262588501	6.101987607244995
65	(1.5455753832957393+1.451393393454187j)	0.31913208961486816	6.197315538608198
66	(1.463260467592063+1.421420598126512j)	0.29958462715148926	6.292643469971401
67	(1.383108722930302+1.3862729947791024j)	0.29293107986450195	6.387971401334604
68	(1.305184434337535+1.3465320963900669j)	0.2938570976257324	6.483299332697807
69	(1.2292017072904562+1.3022392524919135j)	0.3021421432495117	6.57862726406101
70	(1.1553316699568221+1.2529997021633652j)	0.30363011360168457	6.673955195424213
71	(1.0845085070663731+1.1984863745872312j)	0.3571281433105469	6.769283126787417
72	(1.0168248820425088+1.1401687387198756j)	0.31339597702026367	6.8646110581506194
73	(0.9519959648540647+1.0777244117254425j)	0.29543423652648926	6.959938989513822
74	(0.8920488981071897+1.0119930626809248j)	0.355557918548584	7.055266920877026
75	(0.834852085008104+0.9421995583077939j)	0.4416050910949707	7.1505948522402285
76	(0.7819958039964746+0.868595231921631j)	0.2922019958496094	7.245922783603431
77	(0.7339936828858323+0.7918533470764634j)	0.29788899421691895	7.341250714966635
78	(0.6906995072242041+0.7125807695191029j)	0.29183292388916016	7.436578646329838
79	(0.6518263241412177+0.6307806844648971j)	0.28922414779663086	7.53190657769304
80	(0.6176114163497856+0.5462118683475039j)	0.2933351993560791	7.627234509056244
81	(0.5886730427599223+0.45912388552954664j)	0.2944817543029785	7.722562440419447
82	(0.5652803229897697+0.3703124654017502j)	0.28481006622314453	7.817890371782649
83	(0.5471103317654107+0.2804247986208673j)	0.28556394577026367	7.913218303145853
84	(0.5338450626893768+0.1895182895312583j)	0.2891242504119873	8.008546234509055
85	(0.5257469779904043+0.0974983280008774j)	0.28481602668762207	8.103874165872258
86	(0.5233856205417744+0.0047738148128596j)	0.28499507904052734	8.19920209723546
87	(0.5269158656786029-0.08782418482231552j)	0.28559207916259766	8.294530028598665
88	(0.5359431775125029-0.1797495853269511j)	0.28629183769226074	8.389857959961867
89	(0.5501528443586138-0.2710507565826866j)	0.3242332935333252	8.48518589132507
90	(0.5697743021764671-0.36183856353114796j)	0.2953619956970215	8.580513822688273
91	(0.5954949800279954-0.4515646494028248j)	0.31401586532592773	8.675841754051476
92	(0.6263425493155914-0.53980450230444j)	0.3536369800567627	8.77116968541468
93	(0.6625971763219628-0.625750810836202j)	0.3425872325897217	8.866497616777883
94	(0.7035635813243519-0.709595044110685j)	0.34769463539123535	8.961825548141086
95	(0.7493925912166477-0.7913491093870633j)	0.32854294776916504	9.057153479504288
96	(0.800339197419633-0.8704691918497196j)	0.3208329677581787	9.152481410867491
97	(0.85615633016336-0.9461677575480701j)	0.332291841506958	9.247809342230694
98	(0.9162161234522033-1.0180883581763445j)	0.3247709274291992	9.343137273593898
99	(0.9801709894219327-1.0863797948877596j)	0.30778980255126953	9.438465204957101
100	(1.0481922643178527-1.1510753549564763j)	0.30485105514526367	9.533793136320304
101	(1.1204321280794263-1.2116887037316537j)	0.3051018714904785	9.629121067683506
102	(1.196486623066444-1.2676011035530164j)	0.30523180961608887	9.72444899904671
103	(1.2756265650913035-1.318670736352486j)	0.31128406524658203	9.819776930409914
104	(1.3574538332085608-1.365170100645868j)	0.35686802864074707	9.915104861773116
105	(1.4420374019962232-1.4071406307533665j)	0.3129410743713379	10.010432793136319
106	(1.5293450867785627-1.444094080193142j)	0.3358771800994873	10.105760724499522
107	(1.6188128628816916-1.4754860776670953j)	0.2893660068511963	10.201088655862725
108	(1.7096823167542476-1.5012750714688956j)	0.28746819496154785	10.296416587225927
109	(1.8016219756678695-1.521767816379143j)	0.28659892082214355	10.391744518589132
110	(1.8947387742080544-1.5369912186858228j)	0.2867882251739502	10.487072449952334
111	(1.9889666299443176-1.5465140126892858j)	0.28582096099853516	10.582400381315537
112	(2.083715015261851-1.5499786499280739j)	0.29085874557495117	10.67772831267874
113	(2.1782752302533765-1.5475731476045769j)	0.2928657531738281	10.773056244041943
114	(2.2723801078209442-1.5397591771316157j)	0.2833549976348877	10.868384175405145
115	(2.3661046628169426-1.5266488588590934j)	0.2967219352722168	10.96371210676835
116	(2.459253745672976-1.5079222195457889j)	0.30269694328308105	11.059040038131553
117	(2.5511306133206624-1.4833903212724335j)	0.3019750118255615	11.154367969494755
118	(2.6410266699040683-1.453376212971321j)	0.2875521183013916	11.249695900857958
119	(2.728729937750207-1.4183624452360646j)	0.3027510643005371	11.34502383222116
120	(2.8143307732879315-1.3784226532039368j)	0.30568599700927734	11.440351763584365
121	(2.8976200130811014-1.3332654597958564j)	0.30937719345092773	11.535679694947568
122	(2.9779571034870793-1.282832171298694j)	0.3210792541503906	11.63100762631077
123	(3.0547943270134184-1.2275890347151732j)	0.28937196731567383	11.726335557673973
124	(3.1280883724826705-1.168101702535842j)	0.3405299186706543	11.821663489037176
125	(3.197998545245631-1.1045134914769188j)	0.2891368865966797	11.916991420400379
126	(3.2643041418326426-1.0366796114399206j)	0.3181421756744385	12.012319351763583
127	(3.326378367265998-0.9647480013443583j)	0.31514978408813477	12.107647283126786
128	(3.383752033956956-0.8893364862351452j)	0.3788001537322998	12.202975214489989
129	(3.436448960556422-0.8110384838586715j)	0.3596057891845703	12.298303145853192
130	(3.4846205290518832-0.7299711683678498j)	0.4333078861236572	12.393631077216394
131	(3.528023649444312-0.6460108067831638j)	0.2906827926635742	12.488959008579599
132	(3.5661008033263655-0.5593763929066524j)	0.42273998260498047	12.584286939942801
133	(3.5985681192169814-0.470708703560643j)	0.3998730182647705	12.679614871306004
134	(3.625635772436808-0.3805595342167598j)	0.37381505966186523	12.774942802669207
135	(3.6475687674707116-0.28902396151904863j)	0.32289981842041016	12.87027073403241
136	(3.6642054119242062-0.19606371241321452j)	0.4001617431640625	12.965598665395612
137	(3.675086587308165-0.10207137125477539j)	0.36929798126220703	13.060926596758817
138	(3.6802166519399147-0.007708513992073174j)	0.31227993965148926	13.15625452812202
139	(3.6797953859289594+0.0863854486598794j)	0.2932558059692383	13.251582459485222
140	(3.674127949401566+0.18014687108098637j)	0.5328238010406494	13.346910390848425
141	(3.663501542240518+0.2738957416868477j)	0.38611698150634766	13.442238322211628
142	(3.6461676258978004+0.36626383054916034j)	0.48908114433288574	13.537566253574832
143	(3.61222053293588+0.44955434054509236j)	0.41487693786621094	13.632894184938035
144	(3.59558213448517+0.546929156259738j)	0.4089639186859131	13.728222116301238
145	(3.5626398775003523+0.6345094303341756j)	0.3316161632537842	13.82355004766444
146	(3.5246196642078558+0.7202751817834985j)	0.35273313522338867	13.918877979027643
147	(3.481344699511678+0.803794287315643j)	0.35222578048706055	14.014205910390846
148	(3.4330476898166893+0.884398946875349j)	0.34113407135009766	14.10953384175405
149	(3.3802991446435846+0.9617305068823232j)	0.32922792434692383	14.204861773117253
150	(3.323755581268343+1.0360511782089292j)	0.3193318843841553	14.300189704480456
151	(3.262466173744196+1.1066675414799638j)	0.3094289302825928	14.395517635843659
152	(3.1971991716144923+1.1737733670982915j)	0.297421932220459	14.490845567206861
153	(3.127979030810993+1.2365591776194536j)	0.33381104469299316	14.586173498570064
154	(3.055395253540188+1.294823639365268j)	0.30017614364624023	14.681501429933268
155	(2.979783455442509+1.3487445634293225j)	0.2983388900756836	14.776829361296471
156	(2.9010916649146865+1.3983589991838024j)	0.3076469898223877	14.872157292659674
157	(2.819339022294048+1.4432845949523494j)	0.31936001777648926	14.967485224022877
158	(2.7351077289207413+1.4831621718562185j)	0.3072941303253174	15.06281315538608
159	(2.648751974629171+1.5176809942175495j)	0.3303554058074951	15.158141086749284
160	(2.560961185024094+1.5473512961488345j)	0.30791306495666504	15.253469018112487
161	(2.4716213196935954+1.572105378520158j)	0.32382678985595703	15.34879694947569
162	(2.3808406875678765+1.5915575469184124j)	0.2981288433074951	15.444124880838892
163	(2.289147891996812+1.6053417922911206j)	0.2996368408203125	15.539452812202095
164	(2.197176218754597+1.613531383857984j)	0.3267638683319092	15.634780743565297
165	(2.10518592101997+1.6164562248232972j)	0.2941460609436035	15.730108674928502
166	(2.013118888716256+1.6141895956034453j)	0.28993892669677734	15.825436606291705
167	(1.9211117493642749+1.6064555070809248j)	0.28322505950927734	15.920764537654907
168	(1.8297291489804557+1.593081997625351j)	0.3216118812561035	16.016092469018112
169	(1.7395856590066638+1.5743404395860237j)	0.33003807067871094	16.111420400381316
170	(1.6509096326249355+1.550668086839669j)	0.3322181701660156	16.206748331744517
171	(1.5637729755310372+1.522258911744547j)	0.3169560432434082	16.302076263107722
172	(1.4781109791872207+1.4886280765459297j)	0.32238078117370605	16.397404194470923
173	(1.3948117576864036+1.4499610571010768j)	0.30295300483703613	16.492732125834127
174	(1.3143248942799959+1.4065233273978752j)	0.33355188369750977	16.588060057197332
175	(1.2367627409924655+1.3587596095872947j)	0.34252285957336426	16.683387988560533
176	(1.1620252818715562+1.3067652936750913j)	0.332913875579834	16.778715919923737
177	(1.0897815614454405+1.2497664097560541j)	0.3271191120147705	16.874043851286938
178	(1.0221002606088818+1.1896779036470602j)	0.32627201080322266	16.969371782650143
179	(0.9578449896439357+1.1251664074074637j)	0.3327631950378418	17.064699714013347
180	(0.8975256641896115+1.0573718145813638j)	0.2993450164794922	17.160027645376548
181	(0.8410195271100024+0.9864437683609214j)	0.3252999782562256	17.255355576739753
182	(0.7885446878604601+0.9123142824359766j)	0.3192000389099121	17.350683508102954
183	(0.740618854319733+0.8351839169728482j)	0.5314681529998779	17.446011439466158
184	(0.6975717032352017+0.7556146142288254j)	0.41718101501464844	17.541339370829363
185	(0.6593107649013797+0.6740971071690112j)	0.4894371032714844	17.636667302192564
186	(0.6256718810303987+0.5907177738003263j)	0.37403416633605957	17.731995233555768
187	(0.5968321780380018+0.5054130422057133j)	0.37011194229125977	17.82732316491897
188	(0.5729747456379078+0.4182198356297594j)	0.34578585624694824	17.922651096282173
189	(0.5548816673774938+0.3304102237841402j)	0.38698863983154297	18.017979027645374
190	(0.541652524122278+0.2417949055780709j)	0.3316049575805664	18.11330695900858
191	(0.5332583121646088+0.15269526481642776j)	0.29886698722839355	18.208634890371783
192	(0.5298367171373659+0.06313111931278606j)	0.3019587993621826	18.303962821734984
193	(0.5317143742077673-0.026518305184380864j)	0.3233828544616699	18.39929075309819
194	(0.5389194414635115-0.11561653924643295j)	0.3574538230895996	18.49461868446139
195	(0.5511374940355145-0.20372959702500001j)	0.37027907371520996	18.589946615824594
196	(0.568029577277895-0.29093739836305765j)	0.344310998916626	18.6852745471878
197	(0.5900341263675823-0.37689724268050473j)	0.3509390354156494	18.780602478551
198	(0.6170759209389779-0.4615870745835887j)	0.341447114944458	18.875930409914204
199	(0.6491317927747797-0.5443214893870226j)	0.36833715438842773	18.971258341277405
200	(0.6857521511191623-0.6247831639337961j)	0.3511958122253418	19.06658627264061
201	(0.7266236172465785-0.703006294457166j)	0.3109281063079834	19.161914204003814
202	(0.7718012853418468-0.7789655132867136j)	0.3384230136871338	19.257242135367015
203	(0.8213819051700725-0.8522490181604243j)	0.3276219367980957	19.35257006673022
204	(0.8751062948111884-0.9222927760003641j)	0.342149019241333	19.44789799809342
205	(0.9324708889607953-0.9888378032134795j)	0.3803389072418213	19.543225929456625
206	(0.9881691419416214-1.0478400174345681j)	0.3001871109008789	19.63855386081983
207	(1.0573365045263006-1.1116294561169886j)	0.31016087532043457	19.73388179218303
208	(1.124961314935744-1.1674685528765556j)	0.2880246639251709	19.829209723546235
209	(1.1957274871149624-1.219030883381209j)	0.395615816116333	19.924537654909436
210	(1.269095417946083-1.266225797205548j)	0.2950170040130615	20.01986558627264
211	(1.3447711530279551-1.3092473304725543j)	0.4991312026977539	20.11519351763584
212	(1.4227725189610214-1.3481181746983426j)	0.48494911193847656	20.210521448999046
213	(1.503020862296203-1.3824971969812485j)	0.34107279777526855	20.30584938036225
214	(1.5850530450798028-1.4120258302107922j)	0.3593120574951172	20.40117731172545
215	(1.668283217073568-1.4367031998037199j)	0.37112903594970703	20.496505243088656
216	(1.7524389118272026-1.4567521085098334j)	0.3361060619354248	20.591833174451857
217	(1.8375476836081155-1.4721721542550543j)	0.34700584411621094	20.68716110581506
218	(1.9237737589257844-1.4828413149747575j)	0.32514309883117676	20.782489037178266
219	(2.009827640575683-1.4879039461040837j)	0.2950162887573242	20.877816968541467
220	(2.096002702869928-1.488107192527844j)	0.3828878402709961	20.97314489990467
221	(2.1818336901646838-1.4835753748733238j)	0.321120023727417	21.068472831267872
222	(2.2673613108641817-1.4743781362957362j)	0.36138200759887695	21.163800762631077
223	(2.35241422560488-1.4602935094530003j)	0.3637661933898926	21.25912869399428
224	(2.43646115449847-1.4412211358037215j)	0.32578396797180176	21.354456625357482
225	(2.5189762197959964-1.4174331680568022j)	0.3452742099761963	21.449784556720687
226	(2.600675506546799-1.3899023476527232j)	0.30794382095336914	21.545112488083888
227	(2.6789333059360105-1.356863176893174j)	0.2984941005706787	21.640440419447092
228	(2.756192697014755-1.3199299461885374j)	0.3172731399536133	21.735768350810293
229	(2.8310577642352737-1.2784715974402305j)	0.32512998580932617	21.831096282173498
230	(2.90310973823334-1.2328356476166453j)	0.32404303550720215	21.926424213536702
231	(2.972307682057369-1.1834189184608315j)	0.3476381301879883	22.021752144899903
232	(3.0387473734835586-1.1303021456629423j)	0.4287269115447998	22.117080076263107
233	(3.102239292711291-1.0733766310471733j)	0.4445078372955322	22.21240800762631
234	(3.1623112372850146-1.0127735053803115j)	0.32697415351867676	22.307735938989513
235	(3.2186241965956586-0.948969630508809j)	0.38704681396484375	22.403063870352717
236	(3.2711959935147927-0.8824101887480178j)	0.3020007610321045	22.49839180171592
237	(3.3201099873309468-0.8131880783805151j)	0.3709239959716797	22.593719733079123
238	(3.365138849598604-0.7412364502424628j)	0.3001101016998291	22.689047664442324
239	(3.405834063579161-0.666749632210133j)	0.3869600296020508	22.78437559580553
240	(3.4419586872663266-0.590222125333334j)	0.3429419994354248	22.879703527168733
241	(3.4738071015347693-0.5117751263573269j)	0.3765850067138672	22.975031458531934
242	(3.5010362194265108-0.43229401428926906j)	0.42497682571411133	23.07035938989514
243	(3.523975264469091-0.3509181412775728j)	0.40721821784973145	23.16568732125834
244	(3.542126393392818-0.2682125251693508j)	0.34754109382629395	23.261015252621544
245	(3.5554037440042694-0.1847379353788381j)	0.28414487838745117	23.356343183984748
246	(3.5640423553093576-0.10090871816118896j)	0.34302592277526855	23.45167111534795
247	(3.56821567985965-0.016798839065998994j)	0.39557886123657227	23.546999046711154
248	(3.567707049286014+0.06757879675939105j)	0.3147718906402588	23.642326978074355
249	(3.562361988844714+0.1517942435603128j)	0.30091190338134766	23.73765490943756
250	(3.5520420207583423+0.23537062382306861j)	0.3361349105834961	23.83298284080076
251	(3.537086107050678+0.31795154046966756j)	0.2863171100616455	23.928310772163965
252	(3.517689136214221+0.3995401216323815j)	0.28993701934814453	24.02363870352717
253	(3.4937251719198352+0.4801158460618078j)	0.2940192222595215	24.11896663489037
254	(3.4650285732352475+0.559320977925639j)	0.3125638961791992	24.214294566253574
255	(3.4317612664061583+0.6366363521673724j)	0.3055410385131836	24.309622497616775
256	(3.394336421509285+0.7117892302158375j)	0.2864103317260742	24.40495042897998
257	(3.3529997413647514+0.7847963575830055j)	0.28658604621887207	24.500278360343184
258	(3.307669857014886+0.8555844390290657j)	0.28486204147338867	24.595606291706385
259	(3.258262337302464+0.9237426265156752j)	0.28266286849975586	24.69093422306959
260	(3.20502009464209+0.98877368877868j)	0.29625797271728516	24.78626215443279
261	(3.14788811650164+1.0494820577835835j)	0.27503299713134766	24.881590085795995
262	(3.088537370190786+1.1089572320426573j)	0.2878439426422119	24.9769180171592
263	(3.025432662651091+1.1641511627749852j)	0.28537487983703613	25.0722459485224
264	(2.9590545040007386+1.2157091133670168j)	0.2847127914428711	25.167573879885605
265	(2.889754056296522+1.2632498687306029j)	0.28407716751098633	25.262901811248806
266	(2.818040952342723+1.306576889536827j)	0.2912578582763672	25.35822974261201
267	(2.7441372489535656+1.346249055194015j)	0.28833723068237305	25.45355767397521
268	(2.6680615788611264+1.3818180604699095j)	0.2854640483856201	25.548885605338416
269	(2.5899083186053535+1.413063559043982j)	0.2880687713623047	25.64421353670162
270	(2.5101149419363935+1.4396575071888393j)	0.2860841751098633	25.73954146806482
271	(2.4291829456335297+1.4616083525890704j)	0.32810187339782715	25.834869399428026
272	(2.3473138837457377+1.4791004892138968j)	0.3115880489349365	25.930197330791227
273	(2.264472872507883+1.492100505252256j)	0.29571080207824707	26.02552526215443
274	(2.1807908468308925+1.5003124925878648j)	0.3190279006958008	26.120853193517636
275	(2.09672655221526+1.5035457720375462j)	0.3505830764770508	26.216181124880837
276	(2.01275864934246+1.501963067089187j)	0.4091629981994629	26.31150905624404
277	(1.9290625857146122+1.4958468248903547j)	0.32054710388183594	26.406836987607242
278	(1.8456408437511147+1.4852170166924314j)	0.4387660026550293	26.502164918970447
279	(1.762714686762768+1.4698483419790689j)	0.31766366958618164	26.59749285033365
280	(1.680806311234436+1.449654899943877j)	0.3565981388092041	26.692820781696852
281	(1.6003854824496158+1.4248780373980299j)	0.2967948913574219	26.788148713060057
282	(1.5215847872555095+1.3958116302712105j)	0.3712179660797119	26.883476644423258
283	(1.4443918360282861+1.3624591124924526j)	0.28771209716796875	26.978804575786462
284	(1.369030006192609+1.3246334930231665j)	0.4303107261657715	27.074132507149667
285	(1.2959774399963138+1.2823537331813595j)	0.2886390686035156	27.169460438512868
286	(1.2255993477407274+1.2359710240122452j)	0.33394408226013184	27.264788369876072
287	(1.1579321463950814+1.1858454916095107j)	0.3074660301208496	27.360116301239273
288	(1.0929368198920284+1.132042887612066j)	0.29253125190734863	27.455444232602478
289	(1.0308587275233339+1.0744834645947263j)	0.32407116889953613	27.55077216396568
290	(0.9721734793543659+1.0133263121096274j)	0.32080888748168945	27.646100095328883
291	(0.9171992165466878+0.94901533795644j)	0.3154592514038086	27.741428026692088
292	(0.8659324691860905+0.8819230613709332j)	0.29914093017578125	27.83675595805529
293	(0.8183386526129681+0.8121005566694708j)	0.2945117950439453	27.932083889418493
294	(0.7746669730776026+0.739495817314854j)	0.29003477096557617	28.027411820781694
295	(0.7353275139768825+0.6643247912455933j)	0.31237006187438965	28.1227397521449
296	(0.700505785331501+0.5870622510022927j)	0.2988159656524658	28.218067683508103
297	(0.6700726716964538+0.5080729484598155j)	0.28125500679016113	28.313395614871304
298	(0.6439213775056479+0.4274225314391389j)	0.2849867343902588	28.40872354623451
299	(0.6222494540491641+0.3451429329750261j)	0.2848479747772217	28.50405147759771
300	(0.6053791933148793+0.26156870217093775j)	0.2914550304412842	28.599379408960914
301	(0.5933883880954888+0.17724782964614824j)	0.3193233013153076	28.69470734032412
302	(0.5860861275282728+0.09255516708741446j)	0.3202860355377197	28.79003527168732
303	(0.5833686492169395+0.007559379275532602j)	0.3010737895965576	28.885363203050524
304	(0.585431407921979-0.07768540769104118j)	0.28899312019348145	28.980691134413725
305	(0.5925464915889838-0.16277437474882622j)	0.3050997257232666	29.07601906577693
306	(0.6046683488175978-0.24723295450609972j)	0.30956101417541504	29.17134699714013
307	(0.6215151645861914-0.3307536646884014j)	0.3192780017852783	29.266674928503335
308	(0.6429199820618491-0.413318342556769j)	0.3332939147949219	29.36200285986654
309	(0.6689997569022934-0.4948411309692219j)	0.3022329807281494	29.45733079122974
310	(0.6998759832332737-0.5749179630466066j)	0.28819823265075684	29.552658722592945
311	(0.7353668508755269-0.6530230717783101j)	0.29407477378845215	29.647986653956146
312	(0.7750915216851695-0.72891219923781j)	0.2987399101257324	29.74331458531935
313	(0.8188673387373344-0.802539902858707j)	0.2882671356201172	29.838642516682555
314	(0.8667882534963847-0.8737876706871712j)	0.2908308506011963	29.933970448045756
315	(0.918911046633897-0.9422338027440125j)	0.2890512943267822	30.02929837940896
316	(0.9749776770349637-1.0074224926450719j)	0.29147911071777344	30.12462631077216
317	(1.0345804203390074-1.0691952137259095j)	0.3008408546447754	30.219954242135366
318	(1.0975723864349927-1.1276271671129237j)	0.29161500930786133	30.31528217349857
319	(1.1638435498393471-1.1826009239966742j)	0.3016090393066406	30.41061010486177
320	(1.23347906979559-1.2337767710569814j)	0.2901921272277832	30.505938036224975
321	(1.3060372497289303-1.280778651964888j)	0.297119140625	30.601265967588176
322	(1.3810307169234486-1.3235393791168493j)	0.31299495697021484	30.69659389895138
323	(1.4582267894891667-1.3621558810056498j)	0.32575201988220215	30.791921830314585
324	(1.5376158190948557-1.396523440534153j)	0.30723094940185547	30.887249761677786
325	(1.6190540644971771-1.4262758511443088j)	0.29491567611694336	30.98257769304099
326	(1.702101806451216-1.45111966998765j)	0.29474496841430664	31.077905624404192
327	(1.7862926476078549-1.4710859510766119j)	0.2925291061401367	31.173233555767396
328	(1.8714410317964794-1.4863412254051627j)	0.31502699851989746	31.268561487130597
329	(1.9578812146055602-1.4947058928825265j)	0.27745890617370605	31.3638894184938
330	(2.044386147559286-1.5023047254069002j)	0.3000218868255615	31.459217349857006
331	(2.1314886152144568-1.502603665135413j)	0.289503812789917	31.554545281220207
332	(2.2183663065625274-1.4979081479366028j)	0.28575706481933594	31.64987321258341
333	(2.304826711899748-1.4884596263655467j)	0.28632688522338867	31.745201143946613
334	(2.390810821920782-1.4742382126448457j)	0.28812408447265625	31.840529075309817
335	(2.4760432258952942-1.4550255715231926j)	0.30378198623657227	31.93585700667302
336	(2.5600000239427176-1.4307682122404912j)	0.293687105178833	32.03118493803622
337	(2.6422493330188535-1.401712842852791j)	0.29140615463256836	32.12651286939942
338	(2.7226712706069005-1.3681286187212547j)	0.2850487232208252	32.22184080076263
339	(2.8012456171496987-1.330022735006076j)	0.3006899356842041	32.31716873212583
340	(2.877710440687076-1.2872649761037627j)	0.2887711524963379	32.41249666348903
341	(2.951585292972192-1.2399468716235784j)	0.29346609115600586	32.50782459485224
342	(3.022517517933889-1.1884512637383868j)	0.2976491451263428	32.60315252621544
343	(3.090447998987522-1.1331293574820411j)	0.2829909324645996	32.69848045757864
344	(3.1553491766276847-1.074051531947752j)	0.2958521842956543	32.79380838894184
345	(3.216924079644157-1.0111800971665141j)	0.2840309143066406	32.88913632030505
346	(3.2746991190464616-0.9447124548573167j)	0.2952761650085449	32.98446425166825
347	(3.3283860847811515-0.8750885972730236j)	0.2837681770324707	33.07979218303145
348	(3.3779931666950396-0.802652863747646j)	0.2923622131347656	33.17512011439466
349	(3.423532186861056-0.7274632752055672j)	0.2963290214538574	33.27044804575786
350	(3.46475139212199-0.6495270183832578j)	0.2914257049560547	33.36577597712106
351	(3.5012824042614477-0.5691249833899779j)	0.2861340045928955	33.46110390848427
352	(3.5329845595890585-0.48676079060932576j)	0.2987251281738281	33.55643183984747
353	(3.5599856514554458-0.4028080644668354j)	0.3084228038787842	33.65175977121067
354	(3.5823515935021097-0.317370919330926j)	0.3243749141693115	33.74708770257387
355	(3.5998645628127726-0.2305539152631845j)	0.3181297779083252	33.84241563393708
356	(3.612068463248025-0.14273281798394144j)	0.29275989532470703	33.93774356530028
357	(3.619374824432422-0.054471189617828875j)	0.3055107593536377	34.03307149666348
358	(3.6143017690180836+0.034154197678454096j)	0.26961803436279297	34.12839942802669
359	(3.6187012462598087+0.12230339032164685j)	0.3078629970550537	34.22372735938989
360	(3.6107810064851047+0.21062205226407452j)	0.290769100189209	34.31905529075309
361	(3.597554229596752+0.29846318324573995j)	0.33872485160827637	34.41438322211629
362	(3.5791212717656515+0.3853179503444196j)	0.37738704681396484	34.5097111534795
363	(3.5557910254417875+0.4708938220872528j)	0.32086706161499023	34.6050390848427
364	(3.5277296407047403+0.5551314457467941j)	0.3078289031982422	34.7003670162059
365	(3.494845952286653+0.6378745356095951j)	0.307675838470459	34.79569494756911
366	(3.4570710824121367+0.7186774271775853j)	0.3060739040374756	34.89102287893231
367	(3.4146243250525097+0.7970313919255348j)	0.2923319339752197	34.98635081029551
368	(3.3678692235723875+0.8726849134982574j)	0.28583192825317383	35.08167874165872
369	(3.316977747377283+0.9456061320666598j)	0.31558775901794434	35.17700667302192
370	(3.261881236365141+1.0156419069660192j)	0.28352808952331543	35.27233460438512
371	(3.2025909805054473+1.0823809927994517j)	0.3868889808654785	35.36766253574832
372	(3.139422074854819+1.1454150483379029j)	0.39684510231018066	35.46299046711153
373	(3.072805096730774+1.2046196367528608j)	0.2890770435333252	35.55831839847473
374	(3.0029591290297937+1.2600446086868735j)	0.287168025970459	35.65364632983793
375	(2.9298912029677524+1.3118710200689472j)	0.28807711601257324	35.74897426120114
376	(2.853778529007771+1.3588123155154983j)	0.3315088748931885	35.84430219256434
377	(2.7750205588691537+1.401439240551693j)	0.28882694244384766	35.93963012392754
378	(2.6941082806057106+1.4393985727264107j)	0.2961292266845703	36.034958055290744
379	(2.61126499051329+1.472768081071357j)	0.38310909271240234	36.13028598665395
380	(2.5265271181925835+1.5014315822396131j)	0.3949897289276123	36.22561391801715
381	(2.4400854088523793+1.5250582300328217j)	0.33304500579833984	36.320941849380354
382	(2.3524002479611674+1.5434270576950462j)	0.29987215995788574	36.41626978074356
383	(2.263932015232416+1.5566246720847323j)	0.30666112899780273	36.51159771210676
384	(2.1748767601294774+1.5648318500748355j)	0.2980160713195801	36.606925643469964
385	(2.0853014979226905+1.5680106244741916j)	0.29781126976013184	36.70225357483317
386	(1.9954757821826798+1.565934405449903j)	0.29937100410461426	36.79758150619637
387	(1.9059252062629866+1.5585200169924114j)	0.32966017723083496	36.892909437559574
388	(1.8171214790446086+1.545965868792102j)	0.3160548210144043	36.988237368922775
389	(1.7292558494854249+1.5284990626581108j)	0.3046588897705078	37.08356530028598
390	(1.6424140644542229+1.5060956569581254j)	0.32148313522338867	37.178893231649184
391	(1.5568953208040441+1.478581156695597j)	0.4702417850494385	37.274221163012385
392	(1.473202469364581+1.4459693345794935j)	0.3611729145050049	37.36954909437559
393	(1.3917227626564133+1.4085547765381266j)	0.4058418273925781	37.464877025738794
394	(1.312556360304546+1.3666266258288322j)	0.2903170585632324	37.560204957101995
395	(1.235750044956277+1.320226785943483j)	0.37734508514404297	37.655532888465196
396	(1.1615947864723364+1.269301289195085j)	0.4520413875579834	37.750860819828404
397	(1.090566264820027+1.214017850625169j)	0.30448389053344727	37.846188751191605
398	(1.0229579171065706+1.1547874327578476j)	0.2836611270904541	37.941516682554806
399	(0.9589285282909406+1.0919701835341056j)	0.3166618347167969	38.036844613918014
400	(0.8984020961436454+1.0258192294495438j)	0.2950408458709717	38.132172545281215
401	(0.8417993412039737+0.9557704664273378j)	0.28652286529541016	38.227500476644416
402	(0.7894635108577595+0.8826397853287831j)	0.28421592712402344	38.322828408007624
403	(0.7416427953878117+0.8066881468894125j)	0.2869570255279541	38.418156339370825
404	(0.6982886892159036+0.7282550992431409j)	0.2849080562591553	38.513484270734025
405	(0.6593802583900835+0.647426592352958j)	0.28784608840942383	38.608812202097226
406	(0.6251481719391132+0.5642794875483266j)	0.29972290992736816	38.704140133460434
407	(0.5959083456864026+0.4791607480506819j)	0.2860372066497803	38.799468064823635
408	(0.5717470462126085+0.3925953943307018j)	0.28393077850341797	38.894795996186836
409	(0.5525259626458006+0.30495552839008566j)	0.30172181129455566	38.990123927550044
410	(0.5381941907703407+0.2163610951447295j)	0.301746129989624	39.085451858913245
411	(0.5289619103830134+0.1269544454563316j)	0.2852821350097656	39.180779790276446
412	(0.5250775492396209+0.03713667083452843j)	0.29247403144836426	39.276107721639654
413	(0.5265286371369414-0.05257529602272955j)	0.288316011428833	39.371435653002855
414	(0.5330982869194868-0.1418714092163594j)	0.29027819633483887	39.466763584366056
415	(0.5446813270522121-0.2306761363658491j)	0.28659605979919434	39.56209151572926
416	(0.5614061956899001-0.31884563197108384j)	0.2997901439666748	39.657419447092465
417	(0.5833816374231717-0.4059634574465122j)	0.2835090160369873	39.752747378455666
418	(0.6104367487704307-0.4915329052435887j)	0.2891719341278076	39.84807530981887
419	(0.6422400474195673-0.5752787028003439j)	0.286517858505249	39.943403241182075
420	(0.6785191912548751-0.6572413171746035j)	0.2914140224456787	40.038731172545276
421	(0.7196634167656506-0.7368856862817702j)	0.2844111919403076	40.13405910390848
422	(0.7653201189515112-0.8139133597463091j)	0.29779505729675293	40.22938703527168
423	(0.8154909443949885-0.8883612942761858j)	0.2962510585784912	40.324714966634886
424	(0.8696576725044336-0.9594238702455152j)	0.2930450439453125	40.42004289799809
425	(0.9276974868916847-1.027295442840012j)	0.2842519283294678	40.51537082936129
426	(0.9896345163052973-1.091830980780856j)	0.3202528953552246	40.610698760724496
427	(1.0553830255858483-1.1526494171592228j)	0.345350980758667	40.7060266920877
428	(1.1245709765730136-1.209400542562858j)	0.32561588287353516	40.8013546234509
429	(1.196751678082878-1.2620012440474857j)	0.34114885330200195	40.896682554814106
430	(1.2716991123139147-1.3104999322887345j)	0.2971980571746826	40.99201048617731
431	(1.3493616580295484-1.3547595165965132j)	0.293140172958374	41.08733841754051
432	(1.4295513948766807-1.3944222748682413j)	0.2906181812286377	41.18266634890371
433	(1.5118261507596698-1.4292053076082434j)	0.29328203201293945	41.27799428026692
434	(1.5957355132153777-1.459107265103517j)	0.3306241035461426	41.37332221163012
435	(1.6810826330122994-1.4842276898875568j)	0.37313175201416016	41.46865014299332
436	(1.7678160047859235-1.5044726886436832j)	0.39013028144836426	41.56397807435653
437	(1.8557087820136977-1.5195720016108851j)	0.31315040588378906	41.65930600571973
438	(1.944288958137239-1.5293899478563822j)	0.3054690361022949	41.75463393708293
439	(2.0331114583338037-1.534069859731704j)	0.3121907711029053	41.84996186844613
440	(2.1219809930219813-1.533807111941602j)	0.384138822555542	41.94528979980934
441	(2.2108010449422624-1.5285686858988143j)	0.3332030773162842	42.04061773117254
442	(2.299269047153045-1.5181653889910347j)	0.36570286750793457	42.13594566253574
443	(2.3868706771863883-1.5025634343238616j)	0.35442471504211426	42.23127359389895
444	(2.4731827496024703-1.4819866563957376j)	0.4001789093017578	42.32660152526215
445	(2.558054041215945-1.4566585066728561j)	0.3025350570678711	42.42192945662535
446	(2.643701535541334-1.4296075875223249j)	0.2766897678375244	42.51725738798856
447	(2.723002469905213-1.3915727160916693j)	0.2889862060546875	42.61258531935176
448	(2.8022215628792218-1.3518205240680434j)	0.3039250373840332	42.70791325071496
449	(2.878886995199458-1.3075923640876599j)	0.37517619132995605	42.80324118207816
450	(2.9528715245421173-1.2592098768424749j)	0.29666805267333984	42.89856911344137
451	(3.024115472847092-1.2067345176478543j)	0.30402112007141113	42.99389704480457
452	(3.092315589391996-1.1501577859841647j)	0.35385990142822266	43.08922497616777
453	(3.1570243126832773-1.0896906017441523j)	0.37776994705200195	43.18455290753098
454	(3.2179655188848986-1.0257491830299845j)	0.30258893966674805	43.27988083889418
455	(3.2751116249962537-0.9586514858577783j)	0.30533289909362793	43.37520877025738
456	(3.3283667533498624-0.8886374557696011j)	0.30213284492492676	43.47053670162058
457	(3.377612956755021-0.8152050173424941j)	0.2864539623260498	43.56586463298379
458	(3.4223346992492725-0.7391666729634938j)	0.28554391860961914	43.66119256434699
459	(3.462440783810126-0.6607971738482636j)	0.2874109745025635	43.75652049571019
460	(3.4980210015675715-0.580425258878484j)	0.2904071807861328	43.8518484270734
461	(3.529103152716935-0.4981505097755352j)	0.2826671600341797	43.9471763584366
462	(3.5554709621589446-0.4140926132595075j)	0.28721117973327637	44.0425042897998
463	(3.576852326360301-0.3286273328395648j)	0.3116950988769531	44.13783222116301
464	(3.5932035790780783-0.24226298813277158j)	0.30181217193603516	44.23316015252621
465	(3.6046740417291185-0.15532987441966606j)	0.3032820224761963	44.32848808388941
466	(3.61130566610188-0.06792834099678946j)	0.3379850387573242	44.42381601525261
467	(3.61291055858985+0.019798264201929205j)	0.28774404525756836	44.51914394661582
468	(3.609301516007974+0.10745939902695345j)	0.34015417098999023	44.61447187797902
469	(3.6005538213123227+0.194582728369324j)	0.28548407554626465	44.70979980934222
470	(3.587018849502445+0.2809508411804027j)	0.2833540439605713	44.80512774070543
471	(3.568510386486226+0.36635156630303367j)	0.28470587730407715	44.90045567206863
472	(3.545235041621123+0.4507624870627731j)	0.31409502029418945	44.99578360343183
473	(3.517037158835112+0.5337139135089183j)	0.293565034866333	45.09111153479503
474	(3.4841215450599496+0.6147385947651502j)	0.3233327865600586	45.18643946615824
475	(3.446811101819267+0.693599445703762j)	0.3048989772796631	45.28176739752144
476	(3.4052463704034994+0.7702335866488724j)	0.42951512336730957	45.37709532888464
477	(3.3593623511673325+0.8444561340805148j)	0.3710930347442627	45.47242326024785
478	(3.3091743105080558+0.9158573169419948j)	0.3201301097869873	45.56775119161105
479	(3.254961708334516+0.984047120280525j)	0.33927392959594727	45.66307912297425
480	(3.19708824186848+1.0488947349269777j)	0.3150620460510254	45.75840705433746
481	(3.1357231713491656+1.110415312533211j)	0.3074302673339844	45.85373498570066
482	(3.070871012468191+1.1684659372510096j)	0.30684494972229004	45.94906291706386
483	(3.00266674440127+1.2226882117405318j)	0.3765091896057129	46.044390848427064
484	(2.9315040134061747+1.2727759006358352j)	0.3892800807952881	46.13971877979027
485	(2.857809470022496+1.318675242161694j)	0.30948805809020996	46.23504671115347
486	(2.7817809205435906+1.360429506350048j)	0.31520605087280273	46.330374642516674
487	(2.703466160740562+1.3978934024907153j)	0.3159050941467285	46.42570257387988
488	(2.623060676583911+1.4307371542618919j)	0.3008460998535156	46.52103050524308
489	(2.5409911138714762+1.4587392885411328j)	0.3392021656036377	46.61635843660628
490	(2.4576617627467128+1.4819469630216837j)	0.38558006286621094	46.71168636796949
491	(2.37323936131177+1.5004794535138326j)	0.3225851058959961	46.80701429933269
492	(2.287785061287814+1.5142571882534455j)	0.3909270763397217	46.90234223069589
493	(2.2015512476111736+1.5230526301811325j)	0.4020209312438965	46.997670162059094
494	(2.115011676009515+1.5267820756222035j)	0.3216369152069092	47.0929980934223
495	(2.028582449103439+1.525611918962762j)	0.3728158473968506	47.1883260247855
496	(1.942210620349125+1.5197866142966463j)	0.3969452381134033	47.283653956148704
497	(1.8566808217029396+1.5090558882862521j)	0.326261043548584	47.37898188751191
498	(1.7716136841326744+1.4934443641873665j)	0.3147447109222412	47.47430981887511
499	(1.6877148027517177+1.4728850034879026j)	0.32666587829589844	47.569637750238314
500	(1.6053438348511735+1.4476137478231752j)	0.3270440101623535	47.664965681601515
501	(1.5246069548735872+1.4178446881023232j)	0.29339122772216797	47.76029361296472
502	(1.4455729262379458+1.3835707644957413j)	0.3475770950317383	47.855621544327924
503	(1.3685306412581197+1.3447140465541343j)	0.2977170944213867	47.950949475691125
504	(1.2939176342204024+1.3014100001069628j)	0.2997550964355469	48.04627740705433
505	(1.2220279134236192+1.254010368805072j)	0.3189120292663574	48.141605338417534
506	(1.15292464216029+1.2027969842211104j)	0.3193628787994385	48.236933269780735
507	(1.0864876283160116+1.1475857384646568j)	0.305696964263916	48.33226120114394
508	(1.0236245422992696+1.0890748661974279j)	0.3067636489868164	48.427589132507144
509	(0.964152992987944+1.0267866877300205j)	0.30228090286254883	48.522917063870345
510	(0.9084966246805442+0.9613458617189704j)	0.2980318069458008	48.618244995233546
511	(0.8566510367750371+0.8930285128121038j)	0.3119969367980957	48.713572926596754
512	(0.8086506212467218+0.8218846896932306j)	0.3163270950317383	48.808900857959955
513	(0.7647514937428237+0.747969165154884j)	0.3104279041290283	48.904228789323156
514	(0.7252665823770632+0.671582222726404j)	0.3056769371032715	48.999556720686364
515	(0.690293698349877+0.5931747133303573j)	0.3536550998687744	49.094884652049565
516	(0.6597349185791276+0.5130545758143211j)	0.32831788063049316	49.190212583412766
517	(0.6335859158103432+0.43131835718644385j)	0.32773399353027344	49.28554051477597
518	(0.6120733104585656+0.3481051999054957j)	0.3134608268737793	49.380868446139175
519	(0.5954483359606588+0.26379208147367583j)	0.3673379421234131	49.476196377502376
520	(0.5837301272659698+0.17884873742512752j)	0.37937283515930176	49.57152430886558
521	(0.5767702770236638+0.09355328261527524j)	0.3443949222564697	49.666852240228785
522	(0.5745371778151861+0.007979911674817874j)	0.2953190803527832	49.762180171591986
523	(0.577205638390364-0.07772316167003485j)	0.295058012008667	49.85750810295519
524	(0.5849141530031904-0.16317050444692574j)	0.2931499481201172	49.952836034318395
525	(0.5975462239449237-0.2479169435888195j)	0.3009810447692871	50.048163965681596
526	(0.6148484000959167-0.33172326623991594j)	0.34998178482055664	50.1434918970448
527	(0.6368068776373679-0.414618459270455j)	0.33015894889831543	50.238819828408
528	(0.6632607459813044-0.496094395385105j)	0.3012559413909912	50.334147759771206
529	(0.694504735350413-0.5760374272799598j)	0.2957277297973633	50.42947569113441
530	(0.7302442126374894-0.6539081975535638j)	0.29842615127563477	50.52480362249761
531	(0.7701864467977442-0.7295069248809808j)	0.29741978645324707	50.620131553860816
532	(0.8142242327964854-0.8027846252666456j)	0.29374003410339355	50.71545948522402
533	(0.8624226120894949-0.8735563468402392j)	0.3439972400665283	50.81078741658722
534	(0.9147357502978153-0.9414348930297396j)	0.31033992767333984	50.90611534795042
535	(0.9708633164958683-1.006076818320565j)	0.31395912170410156	51.00144327931363
536	(1.0304493359066007-1.067383395227397j)	0.30802083015441895	51.09677121067683
537	(1.0933346954762047-1.125361377169113j)	0.31226015090942383	51.19209914204003
538	(1.1594988259603574-1.1798422441120955j)	0.31610989570617676	51.28742707340324
539	(1.22878073851117-1.2304631688776808j)	0.3356189727783203	51.38275500476644
540	(1.3007870217441446-1.2769383950636932j)	0.34729814529418945	51.47808293612964
541	(1.375129184940292-1.3192259267789834j)	0.3387289047241211	51.573410867492846
542	(1.4516474528287067-1.3573557731517376j)	0.3182039260864258	51.66873879885605
543	(1.5303007909618045-1.391169651443279j)	0.3012866973876953	51.76406673021925
544	(1.6108824915320858-1.420361308166301j)	0.3267812728881836	51.85939466158245
545	(1.6929734682489883-1.4447559847973526j)	0.3910348415374756	51.95472259294566
546	(1.7761935263128386-1.4644310254213002j)	0.39148378372192383	52.05005052430886
547	(1.8603875160681946-1.4794989316955023j)	0.3127009868621826	52.14537845567206
548	(1.9454678490026005-1.4898700152804116j)	0.3438878059387207	52.24070638703527
549	(2.0311488660611334-1.495325171406824j)	0.33364200592041016	52.33603431839847
550	(2.116953856151105-1.4958013076599879j)	0.36916184425354004	52.43136224976167
551	(2.2024927268801697-1.4914583445240324j)	0.33368778228759766	52.52669018112488
552	(2.2876117972852854-1.4824402131697343j)	0.3547239303588867	52.62201811248808
553	(2.3722041914435112-1.4686711995435067j)	0.3235800266265869	52.71734604385128
554	(2.4559627565805524-1.4499893230718466j)	0.32376599311828613	52.81267397521448
555	(2.5384351137155625-1.4264236772338759j)	0.31111884117126465	52.90800190657769
556	(2.6193010461506083-1.3982253525626507j)	0.3055860996246338	53.00332983794089
557	(2.6984699902255187-1.3655985288901527j)	0.3036618232727051	53.09865776930409
558	(2.775850934344373-1.328539577537477j)	0.3014521598815918	53.1939857006673
559	(2.8511275889276324-1.2869984996361983j)	0.33219003677368164	53.2893136320305
560	(2.9238628300281038-1.2411412762611316j)	0.31455087661743164	53.3846415633937
561	(2.993778163955402-1.191313423919594j)	0.3512442111968994	53.4799694947569
562	(3.0608021444742883-1.1377633438875505j)	0.3323020935058594	53.57529742612011
563	(3.124833520740718-1.080516361870412j)	0.31905198097229004	53.67062535748331
564	(3.1855501407038718-1.0195825573157649j)	0.35309481620788574	53.76595328884651
565	(3.242564745469399-0.9551943557291867j)	0.335129976272583	53.86128122020972
566	(3.295693159473439-0.8877334633059337j)	0.3159370422363281	53.95660915157292
567	(3.3449540615011624-0.8174564108308346j)	0.3016369342803955	54.05193708293612
568	(3.3903007254176716-0.7444206709327894j)	0.4194471836090088	54.14726501429933
569	(3.4314705057743646-0.6687207161290663j)	0.38209104537963867	54.24259294566253
570	(3.468167894680713-0.5906922911985582j)	0.33585095405578613	54.33792087702573
571	(3.5005851602637827-0.5110152977089983j)	0.39914393424987793	54.43324880838893
572	(3.527974824902916-0.4292958969613232j)	0.3706049919128418	54.52857673975214
573	(3.5511343169877065-0.34631631559567655j)	0.37166595458984375	54.62390467111534
574	(3.56953842514526-0.2620014344017685j)	0.2933180332183838	54.71923260247854
575	(3.5829618739079288-0.17673699681020016j)	0.34752988815307617	54.81456053384175
576	(3.5914755403402387-0.09088453227029492j)	0.5044128894805908	54.90988846520495
577	(3.5950356109053194-0.004937734033829022j)	0.3816261291503906	55.00521639656815
578	(3.5938596797058344+0.08127058563045675j)	0.29810309410095215	55.10054432793135
579	(3.5877255190196147+0.16747858394849935j)	0.30419397354125977	55.19587225929456
580	(3.5765304447421986+0.25327366584613453j)	0.3033783435821533	55.29120019065776
581	(3.5604179403144376+0.3382132611772426j)	0.30419301986694336	55.38652812202096
582	(3.53962948963993+0.4220599867315731j)	0.3317089080810547	55.48185605338417
583	(3.5142374817902713+0.5047153274344403j)	0.35171008110046387	55.57718398474737
584	(3.4840510980453105+0.5860143970515124j)	0.3748469352722168	55.67251191611057
585	(3.4493125374001234+0.6653303756315105j)	0.3469719886779785	55.76783984747378
586	(3.4099792539225864+0.7424483678967579j)	0.3054530620574951	55.86316777883698
587	(3.3664171636072098+0.8171324132883646j)	0.30709099769592285	55.95849571020018
588	(3.3185999170918614+0.8894187774717364j)	0.3630352020263672	56.05382364156338
589	(3.266855290220737+0.9588443897059018j)	0.41822004318237305	56.14915157292659
590	(3.2109085188299966+1.025282303009333j)	0.3835330009460449	56.24447950428979
591	(3.151215291704342+1.0883220103661857j)	0.29745006561279297	56.33980743565299
592	(3.0881331159603094+1.1478666745224473j)	0.3508172035217285	56.4351353670162
593	(3.021426255648259+1.204159326413727j)	0.3349602222442627	56.5304632983794
594	(2.9523015070985608+1.2561977087529121j)	0.3247852325439453	56.6257912297426
595	(2.8797795790938263+1.3044069029462282j)	0.29869508743286133	56.721119161105804
596	(2.8046455255189437+1.348257473569776j)	0.3434431552886963	56.81644709246901
597	(2.727263542004221+1.3877224251286902j)	0.3023819923400879	56.91177502383221
598	(2.6477787788947325+1.4228244378642847j)	0.31708717346191406	57.007102955195414
599	(2.566253625787698+1.4534018438555045j)	0.33613014221191406	57.10243088655862
600	(2.4829339899221043+1.479173092230977j)	0.3272080421447754	57.19775881792182
601	(2.3982605849716894+1.5000040364711702j)	0.31786489486694336	57.293086749285024
602	(2.312615929238663+1.5159891551576414j)	0.3171839714050293	57.38841468064823
603	(2.2261671223605077+1.5272244571953262j)	0.3130068778991699	57.48374261201143
604	(2.1390438813765984+1.533600914076961j)	0.34238696098327637	57.579070543374634
605	(2.0515668126557616+1.53490335666331j)	0.2960019111633301	57.674398474737835
606	(1.9642202966973303+1.531091280254999j)	0.30550217628479004	57.76972640610104
607	(1.877370503413476+1.5223279114574515j)	0.3441343307495117	57.865054337464244
608	(1.791159784062144+1.5087398424650558j)	0.32259202003479004	57.960382268827445
609	(1.7057104301209056+1.4902515089006962j)	0.3229491710662842	58.05571020019065
610	(1.621349021710072+1.466737624295421j)	0.32042503356933594	58.151038131553854
611	(1.5385231243920654+1.4382794827248024j)	0.42042016983032227	58.246366062917055
612	(1.4575381735532384+1.4051526443215954j)	0.3772299289703369	58.341693994280256
613	(1.3784963735474478+1.3675650967943798j)	0.38704514503479004	58.437021925643464
614	(1.3015301426304475+1.325521672009108j)	0.3427410125732422	58.532349857006665
615	(1.2269905310671163+1.279006829102106j)	0.36078715324401855	58.627677788369866
616	(1.1553168893000874+1.2282151688380698j)	0.33826112747192383	58.723005719733074
617	(1.0867740449983008+1.173490581190375j)	0.3307309150695801	58.818333651096275
618	(1.0214287995041937+1.1150625149037974j)	0.2966039180755615	58.913661582459476
619	(0.9594050971135324+1.0529545453475673j)	0.3734440803527832	59.008989513822684
620	(0.901008523414+0.9872204483482966j)	0.4640488624572754	59.104317445185885
621	(0.8466097339111103+0.91812305639774j)	0.3039259910583496	59.199645376549086
622	(0.7963525168649057+0.8460654693484573j)	0.307819128036499	59.29497330791229
623	(0.7502118567910641+0.7713138445336791j)	0.3156709671020508	59.390301239275495
624	(0.7082554232815941+0.6939539630185318j)	0.2922670841217041	59.485629170638695
625	(0.6707567534458172+0.614133144141373j)	0.29587411880493164	59.580957102001896
626	(0.6379969269791539+0.5322264289501875j)	0.2973020076751709	59.676285033365104
627	(0.6100425594365518+0.44868768081475485j)	0.31118106842041016	59.771612964728305
628	(0.5868215189983895+0.36379383312272273j)	0.29413414001464844	59.866940896091506
629	(0.5683824263616215+0.27764791827703633j)	0.2929110527038574	59.962268827454714
630	(0.5549574031159732+0.1904332404967546j)	0.30410218238830566	60.057596758817915
631	(0.5467330006997172+0.10254868604550746j)	0.33908987045288086	60.152924690181116
632	(0.5436559455247967+0.014431150372941182j)	0.33141613006591797	60.24825262154432
633	(0.5455552283557781-0.07367527011163691j)	0.32041001319885254	60.343580552907525
634	(0.5524013594952503-0.16166551001346793j)	0.29177403450012207	60.438908484270726
635	(0.5643300589015292-0.24931002484160186j)	0.29836106300354004	60.53423641563393
636	(0.5814530288885066-0.33618785882103175j)	0.29882287979125977	60.629564346997135
637	(0.6034456786348302-0.4217884288833659j)	0.2942638397216797	60.724892278360336
638	(0.6302273875137194-0.5059461968620645j)	0.29651927947998047	60.82022020972354
639	(0.6616863240906505-0.5885264736940394j)	0.3076741695404053	60.91554814108674
640	(0.697910939407322-0.6692807438106454j)	0.30082011222839355	61.010876072449946
641	(0.7388771778153504-0.7477791870546298j)	0.29291796684265137	61.10620400381315
642	(0.7843301500127754-0.8236477020838351j)	0.29323792457580566	61.20153193517635
643	(0.8339767027857288-0.8967406270330571j)	0.2917962074279785	61.296859866539556
644	(0.887702434773074-0.9670001305844559j)	0.2939260005950928	61.39218779790276
645	(0.9455029634127765-1.0342027970262495j)	0.29404592514038086	61.48751572926596
646	(1.0072249955109216-1.097958496806361j)	0.30402517318725586	61.582843660629166
647	(1.0724998300373474-1.1579584520902788j)	0.29632091522216797	61.67817159199237
648	(1.1409139942691382-1.2142586010512932j)	0.29083704948425293	61.77349952335557
649	(1.2124780465971274-1.266384733903228j)	0.301912784576416	61.86882745471877
650	(1.2869681359339233-1.314549341502369j)	0.3199479579925537	61.96415538608198
651	(1.3642180746768764-1.3582571512879904j)	0.3172578811645508	62.05948331744518
652	(1.4143512144602974-1.3867114952875286j)	0.25788283348083496	62.15481124880838
653	(1.5254132199204884-1.4316555021190396j)	0.4468650817871094	62.25013918017159
654	(1.608847326161405-1.4613902931182856j)	0.3193693161010742	62.34546711153479
655	(1.693314615851552-1.4859947759492915j)	0.6345868110656738	62.44079504289799
656	(1.7806262858903708-1.5062690121069437j)	0.41156983375549316	62.53612297426119
657	(1.868205027035072-1.5210734408235265j)	0.33937883377075195	62.6314509056244
658	(1.9563693009340435-1.5308709856892926j)	0.3338449001312256	62.7267788369876
659	(2.0449416111297882-1.535748631320899j)	0.4781489372253418	62.8221067683508
660	(2.133767763806236-1.5355906554564906j)	0.3005356788635254	62.91743469971401
661	(2.222500503684635-1.530213414115114j)	0.31545090675354004	63.01276263107721
662	(2.310668560960485-1.519616637481462j)	0.3088209629058838	63.10809056244041
663	(2.397934367477602-1.503991828159593j)	0.3125178813934326	63.20341849380362
664	(2.4841679961109793-1.4834796788811317j)	0.3585219383239746	63.29874642516682
665	(2.5692283935092575-1.4580319821980767j)	0.297792911529541	63.39407435653002
666	(2.652891891737294-1.4276165869858313j)	0.45769715309143066	63.48940228789322
667	(2.734348255252673-1.392267452221415j)	0.5406398773193359	63.58473021925643
668	(2.813669488830551-1.3523968317950676j)	0.3292050361633301	63.68005815061963
669	(2.8906248938903616-1.3081809740880288j)	0.38553404808044434	63.77538608198283
670	(2.965025526511098-1.2596282222367798j)	0.38518500328063965	63.87071401334604
671	(3.036600794969533-1.2067820976801438j)	0.38089895248413086	63.96604194470924
672	(3.10484348149423-1.149841535301002j)	0.3280830383300781	64.06136987607245
673	(3.169561515596616-1.0891708028397282j)	0.3687119483947754	64.15669780743565
674	(3.23071133046908-1.0249946267937406j)	0.39484596252441406	64.25202573879885
675	(3.288180597444682-0.9573608525298903j)	0.3022902011871338	64.34735367016206
676	(3.3416637525389064-0.8863657832689852j)	0.31577420234680176	64.44268160152527
677	(3.3908446037974485-0.8123337471412706j)	0.30914306640625	64.53800953288847
678	(3.4356183194923493-0.7356865517579035j)	0.2922358512878418	64.63333746425167
679	(3.4760133063725367-0.6566971838850642j)	0.30098795890808105	64.72866539561487
680	(3.5119911687728416-0.5754876723493545j)	0.28343796730041504	64.82399332697807
681	(3.543162543215227-0.4922141053246742j)	0.30437302589416504	64.91932125834127
682	(3.569398200568631-0.4072991528286086j)	0.31119585037231445	65.01464918970449
683	(3.590631208695215-0.32117599916903267j)	0.30983495712280273	65.10997712106769
684	(3.606951310192509-0.23409877876798924j)	0.3131859302520752	65.20530505243089
685	(3.6183232875587383-0.14617354247295966j)	0.30474209785461426	65.30063298379409
686	(3.624551417170652-0.0576090088029082j)	0.2944071292877197	65.39596091515729
687	(3.6255126331424536+0.031178565005853254j)	0.3309347629547119	65.49128884652049
688	(3.6213151549316693+0.11975815900336861j)	0.3465549945831299	65.58661677788369
689	(3.6121529059582524+0.20788984039132874j)	0.29239988327026367	65.6819447092469
690	(3.59806129796144+0.2954486954646368j)	0.29314303398132324	65.77727264061011
691	(3.579009975702696+0.3821574290816597j)	0.2976109981536865	65.87260057197331
692	(3.554733824870823+0.46760866117785416j)	0.2944459915161133	65.96792850333651
693	(3.5256824813246475+0.5513361661048394j)	0.29299402236938477	66.06325643469971
694	(3.4919912284370467+0.6331673357637335j)	0.2967689037322998	66.15858436606291
695	(3.45374407699714+0.7129857184242796j)	0.29245471954345703	66.25391229742611
696	(3.4108782490806715+0.7905497552514539j)	0.2915158271789551	66.34924022878933
697	(3.363475194319538+0.8654504192053529j)	0.29387331008911133	66.44456816015253
698	(3.3118347237242496+0.9373564450492378j)	0.2967240810394287	66.53989609151573
699	(3.2562703084807905+1.0061505429191913j)	0.2926809787750244	66.63522402287893
700	(3.19691240808735+1.0717715200860627j)	0.2980630397796631	66.73055195424213
701	(3.133802518836643+1.1339827177171153j)	0.2933387756347656	66.82587988560533
702	(3.067137449303887+1.192403876825741j)	0.29715800285339355	66.92120781696855
703	(2.9973017988066823+1.2467616307859877j)	0.29294300079345703	67.01653574833175
704	(2.924639715180504+1.2969929924240111j)	0.2934560775756836	67.11186367969495
705	(2.849296865070786+1.343065855131273j)	0.2933011054992676	67.20719161105815
706	(2.771345685472451+1.3847735067352471j)	0.2945261001586914	67.30251954242135
707	(2.691037070003674+1.4218089075898313j)	0.2930121421813965	67.39784747378455
708	(2.6087916096713686+1.4540160023931676j)	0.30042004585266113	67.49317540514775
709	(2.524963024085922+1.4814500657915404j)	0.2951087951660156	67.58850333651097
710	(2.439710569268405+1.5041603399771528j)	0.29647111892700195	67.68383126787417
711	(2.3531722028559687+1.522007658474237j)	0.29428982734680176	67.77915919923737
712	(2.265680512764137+1.534776439977071j)	0.29336118698120117	67.87448713060057
713	(2.1777075681038527+1.542417222462173j)	0.2934908866882324	67.96981506196377
714	(2.0896151038524877+1.5450594976300431j)	0.29425692558288574	68.06514299332697
715	(2.0015641042037786+1.5427881690446519j)	0.2924230098724365	68.16047092469017
716	(1.9137103206293982+1.5354973707006612j)	0.29863905906677246	68.25579885605339
717	(1.826400778558972+1.5230451723461824j)	0.3011510372161865	68.35112678741659
718	(1.7400804080910508+1.505487022541347j)	0.2929420471191406	68.44645471877979
719	(1.6550489988082189+1.483051019298713j)	0.29497289657592773	68.54178265014299
720	(1.5714224104444383+1.4558945769229152j)	0.2963368892669678	68.63711058150619
721	(1.489352779198855+1.423997272461571j)	0.30756092071533203	68.7324385128694
722	(1.4092003295067372+1.3873366673286542j)	0.2941591739654541	68.8277664442326
723	(1.3313956187754172+1.346095988566572j)	0.2922639846801758	68.92309437559581
724	(1.2562023536053453+1.3005910184254228j)	0.29503703117370605	69.01842230695901
725	(1.1837162428261443+1.2510209075511154j)	0.29778504371643066	69.11375023832221
726	(1.114097293297271+1.1974023057168j)	0.2977149486541748	69.20907816968541
727	(1.0476924585842848+1.1397793154989422j)	0.29256272315979004	69.30440610104861
728	(0.9848687110202836+1.0784058564904797j)	0.2899031639099121	69.39973403241181
729	(0.9257928142267572+1.0136405000526714j)	0.29059910774230957	69.49506196377502
730	(0.87047703480341+0.945708156533698j)	0.29502391815185547	69.59038989513823
731	(0.8190255752207741+0.8746765125340263j)	0.29712915420532227	69.68571782650143
732	(0.7717258302609181+0.8006853467495236j)	0.2937600612640381	69.78104575786463
733	(0.7288566119661667+0.7240911190092437j)	0.2958080768585205	69.87637368922783
734	(0.6904946946449907+0.6453170323977427j)	0.2959601879119873	69.97170162059103
735	(0.6566005766773685+0.5646206702010448j)	0.29238224029541016	70.06702955195423
736	(0.6272602657167236+0.4821108185798737j)	0.2956559658050537	70.16235748331745
737	(0.6027280178364034+0.39798357824211883j)	0.29671216011047363	70.25768541468065
738	(0.5832057967519351+0.3126333691272694j)	0.29636716842651367	70.35301334604385
739	(0.5686750951530102+0.22647149490140417j)	0.3060328960418701	70.44834127740705
740	(0.5590172854582436+0.1397246559961399j)	0.29181432723999023	70.54366920877025
741	(0.5542528355574334+0.0524985744955528j)	0.29469895362854004	70.63899714013345
742	(0.5545412942596263-0.03497706915015117j)	0.29772019386291504	70.73432507149666
743	(0.5599550507139178-0.1222769163244295j)	0.2952558994293213	70.82965300285987
744	(0.5703511575730161-0.20898466705139856j)	0.29578089714050293	70.92498093422307
745	(0.5855325388192714-0.29487844079025566j)	0.2902820110321045	71.02030886558627
746	(0.6054724088121515-0.3798301364728991j)	0.29109692573547363	71.11563679694947
747	(0.630272482387319-0.4635698946995199j)	0.2946300506591797	71.21096472831267
748	(0.6599212899511835-0.5456648025590144j)	0.29247188568115234	71.30629265967588
749	(0.6942027713927044-0.6257446979919421j)	0.29003286361694336	71.40162059103908
750	(0.7328773915395329-0.7036513990705826j)	0.30554914474487305	71.49694852240229
751	(0.7758777949639561-0.779300373616902j)	0.3149888515472412	71.59227645376549
752	(0.8232274939531159-0.8524490476624874j)	0.30167603492736816	71.6876043851287
753	(0.8747982738043902-0.9227110455116403j)	0.2988448143005371	71.7829323164919
754	(0.930262502632077-0.989788978583765j)	0.2980070114135742	71.8782602478551
755	(0.9893082046277121-1.0535869664188329j)	0.30509185791015625	71.9735881792183
756	(1.0518114954112932-1.1140370527317685j)	0.2944962978363037	72.0689161105815
757	(1.1177188999763619-1.1708957920018295j)	0.29140496253967285	72.16424404194471
758	(1.1868185006272223-1.2238026428758242j)	0.29659581184387207	72.25957197330791
759	(1.2587310611809936-1.2725264955972067j)	0.2915370464324951	72.35489990467111
760	(1.3329120004429418-1.3170687555989076j)	0.2893979549407959	72.45022783603432
761	(1.409919986329096-1.357330396826209j)	0.29534101486206055	72.54555576739752
762	(1.4889828821977182-1.3932038509210134j)	0.2901899814605713	72.64088369876072
763	(1.5700530767860172-1.4243962850416154j)	0.2907841205596924	72.73621163012393
764	(1.6527045241252631-1.4507998128049733j)	0.29514193534851074	72.83153956148713
765	(1.7365968755908487-1.4724947713180983j)	0.2921772003173828	72.92686749285033
766	(1.821573250194794-1.489526172908832j)	0.292130708694458	73.02219542421354
767	(1.9074796166013956-1.5017500661499257j)	0.38155698776245117	73.11752335557674
768	(1.99397295874423-1.5089695201365894j)	0.35509204864501953	73.21285128693994
769	(2.080601540798893-1.5111615153551363j)	0.4394552707672119	73.30817921830314
770	(2.1670448883334847-1.5084680653528924j)	0.29546594619750977	73.40350714966635
771	(2.2531715286112775-1.5009707312112335j)	0.31342291831970215	73.49883508102955
772	(2.338827949362887-1.488572720108417j)	0.30370211601257324	73.59416301239276
773	(2.423672214303538-1.471173478410059j)	0.33353590965270996	73.68949094375596
774	(2.5072821224624287-1.4488731671823147j)	0.400986909866333	73.78481887511916
775	(2.589386122172093-1.421920126741608j)	0.37480592727661133	73.88014680648236
776	(2.66987486010673-1.3904703831748693j)	0.30243515968322754	73.97547473784556
777	(2.7485773450893576-1.3545067490454477j)	0.4602639675140381	74.07080266920877
778	(2.825126755431148-1.314027668747635j)	0.36865997314453125	74.16613060057198
779	(2.8991145573451407-1.2692326527241327j)	0.3789341449737549	74.26145853193518
780	(2.9703110509973136-1.22042513357234j)	0.4031558036804199	74.35678646329838
781	(3.0386407007083656-1.1677790311412526j)	0.3150961399078369	74.45211439466158
782	(3.103949949483541-1.111307073915155j)	0.3101940155029297	74.54744232602478
783	(3.1659106750101635-1.051075618932385j)	0.3148009777069092	74.64277025738798
784	(3.2242000741601142-0.9873613425863252j)	0.31743812561035156	74.7380981887512
785	(3.2786906423856395-0.9205263084740347j)	0.34816503524780273	74.8334261201144
786	(3.3293824034654804-0.8507880236122017j)	0.3200867176055908	74.9287540514776
787	(3.376160886983162-0.778226373423645j)	0.31708383560180664	75.0240819828408
788	(3.418737736439254-0.7030072508291412j)	0.3066592216491699	75.119409914204
789	(3.4568574240692884-0.625497190332232j)	0.3209829330444336	75.2147378455672
790	(3.4904603409318096-0.5460985454601198j)	0.3110032081604004	75.3100657769304
791	(3.519586078980942-0.46503771622902834j)	0.3224658966064453	75.40539370829362
792	(3.544142519741993-0.38240968158280686j)	0.3279142379760742	75.50072163965682
793	(3.563891859051348-0.2984170192849873j)	0.294842004776001	75.59604957102002
794	(3.578674895512366-0.213449437912149j)	0.30521607398986816	75.69137750238322
795	(3.5888198471356874-0.12705072343274304j)	0.27793002128601074	75.78670543374642
796	(3.593642938028707-0.041964903036100565j)	0.3122422695159912	75.88203336510962
797	(3.593937151803563+0.044227198130777134j)	0.30145883560180664	75.97736129647284
798	(3.589283540694087+0.13042618837325892j)	0.3165459632873535	76.07268922783604
799	(3.5796338364945033+0.2161978316591261j)	0.31823301315307617	76.16801715919924
800	(3.565089413777434+0.3011302988100013j)	0.318371057510376	76.26334509056244
801	(3.5459960844708+0.38507402818723024j)	0.31133604049682617	76.35867302192564
802	(3.5221907649008513+0.4678531712829015j)	0.351607084274292	76.45400095328884
803	(3.4936344965058574+0.5492151330599475j)	0.29754185676574707	76.54932888465204
804	(3.4603659681794157+0.6287483975475674j)	0.31017279624938965	76.64465681601526
805	(3.4226213463184374+0.706120763009815j)	0.320249080657959	76.73998474737846
806	(3.3806384919161543+0.7812044838794756j)	0.32785987854003906	76.83531267874166
807	(3.334485011499764+0.8539114957270622j)	0.33226895332336426	76.93064061010486
808	(3.2841636223295043+0.9239850749789071j)	0.3186218738555908	77.02596854146806
809	(3.229901639159809+0.9910658394677402j)	0.31932592391967773	77.12129647283126
810	(3.171830667946934+1.0548040793006583j)	0.31947898864746094	77.21662440419446
811	(3.110446149191798+1.115181301162682j)	0.30682921409606934	77.31195233555768
812	(3.0457839268887024+1.1720944665147937j)	0.36362290382385254	77.40728026692088
813	(2.9778990124401448+1.2252911387496546j)	0.3630561828613281	77.50260819828408
814	(2.907014458751878+1.2744320439853665j)	0.33327198028564453	77.59793612964728
815	(2.8335027450454+1.3193207560555797j)	0.2934281826019287	77.69326406101048
816	(2.75766095625244+1.3599731875790415j)	0.31074023246765137	77.78859199237368
817	(2.679610777836891+1.3963591765995171j)	0.3043489456176758	77.88391992373688
818	(2.599462031137707+1.4282974671773299j)	0.30176806449890137	77.9792478551001
819	(2.517522715084235+1.4555395479944497j)	0.3130209445953369	78.0745757864633
820	(2.434223951049201+1.4780038617770215j)	0.3193979263305664	78.1699037178265
821	(2.3498927952303803+1.4957701503327212j)	0.3115391731262207	78.2652316491897
822	(2.2646797163772083+1.5088611430120362j)	0.31641697883605957	78.3605595805529
823	(2.178748426040421+1.5171188067437114j)	0.3205850124359131	78.4558875119161
824	(2.0931228370378103+1.5206400928491957j)	0.34113097190856934	78.55121544327932
825	(2.0062045809433555+1.5185857285562372j)	0.3683512210845947	78.64654337464252
826	(1.9203103673471007+1.5119515722958141j)	0.365764856338501	78.74187130600572
827	(1.834882689707113+1.5005339784412923j)	0.3387320041656494	78.83719923736892
828	(1.7500879142294339+1.4842499443442745j)	0.3318638801574707	78.93252716873212
829	(1.666287933185889+1.4630270607283655j)	0.35076212882995605	79.02785510009532
830	(1.5838969919520658+1.4370024583786436j)	0.32533788681030273	79.12318303145852
831	(1.5031778724319698+1.4064256277279774j)	0.3148007392883301	79.21851096282174
832	(1.4242460153935665+1.3714341659402969j)	0.3002810478210449	79.31383889418494
833	(1.3472981317862611+1.3320033574860164j)	0.3936598300933838	79.40916682554814
834	(1.2727012670124975+1.288157236314032j)	0.36345481872558594	79.50449475691134
835	(1.200860543343747+1.2400679810437687j)	0.34801411628723145	79.59982268827454
836	(1.1319563608425005+1.188067019797285j)	0.29676103591918945	79.69515061963774
837	(1.0660585887381122+1.1323020299679798j)	0.42456698417663574	79.79047855100094
838	(1.0033234558372905+1.0727944195198194j)	0.3451509475708008	79.88580648236416
839	(0.9440765013084162+1.0096451875575254j)	0.34096598625183105	79.98113441372736
840	(0.888618896951024+0.9431630260266246j)	0.33725690841674805	80.07646234509056
841	(0.8370598771362864+0.873713880837925j)	0.34187817573547363	80.17179027645376
842	(0.7894104082048172+0.8015091345841813j)	0.31702709197998047	80.26711820781696
843	(0.7458120727141087+0.726639877559733j)	0.4725017547607422	80.36244613918016
844	(0.7065598674101692+0.6492917032591285j)	0.33395910263061523	80.45777407054337
845	(0.6718865391628976+0.569832100173822j)	0.36667299270629883	80.55310200190658
846	(0.6418628983194301+0.4886605480449455j)	0.3395230770111084	80.64842993326978
847	(0.6164140329512375+0.4059621039111762j)	0.32718896865844727	80.74375786463298
848	(0.5956477125575225+0.32184273668446145j)	0.315371036529541	80.83908579599618
849	(0.5802770970820966+0.23604289752034913j)	0.3256349563598633	80.93441372735938
850	(0.5689387632326817+0.15042132650016718j)	0.48253798484802246	81.02974165872259
851	(0.5630344716427682+0.06391137354052434j)	0.315335750579834	81.12506959008579
852	(0.5619049243769819-0.022780463534161965j)	0.44675707817077637	81.220397521449
853	(0.5657000146465413-0.1095510750845507j)	0.467609167098999	81.3157254528122
854	(0.5744474397850589-0.19607859764328725j)	0.5412960052490234	81.4110533841754
855	(0.5882263089790623-0.28192760734004346j)	0.6690669059753418	81.5063813155386
856	(0.6068412415814822-0.36674187927225804j)	0.43801069259643555	81.6017092469018
857	(0.6301629110616392-0.4503188030804416j)	0.3056449890136719	81.697037178265
858	(0.6581782014213817-0.5325393836177833j)	0.34232401847839355	81.79236510962822
859	(0.6909617057813022-0.6131233853639225j)	0.3182249069213867	81.88769304099142
860	(0.7284335643766686-0.6916681585670825j)	0.3273780345916748	81.98302097235462
861	(0.7703365712335976-0.7678558043997482j)	0.34314584732055664	82.07834890371782
862	(0.816421142610344-0.8415698392669879j)	0.29837584495544434	82.17367683508103
863	(0.8666158763745337-0.9126966300313107j)	0.36296510696411133	82.26900476644423
864	(0.920896068733105-0.9809521562818914j)	0.3256700038909912	82.36433269780743
865	(0.9790741199993979-1.0459481399077362j)	0.3265259265899658	82.45966062917064
866	(1.0408107563423963-1.107420824182684j)	0.335407018661499	82.55498856053384
867	(1.1059436678189396-1.1650251588170122j)	0.3398702144622803	82.65031649189704
868	(1.1740455845625724-1.219459863868491j)	0.31769490242004395	82.74564442326025
869	(1.2453769306230065-1.2696843868672034j)	0.3002200126647949	82.84097235462345
870	(1.3195746114189935-1.3156461915399236j)	0.417360782623291	82.93630028598665
871	(1.396253683622811-1.3571898217122993j)	0.42137694358825684	83.03162821734985
872	(1.4751144592938674-1.3943323712795466j)	0.38312196731567383	83.12695614871306
873	(1.5560214490263964-1.4270503118954192j)	0.41036009788513184	83.22228408007626
874	(1.6388253254793437-1.4551491386191353j)	0.3044469356536865	83.31761201143946
875	(1.7231841497216054-1.4783919821177585j)	0.32143521308898926	83.41293994280267
876	(1.8086598900288975-1.496713178172537j)	0.32361316680908203	83.50826787416587
877	(1.8949389453361278-1.5101911116537594j)	0.4068300724029541	83.60359580552907
878	(1.981873921709083-1.518833604710426j)	0.3699471950531006	83.69892373689227
879	(2.0692871394037935-1.5224829504357038j)	0.3870232105255127	83.79425166825548
880	(2.156816648653092-1.5209862055702958j)	0.30592989921569824	83.88957959961868
881	(2.244041675239811-1.5143845915050602j)	0.3341801166534424	83.98490753098189
882	(2.330688215889734-1.5028530786202574j)	0.30521106719970703	84.08023546234509
883	(2.4166275922111575-1.4864760090752522j)	0.37159085273742676	84.17556339370829
884	(2.5016588810409424-1.4651830213291506j)	0.3366990089416504	84.27089132507149
885	(2.585395765879685-1.4389422428207128j)	0.3259708881378174	84.3662192564347
886	(2.6674187986514637-1.407910925452498j)	0.32297396659851074	84.4615471877979
887	(2.747472654264916-1.372342892098196j)	0.40282392501831055	84.5568751191611
888	(2.8254345497506472-1.3323618899772949j)	0.3150451183319092	84.6522030505243
889	(2.9010923960351445-1.2879455833960507j)	0.35154104232788086	84.74753098188751
890	(2.974071371691214-1.239134343480711j)	0.299731969833374	84.84285891325071
891	(3.044012794917829-1.1861642575951614j)	0.2934300899505615	84.93818684461391
892	(3.1107461384960917-1.1293421405014346j)	0.29520702362060547	85.03351477597712
893	(3.1742134936683453-1.0688361243806905j)	0.2936561107635498	85.12884270734033
894	(3.2342143180652454-1.004769612816624j)	0.30197906494140625	85.22417063870353
895	(3.290518578438156-0.9370653919388887j)	0.29652976989746094	85.31949857006673
896	(3.3427256118801862-0.8663064358779857j)	0.29332876205444336	85.41482650142993
897	(3.390730642994935-0.7928233001351919j)	0.2960031032562256	85.51015443279313
898	(3.43468300227542-0.7166775395291716j)	0.300062894821167	85.60548236415633
899	(3.474245550137102-0.6381238592392673j)	0.2952587604522705	85.70081029551955
900	(3.509189289175533-0.5573221658262357j)	0.2944929599761963	85.79613822688275
901	(3.539306003636961-0.4746571314213959j)	0.29567790031433105	85.89146615824595
902	(3.564591106554304-0.3905019548153281j)	0.2956268787384033	85.98679408960915
903	(3.5850985774881927-0.30505720920699697j)	0.29987382888793945	86.08212202097235
904	(3.6007407571348464-0.21844518183024797j)	0.2961857318878174	86.17744995233555
905	(3.6113262594461406-0.13093126376475483j)	0.2945551872253418	86.27277788369875
906	(3.624847661729758-0.03549845236976612j)	0.265225887298584	86.36810581506197
907	(3.617175203037778+0.045110061006122804j)	0.3027310371398926	86.46343374642517
908	(3.612670371558636+0.13303578020430562j)	0.3325388431549072	86.55876167778837
909	(3.6032095183733337+0.2206672182629157j)	0.4115488529205322	86.65408960915157
910	(3.5886666808987844+0.30769269452283976j)	0.3786909580230713	86.74941754051477
911	(3.5691794802100683+0.39353493906206016j)	0.32421302795410156	86.84474547187797
912	(3.5445211452360583+0.47826893192914444j)	0.3056070804595947	86.94007340324117
913	(3.5152766538510978+0.5613012769084662j)	0.3368828296661377	87.03540133460439
914	(3.48132672797047+0.6426429973760357j)	0.30779480934143066	87.13072926596759
915	(3.4426384341345138+0.7219988422378756j)	0.30458998680114746	87.22605719733079
916	(3.3993409390485336+0.7989639937351141j)	0.30620503425598145	87.32138512869399
917	(3.3517298503461097+0.8732406573900102j)	0.3082430362701416	87.41671306005719
918	(3.300724507164955+0.9453884033763844j)	0.2924470901489258	87.51204099142039
919	(3.244399677451816+1.013224925791275j)	0.30780816078186035	87.6073689227836
920	(3.1848107788997067+1.0785011671442937j)	0.2996330261230469	87.70269685414681
921	(3.1215042151445567+1.1401557790461525j)	0.3103501796722412	87.79802478551001
922	(3.0548291836060786+1.1979567358688448j)	0.30272817611694336	87.89335271687321
923	(2.985054079461536+1.2518462212686807j)	0.30064892768859863	87.98868064823641
924	(2.912054644353808+1.3019512864811018j)	0.3009798526763916	88.08400857959961
925	(2.8366180103190937+1.3473995064856856j)	0.3020670413970947	88.17933651096281
926	(2.758300353456276+1.388592890535219j)	0.29886817932128906	88.27466444232603
927	(2.677916901835707+1.4250390309878367j)	0.3040199279785156	88.36999237368923
928	(2.59559629212135+1.456933221326729j)	0.30541396141052246	88.46532030505243
929	(2.511550910075836+1.48419253553736j)	0.30220603942871094	88.56064823641563
930	(2.4259714202470373+1.5066238894961157j)	0.30643486976623535	88.65597616777883
931	(2.3392005471516466+1.5239910901450429j)	0.353363037109375	88.75130409914203
932	(2.251694945512639+1.5362821550510044j)	0.42731595039367676	88.84663203050523
933	(2.1637419886774056+1.543585241314361j)	0.40752530097961426	88.94195996186845
934	(2.0754779249394626+1.5458990501025782j)	0.35188984870910645	89.03728789323165
935	(1.9871172761273317+1.5431359006289902j)	0.3575611114501953	89.13261582459485
936	(1.8990169361804203+1.5351483564700454j)	0.31186509132385254	89.22794375595805
937	(1.8116023731901714+1.52204119479121j)	0.41199684143066406	89.32327168732125
938	(1.7251401054076498+1.5040165066225875j)	0.3043651580810547	89.41859961868445
939	(1.639257964887908+1.4814716587071222j)	0.5896282196044922	89.51392755004765
940	(1.555727892596757+1.4534433338978585j)	0.4064769744873047	89.60925548141087
941	(1.4734083163844687+1.4208431197919058j)	0.3502969741821289	89.70458341277407
942	(1.3932208474689973+1.383554303966008j)	0.4240758419036865	89.79991134413727
943	(1.3154665120427935+1.34192545723046j)	0.4273681640625	89.89523927550047
944	(1.2400419766752475+1.2958045294612688j)	0.46152615547180176	89.99056720686367
945	(1.1673754676802028+1.2454644288412167j)	0.31763195991516113	90.08589513822687
946	(1.0977533250169205+1.1908971120731702j)	0.30332493782043457	90.18122306959008
947	(1.0315021117329415+1.1323817863884242j)	0.3205099105834961	90.27655100095329
948	(0.9687609297999933+1.0702456076731517j)	0.2908051013946533	90.37187893231649
949	(0.9095832267628406+1.0046713540197123j)	0.2943389415740967	90.46720686367969
950	(0.854150590821178+0.9357405594519553j)	0.31041932106018066	90.5625347950429
951	(0.8027864212132176+0.8636419625556896j)	0.3073112964630127	90.6578627264061
952	(0.7557539662219971+0.7887429421676562j)	0.3215937614440918	90.7531906577693
953	(0.7131284449567962+0.7114103181494201j)	0.3168320655822754	90.84851858913251
954	(0.6749243279926428+0.6318450132939113j)	0.30654191970825195	90.94384652049571
955	(0.6412920534023112+0.5501545392982696j)	0.2939929962158203	91.03917445185891
956	(0.6124908978738665+0.4665742179679637j)	0.2959737777709961	91.13450238322211
957	(0.5886764395763302+0.3815028234216848j)	0.2916259765625	91.22983031458531
958	(0.5697998571686481+0.29531281701896717j)	0.2920842170715332	91.32515824594851
959	(0.5558140185890597+0.20819767773288106j)	0.2933681011199951	91.42048617731172
960	(0.5467677240299954+0.12031723907906708j)	0.2962486743927002	91.51581410867493
961	(0.5428378773910914+0.0319657715736221j)	0.29529595375061035	91.61114204003813
962	(0.5440674288430924-0.0564105010195988j)	0.29308199882507324	91.70646997140133
963	(0.5503311497027715-0.14443411687392999j)	0.29389214515686035	91.80179790276453
964	(0.5615048813265844-0.23190310148623472j)	0.29319000244140625	91.89712583412773
965	(0.5776264988108969-0.3186569106767825j)	0.30297374725341797	91.99245376549094
966	(0.598797514010687-0.4043822161084829j)	0.2940371036529541	92.08778169685414
967	(0.6248982113272047-0.48862255487514666j)	0.29379987716674805	92.18310962821735
968	(0.6559144671319467-0.5711696259065836j)	0.29111194610595703	92.27843755958055
969	(0.6914459396169377-0.6517676183743395j)	0.29257869720458984	92.37376549094375
970	(0.7315239807988975-0.7303137633134132j)	0.2997889518737793	92.46909342230695
971	(0.7761386302696622-0.8065015616419735j)	0.2926170825958252	92.56442135367016
972	(0.8251166259568732-0.8799338815851294j)	0.2936241626739502	92.65974928503336
973	(0.8781441331549501-0.9503341724174326j)	0.29529595375061035	92.75507721639656
974	(0.9349736536476617-1.017591103899096j)	0.2922499179840088	92.85040514775977
975	(0.9955253959975232-1.0815726077744068j)	0.2929818630218506	92.94573307912297
976	(1.059729391879121-1.1419844265916272j)	0.29513025283813477	93.04106101048617
977	(1.127343946639971-1.1984848439501197j)	0.2937641143798828	93.13638894184938
978	(1.1980106750859825-1.2508903978356236j)	0.29569506645202637	93.23171687321258
979	(1.2714636876432126-1.2991753997495783j)	0.2956521511077881	93.32704480457578
980	(1.347585599658752-1.3432722066383525j)	0.2945699691772461	93.42237273593899
981	(1.4262304460233917-1.382954117279201j)	0.29463768005371094	93.5177006673022
982	(1.5070695898832347-1.4179674817492947j)	0.2937741279602051	93.6130285986654
983	(1.5896804706892373-1.4482297144602012j)	0.2947349548339844	93.7083565300286
984	(1.6737666018803095-1.4737876538746157j)	0.2989640235900879	93.8036844613918
985	(1.7591723031194908-1.4946052806528765j)	0.2928640842437744	93.899012392755
986	(1.8457003697989547-1.5104922258021247j)	0.2930488586425781	93.9943403241182
987	(1.9329891974793192-1.5212728181417359j)	0.2990410327911377	94.08966825548141
988	(2.020615534411248-1.5269521663625856j)	0.29367494583129883	94.18499618684461
989	(2.10831367971177-1.5276565764561285j)	0.2925403118133545	94.28032411820782
990	(2.195948586836028-1.5234164934883787j)	0.2945990562438965	94.37565204957102
991	(2.283307938754571-1.5141291028755954j)	0.2942690849304199	94.47097998093422
992	(2.369983842407651-1.4997274873942672j)	0.2972862720489502	94.56630791229742
993	(2.455630776272437-1.4803763083720027j)	0.29464101791381836	94.66163584366062
994	(2.5399302189446122-1.45626141892615j)	0.29396986961364746	94.75696377502383
995	(2.622764058516461-1.4274818342719224j)	0.3255031108856201	94.85229170638704
996	(2.703888367474718-1.3939945377055736j)	0.346635103225708	94.94761963775024
997	(2.782921720541931-1.3558316118677294j)	0.371842622756958	95.04294756911344
998	(2.8594807636224076-1.3131986647039111j)	0.40861010551452637	95.13827550047664
999	(2.9333791859723717-1.2663590435309235j)	0.30661821365356445	95.23360343183984
