	res_adaptive	time_adaptive	w
0	(1.0677309794885896-0.060172160292523286j)	0.3762822151184082	0.001
1	(1.2732707771009677-0.329299698480387j)	0.3015308380126953	0.09632793136320304
2	(1.3719006811526684-0.49683530975355533j)	0.2929689884185791	0.19165586272640608
3	(1.4422933595157141-0.6419608352628723j)	0.3013901710510254	0.2869837940896091
4	(1.4977658496680597-0.7742129348765912j)	0.2943291664123535	0.38231172545281217
5	(1.541665266616191-0.8967561114637381j)	0.29311418533325195	0.4776396568160152
6	(1.5747684877825638-1.0128214806630906j)	0.29453301429748535	0.5729675881792182
7	(1.5987419199692532-1.1255257287022664j)	0.2953000068664551	0.6682955195424213
8	(1.6161226644546258-1.2360034195873357j)	0.2920420169830322	0.7636234509056243
9	(1.6283532513202732-1.3433460079751252j)	0.2976808547973633	0.8589513822688274
10	(1.6349796659132692-1.446617640800492j)	0.2957310676574707	0.9542793136320304
11	(1.6351288333778984-1.546382480034854j)	0.2944519519805908	1.0496072449952334
12	(1.62927010375001-1.6439629438326846j)	0.2932760715484619	1.1449351763584363
13	(1.6190146112344104-1.7396868042242426j)	0.3000209331512451	1.2402631077216395
14	(1.6053995589748202-1.8325611178260068j)	0.2998239994049072	1.3355910390848424
15	(1.5880261766203962-1.9217290009976737j)	0.30150890350341797	1.4309189704480456
16	(1.5661103213389884-2.007666739873911j)	0.29343175888061523	1.5262469018112486
17	(1.5399022356569867-2.091542220083455j)	0.31170201301574707	1.6215748331744515
18	(1.5105492988983844-2.1736871000313136j)	0.29227209091186523	1.7169027645376547
19	(1.4786872551228003-2.253254042867899j)	0.29287195205688477	1.8122306959008576
20	(1.443743371106464-2.3294289297787425j)	0.2954709529876709	1.9075586272640608
21	(1.4048818069427287-2.40247124886696j)	0.29660606384277344	2.0028865586272637
22	(1.3622638070493602-2.4731923819878507j)	0.3001410961151123	2.098214489990467
23	(1.3169308967004008-2.5416721179938677j)	0.2970409393310547	2.19354242135367
24	(1.2695471499423838-2.6070135478675383j)	0.29270029067993164	2.288870352716873
25	(1.2197555160093283-2.66845167175703j)	0.29477500915527344	2.384198284080076
26	(1.1669784502142277-2.7262755933965037j)	0.2978329658508301	2.479526215443279
27	(1.111492878208122-2.7813291943822436j)	0.2951662540435791	2.574854146806482
28	(1.0542776332720603-2.833822450589603j)	0.29284024238586426	2.670182078169685
29	(0.9958701389814819-2.8830825673954315j)	0.2923879623413086	2.765510009532888
30	(0.9358193931068981-2.9285255997386055j)	0.2913539409637451	2.8608379408960913
31	(0.8734671806655405-2.97045589793484j)	0.2944791316986084	2.956165872259294
32	(0.8089623866047935-3.0095885060671415j)	0.29239702224731445	3.0514938036224972
33	(0.743137924845496-3.045985153617079j)	0.3008911609649658	3.1468217349857004
34	(0.6764782023339291-3.0788851516841964j)	0.29524874687194824	3.242149666348903
35	(0.6086346436905199-3.107653152238768j)	0.2950308322906494	3.3374775977121063
36	(0.5391404757667214-3.1325351465191043j)	0.2936820983886719	3.4328055290753094
37	(0.46830142578447437-3.154214369120009j)	0.29184675216674805	3.5281334604385126
38	(0.39701810565912204-3.172822599151279j)	0.29239726066589355	3.6234613918017153
39	(0.32579004225926766-3.1877839873980554j)	0.29286670684814453	3.7187893231649185
40	(0.2542707433735466-3.1986696105341883j)	0.2946610450744629	3.8141172545281217
41	(0.18195880797702324-3.205849243279201j)	0.2919127941131592	3.9094451858913244
42	(0.1090446395942975-3.210024260624473j)	0.2940058708190918	4.004773117254528
43	(0.036257390896599406-3.211295598781531j)	0.30155110359191895	4.100101048617731
44	(-0.03603754286937566-3.2090486719732803j)	0.2939338684082031	4.195428979980934
45	(-0.10820706315075301-3.202795218477691j)	0.2939419746398926	4.290756911344137
46	(-0.18067652237823617-3.1928033526348996j)	0.29259681701660156	4.386084842707341
47	(-0.25315426163892785-3.179672952257989j)	0.29245996475219727	4.481412774070543
48	(-0.32482871807984104-3.1634798712581005j)	0.2956838607788086	4.576740705433746
49	(-0.3952563221174924-3.143702999254314j)	0.29216480255126953	4.67206863679695
50	(-0.4647244052516952-3.1200097192169127j)	0.2945709228515625	4.7673965681601524
51	(-0.5336151678309844-3.092810492259715j)	0.31012582778930664	4.862724499523355
52	(-0.601686248139875-3.0627990659951116j)	0.2919800281524658	4.958052430886559
53	(-0.6682631435405517-3.030118504041947j)	0.29883503913879395	5.0533803622497615
54	(-0.7330581069493138-2.994291102927564j)	0.2947828769683838	5.148708293612964
55	(-0.7965185174444545-2.955275757392786j)	0.3084259033203125	5.244036224976168
56	(-0.8588767223558028-2.912519484733562j)	0.2979590892791748	5.339364156339371
57	(-0.9200667736322948-2.867476224136496j)	0.2897970676422119	5.434692087702573
58	(-0.9793277645806258-2.8199039854347054j)	0.2936060428619385	5.530020019065777
59	(-1.036308967546903-2.7693189831981018j)	0.29455995559692383	5.62534795042898
60	(-1.0912925425397082-2.7154505934667483j)	0.29403018951416016	5.720675881792183
61	(-1.1445936124903402-2.6587195400434833j)	0.2965860366821289	5.816003813155386
62	(-1.195935085148695-2.5997898794267984j)	0.29377007484436035	5.911331744518589
63	(-1.2446696236655534-2.538857254352865j)	0.2906651496887207	6.006659675881792
64	(-1.290592767034545-2.475435314791914j)	0.30893683433532715	6.101987607244995
65	(-1.3340685152991956-2.409435656213783j)	0.29741787910461426	6.197315538608198
66	(-1.375513055456314-2.341227014932902j)	0.29541707038879395	6.292643469971401
67	(-1.4147269355237109-2.2713853738830045j)	0.3041670322418213	6.387971401334604
68	(-1.4511304507422955-2.1999651103285953j)	0.2948117256164551	6.483299332697807
69	(-1.4844902833308078-2.1265264777006907j)	0.29297471046447754	6.57862726406101
70	(-1.515133262070248-2.050846599136611j)	0.2964620590209961	6.673955195424213
71	(-1.5433599051271218-1.9733379109751803j)	0.2920339107513428	6.769283126787417
72	(-1.5688942470512133-1.894610499197745j)	0.2931327819824219	6.8646110581506194
73	(-1.591145223166884-1.8147999924936786j)	0.2935669422149658	6.959938989513822
74	(-1.609922545398669-1.733589058429375j)	0.29315876960754395	7.055266920877026
75	(-1.6256209142385876-1.6508708020721516j)	0.2969322204589844	7.1505948522402285
76	(-1.638627693127972-1.567111306756345j)	0.2933690547943115	7.245922783603431
77	(-1.6487783879465552-1.482898685103584j)	0.2959427833557129	7.341250714966635
78	(-1.655600319911904-1.3983039794597372j)	0.293320894241333	7.436578646329838
79	(-1.6589835587017079-1.3129402302606532j)	0.29638195037841797	7.53190657769304
80	(-1.6593180928779268-1.2266308578134573j)	0.2930021286010742	7.627234509056244
81	(-1.6569385379855868-1.1397797758000956j)	0.29334497451782227	7.722562440419447
82	(-1.6516045836346942-1.0529293756262827j)	0.3014519214630127	7.817890371782649
83	(-1.642179806823965-0.96593502150632j)	0.2975738048553467	7.913218303145853
84	(-1.6303733318469906-0.8791733095703833j)	0.29958605766296387	8.008546234509055
85	(-1.6147381979654043-0.7918960371137901j)	0.30035877227783203	8.103874165872258
86	(-1.5962504716610957-0.7048194087361908j)	0.2959442138671875	8.19920209723546
87	(-1.5747602300554533-0.6185246917910592j)	0.2935929298400879	8.294530028598665
88	(-1.54987398223605-0.5330919401168942j)	0.2948181629180908	8.389857959961867
89	(-1.521580915735856-0.4481842091190388j)	0.2923860549926758	8.48518589132507
90	(-1.4903467099256746-0.36367921617404475j)	0.29416894912719727	8.580513822688273
91	(-1.456541711321979-0.2799724843023446j)	0.29313182830810547	8.675841754051476
92	(-1.419989798326994-0.19754430611923468j)	0.3461639881134033	8.77116968541468
93	(-1.3802597577801723-0.11641311724912334j)	0.46414709091186523	8.866497616777883
94	(-1.3372920169103193-0.036247109793614174j)	0.31088805198669434	8.961825548141086
95	(-1.291498438114804+0.04301813787623149j)	0.32285118103027344	9.057153479504288
96	(-1.243217050803116+0.12091693517178576j)	0.30704522132873535	9.152481410867491
97	(-1.1922975232927713+0.1969110140457791j)	0.2958691120147705	9.247809342230694
98	(-1.138397595580466+0.2709373576447354j)	0.29316282272338867	9.343137273593898
99	(-1.0815732585263316+0.3433012610991575j)	0.2921559810638428	9.438465204957101
100	(-1.0223354519051822+0.4140795655383073j)	0.293010950088501	9.533793136320304
101	(-0.961086278649957+0.48287658171617037j)	0.2992269992828369	9.629121067683506
102	(-0.8977104650689736+0.5492651483745772j)	0.29471302032470703	9.72444899904671
103	(-0.8318743880206327+0.6132880759267688j)	0.2964320182800293	9.819776930409914
104	(-0.7636061026750574+0.6753118829279487j)	0.29651594161987305	9.915104861773116
105	(-0.6933482995351109+0.7354283112725315j)	0.2961442470550537	10.010432793136319
106	(-0.6214273556302172+0.7932281687510371j)	0.293363094329834	10.105760724499522
107	(-0.5476894619281492+0.848252442567475j)	0.29450201988220215	10.201088655862725
108	(-0.4718220808957261+0.90049169857302j)	0.2938113212585449	10.296416587225927
109	(-0.39391704815272666+0.9502496005706844j)	0.29321908950805664	10.391744518589132
110	(-0.31449567849441473+0.9975790037830237j)	0.3002300262451172	10.487072449952334
111	(-0.2339616102716933+1.0420886349345264j)	0.2948882579803467	10.582400381315537
112	(-0.15223644214964122+1.0833958786911715j)	0.29666590690612793	10.67772831267874
113	(-0.06906927198556617+1.121592533214626j)	0.2948429584503174	10.773056244041943
114	(0.015429663762274393+1.1570734928974016j)	0.29352307319641113	10.868384175405145
115	(0.10077910587542649+1.1899621484197933j)	0.2915310859680176	10.96371210676835
116	(0.18665301405800327+1.2199189397903982j)	0.29505395889282227	11.059040038131553
117	(0.2732032930784357+1.246586309931733j)	0.3177978992462158	11.154367969494755
118	(0.3607203581834215+1.2700377825055815j)	0.3840141296386719	11.249695900857958
119	(0.44909778434226455+1.2906094748823396j)	0.4057180881500244	11.34502383222116
120	(0.5378344064283482+1.308358472916985j)	0.3263981342315674	11.440351763584365
121	(0.626559835318582+1.3229152192870446j)	0.35617685317993164	11.535679694947568
122	(0.7153522848809477+1.3339424689490411j)	0.31505775451660156	11.63100762631077
123	(0.8044146011879041+1.3415702699887575j)	0.2929401397705078	11.726335557673973
124	(0.8935794252957274+1.346209230335237j)	0.3039579391479492	11.821663489037176
125	(0.9823357526165708+1.3480002813030678j)	0.29937100410461426	11.916991420400379
126	(1.0703576737620986+1.3466667803475154j)	0.36856603622436523	12.012319351763583
127	(1.1577895298488206+1.3419517040560165j)	0.40027403831481934	12.107647283126786
128	(1.2448986332195617+1.3340228726553318j)	0.33919286727905273	12.202975214489989
129	(1.3315721236860667+1.3232701663151991j)	0.3039402961730957	12.298303145853192
130	(1.4173453214115832+1.309782302531217j)	0.30179786682128906	12.393631077216394
131	(1.5019078917022481+1.2932324284702468j)	0.30526089668273926	12.488959008579599
132	(1.5853738435556202+1.2733393512179492j)	0.33173298835754395	12.584286939942801
133	(1.6679394318005543+1.250270612454197j)	0.3392059803009033	12.679614871306004
134	(1.749415066266018+1.2244391812252988j)	0.3617861270904541	12.774942802669207
135	(1.8292911265758134+1.195987474273965j)	0.3194108009338379	12.87027073403241
136	(1.9072544623378958+1.1646792491568825j)	0.32048583030700684	12.965598665395612
137	(1.983445920663086+1.1303385839124411j)	0.3121519088745117	13.060926596758817
138	(2.058109695096336+1.0932148052231554j)	0.32421875	13.15625452812202
139	(2.1311252160122502+1.0537534837765659j)	0.30085086822509766	13.251582459485222
140	(2.2020674945601586+1.0120861285626357j)	0.3087759017944336	13.346910390848425
141	(2.270697169810825+0.9679445959967333j)	0.3308889865875244	13.442238322211628
142	(2.3371856634211126+0.921116499768432j)	0.3195610046386719	13.537566253574832
143	(2.401755540139831+0.8718122600668324j)	0.30266809463500977	13.632894184938035
144	(2.464235707717909+0.8204452464160368j)	0.3144090175628662	13.728222116301238
145	(2.5241520757482276+0.7671456319285981j)	0.312957763671875	13.82355004766444
146	(2.581231863637582+0.711693359388817j)	0.3440859317779541	13.918877979027643
147	(2.635629372523174+0.6539634554741353j)	0.3375251293182373	14.014205910390846
148	(2.6875727062554766+0.5942584633373137j)	0.3157210350036621	14.10953384175405
149	(2.736934032944017+0.5330585537173043j)	0.33211803436279297	14.204861773117253
150	(2.7833232506005414+0.4705290980535606j)	0.3125886917114258	14.300189704480456
151	(2.826567705394667+0.4064605563470427j)	0.3164050579071045	14.395517635843659
152	(2.866900334993062+0.340714093542698j)	0.31437015533447266	14.490845567206861
153	(2.9045858436308394+0.27354899489656526j)	0.32958221435546875	14.586173498570064
154	(2.9394979635860063+0.20538224751627787j)	0.304779052734375	14.681501429933268
155	(2.9712291703548104+0.13632727639013043j)	0.30406808853149414	14.776829361296471
156	(2.999577152789918+0.06616432644661763j)	0.43230414390563965	14.872157292659674
157	(3.024734613169282-0.005208924250527325j)	0.3852999210357666	14.967485224022877
158	(3.046931070375927-0.07747148393959002j)	0.42297983169555664	15.06281315538608
159	(3.0660386334343226-0.1501418502432934j)	0.29675793647766113	15.158141086749284
160	(3.0816976994723335-0.2230487799226084j)	0.3128042221069336	15.253469018112487
161	(3.093791900701792-0.29636238579509655j)	0.30590009689331055	15.34879694947569
162	(3.1026052949869873-0.37015840145216616j)	0.30225110054016113	15.444124880838892
163	(3.108440769459227-0.4441310461280328j)	0.29450178146362305	15.539452812202095
164	(3.1112234546782354-0.5178583034367426j)	0.2963898181915283	15.634780743565297
165	(3.119906733193142-0.5833003376446684j)	0.2696819305419922	15.730108674928502
166	(3.1065404416566826-0.6645069924690223j)	0.29282379150390625	15.825436606291705
167	(3.099217927502503-0.7377509347621123j)	0.2961461544036865	15.920764537654907
168	(3.088911877328872-0.8106621872705737j)	0.30128002166748047	16.016092469018112
169	(3.075508042305663-0.8827925215982861j)	0.3006110191345215	16.111420400381316
170	(3.0586810946771203-0.9540002515248074j)	0.30073094367980957	16.206748331744517
171	(3.0383615838516214-1.024447815137946j)	0.2978839874267578	16.302076263107722
172	(3.0148684351698156-1.0941754753642519j)	0.3212001323699951	16.397404194470923
173	(2.9885264489089223-1.1628485427228459j)	0.36954689025878906	16.492732125834127
174	(2.9592990515679194-1.230045154945353j)	0.38980603218078613	16.588060057197332
175	(2.9269350806245527-1.2956824647025544j)	0.3136467933654785	16.683387988560533
176	(2.891416694882743-1.3599910743197507j)	0.3195788860321045	16.778715919923737
177	(2.8530703175740637-1.423068326125355j)	0.3084537982940674	16.874043851286938
178	(2.8121860395195375-1.4846280236773337j)	0.31592488288879395	16.969371782650143
179	(2.768679554913703-1.5442780548695265j)	0.5413599014282227	17.064699714013347
180	(2.7222682793247386-1.6019360445815507j)	0.3092379570007324	17.160027645376548
181	(2.6729266654126347-1.6577926316528673j)	0.2974240779876709	17.255355576739753
182	(2.6209959380245595-1.7118868137106245j)	0.29612302780151367	17.350683508102954
183	(2.566802768096683-1.7638841531479656j)	0.2990458011627197	17.446011439466158
184	(2.51032529993618-1.8133819694604283j)	0.29712939262390137	17.541339370829363
185	(2.45136630248653-1.860320196582075j)	0.2942941188812256	17.636667302192564
186	(2.3899824379251395-1.904934877445711j)	0.30046892166137695	17.731995233555768
187	(2.32656202003579-1.9473236594605279j)	0.30289387702941895	17.82732316491897
188	(2.2614350943089776-1.9872260811952973j)	0.2970459461212158	17.922651096282173
189	(2.19455396542956-2.0243153339245685j)	0.2978968620300293	18.017979027645374
190	(2.125686189038103-2.0585830330307022j)	0.2957580089569092	18.11330695900858
191	(2.054853507819871-2.0902735890899553j)	0.29621291160583496	18.208634890371783
192	(1.9819712851132838-2.119412001748456j)	0.3024759292602539	18.303962821734984
193	(1.9086769824119552-2.1458255649926237j)	0.3028888702392578	18.39929075309819
194	(1.8336181154540263-2.169028464471488j)	0.30935192108154297	18.49461868446139
195	(1.7570624290871395-2.189042711055568j)	0.2989838123321533	18.589946615824594
196	(1.6791103066960962-2.2061172105824016j)	0.29849672317504883	18.6852745471878
197	(1.600185570199679-2.220349237393844j)	0.3038761615753174	18.780602478551
198	(1.5214794201666795-2.2313354871355546j)	0.30440711975097656	18.875930409914204
199	(1.440455594610141-2.2393041698092837j)	0.3012981414794922	18.971258341277405
200	(1.3594486820742269-2.24382418744419j)	0.30176877975463867	19.06658627264061
201	(1.277687760879575-2.2453646051970253j)	0.30022311210632324	19.161914204003814
202	(1.1955448662289063-2.2440401190830315j)	0.30162882804870605	19.257242135367015
203	(1.1133137174011862-2.239605317325087j)	0.3007371425628662	19.35257006673022
204	(1.0309432731381494-2.231773948508528j)	0.3063778877258301	19.44789799809342
205	(0.9482594544217278-2.22058454382955j)	0.3008558750152588	19.543225929456625
206	(0.865373529032347-2.206312488340229j)	0.3041400909423828	19.63855386081983
207	(0.7827097471916656-2.1890608228660726j)	0.3028438091278076	19.73388179218303
208	(0.7006111407863121-2.168610333668701j)	0.3069648742675781	19.829209723546235
209	(0.619064720035247-2.144740770372853j)	0.30167102813720703	19.924537654909436
210	(0.5379216301016613-2.117577206333447j)	0.3046550750732422	20.01986558627264
211	(0.45728964591609533-2.087471931280662j)	0.39350414276123047	20.11519351763584
212	(0.3775504009601207-2.0545841982146142j)	0.37695908546447754	20.210521448999046
213	(0.29897770514571687-2.0187311238625996j)	0.35714292526245117	20.30584938036225
214	(0.2214929814638863-1.9797091643197289j)	0.37365293502807617	20.40117731172545
215	(0.14490694274707205-1.9376317666363045j)	0.30927014350891113	20.496505243088656
216	(0.06931819768823344-1.8928161410745503j)	0.30762505531311035	20.591833174451857
217	(-0.0048803791050353595-1.8453798452027348j)	0.3125309944152832	20.68716110581506
218	(-0.07738913719982199-1.7951242934574183j)	0.31190967559814453	20.782489037178266
219	(-0.14824632305890273-1.7418691110931288j)	0.3156301975250244	20.877816968541467
220	(-0.2175946684346809-1.6857809439458684j)	0.29270505905151367	20.97314489990467
221	(-0.2853069427943554-1.6272401327050763j)	0.29651784896850586	21.068472831267872
222	(-0.35100144366465835-1.5664322196810354j)	0.2954103946685791	21.163800762631077
223	(-0.41442849755945105-1.5032235288408449j)	0.29718971252441406	21.25912869399428
224	(-0.47569451604392365-1.4374881951476512j)	0.2969820499420166	21.354456625357482
225	(-0.5350063810866945-1.369416158972214j)	0.29754090309143066	21.449784556720687
226	(-0.5922892365464864-1.299371087448961j)	0.31059908866882324	21.545112488083888
227	(-0.6471999575668183-1.2274951593613739j)	0.3180680274963379	21.640440419447092
228	(-0.6995080879924175-1.1536153350490506j)	0.3700520992279053	21.735768350810293
229	(-0.7493062713484464-1.0775870179201628j)	0.39110612869262695	21.831096282173498
230	(-0.7967619083169994-0.9996052529044869j)	0.37166619300842285	21.926424213536702
231	(-0.8417560985661646-0.9200568491341955j)	0.393176794052124	22.021752144899903
232	(-0.8837423663177048-0.8388432930400105j)	0.30847620964050293	22.117080076263107
233	(-0.9230577376776024-0.7567071689028604j)	0.34462714195251465	22.21240800762631
234	(-0.9592846745177535-0.6727256919409771j)	0.3866300582885742	22.307735938989513
235	(-0.9928296346077115-0.5874317153349162j)	0.33716893196105957	22.403063870352717
236	(-1.0236394026836566-0.5012283593411779j)	0.37256288528442383	22.49839180171592
237	(-1.05142096292491-0.4142740897961088j)	0.3350052833557129	22.593719733079123
238	(-1.0760341496525976-0.32644458083585975j)	0.35012197494506836	22.689047664442324
239	(-1.0976318970183319-0.23761069884793j)	0.33805322647094727	22.78437559580553
240	(-1.1164319508539264-0.1479946556021537j)	0.3125782012939453	22.879703527168733
241	(-1.1323505078573357-0.057974746917481446j)	0.35862302780151367	22.975031458531934
242	(-1.1448122847627726+0.03272092999442139j)	0.3735010623931885	23.07035938989514
243	(-1.1544203711886973+0.12290267377980252j)	0.32627010345458984	23.16568732125834
244	(-1.1605755342095785+0.2139215136665324j)	0.3012809753417969	23.261015252621544
245	(-1.1637698247965451+0.3050649698666398j)	0.37656712532043457	23.356343183984748
246	(-1.163966241697968+0.39591470810298884j)	0.33583927154541016	23.45167111534795
247	(-1.1609212849706105+0.48629591545281337j)	0.39902305603027344	23.546999046711154
248	(-1.1545536743324591+0.5763320195439854j)	0.3222541809082031	23.642326978074355
249	(-1.145100307683466+0.6660991923902297j)	0.36898088455200195	23.73765490943756
250	(-1.1328290707629634+0.7553640651233461j)	0.3498361110687256	23.83298284080076
251	(-1.1177056647743042+0.8437668324493501j)	0.3132307529449463	23.928310772163965
252	(-1.0994726993371702+0.9311803728722116j)	0.437453031539917	24.02363870352717
253	(-1.078031024073212+1.0177441080877476j)	0.43009114265441895	24.11896663489037
254	(-1.0535940952027854+1.1035129840360534j)	0.33751392364501953	24.214294566253574
255	(-1.0264143215829256+1.1882136406310515j)	0.3471202850341797	24.309622497616775
256	(-0.9964661197331492+1.2714445930896634j)	0.30256080627441406	24.40495042897998
257	(-0.9635380732081009+1.3530487887290528j)	0.3181900978088379	24.500278360343184
258	(-0.9276049335729981+1.4331457060538229j)	0.30966687202453613	24.595606291706385
259	(-0.8889581747320663+1.511789916810395j)	0.3042581081390381	24.69093422306959
260	(-0.8479090070690107+1.5887375479044694j)	0.30146312713623047	24.78626215443279
261	(-0.8044709102699789+1.6636490086570672j)	0.3057389259338379	24.881590085795995
262	(-0.758452498473582+1.7364382028722465j)	0.2992231845855713	24.9769180171592
263	(-0.7098284475493327+1.8072806106548382j)	0.31839704513549805	25.0722459485224
264	(-0.6588660814911721+1.8762570072730482j)	0.3065967559814453	25.167573879885605
265	(-0.6058383452874012+1.9431257061136948j)	0.3115520477294922	25.262901811248806
266	(-0.5507297983695082+2.0075337175853014j)	0.3126239776611328	25.35822974261201
267	(-0.49335311226119405+2.0693717197007215j)	0.313417911529541	25.45355767397521
268	(-0.4337197141315945+2.128780890567052j)	0.30768513679504395	25.548885605338416
269	(-0.37215190898086437+2.1858152024948385j)	0.30270814895629883	25.64421353670162
270	(-0.30898102590001353+2.2402324645309823j)	0.3075859546661377	25.73954146806482
271	(-0.2442482740404862+2.291717848889805j)	0.2935948371887207	25.834869399428026
272	(-0.17781670237900138+2.340226793992766j)	0.30393075942993164	25.930197330791227
273	(-0.10972845727952962+2.385970598428139j)	0.2957937717437744	26.02552526215443
274	(-0.04030933422777394+2.429044537467597j)	0.3081550598144531	26.120853193517636
275	(0.03016449828144041+2.4693003506735147j)	0.3060479164123535	26.216181124880837
276	(0.10167716809752747+2.506404492298923j)	0.3492903709411621	26.31150905624404
277	(0.1744032870364144+2.540335674663681j)	0.38189101219177246	26.406836987607242
278	(0.24833689318108187+2.571352860874022j)	0.311373233795166	26.502164918970447
279	(0.323062513978158+2.5993221243140727j)	0.2961280345916748	26.59749285033365
280	(0.3983405609477787+2.6242319792471256j)	0.3788478374481201	26.692820781696852
281	(0.47410224521458305+2.6457328104182016j)	0.3183460235595703	26.788148713060057
282	(0.550456891000039+2.663821966013259j)	0.2964918613433838	26.883476644423258
283	(0.6273600084184927+2.6788598197938884j)	0.34883618354797363	26.978804575786462
284	(0.7043237140625389+2.6906293771303345j)	0.33571910858154297	27.074132507149667
285	(0.7811678347062286+2.6993299744239474j)	0.2951369285583496	27.169460438512868
286	(0.8578438231229345+2.7046302703720166j)	0.38260507583618164	27.264788369876072
287	(0.9345030732496564+2.7065733255074576j)	0.30682802200317383	27.360116301239273
288	(1.0110953836233447+2.7054123704509223j)	0.30043888092041016	27.455444232602478
289	(1.0872963838201481+2.7012641936891444j)	0.3033437728881836	27.55077216396568
290	(1.1628128366091606+2.6939481841503663j)	0.32178616523742676	27.646100095328883
291	(1.2376296474565156+2.6832280318111494j)	0.3036649227142334	27.741428026692088
292	(1.3118615551038832+2.669153337582271j)	0.3045539855957031	27.83675595805529
293	(1.3854047356514125+2.6519920436286597j)	0.30127906799316406	27.932083889418493
294	(1.4578932707539898+2.6318964454137688j)	0.3021719455718994	28.027411820781694
295	(1.5290185850383602+2.6087433683499692j)	0.29422426223754883	28.1227397521449
296	(1.5987778736689253+2.5823792881543013j)	0.29596805572509766	28.218067683508103
297	(1.6673112483123798+2.552920194777724j)	0.29953813552856445	28.313395614871304
298	(1.7345577217733432+2.5206808621445247j)	0.30153703689575195	28.40872354623451
299	(1.8002067354713431+2.4858256199957625j)	0.30399107933044434	28.50405147759771
300	(1.8640065155883465+2.4482221192176485j)	0.3157219886779785	28.599379408960914
301	(1.9259901229024612+2.4077000235248094j)	0.3949298858642578	28.69470734032412
302	(1.986299358150323+2.364355881377911j)	0.3391299247741699	28.79003527168732
303	(2.0448471852820367+2.318486560793271j)	0.311450719833374	28.885363203050524
304	(2.1012896790460056+2.2702525647349607j)	0.30040884017944336	28.980691134413725
305	(2.1553491185110625+2.219547600116106j)	0.4182460308074951	29.07601906577693
306	(2.207044365751419+2.1662589551787295j)	0.35804224014282227	29.17134699714013
307	(2.256516589361552+2.1105546806380358j)	0.3527247905731201	29.266674928503335
308	(2.303700717529963+2.0527934039583142j)	0.34032297134399414	29.36200285986654
309	(2.3483039635892604+1.993176138475199j)	0.3394010066986084	29.45733079122974
310	(2.390119546761542+1.9316176534044809j)	0.34512901306152344	29.552658722592945
311	(2.4292333299272295+1.868009195232289j)	0.3161296844482422	29.647986653956146
312	(2.4658289568328797+1.8025028676597652j)	0.33329105377197266	29.74331458531935
313	(2.499856499179882+1.735423142374818j)	0.33527112007141113	29.838642516682555
314	(2.5310205734275297+1.6669349253139336j)	0.32559680938720703	29.933970448045756
315	(2.5591016622108422+1.5969380998688258j)	0.3090660572052002	30.02929837940896
316	(2.5841643176001576+1.525342038725526j)	0.31499695777893066	30.12462631077216
317	(2.6063692662695974+1.4523414435833082j)	0.33725905418395996	30.219954242135366
318	(2.625601120630023+1.378323422490406j)	0.3063387870788574	30.31528217349857
319	(2.6417641465800275+1.3034646624457351j)	0.3384120464324951	30.41061010486177
320	(2.6545212861060996+1.2277450009600317j)	0.3276481628417969	30.505938036224975
321	(2.6640658751082+1.1510928314099191j)	0.31456518173217773	30.601265967588176
322	(2.670622866937262+1.073708650786328j)	0.30513715744018555	30.69659389895138
323	(2.6741856060726374+0.9959407701374245j)	0.30223989486694336	30.791921830314585
324	(2.674519193934071+0.9179563097496186j)	0.30747318267822266	30.887249761677786
325	(2.671480983123005+0.8396550169504451j)	0.3827552795410156	30.98257769304099
326	(2.6652007605150914+0.7609553355828893j)	0.41951799392700195	31.077905624404192
327	(2.6558777322411675+0.6820570668353537j)	0.3033909797668457	31.173233555767396
328	(2.643477878640652+0.6033235591631074j)	0.2937159538269043	31.268561487130597
329	(2.6277618946717896+0.5249494014823883j)	0.3644239902496338	31.3638894184938
330	(2.6086116188692694+0.44688061303118554j)	0.3818659782409668	31.459217349857006
331	(2.586204333304707+0.3690787993491074j)	0.38746118545532227	31.554545281220207
332	(2.5607960611422254+0.2917753731345744j)	0.31882309913635254	31.64987321258341
333	(2.532096019550856+0.2160987358655619j)	0.33693599700927734	31.745201143946613
334	(2.5008848509123673+0.13990468882303558j)	0.369218111038208	31.840529075309817
335	(2.4661400441567776+0.06539550530925031j)	0.2973208427429199	31.93585700667302
336	(2.428384140406986-0.00827649728657015j)	0.42983198165893555	32.03118493803622
337	(2.3878654463686013-0.08092009380506063j)	0.3242192268371582	32.12651286939942
338	(2.3445861478856926-0.15220447956510677j)	0.3235788345336914	32.22184080076263
339	(2.298348262258794-0.22197697107800501j)	0.3980221748352051	32.31716873212583
340	(2.2490800782965183-0.2903241179559245j)	0.3644559383392334	32.41249666348903
341	(2.19699505956461-0.3572866926443872j)	0.31052589416503906	32.50782459485224
342	(2.142368271812201-0.4226339618139948j)	0.31224513053894043	32.60315252621544
343	(2.0852466772795184-0.4860162319185937j)	0.3097379207611084	32.69848045757864
344	(2.025496072219485-0.5472903564678697j)	0.30481886863708496	32.79380838894184
345	(1.9631153596264839-0.6065701059894685j)	0.30387401580810547	32.88913632030505
346	(1.8983701783354767-0.6639378625540382j)	0.31258606910705566	32.98446425166825
347	(1.8315572461942526-0.7192157526127264j)	0.30609703063964844	33.07979218303145
348	(1.7627182283486853-0.7721136185543414j)	0.31036376953125	33.17512011439466
349	(1.6917014725587631-0.8225381683612848j)	0.2998340129852295	33.27044804575786
350	(1.6184850701730824-0.8706257178336234j)	0.330219030380249	33.36577597712106
351	(1.5433152982431073-0.9164490674694624j)	0.34395790100097656	33.46110390848427
352	(1.466476674982946-0.959805111542744j)	0.3248889446258545	33.55643183984747
353	(1.387847821900718-1.0003714273308582j)	0.31768083572387695	33.65175977121067
354	(1.3078267138663098-1.038072177021231j)	0.3236429691314697	33.74708770257387
355	(1.2259403025317175-1.0730158535427357j)	0.324207067489624	33.84241563393708
356	(1.1426655929115626-1.1053022045113108j)	0.31031298637390137	33.93774356530028
357	(1.0583286043182194-1.13476958528911j)	0.3338000774383545	34.03307149666348
358	(0.9730001195266789-1.1611703277936263j)	0.309528112411499	34.12839942802669
359	(0.8865701330777414-1.184471371109386j)	0.29782700538635254	34.22372735938989
360	(0.7990648701104666-1.204866354635467j)	0.3092939853668213	34.31905529075309
361	(0.7107613276320601-1.22247382516863j)	0.3466219902038574	34.41438322211629
362	(0.6219437961140075-1.237138478452382j)	0.47582507133483887	34.5097111534795
363	(0.5326547954907972-1.2486071851949525j)	0.3113100528717041	34.6050390848427
364	(0.44278208830875554-1.2568346567882j)	0.29848289489746094	34.7003670162059
365	(0.35237802568436294-1.2619971017000648j)	0.29663610458374023	34.79569494756911
366	(0.2617602947681235-1.264203039125705j)	0.3322930335998535	34.89102287893231
367	(0.1712558874816677-1.2633097223515497j)	0.38973402976989746	34.98635081029551
368	(0.08094144955562302-1.2591091700952501j)	0.34557008743286133	35.08167874165872
369	(-0.009268501046383418-1.2516224862860759j)	0.3743889331817627	35.17700667302192
370	(-0.09931103029330897-1.2410939424984921j)	0.3267359733581543	35.27233460438512
371	(-0.18888750575784347-1.2276864340073224j)	0.4255990982055664	35.36766253574832
372	(-0.27771525693605487-1.2112978454961627j)	0.35011792182922363	35.46299046711153
373	(-0.3657693965205846-1.1917451762009819j)	0.3538548946380615	35.55831839847473
374	(-0.4531717905987348-1.1690565280488323j)	0.4211561679840088	35.65364632983793
375	(-0.5398754199808374-1.1434603464920732j)	0.3975648880004883	35.74897426120114
376	(-0.6255776942172585-1.1150943098964508j)	0.3147578239440918	35.84430219256434
377	(-0.7099810569749312-1.0838404726218644j)	0.2949249744415283	35.93963012392754
378	(-0.7930329654495547-1.0495286386380493j)	0.32605504989624023	36.034958055290744
379	(-0.8748190710249887-1.0122247235175434j)	0.30852818489074707	36.13028598665395
380	(-0.9552629970491968-0.9722096355812402j)	0.3103809356689453	36.22561391801715
381	(-1.0340586088279657-0.9296765653818813j)	0.29832005500793457	36.320941849380354
382	(-1.11093590800002-0.8845664482244244j)	0.2965550422668457	36.41626978074356
383	(-1.1858914077342768-0.8367609806622368j)	0.29319000244140625	36.51159771210676
384	(-1.2588814938174726-0.7866439338408033j)	0.37912988662719727	36.606925643469964
385	(-1.330417421182751-0.73365396718775j)	0.3241579532623291	36.70225357483317
386	(-1.3996862110025452-0.6788097397063473j)	0.4255390167236328	36.79758150619637
387	(-1.466623075142179-0.6217421470783672j)	0.34633588790893555	36.892909437559574
388	(-1.5312257985618534-0.5623189182033045j)	0.31932902336120605	36.988237368922775
389	(-1.5936090446757436-0.500642740153374j)	0.31397485733032227	37.08356530028598
390	(-1.6538196332781028-0.4368667874760014j)	0.3233458995819092	37.178893231649184
391	(-1.7112339255869433-0.3716441324298677j)	0.31777477264404297	37.274221163012385
392	(-1.765942123636456-0.3044887116921957j)	0.3108510971069336	37.36954909437559
393	(-1.817859075739362-0.23547820422191515j)	0.35098695755004883	37.464877025738794
394	(-1.867140283224635-0.16477148764976016j)	0.4298689365386963	37.560204957101995
395	(-1.9137725136630386-0.09269991252977264j)	0.37119412422180176	37.655532888465196
396	(-1.9575246272652431-0.019467242110013022j)	0.33094215393066406	37.750860819828404
397	(-1.9982218146427966+0.055064416077934775j)	0.31266307830810547	37.846188751191605
398	(-2.03589626885481+0.1307451170745294j)	0.3073301315307617	37.941516682554806
399	(-2.0707440048018837+0.2076854294330001j)	0.3106551170349121	38.036844613918014
400	(-2.102731111182887+0.2855256352887155j)	0.30462002754211426	38.132172545281215
401	(-2.1315902131792255+0.3639639404248522j)	0.32168102264404297	38.227500476644416
402	(-2.1571406370152735+0.44314318171510986j)	0.31127309799194336	38.322828408007624
403	(-2.1794433201381964+0.5230799547716554j)	0.3042428493499756	38.418156339370825
404	(-2.1986769798921886+0.6035850781931396j)	0.3042569160461426	38.513484270734025
405	(-2.2148452318465988+0.6843037988180779j)	0.37941694259643555	38.608812202097226
406	(-2.227753612604626+0.7650176186381894j)	0.3180501461029053	38.704140133460434
407	(-2.2372756920423322+0.8457623593934286j)	0.30710506439208984	38.799468064823635
408	(-2.2435421834298377+0.9266010398316051j)	0.2958860397338867	38.894795996186836
409	(-2.2467728938314497+1.0073736153604427j)	0.31121397018432617	38.990123927550044
410	(-2.2469875377932946+1.087764756459447j)	0.3011949062347412	39.085451858913245
411	(-2.2439898641298024+1.167597481869596j)	0.29496097564697266	39.180779790276446
412	(-2.23764743114513+1.2469285348989199j)	0.2982048988342285	39.276107721639654
413	(-2.2280781742336364+1.3258129774441008j)	0.3482532501220703	39.371435653002855
414	(-2.2154909381930743+1.4040610465604775j)	0.39649486541748047	39.466763584366056
415	(-2.199907676409964+1.4813247862208672j)	0.44751787185668945	39.56209151572926
416	(-2.181163959380331+1.5573971097546786j)	0.34153032302856445	39.657419447092465
417	(-2.159183564244347+1.6323144432188317j)	0.2958841323852539	39.752747378455666
418	(-2.1341517720534866+1.706122515719849j)	0.31178808212280273	39.84807530981887
419	(-2.106335583516367+1.7786440382077764j)	0.30591273307800293	39.943403241182075
420	(-2.0758003176915096+1.8495705878119937j)	0.3134498596191406	40.038731172545276
421	(-2.0424088750782894+1.9187513065016193j)	0.2986762523651123	40.13405910390848
422	(-2.0060993316765545+1.9862717312170184j)	0.40120983123779297	40.22938703527168
423	(-1.9670487622435364+2.0522078593376576j)	0.35546302795410156	40.324714966634886
424	(-1.9255028443301274+2.116391423456877j)	0.3025550842285156	40.42004289799809
425	(-1.8815042373614959+2.1785096259199404j)	0.307636022567749	40.51537082936129
426	(-1.8349138376489142+2.2383969331710807j)	0.30446314811706543	40.610698760724496
427	(-1.7856946038000419+2.29611491172599j)	0.3192613124847412	40.7060266920877
428	(-1.7340690808199297+2.3517143423552396j)	0.31047821044921875	40.8013546234509
429	(-1.6803326073447682+2.405018481993192j)	0.3005678653717041	40.896682554814106
430	(-1.624578397735656+2.4557343499194513j)	0.31547999382019043	40.99201048617731
431	(-1.5667176377603536+2.5037437611921716j)	0.31485795974731445	41.08733841754051
432	(-1.5067507188365452+2.549164613202136j)	0.3088381290435791	41.18266634890371
433	(-1.4449136181076763+2.5920997303073476j)	0.3775310516357422	41.27799428026692
434	(-1.3814866144376494+2.6324150977495613j)	0.320375919342041	41.37332221163012
435	(-1.3165341121387226+2.6698510451080844j)	0.3216571807861328	41.46865014299332
436	(-1.2499407483279166+2.704304485491138j)	0.31829190254211426	41.56397807435653
437	(-1.1816991992839285+2.7358884746606877j)	0.3140547275543213	41.65930600571973
438	(-1.1120523960664874+2.76468094436613j)	0.3289170265197754	41.75463393708293
439	(-1.0413013033265894+2.7905263185058526j)	0.30777502059936523	41.84996186844613
440	(-0.9695457393175285+2.813162917501555j)	0.302717924118042	41.94528979980934
441	(-0.8967180055869395+2.8325114307448667j)	0.30649304389953613	42.04061773117254
442	(-0.8228629275336231+2.848723288835764j)	0.30546998977661133	42.13594566253574
443	(-0.748257466578097+2.8619280168132j)	0.297544002532959	42.23127359389895
444	(-0.673207925981754+2.872025054711278j)	0.31349611282348633	42.32660152526215
445	(-0.5977944513316182+2.8788138518076534j)	0.324199914932251	42.42192945662535
446	(-0.5219218296851261+2.882263067011049j)	0.4150247573852539	42.51725738798856
447	(-0.4456052112502935+2.882548942102519j)	0.3578522205352783	42.61258531935176
448	(-0.369097085037533+2.8797964139293692j)	0.37905311584472656	42.70791325071496
449	(-0.29268461043303107+2.8738889578036395j)	0.3261451721191406	42.80324118207816
450	(-0.21644940652275724+2.864611560463119j)	0.3118782043457031	42.89856911344137
451	(-0.1403208382602399+2.8519340464366323j)	0.3879868984222412	42.99389704480457
452	(-0.0643577569615219+2.836043180904871j)	0.4575531482696533	43.08922497616777
453	(0.011147464020438869+2.817091124466074j)	0.46895718574523926	43.18455290753098
454	(0.08588434166132264+2.795006325802094j)	0.3937990665435791	43.27988083889418
455	(0.15977120806841838+2.7696375954193337j)	0.3176546096801758	43.37520877025738
456	(0.23289130749636155+2.74102180820259j)	0.49387598037719727	43.47053670162058
457	(0.30521503471115285+2.709396903090333j)	0.6321747303009033	43.56586463298379
458	(0.3764888089906644+2.674938700878122j)	0.5517299175262451	43.66119256434699
459	(0.4464504185138958+2.637580375435306j)	0.5210511684417725	43.75652049571019
460	(0.5150535018338092+2.597164528413222j)	0.34297800064086914	43.8518484270734
461	(0.582393471328161+2.5537180005289253j)	0.3011748790740967	43.9471763584366
462	(0.648425264801351+2.507467814452786j)	0.32006001472473145	44.0425042897998
463	(0.7128705845827454+2.458584611494009j)	0.4370088577270508	44.13783222116301
464	(0.7754424571314344+2.4070177742941654j)	0.37249088287353516	44.23316015252621
465	(0.8360800659000512+2.3526536689339292j)	0.4261951446533203	44.32848808388941
466	(0.8948710944377636+2.295579897208369j)	0.3201000690460205	44.42381601525261
467	(0.951781422833234+2.2360823870405326j)	0.34536004066467285	44.51914394661582
468	(1.0065655832770184+2.1743769918272684j)	0.3167297840118408	44.61447187797902
469	(1.0591463262979035+2.11051483656251j)	0.3319249153137207	44.70979980934222
470	(1.10905617782221+2.0441780216531993j)	0.29910922050476074	44.80512774070543
471	(1.1568927690803186+1.9756721068368432j)	0.31583309173583984	44.90045567206863
472	(1.202487521119333+1.9051916156560584j)	0.40242791175842285	44.99578360343183
473	(1.2456015657922315+1.8329250820085878j)	0.5045640468597412	45.09111153479503
474	(1.2859967570096993+1.7588359289765352j)	0.4935319423675537	45.18643946615824
475	(1.3236580131919164+1.6828348067931524j)	0.3177499771118164	45.28176739752144
476	(1.3586994748741503+1.6050405873277616j)	0.32486891746520996	45.37709532888464
477	(1.3910967526617979+1.5257640638336232j)	0.35744690895080566	45.47242326024785
478	(1.4206227244418677+1.445239156757781j)	0.4124569892883301	45.56775119161105
479	(1.4470806873196735+1.3634706783144823j)	0.32849717140197754	45.66307912297425
480	(1.4705124896787287+1.2804063296657096j)	0.4029812812805176	45.75840705433746
481	(1.4910902821421539+1.1961823430115301j)	0.3705751895904541	45.85373498570066
482	(1.5088384520782048+1.1111017795717928j)	0.3360772132873535	45.94906291706386
483	(1.5235683893431617+1.0253683124825266j)	0.3642921447753906	46.044390848427064
484	(1.5351094569356607+0.9389530066485618j)	0.32308292388916016	46.13971877979027
485	(1.5436350913240742+0.8515956693805987j)	0.33559584617614746	46.23504671115347
486	(1.5489312689778703+0.7639870402659023j)	0.3987128734588623	46.330374642516674
487	(1.5513750089184142+0.675881541509058j)	0.4020259380340576	46.42570257387988
488	(1.550645231179115+0.5876909294909702j)	0.31906890869140625	46.52103050524308
489	(1.5465865935090097+0.499420840893035j)	0.30301594734191895	46.61635843660628
490	(1.5392843304142312+0.41103952125022347j)	0.3274681568145752	46.71168636796949
491	(1.528945159286987+0.32271481365721866j)	0.311068058013916	46.80701429933269
492	(1.5156268206102474+0.2347695176808801j)	0.29947614669799805	46.90234223069589
493	(1.4991898599417184+0.1474122659176228j)	0.3147106170654297	46.997670162059094
494	(1.479533146141835+0.06061616347230547j)	0.3262019157409668	47.0929980934223
495	(1.4567767150236388-0.025686009264122678j)	0.30586695671081543	47.1883260247855
496	(1.4311372734657275-0.11135648248377372j)	0.3632502555847168	47.283653956148704
497	(1.402654598827342-0.1961050143391171j)	0.45320582389831543	47.37898188751191
498	(1.371179202684814-0.27973155890693446j)	0.3075382709503174	47.47430981887511
499	(1.3366021060642097-0.3622578500729515j)	0.3260080814361572	47.569637750238314
500	(1.2990518402277011-0.4437226274274462j)	0.3393540382385254	47.664965681601515
501	(1.258762555006979-0.523954655756733j)	0.32209277153015137	47.76029361296472
502	(1.2158151389097362-0.6026350327823922j)	0.42675042152404785	47.855621544327924
503	(1.1701074193420706-0.6795674087962331j)	0.37746524810791016	47.950949475691125
504	(1.121595902829882-0.7547880068790964j)	0.31923818588256836	48.04627740705433
505	(1.0704646363954318-0.8283640156048957j)	0.30751991271972656	48.141605338417534
506	(1.016980608710361-0.9001648624829437j)	0.3120918273925781	48.236933269780735
507	(0.9612325423747488-0.9699207834285724j)	0.4109158515930176	48.33226120114394
508	(0.9031124523718944-1.037482577856284j)	0.4681510925292969	48.427589132507144
509	(0.8425661829342929-1.102915013789308j)	0.38860297203063965	48.522917063870345
510	(0.779764959469778-1.1662873365707278j)	0.37007927894592285	48.618244995233546
511	(0.7149657271294946-1.227452434964523j)	0.462921142578125	48.713572926596754
512	(0.6482599962415543-1.286121631883159j)	0.34781908988952637	48.808900857959955
513	(0.5795675045664794-1.3421339168653335j)	0.39011573791503906	48.904228789323156
514	(0.5088833549492903-1.3955507550212747j)	0.6039948463439941	48.999556720686364
515	(0.436434829048147-1.4464506727867164j)	0.5614478588104248	49.094884652049565
516	(0.36252437404330284-1.4947142282882695j)	0.533149003982544	49.190212583412766
517	(0.2872725414390761-1.540102757084433j)	0.33675503730773926	49.28554051477597
518	(0.21061272822097465-1.5825174568421385j)	0.5177879333496094	49.380868446139175
519	(0.1325407258972221-1.6220750001826492j)	0.496105432510376	49.476196377502376
520	(0.053267795134209206-1.6588881984248087j)	0.4802522659301758	49.57152430886558
521	(-0.02693197020725402-1.6928526282213234j)	0.5137062072753906	49.666852240228785
522	(-0.1079642375521801-1.7237319068582373j)	0.4967329502105713	49.762180171591986
523	(-0.18990270301693557-1.7514222443912635j)	0.3285050392150879	49.85750810295519
524	(-0.27273412184742496-1.7760287559492758j)	0.42940282821655273	49.952836034318395
525	(-0.3562127881566509-1.797654848426173j)	0.3168911933898926	50.048163965681596
526	(-0.44002730611105334-1.8162000175425561j)	0.3643348217010498	50.1434918970448
527	(-0.5240479271889076-1.8314600334205333j)	0.4382591247558594	50.238819828408
528	(-0.6083178364082183-1.843384701571426j)	0.32167482376098633	50.334147759771206
529	(-0.6928050497090373-1.8521401035494724j)	0.4307122230529785	50.42947569113441
530	(-0.7772672384302864-1.8578825891405222j)	0.41097497940063477	50.52480362249761
531	(-0.8614205142705477-1.8605556409041797j)	0.31085824966430664	50.620131553860816
532	(-0.9453530981599695-1.8601384147575084j)	0.47051286697387695	50.71545948522402
533	(-1.0286087910863584-1.8561388107832135j)	0.42897725105285645	50.81078741658722
534	(-1.1117058806780744-1.8491792818980057j)	0.3783869743347168	50.90611534795042
535	(-1.194225651337783-1.8392465036333627j)	0.32079005241394043	51.00144327931363
536	(-1.2758740469529648-1.8262700873720807j)	0.3266301155090332	51.09677121067683
537	(-1.3565405726837312-1.8100824776792233j)	0.3004319667816162	51.19209914204003
538	(-1.4362708667287172-1.7906788569235048j)	0.3914339542388916	51.28742707340324
539	(-1.515019583096488-1.7682666974521268j)	0.3743166923522949	51.38275500476644
540	(-1.592530924489523-1.7430350335633291j)	0.366455078125	51.47808293612964
541	(-1.6685241391342718-1.7149677629210145j)	0.4188218116760254	51.573410867492846
542	(-1.7429232973581823-1.683949324256789j)	0.3933250904083252	51.66873879885605
543	(-1.8158157710787477-1.6500175347395403j)	0.47298502922058105	51.76406673021925
544	(-1.8871948403747703-1.6133970716929793j)	0.46065783500671387	51.85939466158245
545	(-1.9566676509013377-1.5741052920289111j)	0.31009507179260254	51.95472259294566
546	(-2.0244941754517236-1.5326054074629243j)	0.31171703338623047	52.05005052430886
547	(-2.090092165931594-1.4882727939672593j)	0.3381228446960449	52.14537845567206
548	(-2.153707896168486-1.4413108864392092j)	0.37104105949401855	52.24070638703527
549	(-2.2153088496876103-1.3919588705502288j)	0.3096120357513428	52.33603431839847
550	(-2.274650762681326-1.3404250219234048j)	0.39568424224853516	52.43136224976167
551	(-2.331474020089943-1.2867156716543777j)	0.34175705909729004	52.52669018112488
552	(-2.3857286442929593-1.230757704739137j)	0.35547304153442383	52.62201811248808
553	(-2.43751934193317-1.1726461423494854j)	0.37824416160583496	52.71734604385128
554	(-2.486853933086102-1.1126562595883682j)	0.3746342658996582	52.81267397521448
555	(-2.5335377060714803-1.0510108637755504j)	0.35685181617736816	52.90800190657769
556	(-2.5773638764815234-0.9877088570676079j)	0.3451871871948242	53.00332983794089
557	(-2.618324473306918-0.9226653641730496j)	0.3091709613800049	53.09865776930409
558	(-2.6565369262631426-0.8559514733663145j)	0.31580400466918945	53.1939857006673
559	(-2.692019849128945-0.7878461558557187j)	0.29868626594543457	53.2893136320305
560	(-2.7245486843045588-0.7185465539097753j)	0.3041400909423828	53.3846415633937
561	(-2.753912051901101-0.648068666368715j)	0.3194723129272461	53.4799694947569
562	(-2.780099373094059-0.5763618085643365j)	0.39541101455688477	53.57529742612011
563	(-2.8032440465391595-0.5035512513006439j)	0.3817760944366455	53.67062535748331
564	(-2.823371233645455-0.4299432831072987j)	0.3219308853149414	53.76595328884651
565	(-2.8403157079416044-0.35578059459035716j)	0.3831291198730469	53.86128122020972
566	(-2.853920065058821-0.28108559433994773j)	0.3481600284576416	53.95660915157292
567	(-2.864237215556482-0.20580671704066011j)	0.37398290634155273	54.05193708293612
568	(-2.871445012604406-0.13005420665712175j)	0.3743629455566406	54.14726501429933
569	(-2.875593019465824-0.05410611037874169j)	0.3554389476776123	54.24259294566253
570	(-2.876523968491095+0.0218288623368057j)	0.33098506927490234	54.33792087702573
571	(-2.874081906148578+0.09775076380161307j)	0.3273317813873291	54.43324880838893
572	(-2.8683118153071323+0.1737107942494449j)	0.305767297744751	54.52857673975214
573	(-2.85938450176529+0.24957627306092722j)	0.3014950752258301	54.62390467111534
574	(-2.847348601580363+0.3250397463981618j)	0.2952899932861328	54.71923260247854
575	(-2.83206797865861+0.3998638414568645j)	0.29842400550842285	54.81456053384175
576	(-2.8134308942714714+0.4740250925563627j)	0.303469181060791	54.90988846520495
577	(-2.7915431242111333+0.5475579613524943j)	0.31513118743896484	55.00521639656815
578	(-2.76663146255814+0.6203309011336425j)	0.3182539939880371	55.10054432793135
579	(-2.7387905489868185+0.6920601617392353j)	0.3152921199798584	55.19587225929456
580	(-2.7079173819011397+0.7625507532806166j)	0.3359200954437256	55.29120019065776
581	(-2.6739237704326175+0.8318230304339562j)	0.3462059497833252	55.38652812202096
582	(-2.636918947107329+0.8999431523301726j)	0.3395578861236572	55.48185605338417
583	(-2.5971188825785942+0.9667919965069756j)	0.29630374908447266	55.57718398474737
584	(-2.5546010393322045+1.0320862162862015j)	0.30473923683166504	55.67251191611057
585	(-2.5092582277919915+1.0956217491463658j)	0.3513047695159912	55.76783984747378
586	(-2.461018781301459+1.1574003015373184j)	0.2996189594268799	55.86316777883698
587	(-2.4100296303966093+1.2174630035674927j)	0.31319403648376465	55.95849571020018
588	(-2.3565512188203055+1.2756758543384965j)	0.306257963180542	56.05382364156338
589	(-2.300709452460592+1.3317636657757874j)	0.31067800521850586	56.14915157292659
590	(-2.2424449425921007+1.3855549534843006j)	0.3216898441314697	56.24447950428979
591	(-2.181732061342487+1.4370976781199425j)	0.31142401695251465	56.33980743565299
592	(-2.118735798544311+1.4864766212416276j)	0.3064289093017578	56.4351353670162
593	(-2.053722749018842+1.5336019634329696j)	0.3330039978027344	56.5304632983794
594	(-1.9867984911160321+1.578229997524038j)	0.31092190742492676	56.6257912297426
595	(-1.9178851666360852+1.620212062454327j)	0.33692002296447754	56.721119161105804
596	(-1.8469449773652038+1.6595960853287826j)	0.34032392501831055	56.81644709246901
597	(-1.774155054619267+1.6964560788834127j)	0.32678771018981934	56.91177502383221
598	(-1.6997921056776195+1.7306779550590714j)	0.3145468235015869	57.007102955195414
599	(-1.6239924352881308+1.7620125467429204j)	0.31714510917663574	57.10243088655862
600	(-1.546719991547279+1.790323867446142j)	0.30506086349487305	57.19775881792182
601	(-1.4679882069483103+1.815691273499033j)	0.31622886657714844	57.293086749285024
602	(-1.3880139901864736+1.8382282013611344j)	0.30558276176452637	57.38841468064823
603	(-1.3070913298098854+1.857870150320621j)	0.3046751022338867	57.48374261201143
604	(-1.225350922299336+1.8744213298856862j)	0.3028740882873535	57.579070543374634
605	(-1.1427402880379+1.887796939121197j)	0.3516120910644531	57.674398474737835
606	(-1.0592502822574712+1.8981072171980173j)	0.34821200370788574	57.76972640610104
607	(-0.9750780718634307+1.9054736977488134j)	0.3849008083343506	57.865054337464244
608	(-0.8905018628375418+1.9098219441042317j)	0.3089420795440674	57.960382268827445
609	(-0.8056481467824875+1.910947185113045j)	0.32004404067993164	58.05571020019065
610	(-0.7204810002876582+1.9087624089407726j)	0.3260231018066406	58.151038131553854
611	(-0.6350290742451896+1.9033863152500468j)	0.31688976287841797	58.246366062917055
612	(-0.5495290477127899+1.8949595641042207j)	0.2991480827331543	58.341693994280256
613	(-0.4643741949451172+1.8834928884886517j)	0.3067636489868164	58.437021925643464
614	(-0.37944005017169746+1.8686876189784183j)	0.3096959590911865	58.532349857006665
615	(-0.2949504152336697+1.8506655172037423j)	0.30348873138427734	58.627677788369866
616	(-0.2108278142826917+1.8295536263282712j)	0.3037581443786621	58.723005719733074
617	(-0.12592578256626674+1.8047902609038156j)	0.2948181629180908	58.818333651096275
618	(-0.04458025650730901+1.7785460395117907j)	0.29709911346435547	58.913661582459476
619	(0.0371749165987767+1.7484780608919925j)	0.3027520179748535	59.008989513822684
620	(0.11803899019232622+1.7152900229902472j)	0.3068370819091797	59.104317445185885
621	(0.19799292944221625+1.6791473354376079j)	0.29939699172973633	59.199645376549086
622	(0.2768077178426211+1.6402195022001098j)	0.29633188247680664	59.29497330791229
623	(0.35419323577230766+1.598491178805572j)	0.3010990619659424	59.390301239275495
624	(0.43002984519178017+1.553847082624988j)	0.30329394340515137	59.485629170638695
625	(0.5043606058453349+1.5063121178552858j)	0.30022382736206055	59.580957102001896
626	(0.5771681372425291+1.4561095199048064j)	0.31234002113342285	59.676285033365104
627	(0.6482421792017079+1.403454921742091j)	0.31780290603637695	59.771612964728305
628	(0.7173351115491381+1.3483681124912053j)	0.2989082336425781	59.866940896091506
629	(0.78437744888728+1.290757993195177j)	0.3201608657836914	59.962268827454714
630	(0.8494563842666514+1.2306575144020426j)	0.2973041534423828	60.057596758817915
631	(0.9125788352615147+1.1682841786308766j)	0.30721521377563477	60.152924690181116
632	(0.9735463794353229+1.1038343666081403j)	0.298997163772583	60.24825262154432
633	(1.0321106972645264+1.0373136106419774j)	0.3421940803527832	60.343580552907525
634	(1.0881941842072949+0.9686348062488191j)	0.3043229579925537	60.438908484270726
635	(1.1418677792397989+0.8978572777105622j)	0.30643510818481445	60.53423641563393
636	(1.193126235228884+0.8252358311886085j)	0.30451393127441406	60.629564346997135
637	(1.2417729290587294+0.7510095990595154j)	0.3140299320220947	60.724892278360336
638	(1.2875877448466282+0.6752263042216542j)	0.29784226417541504	60.82022020972354
639	(1.3305394722296973+0.5978388130410774j)	0.3042278289794922	60.91554814108674
640	(1.3707516575732535+0.5189330745712463j)	0.3115251064300537	61.010876072449946
641	(1.4082640371358774+0.4387700070974008j)	0.2960069179534912	61.10620400381315
642	(1.4429206519148576+0.3575718113872892j)	0.3149759769439697	61.20153193517635
643	(1.4744457504118111+0.2753947588953893j)	0.30224084854125977	61.296859866539556
644	(1.503079511760519+0.1920686256105641j)	0.3203120231628418	61.39218779790276
645	(1.5286857070647057+0.10777871563359809j)	0.3061230182647705	61.48751572926596
646	(1.5513738197290023+0.02275670208299252j)	0.3047168254852295	61.582843660629166
647	(1.5709776416411747-0.06275725691487871j)	0.30655503273010254	61.67817159199237
648	(1.5873152659395906-0.14871186125805602j)	0.3050248622894287	61.77349952335557
649	(1.6003974485817514-0.2351332381049554j)	0.29674220085144043	61.86882745471877
650	(1.610384289681194-0.32190272212935717j)	0.30431199073791504	61.96415538608198
651	(1.6173469271736356-0.4087323011488032j)	0.2969191074371338	62.05948331744518
652	(1.6211720902917848-0.4953855591889075j)	0.30019521713256836	62.15481124880838
653	(1.6217314661998887-0.581831780349059j)	0.3056631088256836	62.25013918017159
654	(1.6190769232732685-0.6681254757216409j)	0.31678009033203125	62.34546711153479
655	(1.6133873194232453-0.7541723471721817j)	0.34754300117492676	62.44079504289799
656	(1.6047317452573804-0.8397099513915022j)	0.32233500480651855	62.53612297426119
657	(1.5929865861987722-0.9245173644064686j)	0.3364100456237793	62.6314509056244
658	(1.57801821190039-1.0085629111066805j)	0.34076404571533203	62.7267788369876
659	(1.5598858134526026-1.091880071814003j)	0.34584903717041016	62.8221067683508
660	(1.5387371916656547-1.1743278089438989j)	0.39294910430908203	62.91743469971401
661	(1.5148049918220008-1.2556595621702056j)	0.4959537982940674	63.01276263107721
662	(1.487875508087846-1.3356012735541785j)	0.3942890167236328	63.10809056244041
663	(1.4579189128788304-1.4141417531373293j)	0.4624030590057373	63.20341849380362
664	(1.4250496313347045-1.4913328619492292j)	0.4333059787750244	63.29874642516682
665	(1.3895017441920483-1.5670776116456429j)	0.32900381088256836	63.39407435653002
666	(1.3513915968892805-1.6411265819074488j)	0.34943294525146484	63.48940228789322
667	(1.3106438846477237-1.7132935719261877j)	0.3641679286956787	63.58473021925643
668	(1.2671795385868458-1.7835830313212462j)	0.34237003326416016	63.68005815061963
669	(1.2211080464182802-1.8520561580950787j)	0.3617579936981201	63.77538608198283
670	(1.1726041864885584-1.9185926470033636j)	0.3684229850769043	63.87071401334604
671	(1.1219359721449624-1.982968162598323j)	0.37055301666259766	63.96604194470924
672	(1.0688973680430551-2.0449403704799716j)	0.312302827835083	64.06136987607245
673	(1.0134142212591275-2.104501170693437j)	0.3247709274291992	64.15669780743565
674	(0.9559083937261856-2.1617797209525955j)	0.3071470260620117	64.25202573879885
675	(0.896393388389394-2.216620019547651j)	0.3967001438140869	64.34735367016206
676	(0.8351731946999719-2.268831924287365j)	0.35107421875	64.44268160152527
677	(0.7720164497061492-2.3182191921838498j)	0.32396507263183594	64.53800953288847
678	(0.7070949104110448-2.364883767007561j)	0.30518198013305664	64.63333746425167
679	(0.6404987615809032-2.408909332242923j)	0.3684101104736328	64.72866539561487
680	(0.5724844699785429-2.4502267422247836j)	0.3132190704345703	64.82399332697807
681	(0.5031804318170059-2.48861634055518j)	0.30918192863464355	64.91932125834127
682	(0.43254444513456247-2.523929314193461j)	0.39644813537597656	65.01464918970449
683	(0.360561167437098-2.5562134491448694j)	0.336184024810791	65.10997712106769
684	(0.2874165562545945-2.5855571955410683j)	0.36483216285705566	65.20530505243089
685	(0.2134012472106407-2.611891183806703j)	0.3195798397064209	65.30063298379409
686	(0.1387496931060911-2.634667717410623j)	0.3113579750061035	65.39596091515729
687	(0.06324298484987556-2.654826948030888j)	0.32363319396972656	65.49128884652049
688	(-0.012898003093078314-2.6714239105940947j)	0.35632896423339844	65.58661677788369
689	(-0.08954896398005163-2.6849486217091054j)	0.30278825759887695	65.6819447092469
690	(-0.1664327609841586-2.69537527381589j)	0.3116428852081299	65.77727264061011
691	(-0.2434141588961546-2.702539142454708j)	0.34151220321655273	65.87260057197331
692	(-0.32053252637023855-2.70636085146054j)	0.30194616317749023	65.96792850333651
693	(-0.3977940184904776-2.7069452582368885j)	0.4110231399536133	66.06325643469971
694	(-0.47500754072413204-2.7044258918590853j)	0.33125829696655273	66.15858436606291
695	(-0.5518905872785742-2.698764521215046j)	0.3959660530090332	66.25391229742611
696	(-0.6282890135609636-2.6897985910041102j)	0.3308987617492676	66.34924022878933
697	(-0.704215712627211-2.6774689190954253j)	0.33980298042297363	66.44456816015253
698	(-0.7796458136206583-2.6619174905246874j)	0.36907196044921875	66.53989609151573
699	(-0.8543640305254395-2.6433216419244916j)	0.31684231758117676	66.63522402287893
700	(-0.9280886899236465-2.6216930523996496j)	0.33227992057800293	66.73055195424213
701	(-1.000688823921622-2.5969217438838315j)	0.33539891242980957	66.82587988560533
702	(-1.0722100986428393-2.5689939942387525j)	0.36794376373291016	66.92120781696855
703	(-1.1426574406772732-2.538080694837463j)	0.33626604080200195	67.01653574833175
704	(-1.2118503619124235-2.504363439101684j)	0.30689024925231934	67.11186367969495
705	(-1.279530999081781-2.4678450027603103j)	0.31527090072631836	67.20719161105815
706	(-1.3455835392705915-2.4284057120544342j)	0.3048410415649414	67.30251954242135
707	(-1.410044836199103-2.386032178044215j)	0.31807994842529297	67.39784747378455
708	(-1.4729013573371306-2.340905930233575j)	0.31191110610961914	67.49317540514775
709	(-1.5339474103098407-2.2932301107631474j)	0.4876270294189453	67.58850333651097
710	(-1.5926498390272064-2.242676235222695j)	0.45720911026000977	67.68383126787417
711	(-1.6496952368351674-2.1902717537962793j)	0.47278594970703125	67.77915919923737
712	(-1.7043451731841617-2.1349520244945097j)	0.3509550094604492	67.87448713060057
713	(-1.7568824498509983-2.0773211492165284j)	0.3999512195587158	67.96981506196377
714	(-1.8071425966157149-2.0176003206232207j)	0.32512998580932617	68.06514299332697
715	(-1.8549062179628022-1.9558315485140452j)	0.3623170852661133	68.16047092469017
716	(-1.9001051340703432-1.8919384771339365j)	0.34917688369750977	68.25579885605339
717	(-1.942823302265353-1.8259548640169876j)	0.3361549377441406	68.35112678741659
718	(-1.9830793736825156-1.75809451981435j)	0.3545711040496826	68.44645471877979
719	(-2.0206995291214556-1.6885769415274452j)	0.29737114906311035	68.54178265014299
720	(-2.055447425419508-1.6173189483634882j)	0.31853604316711426	68.63711058150619
721	(-2.087272301310931-1.5446638415379599j)	0.33396482467651367	68.7324385128694
722	(-2.1162414390557047-1.4702969137190915j)	0.3223707675933838	68.8277664442326
723	(-2.142396432602385-1.3946082531093247j)	0.3074808120727539	68.92309437559581
724	(-2.165594640262724-1.317850900935534j)	0.33341121673583984	69.01842230695901
725	(-2.1856578874256956-1.240093166147585j)	0.34307098388671875	69.11375023832221
726	(-2.2025732300149117-1.1612952921384856j)	0.3352842330932617	69.20907816968541
727	(-2.216475826338817-1.0815302610035393j)	0.31316208839416504	69.30440610104861
728	(-2.2274297985264586-1.0010393146698915j)	0.32130002975463867	69.39973403241181
729	(-2.235309316287849-0.9200481873640329j)	0.32523083686828613	69.49506196377502
730	(-2.2399402675535502-0.8386041403380702j)	0.3396871089935303	69.59038989513823
731	(-2.2413093219713955-0.7566628125970112j)	0.3284120559692383	69.68571782650143
732	(-2.2395449144279205-0.6743133241372021j)	0.33435678482055664	69.78104575786463
733	(-2.2347092027327027-0.5918243437851739j)	0.36496496200561523	69.87637368922783
734	(-2.2266883175036645-0.5094502706610174j)	0.3294029235839844	69.97170162059103
735	(-2.215344818678016-0.42726483273154847j)	0.34551286697387695	70.06702955195423
736	(-2.2007162194763454-0.34524401633726537j)	0.3395357131958008	70.16235748331745
737	(-2.182971555599229-0.2635176183567947j)	0.3517019748687744	70.25768541468065
738	(-2.1622631745240493-0.1822548008488719j)	0.43549299240112305	70.35301334604385
739	(-2.1384721870595613-0.10176663328646983j)	0.3378901481628418	70.44834127740705
740	(-2.111503590362359-0.02205920616382518j)	0.32166194915771484	70.54366920877025
741	(-2.081409736000818+0.056919298108930386j)	0.3016676902770996	70.63899714013345
742	(-2.0483709703595427+0.1350858205173231j)	0.34354615211486816	70.73432507149666
743	(-2.012483986137693+0.21218643607986767j)	0.4356718063354492	70.82965300285987
744	(-1.9736676783674232+0.28799089750206974j)	0.310474157333374	70.92498093422307
745	(-1.9318243790433605+0.36244908690913086j)	0.3568282127380371	71.02030886558627
746	(-1.8870357387568217+0.43558863271139414j)	0.34033894538879395	71.11563679694947
747	(-1.8395234271575036+0.507307331096321j)	0.33647680282592773	71.21096472831267
748	(-1.7894287963987106+0.5773480872362295j)	0.3239750862121582	71.30629265967588
749	(-1.736719289529623+0.6455018546561081j)	0.32845306396484375	71.40162059103908
750	(-1.6813427468169329+0.711753082736759j)	0.31206393241882324	71.49694852240229
751	(-1.6234136814368894+0.7761713736197902j)	0.31075310707092285	71.59227645376549
752	(-1.5631665436038196+0.8386901595084512j)	0.29937100410461426	71.6876043851287
753	(-1.5007344083099845+0.899086117831556j)	0.30982279777526855	71.7829323164919
754	(-1.436070110795552+0.9571746793014279j)	0.29660797119140625	71.8782602478551
755	(-1.3691148129336863+1.0129502267408559j)	0.4032399654388428	71.9735881792183
756	(-1.299998054229945+1.0664702562497326j)	0.4241816997528076	72.0689161105815
757	(-1.2289332383284992+1.1176546112262393j)	0.31795501708984375	72.16424404194471
758	(-1.1561116065307087+1.1662649712476103j)	0.3795340061187744	72.25957197330791
759	(-1.0813264676836272+1.21212304975805j)	0.3294677734375	72.35489990467111
760	(-1.0051247771225003+1.2552450860546693j)	0.34111881256103516	72.45022783603432
761	(-0.9271121928629473+1.2957218345932544j)	0.3214690685272217	72.54555576739752
762	(-0.8477481147951123+1.3335110673266575j)	0.3233039379119873	72.64088369876072
763	(-0.7671971014519523+1.3684278875406124j)	0.33271288871765137	72.73621163012393
764	(-0.6854409645245984+1.4003402796012103j)	0.321073055267334	72.83153956148713
765	(-0.6024554758634748+1.4293019439574233j)	0.3678431510925293	72.92686749285033
766	(-0.5183896595058289+1.4554200231225012j)	0.35082173347473145	73.02219542421354
767	(-0.4335021393277372+1.478649298248023j)	0.33191680908203125	73.11752335557674
768	(-0.3479509504130748+1.4987964005241126j)	0.38628363609313965	73.21285128693994
769	(-0.2617310080625022+1.5157293008698831j)	0.41562914848327637	73.30817921830314
770	(-0.1748483998860332+1.5295048387012486j)	0.31954002380371094	73.40350714966635
771	(-0.08749052113892888+1.5402447910666102j)	0.32451415061950684	73.49883508102955
772	(5.037701876930978e-05+1.5479309025907761j)	0.3031778335571289	73.59416301239276
773	(0.0875975885002192+1.5524151156000687j)	0.2987949848175049	73.68949094375596
774	(0.17515104344034615+1.5536228041903972j)	0.34200215339660645	73.78481887511916
775	(0.26271046039916435+1.5516657381271723j)	0.3657341003417969	73.88014680648236
776	(0.3501069886158778+1.5467036419631621j)	0.400925874710083	73.97547473784556
777	(0.43707898609906487+1.5387404297047003j)	0.36968398094177246	74.07080266920877
778	(0.5236047542013643+1.527704389195108j)	0.3185710906982422	74.16613060057198
779	(0.6093310806461891+1.51331918740232j)	0.3024561405181885	74.26145853193518
780	(0.6946291255885482+1.495899201389637j)	0.423173189163208	74.35678646329838
781	(0.7791885447365561+1.475531008736262j)	0.4314100742340088	74.45211439466158
782	(0.8627256051993072+1.4522242481346987j)	0.323322057723999	74.54744232602478
783	(0.9450760851098852+1.4258649755403545j)	0.341480016708374	74.64277025738798
784	(1.0262427237077754+1.3964261247926655j)	0.3706238269805908	74.7380981887512
785	(1.1062178027264464+1.3640707716142977j)	0.34134674072265625	74.8334261201144
786	(1.1848226259824004+1.3290033552973337j)	0.31806111335754395	74.9287540514776
787	(1.2618038518501105+1.2912725663120461j)	0.29659104347229004	75.0240819828408
788	(1.3369681977652341+1.251087986058576j)	0.35428404808044434	75.119409914204
789	(1.4105739739052827+1.2075602575631041j)	0.45502400398254395	75.2147378455672
790	(1.482425191832964+1.1617345110064763j)	0.3076918125152588	75.3100657769304
791	(1.5524307835123328+1.1135107889428686j)	0.4741170406341553	75.40539370829362
792	(1.6203390207616921+1.0629265491000797j)	0.3119840621948242	75.50072163965682
793	(1.6860233518983343+1.0098979270336141j)	0.34763121604919434	75.59604957102002
794	(1.7495158186806599+0.9544358365841955j)	0.30801916122436523	75.69137750238322
795	(1.8108178967983282+0.8967396188718095j)	0.3093912601470947	75.78670543374642
796	(1.8697629576173613+0.8370432724747557j)	0.315885066986084	75.88203336510962
797	(1.9259824302267299+0.7753867834784821j)	0.2992839813232422	75.97736129647284
798	(1.9797871276727605+0.7118421310914483j)	0.33798670768737793	76.07268922783604
799	(2.0308525994820465+0.6463412844618134j)	0.300246000289917	76.16801715919924
800	(2.0793581929999845+0.5791388351442245j)	0.3172907829284668	76.26334509056244
801	(2.1251754534513205+0.5104622149815953j)	0.29988789558410645	76.35867302192564
802	(2.1681032154031903+0.44037265905354533j)	0.29754209518432617	76.45400095328884
803	(2.2080714417762595+0.3688129090491478j)	0.3055269718170166	76.54932888465204
804	(2.245158301359025+0.2958215289414611j)	0.29359984397888184	76.64465681601526
805	(2.279401409945464+0.2216211842042871j)	0.3121941089630127	76.73998474737846
806	(2.310659188056915+0.14645331974272402j)	0.31056785583496094	76.83531267874166
807	(2.338732792610898+0.07040492865366821j)	0.30901408195495605	76.93064061010486
808	(2.3635725219395605-0.006544785932753205j)	0.3339078426361084	77.02596854146806
809	(2.385289475005789-0.08431473956887836j)	0.29717111587524414	77.12129647283126
810	(2.403960511584309-0.16265564374263597j)	0.3040430545806885	77.21662440419446
811	(2.419493264481943-0.2413163460917107j)	0.29491186141967773	77.31195233555768
812	(2.4317397103272143-0.32022094637122056j)	0.3008301258087158	77.40728026692088
813	(2.440695895618295-0.3994092253427144j)	0.2981390953063965	77.50260819828408
814	(2.446504511954477-0.4788324522669042j)	0.35691022872924805	77.59793612964728
815	(2.449232536379369-0.5582209236607223j)	0.39272499084472656	77.69326406101048
816	(2.448798854262389-0.6373830127022714j)	0.3115251064300537	77.78859199237368
817	(2.445047546238302-0.7162312915044345j)	0.3363149166107178	77.88391992373688
818	(2.43797619099896-0.7947871750992676j)	0.31807398796081543	77.9792478551001
819	(2.4277374158116345-0.8729628786100746j)	0.3073291778564453	78.0745757864633
820	(2.414434000993536-0.950498833091742j)	0.3026430606842041	78.1699037178265
821	(2.398007340113292-1.0271429768023097j)	0.3254129886627197	78.2652316491897
822	(2.3783583123952683-1.1028202538453935j)	0.30381011962890625	78.3605595805529
823	(2.355542878528784-1.1775613947968773j)	0.31153106689453125	78.4558875119161
824	(2.329756582747773-1.2512988915784407j)	0.3005940914154053	78.55121544327932
825	(2.3011312891498434-1.3238032506563884j)	0.2955749034881592	78.64654337464252
826	(2.2696186165982173-1.3948623205341366j)	0.315640926361084	78.74187130600572
827	(2.235123925050517-1.4644324501745318j)	0.30947303771972656	78.83719923736892
828	(2.197700974152593-1.5325592398325774j)	0.3113880157470703	78.93252716873212
829	(2.1575410852972814-1.5991681204649137j)	0.2969088554382324	79.02785510009532
830	(2.114774603705759-1.6640181961742144j)	0.30764222145080566	79.12318303145852
831	(2.0693929332135883-1.726870585689501j)	0.3014960289001465	79.21851096282174
832	(2.021261020139816-1.7877055649216802j)	0.2971341609954834	79.31383889418494
833	(1.9705557373053075-1.8465319311069766j)	0.3245880603790283	79.40916682554814
834	(1.9174921651034855-1.9032937406054964j)	0.3667418956756592	79.50449475691134
835	(1.862240927596405-1.957777509729552j)	0.3785371780395508	79.59982268827454
836	(1.8047960853052063-2.009798428880144j)	0.30380797386169434	79.69515061963774
837	(1.745139913025052-2.059483717822085j)	0.30710482597351074	79.79047855100094
838	(1.6833102372336606-2.1065199952665368j)	0.296018123626709	79.88580648236416
839	(1.6196083896454476-2.1512597038605668j)	0.4278237819671631	79.98113441372736
840	(1.5541628592072325-2.1933681677636363j)	0.405170202255249	80.07646234509056
841	(1.4869587822357637-2.232666098895678j)	0.33030033111572266	80.17179027645376
842	(1.4179623654588889-2.2691440565193273j)	0.3150901794433594	80.26711820781696
843	(1.347305432323794-2.3028735840503747j)	0.31629514694213867	80.36244613918016
844	(1.275251884551854-2.333807578601547j)	0.3055450916290283	80.45777407054337
845	(1.201990426432335-2.3617552237954436j)	0.4613041877746582	80.55310200190658
846	(1.1275411404159794-2.386569426876445j)	0.38912487030029297	80.64842993326978
847	(1.0519012494152042-2.408288177869934j)	0.3268468379974365	80.74375786463298
848	(0.9752223193409026-2.427031071765953j)	0.3148651123046875	80.83908579599618
849	(0.8977651120561556-2.442795284969852j)	0.2976200580596924	80.93441372735938
850	(0.819699470101152-2.4554268872884393j)	0.3370039463043213	81.02974165872259
851	(0.7410213956246039-2.464808496690314j)	0.33846497535705566	81.12506959008579
852	(0.6617115511386706-2.4709896743122974j)	0.33562493324279785	81.220397521449
853	(0.5819165238474544-2.4740899389644553j)	0.33491992950439453	81.3157254528122
854	(0.5019020573019352-2.474094828096528j)	0.29802989959716797	81.4110533841754
855	(0.42185107245377074-2.4708494722838816j)	0.30039501190185547	81.5063813155386
856	(0.34178534583614817-2.4642504125917704j)	0.3173520565032959	81.6017092469018
857	(0.2617191817799531-2.4543787190821518j)	0.30210089683532715	81.697037178265
858	(0.18182506517214236-2.4413917539369536j)	0.32436108589172363	81.79236510962822
859	(0.10238005057071409-2.425320470864471j)	0.3370182514190674	81.88769304099142
860	(0.02355680509862368-2.4060610464559464j)	0.35233306884765625	81.98302097235462
861	(-0.0546473349745209-2.383557546327687j)	0.382781982421875	82.07834890371782
862	(-0.13224473393288383-2.357927626139401j)	0.3405308723449707	82.17367683508103
863	(-0.20908947763144803-2.329341944131091j)	0.30946803092956543	82.26900476644423
864	(-0.28492982161546443-2.297829609042169j)	0.3006269931793213	82.36433269780743
865	(-0.3596076635145814-2.263281098042685j)	0.32153820991516113	82.45966062917064
866	(-0.4331258447073322-2.225641910303286j)	0.30630016326904297	82.55498856053384
867	(-0.5054791413892827-2.1850368717448814j)	0.45111799240112305	82.65031649189704
868	(-0.5764970492834499-2.141653881026055j)	0.45557403564453125	82.74564442326025
869	(-0.6459119055345061-2.0955518096560577j)	0.3313412666320801	82.84097235462345
870	(-0.7135654830853866-2.0466644439746835j)	0.3567018508911133	82.93630028598665
871	(-0.7794707960240082-1.9949904020494245j)	0.33191990852355957	83.03162821734985
872	(-0.8436465755244356-1.9407030879095706j)	0.4351358413696289	83.12695614871306
873	(-0.9059540622056437-1.884022300868497j)	0.33092308044433594	83.22228408007626
874	(-0.9661679765071854-1.8250212339434255j)	0.3471958637237549	83.31761201143946
875	(-1.0241712975307373-1.763635576887903j)	0.32553982734680176	83.41293994280267
876	(-1.080005703136747-1.6998619662860368j)	0.33992910385131836	83.50826787416587
877	(-1.1337719341260877-1.633868171441506j)	0.3323822021484375	83.60359580552907
878	(-1.185103444521886-1.5658603232832056j)	0.334338903427124	83.69892373689227
879	(-1.2339871278938441-1.495924486933768j)	0.33626770973205566	83.79425166825548
880	(-1.2799611426229522-1.4237409162783834j)	0.41065001487731934	83.88957959961868
881	(-1.3238668989425233-1.350162899293436j)	0.365983247756958	83.98490753098189
882	(-1.364938462751019-1.2745850334289215j)	0.3240318298339844	84.08023546234509
883	(-1.4033216740923997-1.1975313833990462j)	0.32335996627807617	84.17556339370829
884	(-1.4388237995184217-1.1191060983501282j)	0.32227611541748047	84.27089132507149
885	(-1.4713728168794993-1.039280890998792j)	0.3039991855621338	84.3662192564347
886	(-1.5010643682214815-0.9581008627027539j)	0.349794864654541	84.4615471877979
887	(-1.527960902166757-0.8757657076143481j)	0.3796579837799072	84.5568751191611
888	(-1.55196419325858-0.7925080959571321j)	0.3794219493865967	84.6522030505243
889	(-1.5728901112026128-0.708412169801899j)	0.4026648998260498	84.74753098188751
890	(-1.5906724126485074-0.6234454189031833j)	0.3031778335571289	84.84285891325071
891	(-1.6053959316017186-0.5376598493840303j)	0.3580591678619385	84.93818684461391
892	(-1.6171263107016163-0.4512836208541059j)	0.3386108875274658	85.03351477597712
893	(-1.6257693325292315-0.3645778564852987j)	0.30119800567626953	85.12884270734033
894	(-1.631167615754416-0.2776529926342335j)	0.4152562618255615	85.22417063870353
895	(-1.633299312346241-0.19050348731136468j)	0.36026597023010254	85.31949857006673
896	(-1.632301262210905-0.10319899338776173j)	0.35625600814819336	85.41482650142993
897	(-1.6282849042626764-0.015968035297815875j)	0.3480689525604248	85.51015443279313
898	(-1.6211971607777966+0.07094869884587929j)	0.33804798126220703	85.60548236415633
899	(-1.6109140282666772+0.15746997802909724j)	0.36299705505371094	85.70081029551955
