	res_adaptive	time_adaptive	w
0	(1.0677484915942284-0.005583175088282651j)	0.34644198417663574	0.001
1	(1.2773948572290243-0.27654827619618255j)	0.28443098068237305	0.09632793136320304
2	(1.3840375058718841-0.3896867109331913j)	0.28908395767211914	0.19165586272640608
3	(1.4657501177605483-0.47910861242020014j)	0.28957629203796387	0.2869837940896091
4	(1.5353463140646149-0.5544904984022478j)	0.28868722915649414	0.38231172545281217
5	(1.595618602785046-0.6194582658880765j)	0.2851710319519043	0.4776396568160152
6	(1.6473336134940173-0.6779741068547639j)	0.2917170524597168	0.5729675881792182
7	(1.6926471577354156-0.7334555758623611j)	0.2885303497314453	0.6682955195424213
8	(1.7342827197509452-0.7867489965586436j)	0.2842738628387451	0.7636234509056243
9	(1.7731629047524524-0.8368242652453751j)	0.2863140106201172	0.8589513822688274
10	(1.8082661213947764-0.8833727317722502j)	0.2876920700073242	0.9542793136320304
11	(1.8389330430209583-0.9277938244097862j)	0.2912101745605469	1.0496072449952334
12	(1.866077612868195-0.9715136729089211j)	0.2845120429992676	1.1449351763584363
13	(1.8914520513774196-1.0142630655650324j)	0.28881001472473145	1.2402631077216395
14	(1.9152415726490946-1.0548275868473234j)	0.2893240451812744	1.3355910390848424
15	(1.936446376854498-1.09302238404771j)	0.2848079204559326	1.4309189704480456
16	(1.9546832813124384-1.1300709498630503j)	0.2841379642486572	1.5262469018112486
17	(1.970990852197818-1.1669623397793325j)	0.31638288497924805	1.6215748331744515
18	(1.9864966967000015-1.2032591715362337j)	0.3296358585357666	1.7169027645376547
19	(2.000973036212968-1.23802097105319j)	0.3050808906555176	1.8122306959008576
20	(2.0133564696877895-1.2713811837998539j)	0.32848119735717773	1.9075586272640608
21	(2.023387660510445-1.3044588822960015j)	0.29648518562316895	2.0028865586272637
22	(2.031969470870888-1.3378054232565113j)	0.28984498977661133	2.098214489990467
23	(2.039811526783268-1.3706942604236099j)	0.28835034370422363	2.19354242135367
24	(2.046426398509911-1.4022445488557778j)	0.2907712459564209	2.288870352716873
25	(2.050920568270379-1.4326854292365634j)	0.30114006996154785	2.384198284080076
26	(2.053346267897084-1.4629445356214936j)	0.36885929107666016	2.479526215443279
27	(2.0548130764608272-1.4932255414856954j)	0.3833630084991455	2.574854146806482
28	(2.0557577797148943-1.52275286555266j)	0.3041386604309082	2.670182078169685
29	(2.05535519466295-1.5504653845569907j)	0.30263185501098633	2.765510009532888
30	(2.0538298780410886-1.578302030060978j)	0.3667948246002197	2.8608379408960913
31	(2.050552231211358-1.6057508330497088j)	0.3319211006164551	2.956165872259294
32	(2.046691911763376-1.6333327814328222j)	0.33988189697265625	3.0514938036224972
33	(2.0424335122156365-1.6602777976516356j)	0.3426213264465332	3.1468217349857004
34	(2.037020945644606-1.6862111966949473j)	0.31146693229675293	3.242149666348903
35	(2.0298644012045415-1.7117181477737722j)	0.32941317558288574	3.3374775977121063
36	(2.0213710603589443-1.737452453607087j)	0.42542099952697754	3.4328055290753094
37	(2.012308185992627-1.7631399326001114j)	0.3139669895172119	3.5281334604385126
38	(2.0026838889681353-1.7879514087496875j)	0.32613492012023926	3.6234613918017153
39	(1.9918025581414676-1.8116759294840263j)	0.34588003158569336	3.7187893231649185
40	(1.9802770774108556-1.8348149120342967j)	0.3442511558532715	3.8141172545281217
41	(1.966026675532361-1.858357576168581j)	0.33602094650268555	3.9094451858913244
42	(1.9524432780955112-1.8814710039456228j)	0.3338329792022705	4.004773117254528
43	(1.9384468431400779-1.9036573350311958j)	0.36696386337280273	4.100101048617731
44	(1.9233288589038349-1.9249983480025004j)	0.34197306632995605	4.195428979980934
45	(1.9069275413016542-1.9462352384027044j)	0.3275778293609619	4.290756911344137
46	(1.8898482949630933-1.9677159469347154j)	0.3884119987487793	4.386084842707341
47	(1.8725318440942282-1.988920447830116j)	0.3578989505767822	4.481412774070543
48	(1.8545769661113016-2.0092440291439866j)	0.28598904609680176	4.576740705433746
49	(1.8353239347369135-2.0288587229741686j)	0.28916311264038086	4.67206863679695
50	(1.8148244637422597-2.048395324315149j)	0.3096809387207031	4.7673965681601524
51	(1.7937723528744733-2.0679468417412656j)	0.404252290725708	4.862724499523355
52	(1.7725179390804457-2.0868900783252737j)	0.29613161087036133	4.958052430886559
53	(1.750627392058021-2.10478159491994j)	0.33159613609313965	5.0533803622497615
54	(1.7276155750957585-2.121997432150406j)	0.2878139019012451	5.148708293612964
55	(1.70369443223282-2.1390150796123604j)	0.28553104400634766	5.244036224976168
56	(1.6796462523725686-2.156328368067434j)	0.29570603370666504	5.339364156339371
57	(1.6554736583193805-2.1728553340396957j)	0.29900288581848145	5.434692087702573
58	(1.6306345116366683-2.188515084422461j)	0.49152088165283203	5.530020019065777
59	(1.6046964920700426-2.203788297094641j)	0.4690220355987549	5.62534795042898
60	(1.5779831965642899-2.219171530164791j)	0.36744213104248047	5.720675881792183
61	(1.5510564679843188-2.2344282019682424j)	0.5182030200958252	5.816003813155386
62	(1.5238676656588046-2.248910645599128j)	0.3823673725128174	5.911331744518589
63	(1.495049634084976-2.262338326513561j)	0.35931992530822754	6.006659675881792
64	(1.466777843207348-2.2756112430155344j)	0.4417140483856201	6.101987607244995
65	(1.4371707056328173-2.2886993572496745j)	0.3086252212524414	6.197315538608198
66	(1.4075591180187415-2.3013958178601777j)	0.33765578269958496	6.292643469971401
67	(1.3777858142013097-2.313173032111008j)	0.28960084915161133	6.387971401334604
68	(1.347305191507902-2.324119457987208j)	0.31237196922302246	6.483299332697807
69	(1.3160350060975934-2.3348388021031488j)	0.2998471260070801	6.57862726406101
70	(1.2844895777253162-2.345595275146083j)	0.2929401397705078	6.673955195424213
71	(1.2530062084468203-2.355964994064039j)	0.29797792434692383	6.769283126787417
72	(1.2212275172050708-2.3654902375679505j)	0.4853360652923584	6.8646110581506194
73	(1.1886178147194955-2.3743506280343474j)	0.3978278636932373	6.959938989513822
74	(1.1552257062191118-2.3830646491353638j)	0.304656982421875	7.055266920877026
75	(1.1216092932293302-2.391673873945469j)	0.39195919036865234	7.1505948522402285
76	(1.088015429549427-2.3996392019613313j)	0.30986595153808594	7.245922783603431
77	(1.0540602296321504-2.406598958847861j)	0.32254481315612793	7.341250714966635
78	(1.019360813320755-2.4128700809196753j)	0.3104519844055176	7.436578646329838
79	(0.9841657650429162-2.418960914643125j)	0.32211804389953613	7.53190657769304
80	(0.9490407769238918-2.4248311844737156j)	0.39356112480163574	7.627234509056244
81	(0.9140774540610869-2.429988372323686j)	0.29609012603759766	7.722562440419447
82	(0.8787915112162753-2.4342617857335695j)	0.443432092666626	7.817890371782649
83	(0.8428514949389189-2.438089369784359j)	0.29060983657836914	7.913218303145853
84	(0.8065657694624724-2.4418856886746885j)	0.31204676628112793	8.008546234509055
85	(0.7703554984463898-2.445452524965437j)	0.3357570171356201	8.103874165872258
86	(0.7341712467020518-2.448241990379384j)	0.3669114112854004	8.19920209723546
87	(0.6974961328141795-2.4501616782016122j)	0.3013169765472412	8.294530028598665
88	(0.6601605225122056-2.4516481487594004j)	0.3332359790802002	8.389857959961867
89	(0.6226043616392442-2.452974648151587j)	0.36794304847717285	8.48518589132507
90	(0.5852652595209156-2.4538143978936673j)	0.5153052806854248	8.580513822688273
91	(0.5479896857488066-2.4537125609598522j)	0.39773988723754883	8.675841754051476
92	(0.5103261118909497-2.45276319822952j)	0.33535218238830566	8.77116968541468
93	(0.47224901574442374-2.4514869455718853j)	0.36722326278686523	8.866497616777883
94	(0.4342275780220709-2.4500921708617707j)	0.3964548110961914	8.961825548141086
95	(0.3965426681306111-2.4482094266627947j)	0.3795630931854248	9.057153479504288
96	(0.35886940383508514-2.445477938344371j)	0.3304898738861084	9.152481410867491
97	(0.32074689583905946-2.442097324648393j)	0.4042527675628662	9.247809342230694
98	(0.28223851105576747-2.4385255104970485j)	0.3230741024017334	9.343137273593898
99	(0.24381587221369838-2.4347787938103074j)	0.34853196144104004	9.438465204957101
100	(0.20582815066247484-2.430760830063984j)	0.38440394401550293	9.533793136320304
101	(0.16738667924582828-2.425019825579229j)	0.29828405380249023	9.629121067683506
102	(0.1286950125348918-2.418991788411675j)	0.3035461902618408	9.72444899904671
103	(0.08982184397839155-2.412713371648707j)	0.3104522228240967	9.819776930409914
104	(0.05126768554329986-2.4061121677154906j)	0.30640387535095215	9.915104861773116
105	(0.013100052219747305-2.398749374375818j)	0.3022878170013428	10.010432793136319
106	(-0.025099863096188946-2.390504014969162j)	0.33693385124206543	10.105760724499522
107	(-0.06358853371205553-2.3817872777920157j)	0.3087441921234131	10.201088655862725
108	(-0.10207684144662421-2.372966899198509j)	0.2992367744445801	10.296416587225927
109	(-0.14017438525238524-2.36385088199907j)	0.3053131103515625	10.391744518589132
110	(-0.17798786271003242-2.3539874691404394j)	0.304340124130249	10.487072449952334
111	(-0.21597991759831447-2.3433275533794475j)	0.2999401092529297	10.582400381315537
112	(-0.25429037765125406-2.332271233061493j)	0.32532501220703125	10.67772831267874
113	(-0.29252844950709567-2.321035170085094j)	0.30748915672302246	10.773056244041943
114	(-0.33033148207777807-2.3093006437665546j)	0.31081080436706543	10.868384175405145
115	(-0.3678616493056629-2.296662928116043j)	0.3075239658355713	10.96371210676835
116	(-0.405510417884709-2.2832206356664844j)	0.29967308044433594	11.059040038131553
117	(-0.4432637690234317-2.2694328980574623j)	0.30284905433654785	11.154367969494755
118	(-0.4806810049856868-2.2554612046256373j)	0.2999410629272461	11.249695900857958
119	(-0.5175196047412599-2.240969883033916j)	0.3099217414855957	11.34502383222116
120	(-0.5540794411545057-2.2256666627607524j)	0.30896496772766113	11.440351763584365
121	(-0.5907585238091405-2.2097700840221526j)	0.2999579906463623	11.535679694947568
122	(-0.6274788247006409-2.1937024795900926j)	0.29990291595458984	11.63100762631077
123	(-0.6638272821817081-2.177466408519195j)	0.32183289527893066	11.726335557673973
124	(-0.6996859818899256-2.160631291451199j)	0.3023669719696045	11.821663489037176
125	(-0.7354087510886547-2.1429485693689094j)	0.31455016136169434	11.916991420400379
126	(-0.7712800981395455-2.1246869630621j)	0.31258082389831543	12.012319351763583
127	(-0.8070644277145705-2.106204060716631j)	0.3116788864135742	12.107647283126786
128	(-0.8423154720947894-2.087399259915988j)	0.3240950107574463	12.202975214489989
129	(-0.8779204768334539-2.067505341487732j)	0.3107147216796875	12.298303145853192
130	(-0.9114601883140327-2.0475240552379734j)	0.3073108196258545	12.393631077216394
131	(-0.9459258322005917-2.026754090479675j)	0.3009378910064697	12.488959008579599
132	(-0.9800961456702073-2.005885195793888j)	0.3047151565551758	12.584286939942801
133	(-1.0136242465767122-1.9847374130566697j)	0.30330705642700195	12.679614871306004
134	(-1.0466322328885456-1.962924560649656j)	0.31459975242614746	12.774942802669207
135	(-1.0795470162322118-1.9404426007874056j)	0.32744693756103516	12.87027073403241
136	(-1.1124854767186019-1.9176703710107752j)	0.31468892097473145	12.965598665395612
137	(-1.1450951693881972-1.8947886360026804j)	0.3413119316101074	13.060926596758817
138	(-1.177076596151381-1.8714881576581521j)	0.315654993057251	13.15625452812202
139	(-1.2086080334240878-1.8474053633375354j)	0.5231406688690186	13.251582459485222
140	(-1.2400416875273477-1.8226430056959173j)	0.30124497413635254	13.346910390848425
141	(-1.2713381044289165-1.7976106158746614j)	0.3087143898010254	13.442238322211628
142	(-1.3020806349022458-1.7724276588850596j)	0.3478429317474365	13.537566253574832
143	(-1.332057194203087-1.7467766718704962j)	0.4076039791107178	13.632894184938035
144	(-1.3615474873840856-1.7204155853268432j)	0.35506510734558105	13.728222116301238
145	(-1.3908957390498744-1.693577435736183j)	0.35170578956604004	13.82355004766444
146	(-1.4199096097573118-1.6666496682866339j)	0.34754490852355957	13.918877979027643
147	(-1.4485088886893553-1.6396515818534423j)	0.4042658805847168	14.014205910390846
148	(-1.47632673221926-1.6121716623795495j)	0.35967373847961426	14.10953384175405
149	(-1.5038103341352627-1.584018121265888j)	0.34093809127807617	14.204861773117253
150	(-1.5312182238018905-1.5554537813849767j)	0.3055739402770996	14.300189704480456
151	(-1.5583263604897895-1.5267894346976472j)	0.29961490631103516	14.395517635843659
152	(-1.5847385392897022-1.4979021778298751j)	0.40903615951538086	14.490845567206861
153	(-1.6104375084247773-1.4684125696042385j)	0.40067625045776367	14.586173498570064
154	(-1.6357666426580624-1.438254512854132j)	0.46253275871276855	14.681501429933268
155	(-1.66087871950275-1.407794278950764j)	0.3274211883544922	14.776829361296471
156	(-1.6854812374992818-1.3773198366302657j)	0.4162898063659668	14.872157292659674
157	(-1.7092583454000554-1.3466559804476956j)	0.5269649028778076	14.967485224022877
158	(-1.732340703769936-1.3154684993571488j)	0.4240269660949707	15.06281315538608
159	(-1.7551234216668894-1.2837912142320642j)	0.4561758041381836	15.158141086749284
160	(-1.777700987044551-1.2519924454301183j)	0.502173900604248	15.253469018112487
161	(-1.7997506862610575-1.2202286450680424j)	0.37161707878112793	15.34879694947569
162	(-1.821028117792068-1.1882027482745223j)	0.419173002243042	15.444124880838892
163	(-1.8417292809171917-1.1555885021316636j)	0.28975725173950195	15.539452812202095
164	(-1.8621832934915128-1.1224950384033798j)	0.3223700523376465	15.634780743565297
165	(-1.8823350990024446-1.0892904283655822j)	0.2964050769805908	15.730108674928502
166	(-1.9017928020058652-1.0560551159639395j)	0.2873568534851074	15.825436606291705
167	(-1.920373318034864-1.0224805286063108j)	0.28830790519714355	15.920764537654907
168	(-1.9383403654078961-0.988360398810594j)	0.2910318374633789	16.016092469018112
169	(-1.9559928330257192-0.9539350456565949j)	0.29085397720336914	16.111420400381316
170	(-1.9732158973537928-0.9195758026527789j)	0.2980339527130127	16.206748331744517
171	(-1.9896664655338239-0.8852707340033341j)	0.28702807426452637	16.302076263107722
172	(-2.0053028282432916-0.8506707292843075j)	0.3057689666748047	16.397404194470923
173	(-2.020470208848098-0.815620156570712j)	0.29376721382141113	16.492732125834127
174	(-2.0354069097599004-0.7803845215733621j)	0.29918479919433594	16.588060057197332
175	(-2.0499012099265417-0.745239685345044j)	0.32528090476989746	16.683387988560533
176	(-2.0636041870711264-0.710045655095456j)	0.29633188247680664	16.778715919923737
177	(-2.0765301474426208-0.6744435264417854j)	0.3017561435699463	16.874043851286938
178	(-2.088999592157158-0.6383811103715287j)	0.3180959224700928	16.969371782650143
179	(-2.1011349863247792-0.6022043737062317j)	0.2949519157409668	17.064699714013347
180	(-2.1126413853363726-0.5661611234132009j)	0.2956562042236328	17.160027645376548
181	(-2.1232284205474703-0.5300745233157717j)	0.4317591190338135	17.255355576739753
182	(-2.1330317036824322-0.4936488017064874j)	0.32957911491394043	17.350683508102954
183	(-2.1424884154028088-0.4571625811255926j)	0.4062840938568115	17.446011439466158
184	(-2.1514503038272803-0.4203371124882236j)	0.4664037227630615	17.541339370829363
185	(-2.1598354458054283-0.3839502318595438j)	0.29372096061706543	17.636667302192564
186	(-2.1673728694102854-0.34750610569873275j)	0.3010890483856201	17.731995233555768
187	(-2.174277655019493-0.31071521038719196j)	0.3148207664489746	17.82732316491897
188	(-2.1808626157825173-0.2736949406160747j)	0.28961896896362305	17.922651096282173
189	(-2.1870656858732636-0.23678013187866964j)	0.28806304931640625	18.017979027645374
190	(-2.1925219368538005-0.20001517207375263j)	0.2991940975189209	18.11330695900858
191	(-2.197077953112748-0.16309506411656893j)	0.4286332130432129	18.208634890371783
192	(-2.2009884618206024-0.12583727022629265j)	0.34914398193359375	18.303962821734984
193	(-2.2045122439268354-0.08848358937558753j)	0.3939840793609619	18.39929075309819
194	(-2.2075162110368756-0.05137898377437189j)	0.29235219955444336	18.49461868446139
195	(-2.2096776073258786-0.0145020413622019j)	0.31888580322265625	18.589946615824594
196	(-2.2110562902818702+0.022534163552124786j)	0.2918989658355713	18.6852745471878
197	(-2.211757948495392+0.059635774902661476j)	0.2865478992462158	18.780602478551
198	(-2.212233934537596+0.0967417565743347j)	0.2910499572753906	18.875930409914204
199	(-2.2122060744966583+0.13353111407155405j)	0.2885000705718994	18.971258341277405
200	(-2.211369681277346+0.17015542341801126j)	0.2949409484863281	19.06658627264061
201	(-2.2097687440393545+0.206955796075316j)	0.36540699005126953	19.161914204003814
202	(-2.2077176920554833+0.24396758657716833j)	0.42859506607055664	19.257242135367015
203	(-2.2053105778351916+0.2808715205184107j)	0.47766804695129395	19.35257006673022
204	(-2.202256856757037+0.3174573570612388j)	0.4835999011993408	19.44789799809342
205	(-2.1982899898767814+0.3539100939899199j)	0.4469339847564697	19.543225929456625
206	(-2.1935481651033806+0.3904980685232573j)	0.49373412132263184	19.63855386081983
207	(-2.188365376206551+0.42713273468587676j)	0.33078718185424805	19.73388179218303
208	(-2.1827878791607573+0.46346264184875163j)	0.2974381446838379	19.829209723546235
209	(-2.1765290674608933+0.49936447523653127j)	0.40215396881103516	19.924537654909436
210	(-2.169428272597777+0.5351058537648615j)	0.3662068843841553	20.01986558627264
211	(-2.1617161725732483+0.5709409295793637j)	0.34985804557800293	20.11519351763584
212	(-2.153693841373467+0.6067403410199966j)	0.43879222869873047	20.210521448999046
213	(-2.145296519437453+0.642197247641737j)	0.3494141101837158	20.30584938036225
214	(-2.136188276586801+0.6772972523935067j)	0.3577280044555664	20.40117731172545
215	(-2.126247472114476+0.7123450802860526j)	0.36452698707580566	20.496505243088656
216	(-2.1157248481253035+0.7475062394835809j)	0.29951000213623047	20.591833174451857
217	(-2.104846762041971+0.7825442511454119j)	0.3041560649871826	20.68716110581506
218	(-2.093464184977837+0.8171428067443888j)	0.3044159412384033	20.782489037178266
219	(-2.0812688016020346+0.8513384906845667j)	0.3634939193725586	20.877816968541467
220	(-2.068260890847384+0.8854235589454023j)	0.3077268600463867	20.97314489990467
221	(-2.0547673304578975+0.9194776058824699j)	0.3137168884277344	21.068472831267872
222	(-2.040985616080399+0.9532255627129118j)	0.3185288906097412	21.163800762631077
223	(-2.0267236513054527+0.9864359351128784j)	0.33345699310302734	21.25912869399428
224	(-2.0117148075429268+1.019266032836486j)	0.3467099666595459	21.354456625357482
225	(-1.9960338046776303+1.0520374873846838j)	0.36222100257873535	21.449784556720687
226	(-1.9799902552956126+1.0847719733789694j)	0.31621408462524414	21.545112488083888
227	(-1.9636620309937352+1.117172139283218j)	0.31967997550964355	21.640440419447092
228	(-1.9467658620556103+1.1490655935364888j)	0.32846689224243164	21.735768350810293
229	(-1.9290589597914922+1.1806495825951326j)	0.3031628131866455	21.831096282173498
230	(-1.910683372158024+1.2121746345520301j)	0.3168771266937256	21.926424213536702
231	(-1.8919445677413016+1.2435377400278997j)	0.3386569023132324	22.021752144899903
232	(-1.8728622877334435+1.2743999870098124j)	0.31762194633483887	22.117080076263107
233	(-1.8531594699493317+1.3046541398429878j)	0.36801695823669434	22.21240800762631
234	(-1.832703362164325+1.33455407545231j)	0.30681800842285156	22.307735938989513
235	(-1.8117350386482947+1.3643208809967748j)	0.2961411476135254	22.403063870352717
236	(-1.7905437512017426+1.3938103326420002j)	0.2918210029602051	22.49839180171592
237	(-1.7690635658073406+1.4227376817640456j)	0.32713913917541504	22.593719733079123
238	(-1.746987929147308+1.4511135930084906j)	0.35928893089294434	22.689047664442324
239	(-1.7242275865826409+1.4792418719955753j)	0.2939271926879883	22.78437559580553
240	(-1.7010346660150368+1.5072752072442537j)	0.3302602767944336	22.879703527168733
241	(-1.6776105778471113+1.5349860367509898j)	0.289870023727417	22.975031458531934
242	(-1.6537922805105847+1.5620907688127197j)	0.2975480556488037	23.07035938989514
243	(-1.629285628487426+1.5886440435208584j)	0.330582857131958	23.16568732125834
244	(-1.6041026811966264+1.6149214182076437j)	0.3655221462249756	23.261015252621544
245	(-1.578556297515317+1.6409754216692516j)	0.33525562286376953	23.356343183984748
246	(-1.55281895528975+1.6665262580841325j)	0.3477311134338379	23.45167111534795
247	(-1.5267020114368473+1.6913594596923927j)	0.30159497261047363	23.546999046711154
248	(-1.4999473603101925+1.7156789634192506j)	0.3630549907684326	23.642326978074355
249	(-1.4727289371050376+1.7396535628281065j)	0.3697340488433838	23.73765490943756
250	(-1.4447664640557865+1.7642316190274672j)	0.4323079586029053	23.83298284080076
251	(-1.4176949249414599+1.7866597961901247j)	0.3336222171783447	23.928310772163965
252	(-1.3896980566546717+1.8092315296804533j)	0.6696381568908691	24.02363870352717
253	(-1.361074062637027+1.8313494243815118j)	0.48453688621520996	24.11896663489037
254	(-1.3319692710153201+1.8532509652898512j)	0.3129410743713379	24.214294566253574
255	(-1.302664392742822+1.8748271276359096j)	0.2968730926513672	24.309622497616775
256	(-1.2731530838370317+1.8957561536733756j)	0.2982370853424072	24.40495042897998
257	(-1.243162426523945+1.9159495226102088j)	0.3255469799041748	24.500278360343184
258	(-1.212580012387111+1.9356514673428906j)	0.30948901176452637	24.595606291706385
259	(-1.1816517471413603+1.9550517439397703j)	0.32599401473999023	24.69093422306959
260	(-1.1506517184124068+1.9739920210531618j)	0.39615392684936523	24.78626215443279
261	(-1.1195114446165992+1.9922036428282097j)	0.38234996795654297	24.881590085795995
262	(-1.0879513559836753+2.0097169626953555j)	0.3162400722503662	24.9769180171592
263	(-1.055915558434903+2.0268328248849277j)	0.4074249267578125	25.0722459485224
264	(-1.0236590296751866+2.043691951584627j)	0.31410908699035645	25.167573879885605
265	(-0.9914374554896522+2.0599208682531747j)	0.3525359630584717	25.262901811248806
266	(-0.9588612932018192+2.0757384378590675j)	0.307689905166626	25.35822974261201
267	(-0.9258670938733786+2.0907530928081455j)	0.3403768539428711	25.45355767397521
268	(-0.892404336847488+2.1053869436102572j)	0.30025696754455566	25.548885605338416
269	(-0.8587688728998678+2.1196717894951904j)	0.3105580806732178	25.64421353670162
270	(-0.825106438427632+2.1333282588900797j)	0.29479193687438965	25.73954146806482
271	(-0.7912256194377002+2.146157637415106j)	0.2985677719116211	25.834869399428026
272	(-0.7569180723080788+2.1583213006967696j)	0.37308478355407715	25.930197330791227
273	(-0.7223060563598389+2.1700968750454734j)	0.3461649417877197	26.02552526215443
274	(-0.6876930689333274+2.181474869337979j)	0.35975217819213867	26.120853193517636
275	(-0.6531375559021978+2.1921893561117267j)	0.3159620761871338	26.216181124880837
276	(-0.6183801611641039+2.202135215427477j)	0.3547329902648926	26.31150905624404
277	(-0.5832315711424344+2.211538759328948j)	0.3380122184753418	26.406836987607242
278	(-0.5478468028872348+2.220629967014315j)	0.3688781261444092	26.502164918970447
279	(-0.5124837347286492+2.2292979653067198j)	0.32482004165649414	26.59749285033365
280	(-0.4771120886980085+2.237243228636589j)	0.35632991790771484	26.692820781696852
281	(-0.44146099531372707+2.244398650282789j)	0.3493077754974365	26.788148713060057
282	(-0.4054320665623017+2.2510042968740223j)	0.3570668697357178	26.883476644423258
283	(-0.36926970153815275+2.257221955257226j)	0.29794812202453613	26.978804575786462
284	(-0.33322904768580386+2.262881040682544j)	0.3428342342376709	27.074132507149667
285	(-0.2972350114010559+2.26772510181447j)	0.3123350143432617	27.169460438512868
286	(-0.2610313067089123+2.271799332490108j)	0.2962942123413086	27.264788369876072
287	(-0.22459158924504352+2.275398174009821j)	0.3419308662414551	27.360116301239273
288	(-0.18817725209016+2.2786485038233804j)	0.3106727600097656	27.455444232602478
289	(-0.15195604920520833+2.2813428702122076j)	0.2909989356994629	27.55077216396568
290	(-0.1157511405452466+2.2832648722227655j)	0.34380197525024414	27.646100095328883
291	(-0.07929641312925262+2.2845142753975147j)	0.34978795051574707	27.741428026692088
292	(-0.042624396728388025+2.2853547625928705j)	0.31359314918518066	27.83675595805529
293	(-0.006011956721056477+2.285802823319998j)	0.29351377487182617	27.932083889418493
294	(0.030423100143195048+2.2855844076323706j)	0.3323948383331299	28.027411820781694
295	(0.06687971515618585+2.284518280975471j)	0.3508431911468506	28.1227397521449
296	(0.10354802303551935+2.2827671659847546j)	0.31041884422302246	28.218067683508103
297	(0.14029134154463685+2.2805861543563415j)	0.31732892990112305	28.313395614871304
298	(0.17681287621869346+2.277946416424035j)	0.30898213386535645	28.40872354623451
299	(0.2130638356266471+2.274592669690161j)	0.29123425483703613	28.50405147759771
300	(0.24929845730709554+2.270476518074842j)	0.2928121089935303	28.599379408960914
301	(0.28565205021661233+2.265741724273112j)	0.28987908363342285	28.69470734032412
302	(0.32192397432000575+2.260487238410511j)	0.2778489589691162	28.79003527168732
303	(0.35805080425781244+2.255223564164113j)	0.28850626945495605	28.885363203050524
304	(0.3938985175668458+2.249024634866086j)	0.3170607089996338	28.980691134413725
305	(0.4297992306687843+2.242066872852216j)	0.3637681007385254	29.07601906577693
306	(0.4658398097428872+2.234587796268021j)	0.2918379306793213	29.17134699714013
307	(0.5017829552117156+2.226728371782308j)	0.32579874992370605	29.266674928503335
308	(0.5373968032909061+2.2183072399036647j)	0.28951191902160645	29.36200285986654
309	(0.5727682446459019+2.209079289277907j)	0.2902340888977051	29.45733079122974
310	(0.6081344914015098+2.19910046757805j)	0.293071985244751	29.552658722592945
311	(0.643497461073868+2.1886548631322946j)	0.2901298999786377	29.647986653956146
312	(0.6785913835894302+2.1778533312133184j)	0.2995181083679199	29.74331458531935
313	(0.7132605207299114+2.166495315342512j)	0.32801389694213867	29.838642516682555
314	(0.7476829819652928+2.154393490347887j)	0.29958510398864746	29.933970448045756
315	(0.7821076055489425+2.1416720702932848j)	0.3090989589691162	30.02929837940896
316	(0.8164918432510291+2.1285920132394374j)	0.3112318515777588	30.12462631077216
317	(0.8505756270190149+2.115162357595549j)	0.3085958957672119	30.219954242135366
318	(0.8842693241366542+2.101118044262616j)	0.3401811122894287	30.31528217349857
319	(0.9177827697846199+2.0862986048302616j)	0.3343338966369629	30.41061010486177
320	(0.9512932500618759+2.0708685144282493j)	0.2934410572052002	30.505938036224975
321	(0.9846571551340928+2.0550616848066268j)	0.3325376510620117	30.601265967588176
322	(1.0175893328042702+2.038830263357665j)	0.2872951030731201	30.69659389895138
323	(1.050052446331904+2.0219254607092165j)	0.35791802406311035	30.791921830314585
324	(1.0822807002363637+2.0042868302942343j)	0.32508230209350586	30.887249761677786
325	(1.1144087008136616+1.9861579106668277j)	0.31210994720458984	30.98257769304099
326	(1.1462599255505657+1.9677520274037252j)	0.3151240348815918	31.077905624404192
327	(1.1776103496685137+1.948962390305816j)	0.38733601570129395	31.173233555767396
328	(1.208181191227146+1.927450736175278j)	0.29663705825805664	31.268561487130597
329	(1.2392756851971367+1.9094662479934192j)	0.30428099632263184	31.3638894184938
330	(1.269937413918652+1.8889861999688118j)	0.29529404640197754	31.459217349857006
331	(1.300283280392079+1.868223408890527j)	0.37035608291625977	31.554545281220207
332	(1.3301084603759066+1.846989024584781j)	0.3428161144256592	31.64987321258341
333	(1.3595144647352282+1.825049643810675j)	0.34381604194641113	31.745201143946613
334	(1.3887282037509807+1.8024694276970616j)	0.30170392990112305	31.840529075309817
335	(1.4177314170849422+1.7795194588568497j)	0.2998170852661133	31.93585700667302
336	(1.4462568675660037+1.7562904097248422j)	0.29978132247924805	32.03118493803622
337	(1.474161042805474+1.7325852666393575j)	0.297529935836792	32.12651286939942
338	(1.5016207474940877+1.7082421437707298j)	0.3065609931945801	32.22184080076263
339	(1.52886646892805+1.6834042311787192j)	0.2978360652923584	32.31716873212583
340	(1.5558434911813868+1.65833155390385j)	0.29890894889831543	32.41249666348903
341	(1.5823064013000967+1.6330284726058164j)	0.32518482208251953	32.50782459485224
342	(1.6081922258469514+1.6072427076220284j)	0.30361008644104004	32.60315252621544
343	(1.6337207114097148+1.5808355891356227j)	0.29936981201171875	32.69848045757864
344	(1.6590628265612166+1.5539772721297251j)	0.2999899387359619	32.79380838894184
345	(1.68407307381569+1.5268822002791154j)	0.30198097229003906	32.88913632030505
346	(1.7084829806329094+1.4994841862517192j)	0.2995729446411133	32.98446425166825
347	(1.7322711080116342+1.4715380473494457j)	0.30422496795654297	33.07979218303145
348	(1.7556619688558068+1.4429980505257671j)	0.30965375900268555	33.17512011439466
349	(1.7787675927627726+1.4141080790088874j)	0.3587970733642578	33.27044804575786
350	(1.801400598019948+1.385068901196217j)	0.34909820556640625	33.36577597712106
351	(1.823150993138171+1.355810766417827j)	0.36971211433410645	33.46110390848427
352	(1.8457858682454016+1.325488690065192j)	0.299846887588501	33.55643183984747
353	(1.8656881721877563+1.2957445337778513j)	0.35971903800964355	33.65175977121067
354	(1.886412745125344+1.2652684946654937j)	0.3409101963043213	33.74708770257387
355	(1.9066459437217298+1.2346794913715498j)	0.2945220470428467	33.84241563393708
356	(1.9262111117027005+1.2037857418195106j)	0.32817602157592773	33.93774356530028
357	(1.945219808346219+1.1721475167647557j)	0.31551218032836914	34.03307149666348
358	(1.9636958931614017+1.1403464583770355j)	0.3215160369873047	34.12839942802669
359	(1.9822481303354684+1.1084241236862051j)	0.3109118938446045	34.22372735938989
360	(1.9999561927432226+1.0762255685721958j)	0.3106260299682617	34.31905529075309
361	(2.0169107533640616+1.0437001866475906j)	0.31342315673828125	34.41438322211629
362	(2.033287987583183+1.010704562954218j)	0.3114042282104492	34.5097111534795
363	(2.0492983795592914+0.9773974850403407j)	0.30249595642089844	34.6050390848427
364	(2.0648741697143733+0.9440354410646955j)	0.3116416931152344	34.7003670162059
365	(2.079779970060711+0.9106182106047176j)	0.3092830181121826	34.79569494756911
366	(2.09397718612946+0.8769077111476326j)	0.322023868560791	34.89102287893231
367	(2.107695142751986+0.8427904046790992j)	0.325206995010376	34.98635081029551
368	(2.121099046699909+0.8084423774390774j)	0.29692983627319336	35.08167874165872
369	(2.134045535001865+0.7740631685194762j)	0.31926798820495605	35.17700667302192
370	(2.146287580678757+0.7395690485934838j)	0.3095130920410156	35.27233460438512
371	(2.1578223423720964+0.7047181566442704j)	0.30706286430358887	35.36766253574832
372	(2.168871357766979+0.669474757698654j)	0.3172171115875244	35.46299046711153
373	(2.1795258538714792+0.6340789069258569j)	0.30389404296875	35.55831839847473
374	(2.189589667385299+0.5987308059514496j)	0.302401065826416	35.65364632983793
375	(2.1988664182097075+0.563138382331981j)	0.2999691963195801	35.74897426120114
376	(2.207428214945149+0.5275361067003378j)	0.31440281867980957	35.84430219256434
377	(2.215545742018173+0.4915521727680078j)	0.30147886276245117	35.93963012392754
378	(2.223271846414284+0.45556580036494787j)	0.30304813385009766	36.034958055290744
379	(2.2303983733529313+0.4196812411723505j)	0.3115372657775879	36.13028598665395
380	(2.236775856909165+0.38370718407306925j)	0.3272731304168701	36.22561391801715
381	(2.2425437070668486+0.3474383505441714j)	0.30571913719177246	36.320941849380354
382	(2.2479200989084047+0.3109537086780054j)	0.297839879989624	36.41626978074356
383	(2.2528667826834026+0.27449516586265127j)	0.3878440856933594	36.51159771210676
384	(2.2571273218271686+0.23810858851170236j)	0.39746594429016113	36.606925643469964
385	(2.2605869434722177+0.2015897047874859j)	0.3685128688812256	36.70225357483317
386	(2.263422140883199+0.1648092628874632j)	0.3568460941314697	36.79758150619637
387	(2.265823462677228+0.12793512079462255j)	0.3245830535888672	36.892909437559574
388	(2.2677087726240432+0.09121619956122207j)	0.35697007179260254	36.988237368922775
389	(2.268851243706006+0.054646283191429584j)	0.3115360736846924	37.08356530028598
390	(2.2692308725207355+0.018000525850761284j)	0.360400915145874	37.178893231649184
391	(2.2690836858206875-0.018810057723041396j)	0.3242671489715576	37.274221163012385
392	(2.268561592602157-0.055532226434819004j)	0.30724096298217773	37.36954909437559
393	(2.2675471041200836-0.09218254723415692j)	0.32865381240844727	37.464877025738794
394	(2.2657942679072463-0.12865617658871742j)	0.4077591896057129	37.560204957101995
395	(2.263331082979064-0.16525917248356636j)	0.30635905265808105	37.655532888465196
396	(2.2603775980390175-0.2020190442478766j)	0.3133881092071533	37.750860819828404
397	(2.2570103296872617-0.2387035583335343j)	0.3888120651245117	37.846188751191605
398	(2.2530279990752855-0.27514986356438786j)	0.33556222915649414	37.941516682554806
399	(2.2482380667895874-0.3114787692812234j)	0.332456111907959	38.036844613918014
400	(2.2427363714139132-0.34788392864825834j)	0.31398606300354004	38.132172545281215
401	(2.2367671594197778-0.3843078597749124j)	0.2944021224975586	38.227500476644416
402	(2.2303743455407647-0.4204995369933739j)	0.29312896728515625	38.322828408007624
403	(2.2233545975631026-0.45636359129175j)	0.29206204414367676	38.418156339370825
404	(2.2155852717924702-0.4920887237402862j)	0.29073405265808105	38.513484270734025
405	(2.2072237017345224-0.5278624078252926j)	0.2970240116119385	38.608812202097226
406	(2.1984868251914955-0.5635972245485954j)	0.32173919677734375	38.704140133460434
407	(2.189332952005909-0.599064864467824j)	0.3045790195465088	38.799468064823635
408	(2.1795179811789698-0.6342422389784856j)	0.3039281368255615	38.894795996186836
409	(2.168945457031265-0.6693402445225842j)	0.36490392684936523	38.990123927550044
410	(2.157795375740271-0.7044797092068817j)	0.4881742000579834	39.085451858913245
411	(2.146165695126386-0.7390403606291851j)	0.3121988773345947	39.180779790276446
412	(2.1341817099197145-0.7741324291774863j)	0.3000209331512451	39.276107721639654
413	(2.121399786624458-0.8084264218935526j)	0.33289003372192383	39.371435653002855
414	(2.1078902051718686-0.8425829065065016j)	0.323976993560791	39.466763584366056
415	(2.0938902741805796-0.8766682421333203j)	0.3124659061431885	39.56209151572926
416	(2.079551235692354-0.9104880178940135j)	0.3213038444519043	39.657419447092465
417	(2.0647361610312567-0.9438673575529948j)	0.34866929054260254	39.752747378455666
418	(2.0492453286750854-0.9769137593673967j)	0.42950987815856934	39.84807530981887
419	(2.033121670530064-1.0098612737704806j)	0.3059730529785156	39.943403241182075
420	(2.016590666124221-1.0427285234718944j)	0.2922210693359375	40.038731172545276
421	(1.9997153619067782-1.0752945040693487j)	0.3073406219482422	40.13405910390848
422	(1.982293510335028-1.107420165642838j)	0.29606199264526367	40.22938703527168
423	(1.9641443933213716-1.139238431269312j)	0.31017494201660156	40.324714966634886
424	(1.945369941585585-1.170933686868298j)	0.31340575218200684	40.42004289799809
425	(1.9263035072594419-1.2025465922012124j)	0.319566011428833	40.51537082936129
426	(1.906665883597026-1.23349245535484j)	0.463543176651001	40.610698760724496
427	(1.886563512956998-1.264020440875596j)	0.36919498443603516	40.7060266920877
428	(1.8657919615528349-1.2942036184917312j)	0.30675697326660156	40.8013546234509
429	(1.8445230961432917-1.324212199563994j)	0.28911495208740234	40.896682554814106
430	(1.8230563116195622-1.3537141202590195j)	0.30791473388671875	40.99201048617731
431	(1.8010978655669017-1.383189648991612j)	0.29153895378112793	41.08733841754051
432	(1.778668657450047-1.4119416131699833j)	0.3841888904571533	41.18266634890371
433	(1.7556103027528547-1.4404193403614j)	0.32096099853515625	41.27799428026692
434	(1.7321072409305092-1.4687374298753442j)	0.3430509567260742	41.37332221163012
435	(1.708316727783521-1.4967266762004978j)	0.32215118408203125	41.46865014299332
436	(1.6841289034008038-1.5241687731805196j)	0.39408206939697266	41.56397807435653
437	(1.6593260216499246-1.551090936068608j)	0.31461286544799805	41.65930600571973
438	(1.6332813402349937-1.5757065489929438j)	0.34714388847351074	41.75463393708293
439	(1.6077829522036047-1.6041573833473077j)	0.3502659797668457	41.84996186844613
440	(1.5821181833517084-1.6299182054385088j)	0.30260205268859863	41.94528979980934
441	(1.555733320305953-1.6551582291410007j)	0.33492517471313477	42.04061773117254
442	(1.52880030876651-1.679878646565054j)	0.33002686500549316	42.13594566253574
443	(1.5013851896025003-1.7043061363790644j)	0.32098984718322754	42.23127359389895
444	(1.47371673338552-1.7284509068474434j)	0.3059511184692383	42.32660152526215
445	(1.4458510542151233-1.7521014531965489j)	0.3738558292388916	42.42192945662535
446	(1.4175871138215468-1.775143556802714j)	0.3697631359100342	42.51725738798856
447	(1.3887591615330028-1.7977270675039474j)	0.31865620613098145	42.61258531935176
448	(1.3594743129643667-1.8200292388344133j)	0.28444719314575195	42.70791325071496
449	(1.329950289650477-1.841972102524108j)	0.31137514114379883	42.80324118207816
450	(1.300196018292699-1.8633112101946803j)	0.29322004318237305	42.89856911344137
451	(1.2700118975019556-1.88397392834853j)	0.30428504943847656	42.99389704480457
452	(1.2393101065012264-1.9041415041558087j)	0.3071579933166504	43.08922497616777
453	(1.2082733150254996-1.9239652974201187j)	0.3215031623840332	43.18455290753098
454	(1.177113036081186-1.943333821528155j)	0.3252983093261719	43.27988083889418
455	(1.1457829254861818-1.9620418985960357j)	0.3032090663909912	43.37520877025738
456	(1.1140700432035935-1.980104896452803j)	0.3013582229614258	43.47053670162058
457	(1.0819226420793937-1.9977461723031606j)	0.3098161220550537	43.56586463298379
458	(1.0495308020382426-2.015074892384985j)	0.287700891494751	43.66119256434699
459	(1.017039783487897-2.0319268433163162j)	0.3231348991394043	43.75652049571019
460	(0.9843283438499589-2.048103279288282j)	0.290834903717041	43.8518484270734
461	(0.9511851161939291-2.063652288751618j)	0.3120758533477783	43.9471763584366
462	(0.9176250824208476-2.078775213403727j)	0.33101391792297363	44.0425042897998
463	(0.8838770134305651-2.093502579397211j)	0.2923007011413574	44.13783222116301
464	(0.8500633434869007-2.107626540434092j)	0.2951960563659668	44.23316015252621
465	(0.8160451068966774-2.120992522179385j)	0.2939717769622803	44.32848808388941
466	(0.7816616343974307-2.1337199846355848j)	0.3099551200866699	44.42381601525261
467	(0.7469983619718714-2.146025244357468j)	0.2935371398925781	44.51914394661582
468	(0.7122865252904658-2.1579083964762753j)	0.3033158779144287	44.61447187797902
469	(0.6775764835646727-2.169166654446231j)	0.30812716484069824	44.70979980934222
470	(0.6426720605257665-2.179709675772395j)	0.298022985458374	44.80512774070543
471	(0.607423199788689-2.189702083863847j)	0.3016667366027832	44.90045567206863
472	(0.571945342420964-2.199320119448275j)	0.30773091316223145	44.99578360343183
473	(0.5364417740906051-2.208481973176286j)	0.29900503158569336	45.09111153479503
474	(0.5009029914093899-2.2169542575274366j)	0.3274240493774414	45.18643946615824
475	(0.465126170890801-2.224679323837379j)	0.3180379867553711	45.28176739752144
476	(0.42903541263782874-2.231837618746597j)	0.43440890312194824	45.37709532888464
477	(0.39281744692825005-2.23856317838947j)	0.37074804306030273	45.47242326024785
478	(0.35667513966367503-2.244733083931345j)	0.3061950206756592	45.56775119161105
479	(0.3205576041060334-2.2501498059832254j)	0.2959721088409424	45.66307912297425
480	(0.28426635647109755-2.2548428173877206j)	0.304304838180542	45.75840705433746
481	(0.24777187471254836-2.2590379193725654j)	0.3139688968658447	45.85373498570066
482	(0.21127236703381047-2.2628376595703896j)	0.31337523460388184	45.94906291706386
483	(0.17490220436755322-2.2660840985721j)	0.3133981227874756	46.044390848427064
484	(0.13853445340031167-2.268604177622542j)	0.31987619400024414	46.13971877979027
485	(0.10195811043115988-2.2704559113584297j)	0.29600095748901367	46.23504671115347
486	(0.06520082868800858-2.2718503869948408j)	0.304218053817749	46.330374642516674
487	(0.028480485519071785-2.2728042766279595j)	0.3072469234466553	46.42570257387988
488	(-0.008099969890118408-2.2731083225869004j)	0.3154633045196533	46.52103050524308
489	(-0.04468633062048444-2.272618840851569j)	0.30599117279052734	46.61635843660628
490	(-0.08142660561166959-2.2714591604016094j)	0.3174252510070801	46.71168636796949
491	(-0.11822074421136386-2.2698340931773684j)	0.31516313552856445	46.80701429933269
492	(-0.1548371495140346-2.267730183306471j)	0.3780970573425293	46.90234223069589
493	(-0.19123172181150072-2.2649522317813j)	0.33570194244384766	46.997670162059094
494	(-0.22759471210934512-2.2614300343546274j)	0.3169710636138916	47.0929980934223
495	(-0.2640577921283638-2.2573424627772534j)	0.31043410301208496	47.1883260247855
496	(-0.3004979685779531-2.2528642244181487j)	0.3018372058868408	47.283653956148704
497	(-0.33672289641404796-2.2479134735575794j)	0.3005702495574951	47.37898188751191
498	(-0.3727609575529752-2.242271541517926j)	0.3080861568450928	47.47430981887511
499	(-0.40881789739494734-2.23589897581739j)	0.3000638484954834	47.569637750238314
500	(-0.4449626643816139-2.2289779006450203j)	0.32437801361083984	47.664965681601515
501	(-0.4810088684083207-2.221627616836355j)	0.37363600730895996	47.76029361296472
502	(-0.5167674886299112-2.213714194089201j)	0.3404197692871094	47.855621544327924
503	(-0.5522968448698917-2.2050471781020793j)	0.35145020484924316	47.950949475691125
504	(-0.5877848890479701-2.1956665441290912j)	0.2882270812988281	48.04627740705433
505	(-0.6232403250027779-2.185796699732542j)	0.3339710235595703	48.141605338417534
506	(-0.6584587755491336-2.175531932663084j)	0.31536316871643066	48.236933269780735
507	(-0.6936855129999703-2.164178936350612j)	0.27415895462036133	48.33226120114394
508	(-0.7279391913714206-2.1532008669055767j)	0.30214405059814453	48.427589132507144
509	(-0.7625326780262868-2.141069627041572j)	0.3031270503997803	48.522917063870345
510	(-0.7970652893196734-2.128527114642582j)	0.2945590019226074	48.618244995233546
511	(-0.8313273907464405-2.1155865206183946j)	0.30358409881591797	48.713572926596754
512	(-0.865237577179012-2.1020413495592085j)	0.30526208877563477	48.808900857959955
513	(-0.8989510884553263-2.0877604941162664j)	0.31550002098083496	48.904228789323156
514	(-0.93260894065018-2.07287206857744j)	0.3032829761505127	48.999556720686364
515	(-0.9661010908213964-2.0575675759891388j)	0.3233051300048828	49.094884652049565
516	(-0.9992001050198365-2.041819773633118j)	0.3152651786804199	49.190212583412766
517	(-1.0318703758423258-2.025435872954388j)	0.3085899353027344	49.28554051477597
518	(-1.0644039477876421-2.0082595369723553j)	0.3164079189300537	49.380868446139175
519	(-1.0965899177419747-1.9907928690374792j)	0.32157087326049805	49.476196377502376
520	(-1.1286198829958947-1.9728942372624376j)	0.30547213554382324	49.57152430886558
521	(-1.1602043939153786-1.9545877817444421j)	0.3250911235809326	49.666852240228785
522	(-1.191387136453205-1.935671060226985j)	0.31009578704833984	49.762180171591986
523	(-1.2223770664300246-1.9161248887490046j)	0.3062460422515869	49.85750810295519
524	(-1.2532380220752468-1.8961365048651497j)	0.3069159984588623	49.952836034318395
525	(-1.2837874781830894-1.875812797834555j)	0.3194599151611328	50.048163965681596
526	(-1.3138541975803402-1.8550110785768188j)	0.45778417587280273	50.1434918970448
527	(-1.3435097570786931-1.8335470692512064j)	0.305833101272583	50.238819828408
528	(-1.372933278207933-1.811469280700719j)	0.31248998641967773	50.334147759771206
529	(-1.4021179094029301-1.7889970179763388j)	0.31143617630004883	50.42947569113441
530	(-1.4308543646231167-1.7662125953069827j)	0.3001978397369385	50.52480362249761
531	(-1.4590239679312798-1.7429636873848704j)	0.3169591426849365	50.620131553860816
532	(-1.4867647435397044-1.7191155478167661j)	0.34595799446105957	50.71545948522402
533	(-1.5142635704603027-1.6947760928591107j)	0.3456401824951172	50.81078741658722
534	(-1.5414825478175567-1.6701517403863206j)	0.3066248893737793	50.90611534795042
535	(-1.5682233530971796-1.645250656823631j)	0.32253122329711914	51.00144327931363
536	(-1.5944251990905725-1.6198723649730313j)	0.3047642707824707	51.09677121067683
537	(-1.6202560921952152-1.5939016556999208j)	0.3012239933013916	51.19209914204003
538	(-1.6458520286923788-1.567471087847921j)	0.32036495208740234	51.28742707340324
539	(-1.671099178381404-1.5407598163773106j)	0.3103508949279785	51.38275500476644
540	(-1.695778986699911-1.513725380795774j)	0.32997608184814453	51.47808293612964
541	(-1.7198664821563152-1.4861765614692954j)	0.3691260814666748	51.573410867492846
542	(-1.7435425766008315-1.4580734890586187j)	0.5388522148132324	51.66873879885605
543	(-1.7669023396269867-1.4296108339794775j)	0.6719827651977539	51.76406673021925
544	(-1.7898040424516042-1.4009559024819236j)	0.5607421398162842	51.85939466158245
545	(-1.8116281615162173-1.3715967326652736j)	0.3067209720611572	51.95472259294566
546	(-1.8337698968537834-1.3426376778261409j)	0.4310910701751709	52.05005052430886
547	(-1.855101311571735-1.3127915423429666j)	0.34977197647094727	52.14537845567206
548	(-1.8761273193919803-1.2826806992044586j)	0.39220404624938965	52.24070638703527
549	(-1.8966716716886747-1.252402887409188j)	0.4760758876800537	52.33603431839847
550	(-1.9165839480921456-1.2218096787090331j)	0.39790916442871094	52.43136224976167
551	(-1.9359507772980071-1.1907238597138494j)	0.45095181465148926	52.52669018112488
552	(-1.9549489801656674-1.1592009757049753j)	0.36037397384643555	52.62201811248808
553	(-1.9735590967953485-1.1274522432362621j)	0.39861011505126953	52.71734604385128
554	(-1.9915705114055917-1.0955445287377046j)	0.3683781623840332	52.81267397521448
555	(-2.008873982788744-1.0633233954944332j)	0.3528928756713867	52.90800190657769
556	(-2.025609649128892-1.0306706960786656j)	0.3632838726043701	53.00332983794089
557	(-2.0419525849288886-0.9977094696193203j)	0.30196571350097656	53.09865776930409
558	(-2.057855019025425-0.9646474940087464j)	0.30936598777770996	53.1939857006673
559	(-2.0731261962410508-0.9314891503585768j)	0.30822086334228516	53.2893136320305
560	(-2.087726909207461-0.8980420799533129j)	0.2874319553375244	53.3846415633937
561	(-2.1018364903313502-0.8642090727994148j)	0.28845787048339844	53.4799694947569
562	(-2.115588773829768-0.8301281724456134j)	0.2892470359802246	53.57529742612011
563	(-2.128869648570652-0.795967854807193j)	0.29058384895324707	53.67062535748331
564	(-2.141474173168524-0.7616701080402412j)	0.2930901050567627	53.76595328884651
565	(-2.15339149498211-0.7270436988105375j)	0.32175421714782715	53.86128122020972
566	(-2.1648021725505187-0.6920579923310144j)	0.29266977310180664	53.95660915157292
567	(-2.1757850754615147-0.6569087293941678j)	0.29391908645629883	54.05193708293612
568	(-2.1861893894091597-0.6217527092355356j)	0.2960958480834961	54.14726501429933
569	(-2.1958493673781954-0.5865050400146233j)	0.2920868396759033	54.24259294566253
570	(-2.2048327302687243-0.5509951345712241j)	0.336428165435791	54.33792087702573
571	(-2.2133480945358226-0.5152454232702512j)	0.32256388664245605	54.43324880838893
572	(-2.221447290526032-0.4794554276917464j)	0.30536794662475586	54.52857673975214
573	(-2.2289613999655686-0.443714401994576j)	0.31876587867736816	54.62390467111534
574	(-2.2357611614624178-0.4078711844848185j)	0.31360292434692383	54.71923260247854
575	(-2.241951182015396-0.37175729800947077j)	0.2961549758911133	54.81456053384175
576	(-2.247708122179879-0.33543502771354583j)	0.314547061920166	54.90988846520495
577	(-2.253004862637479-0.29910567018392487j)	0.29509401321411133	55.00521639656815
578	(-2.257633847352729-0.2628174177785352j)	0.30373501777648926	55.10054432793135
579	(-2.261496222638292-0.2264128295952128j)	0.309190034866333	55.19587225929456
580	(-2.2647355192562877-0.18978306783223142j)	0.2955610752105713	55.29120019065776
581	(-2.267512843478738-0.15306275515934553j)	0.30353832244873047	55.38652812202096
582	(-2.269770888675691-0.11645766234656252j)	0.3035740852355957	55.48185605338417
583	(-2.271175626144257-0.08007688560080228j)	0.2983851432800293	55.57718398474737
584	(-2.2722256420750266-0.04335200826894958j)	0.2886021137237549	55.67251191611057
585	(-2.272438564021682-0.006699739762974j)	0.29421472549438477	55.76783984747378
586	(-2.2723217613395668+0.030007551251908904j)	0.33321094512939453	55.86316777883698
587	(-2.271687785793241+0.06656024704760943j)	0.3149280548095703	55.95849571020018
588	(-2.2703477457956254+0.10302772689827044j)	0.3184061050415039	56.05382364156338
589	(-2.2683097728307087+0.13960229398320834j)	0.3379530906677246	56.14915157292659
590	(-2.2657535541126324+0.17630755637437212j)	0.30877184867858887	56.24447950428979
591	(-2.262747407856407+0.21295124220730755j)	0.2892618179321289	56.33980743565299
592	(-2.2591327649157966+0.24939089884689258j)	0.29778003692626953	56.4351353670162
593	(-2.2547512770747495+0.2857186150787232j)	0.3264460563659668	56.5304632983794
594	(-2.249678872873819+0.32209351127351493j)	0.31900906562805176	56.6257912297426
595	(-2.244118919062732+0.3584752111769762j)	0.2955811023712158	56.721119161105804
596	(-2.238115932979933+0.3946605206628502j)	0.2933077812194824	56.81644709246901
597	(-2.231504276278544+0.43056592534057714j)	0.29897403717041016	56.91177502383221
598	(-2.224176587063716+0.46634370927198066j)	0.28908276557922363	57.007102955195414
599	(-2.2162539736909737+0.5021524439169769j)	0.3213770389556885	57.10243088655862
600	(-2.207915843452274+0.5379216751491718j)	0.34275197982788086	57.19775881792182
601	(-2.1991296157598375+0.5734602826695802j)	0.330657958984375	57.293086749285024
602	(-2.1896970149283987+0.6087399991882941j)	0.32030701637268066	57.38841468064823
603	(-2.1795319585947817+0.6439268537500668j)	0.29201292991638184	57.48374261201143
604	(-2.1686393544877065+0.6790337109156865j)	0.325206995010376	57.579070543374634
605	(-2.157589517056067+0.7141799844696826j)	0.3334200382232666	57.674398474737835
606	(-2.1458416373849256+0.7488785234247317j)	0.3238399028778076	57.76972640610104
607	(-2.133790148588319+0.7827138395407325j)	0.27590298652648926	57.865054337464244
608	(-2.1204236122929574+0.8175677781117798j)	0.2900519371032715	57.960382268827445
609	(-2.106824180830259+0.851726617714312j)	0.28185200691223145	58.05571020019065
610	(-2.092885555006347+0.885661698095721j)	0.3202521800994873	58.151038131553854
611	(-2.078448419015461+0.9191968370001556j)	0.319896936416626	58.246366062917055
612	(-2.0633585421866423+0.9524234576224041j)	0.31373095512390137	58.341693994280256
613	(-2.0476439737146284+0.985533339918197j)	0.2927076816558838	58.437021925643464
614	(-2.031488147151085+1.0185445147781482j)	0.28580498695373535	58.532349857006665
615	(-2.014949608146443+1.0512712409917373j)	0.2977619171142578	58.627677788369866
616	(-1.9974947180897833+1.0834025787196895j)	0.28809499740600586	58.723005719733074
617	(-1.980086108953852+1.1155995087695798j)	0.3189260959625244	58.818333651096275
618	(-1.961693382847276+1.147456382680725j)	0.2961699962615967	58.913661582459476
619	(-1.9428839661964243+1.1791053864135628j)	0.3047769069671631	59.008989513822684
620	(-1.923688798370566+1.210340489392576j)	0.2949788570404053	59.104317445185885
621	(-1.9039462283970254+1.2410868579674081j)	0.3246769905090332	59.199645376549086
622	(-1.8835672780654331+1.2714956078367199j)	0.3194599151611328	59.29497330791229
623	(-1.8626883660263553+1.3017126082031902j)	0.30959415435791016	59.390301239275495
624	(-1.8414894247110547+1.3316606892619436j)	0.28891587257385254	59.485629170638695
625	(-1.8199379228880663+1.3611585134381614j)	0.2962191104888916	59.580957102001896
626	(-1.7978421657286197+1.3901942872644109j)	0.29250001907348633	59.676285033365104
627	(-1.77513425323603+1.418943473813684j)	0.29260802268981934	59.771612964728305
628	(-1.7519643627166266+1.447501663144067j)	0.44013500213623047	59.866940896091506
629	(-1.728470224757805+1.4757288328050726j)	0.44110798835754395	59.962268827454714
630	(-1.704568902720281+1.5034370254821505j)	0.43024206161499023	60.057596758817915
631	(-1.680083343819818+1.5306443122078595j)	0.4784657955169678	60.152924690181116
632	(-1.655016693891367+1.557521145301227j)	0.44116783142089844	60.24825262154432
633	(-1.62956582869994+1.584113165337342j)	0.38828015327453613	60.343580552907525
634	(-1.6038522245380626+1.6102561319505084j)	0.3791229724884033	60.438908484270726
635	(-1.5777668375519587+1.6358108257958812j)	0.39810991287231445	60.53423641563393
636	(-1.5511222611131683+1.6608529370724072j)	0.3800241947174072	60.629564346997135
637	(-1.5240699430670563+1.6856174131635009j)	0.42714500427246094	60.724892278360336
638	(-1.4966945158638352+1.710070276023184j)	0.39136290550231934	60.82022020972354
639	(-1.4690816216979226+1.734050042646792j)	0.3398549556732178	60.91554814108674
640	(-1.4410677044343159+1.7574506487537631j)	0.3825550079345703	61.010876072449946
641	(-1.4125124625971734+1.7803901808473652j)	0.3642160892486572	61.10620400381315
642	(-1.3834287420980969+1.803197516267602j)	0.37938427925109863	61.20153193517635
643	(-1.3542273810674126+1.8252653157442142j)	0.3934638500213623	61.296859866539556
644	(-1.3247024338756046+1.8469360837454674j)	0.3927779197692871	61.39218779790276
645	(-1.2947667780349137+1.8679612235892291j)	0.37531208992004395	61.48751572926596
646	(-1.2643440256324072+1.888492028800075j)	0.35231494903564453	61.582843660629166
647	(-1.2335832699637208+1.9086609798282066j)	0.3465697765350342	61.67817159199237
648	(-1.2024093840120895+1.9282346803883492j)	0.35806894302368164	61.77349952335557
649	(-1.1715511018194114+1.9474806778395433j)	0.3477480411529541	61.86882745471877
650	(-1.1400646742371539+1.9659637135683155j)	0.34854888916015625	61.96415538608198
651	(-1.1081547267517946+1.9840139516541875j)	0.35025668144226074	62.05948331744518
652	(-1.0759777194514106+2.001724198041323j)	0.3492319583892822	62.15481124880838
653	(-1.0436609265186774+2.018956894201148j)	0.34465718269348145	62.25013918017159
654	(-1.011110363471576+2.035539370258514j)	0.42340707778930664	62.34546711153479
655	(-0.97815136865728+2.051504809635552j)	0.4380679130554199	62.44079504289799
656	(-0.9447948695599075+2.067019472091451j)	0.39722108840942383	62.53612297426119
657	(-0.911513361046636+2.081288243405747j)	0.35079193115234375	62.6314509056244
658	(-0.8775838016966151+2.0966269995137523j)	0.3069782257080078	62.7267788369876
659	(-0.8437298611670215+2.1104180065620053j)	0.2927570343017578	62.8221067683508
660	(-0.8095342919425723+2.123587280129954j)	0.2947862148284912	62.91743469971401
661	(-0.7750631352782039+2.136318980100479j)	0.295001745223999	63.01276263107721
662	(-0.7405086830273595+2.1486193295029357j)	0.2948033809661865	63.10809056244041
663	(-0.7059179131834706+2.160317364310238j)	0.2982800006866455	63.20341849380362
664	(-0.6711280303448225+2.1713287075967216j)	0.29761576652526855	63.29874642516682
665	(-0.6360093641175886+2.1817845975211685j)	0.29073095321655273	63.39407435653002
666	(-0.6006561379398885+2.1918330145360576j)	0.3048398494720459	63.48940228789322
667	(-0.5652456695978676+2.201408158536716j)	0.28974103927612305	63.58473021925643
668	(-0.5297792037889232+2.210312165723852j)	0.30594801902770996	63.68005815061963
669	(-0.49409210905820866+2.218490511485617j)	0.29793429374694824	63.77538608198283
670	(-0.4580664152729834+2.226080916900828j)	0.3145179748535156	63.87071401334604
671	(-0.4220140059758768+2.2332452642401814j)	0.2932548522949219	63.96604194470924
672	(-0.3859541847921675+2.239844438679654j)	0.2944490909576416	64.06136987607245
673	(-0.34990097773677675+2.2457262949064747j)	0.2951679229736328	64.15669780743565
674	(-0.31368447940632516+2.2509105644030973j)	0.3052668571472168	64.25202573879885
675	(-0.2772729401691062+2.255586583180931j)	0.29039788246154785	64.34735367016206
676	(-0.24083200277289218+2.25984312507304j)	0.29631781578063965	64.44268160152527
677	(-0.204477967521553+2.2635476054339216j)	0.29194092750549316	64.53800953288847
678	(-0.16810833566985417+2.2665449475480215j)	0.29397106170654297	64.63333746425167
679	(-0.13155109359105482+2.2688848072640107j)	0.30467700958251953	64.72866539561487
680	(-0.09482350636183978+2.2707362185464715j)	0.31861400604248047	64.82399332697807
681	(-0.058114549166854046+2.272120785078924j)	0.2939472198486328	64.91932125834127
682	(-0.021521055025402525+2.272865460832272j)	0.29380106925964355	65.01464918970449
683	(0.015074914606853285+2.2728465133271105j)	0.3022329807281494	65.10997712106769
684	(0.051800307216012476+2.2721675391794802j)	0.3937852382659912	65.20530505243089
685	(0.088574355305921+2.2710056720110763j)	0.3869040012359619	65.30063298379409
686	(0.1250358379747032+2.269393614831525j)	0.32506489753723145	65.39596091515729
687	(0.1616413071258445+2.267055503399888j)	0.31179308891296387	65.49128884652049
688	(0.1980531187688233+2.2640381540599264j)	0.3264310359954834	65.58661677788369
689	(0.23455452892119674+2.260449360178235j)	0.2948589324951172	65.6819447092469
690	(0.2710425295712212+2.2564384786566256j)	0.2926669120788574	65.77727264061011
691	(0.3073505916652053+2.2519376265591418j)	0.29927706718444824	65.87260057197331
692	(0.3434944945200572+2.2467593108626893j)	0.3039720058441162	65.96792850333651
693	(0.3796431514026431+2.240863648432568j)	0.289531946182251	66.06325643469971
694	(0.4158559642174084+2.2344048894693125j)	0.3025679588317871	66.15858436606291
695	(0.45197465818556315+2.227489622529045j)	0.30826377868652344	66.25391229742611
696	(0.4878322161577229+2.2200128116788846j)	0.2947850227355957	66.34924022878933
697	(0.523473884338699+2.21181215098816j)	0.30241990089416504	66.44456816015253
698	(0.5590599481636362+2.202919469416281j)	0.297435998916626	66.53989609151573
699	(0.5946043135412693+2.1935260520665953j)	0.2967360019683838	66.63522402287893
700	(0.6299365025365441+2.1837164964877944j)	0.3096301555633545	66.73055195424213
701	(0.6649456479814839+2.17336110248787j)	0.2951638698577881	66.82587988560533
702	(0.6997421236883411+2.1623240315302623j)	0.30741405487060547	66.92120781696855
703	(0.7345703122616599+2.151276825773273j)	0.2875101566314697	67.01653574833175
704	(0.7691780684028169+2.138580160339483j)	0.30344486236572266	67.11186367969495
705	(0.8036130128382284+2.126060282721j)	0.30817389488220215	67.20719161105815
706	(0.8377215304532635+2.112940069273831j)	0.2962229251861572	67.30251954242135
707	(0.8716271906767075+2.099105451687281j)	0.29546499252319336	67.39784747378455
708	(0.9054515551652621+2.084664501853523j)	0.29659008979797363	67.49317540514775
709	(0.9391041016869215+2.0697861539703757j)	0.29904699325561523	67.58850333651097
710	(0.9723898990119421+2.0544547951023144j)	0.29798102378845215	67.68383126787417
711	(1.0052749982092006+2.038508384017302j)	0.2997927665710449	67.77915919923737
712	(1.037915327196654+2.021899564436425j)	0.3046703338623047	67.87448713060057
713	(1.070413860984821+2.0047851083295516j)	0.2990550994873047	67.96981506196377
714	(1.1026615044745167+1.987313701230085j)	0.2985951900482178	68.06514299332697
715	(1.1345000919244213+1.9694184507984707j)	0.31538987159729004	68.16047092469017
716	(1.1659601012769951+1.9509239681863422j)	0.30625081062316895	68.25579885605339
717	(1.1972160035105845+1.93180744848001j)	0.3189539909362793	68.35112678741659
718	(1.2283229313629547+1.9122273283540663j)	0.3273191452026367	68.44645471877979
719	(1.2591242214379914+1.8922799863353565j)	0.29921507835388184	68.54178265014299
720	(1.2894667596923328+1.8718504828694784j)	0.327319860458374	68.63711058150619
721	(1.319405617642446+1.8507823931647112j)	0.30841708183288574	68.7324385128694
722	(1.3490934611691796+1.8291157569542789j)	0.3237428665161133	68.8277664442326
723	(1.3785311698719398+1.8070408411804098j)	0.29058408737182617	68.92309437559581
724	(1.4075421251940397+1.784634035497828j)	0.30756688117980957	69.01842230695901
725	(1.4360226263076297+1.7617677236969294j)	0.29177212715148926	69.11375023832221
726	(1.4640880106396936+1.7383234174109885j)	0.2924952507019043	69.20907816968541
727	(1.4919004355600198+1.7143864606400716j)	0.32646918296813965	69.30440610104861
728	(1.5194302164939113+1.6901325286660889j)	0.31527280807495117	69.39973403241181
729	(1.5465082166975381+1.665572389180077j)	0.29459691047668457	69.49506196377502
730	(1.5730700547036565+1.640535182966016j)	0.29317402839660645	69.59038989513823
731	(1.5992553594932497+1.6149194958011945j)	0.3056042194366455	69.68571782650143
732	(1.6251796452232066+1.5888372278386098j)	0.3129589557647705	69.78104575786463
733	(1.6507476077088334+1.5624472724813152j)	0.29867005348205566	69.87637368922783
734	(1.675769725062423+1.5357222195770202j)	0.28897786140441895	69.97170162059103
735	(1.70022064135136+1.508501178248158j)	0.2931962013244629	70.06702955195423
736	(1.7242533633883719+1.4807487176391152j)	0.2927889823913574	70.16235748331745
737	(1.7479578994935254+1.4526296910423855j)	0.30213499069213867	70.25768541468065
738	(1.7712164063576596+1.424290568160652j)	0.29987215995788574	70.35301334604385
739	(1.7938786220477057+1.3956642480187862j)	0.29496216773986816	70.44834127740705
740	(1.8159885966162912+1.366588659204995j)	0.29203200340270996	70.54366920877025
741	(1.8377245592507743+1.3370599719583736j)	0.2903139591217041	70.63899714013345
742	(1.8591387258078702+1.307240418813263j)	0.2957000732421875	70.73432507149666
743	(1.8800792237244968+1.27721878205064j)	0.29423999786376953	70.82965300285987
744	(1.9004088159546264+1.2468734340262018j)	0.2917029857635498	70.92498093422307
745	(1.9201957401909235+1.2160523302623687j)	0.2987198829650879	71.02030886558627
746	(1.9395917369678626+1.1848026235339963j)	0.2979409694671631	71.11563679694947
747	(1.9583201491292528+1.15340202928871j)	0.2878570556640625	71.21096472831267
748	(1.9769946475394986+1.1216372997735402j)	0.3025789260864258	71.30629265967588
749	(1.9947268848482387+1.0896593911175612j)	0.3014678955078125	71.40162059103908
750	(2.011899871314656+1.057270283572061j)	0.3028380870819092	71.49694852240229
751	(2.0286678822993633+1.0245711780098787j)	0.30110716819763184	71.59227645376549
752	(2.0449957098219103+0.9917404224420614j)	0.3054924011230469	71.6876043851287
753	(2.0607177942317176+0.9587857733067663j)	0.29945802688598633	71.7829323164919
754	(2.075793104344906+0.9255408841104473j)	0.30762505531311035	71.8782602478551
755	(2.090369363107396+0.8919294835321127j)	0.3001389503479004	71.9735881792183
756	(2.1045652480678587+0.8580344336363454j)	0.29607605934143066	72.0689161105815
757	(2.118280866010624+0.8240392681204528j)	0.30994486808776855	72.16424404194471
758	(2.1313367606437756+0.7898922119521844j)	0.2985820770263672	72.25957197330791
759	(2.143719258924928+0.7554313077202228j)	0.3041112422943115	72.35489990467111
760	(2.1555819293564946+0.7206295089029677j)	0.30615711212158203	72.45022783603432
761	(2.166999993715126+0.6856557291426995j)	0.30400991439819336	72.54555576739752
762	(2.177849036529792+0.6506503570530451j)	0.3083939552307129	72.64088369876072
763	(2.187985347006803+0.6155448549171356j)	0.30219507217407227	72.73621163012393
764	(2.1974634979447405+0.5801881244127505j)	0.3016362190246582	72.83153956148713
765	(2.206464137033118+0.5445941328379968j)	0.30239200592041016	72.92686749285033
766	(2.2150345176465134+0.5089332157325183j)	0.29410576820373535	73.02219542421354
767	(2.2230297340643324+0.47328509796240026j)	0.299652099609375	73.11752335557674
768	(2.230330732949459+0.43752393537818524j)	0.2983889579772949	73.21285128693994
769	(2.237020587573634+0.4015034154456832j)	0.3020033836364746	73.30817921830314
770	(2.243251254821796+0.3652754995002067j)	0.300386905670166	73.40350714966635
771	(2.2490038255134537+0.32901917607196435j)	0.2997610569000244	73.49883508102955
772	(2.254099507513839+0.29278501931671375j)	0.3008260726928711	73.59416301239276
773	(2.2584508540894066+0.2564407153536834j)	0.3087728023529053	73.68949094375596
774	(2.2621801031411617+0.21989224063796367j)	0.29628491401672363	73.78481887511916
775	(2.2654322836194707+0.1832520039215969j)	0.3065028190612793	73.88014680648236
776	(2.2681640023565377+0.1466987961693147j)	0.30588293075561523	73.97547473784556
777	(2.2702162595896778+0.11023683862403444j)	0.33069419860839844	74.07080266920877
778	(2.2715639403365286+0.07370598332309564j)	0.3092677593231201	74.16613060057198
779	(2.272366330482332+0.03703172181682263j)	0.29941701889038086	74.26145853193518
780	(2.272740006130633+0.00033983440317020275j)	0.30384016036987305	74.35678646329838
781	(2.2725886171329566-0.03623063757721512j)	0.3385469913482666	74.45211439466158
782	(2.2717449746249807-0.07273358425389737j)	0.2976381778717041	74.54744232602478
783	(2.2702094606244603-0.10933200238291724j)	0.3028719425201416	74.64277025738798
784	(2.268136826127801-0.14604749268456035j)	0.2966887950897217	74.7380981887512
785	(2.2655930242195867-0.182711219087218j)	0.2993049621582031	74.8334261201144
786	(2.2624447131730303-0.21919418525926937j)	0.29679298400878906	74.9287540514776
787	(2.2585553256715314-0.25556968389480944j)	0.2998809814453125	75.0240819828408
788	(2.253988171253278-0.291977883640022j)	0.29987001419067383	75.119409914204
789	(2.24892244324064-0.3283900921747809j)	0.3006119728088379	75.2147378455672
790	(2.243399957020794-0.36463104433359794j)	0.30245304107666016	75.3100657769304
791	(2.237281429008812-0.40062630768305296j)	0.30612707138061523	75.40539370829362
792	(2.230464906773241-0.43650486229950713j)	0.3000607490539551	75.50072163965682
793	(2.2230505400539227-0.47240608374477266j)	0.29386210441589355	75.59604957102002
794	(2.215192649888716-0.5082721936465565j)	0.289456844329834	75.69137750238322
795	(2.206867550789158-0.5439335104109504j)	0.3004798889160156	75.78670543374642
796	(2.1979007363240317-0.5793552542036702j)	0.29018211364746094	75.88203336510962
797	(2.1881713824279547-0.614583610625699j)	0.28856396675109863	75.97736129647284
798	(2.1779362568656406-0.6499841657592698j)	0.29321813583374023	76.07268922783604
799	(2.167200762700672-0.6851599887405764j)	0.2881629467010498	76.16801715919924
