	res_adaptive	time_adaptive	w
0	(0.8383130976279536+0.012225397003793465j)	0.5726480484008789	0.0001
1	(1.2774113542137127-0.3059610467463283j)	0.34269213676452637	0.09543
2	(1.4000562062203687-0.44635645748836655j)	0.32456517219543457	0.19076
3	(1.499516182800961-0.5583198597255161j)	0.3166351318359375	0.28609
4	(1.5882054467734645-0.6546823161951185j)	0.3394002914428711	0.38142
5	(1.6733358284060986-0.7382710137613928j)	0.3096480369567871	0.47674
6	(1.75141644572975-0.8156898647101701j)	0.3743581771850586	0.57207
7	(1.8271412758618313-0.886772545997523j)	0.32063984870910645	0.6674
8	(1.901372686436849-0.9524737806492287j)	0.32903289794921875	0.76273
9	(1.974692272980513-1.013437075008691j)	0.34673404693603516	0.85806
10	(2.0475057252293434-1.0701101471220138j)	0.31473302841186523	0.95339
11	(2.120100927846076-1.122810710970276j)	0.32448482513427734	1.04872
12	(2.192682594286092-1.1717662555436612j)	0.32987308502197266	1.14405
13	(2.2662766480251393-1.2192872883156718j)	0.33637213706970215	1.23937
14	(2.339668525272028-1.2608413776605882j)	0.3157827854156494	1.3347
15	(2.4132245812775825-1.2989339988146065j)	0.3194611072540283	1.43003
16	(2.4869560165706925-1.3336574503652818j)	0.30707526206970215	1.52536
17	(2.5608551765287957-1.3650898408950873j)	0.34258389472961426	1.62069
18	(2.634900772586516-1.393299105561744j)	0.31522488594055176	1.71602
19	(2.7090610369699872-1.4183459837168302j)	0.31798720359802246	1.81135
20	(2.783297278001922-1.4402855151168124j)	0.3098018169403076	1.90668
21	(2.8562971892923614-1.4596466964289012j)	0.3024899959564209	2.002
22	(2.9307328059570388-1.475799313809219j)	0.320253849029541	2.09733
23	(3.005161118540162-1.4889279898928267j)	0.30656003952026367	2.19266
24	(3.0795151495525284-1.4990621517977532j)	0.3382759094238281	2.28799
25	(3.1537250027838275-1.5062320377406864j)	0.3180410861968994	2.38332
26	(3.227719367428464-1.5104684690036594j)	0.34419703483581543	2.47865
27	(3.301425579648312-1.5118033844449694j)	0.32085514068603516	2.57398
28	(3.37477070653096-1.510269445881128j)	0.3176302909851074	2.66931
29	(3.4469614631701986-1.504620065992694j)	0.3191862106323242	2.76463
30	(3.519086876110304-1.4976865084171231j)	0.3313479423522949	2.85996
31	(3.5907042885192864-1.4880405135420232j)	0.3133878707885742	2.95529
32	(3.661751256763247-1.4756957493851675j)	0.3288400173187256	3.05062
33	(3.732159565354585-1.4606648180297281j)	0.4906470775604248	3.14595
34	(3.8018555767598596-1.442959997803464j)	0.38791704177856445	3.24128
35	(3.870759657090041-1.4225950146024384j)	0.4562218189239502	3.33661
36	(3.9387865639489-1.3995869314478175j)	0.3524301052093506	3.43194
37	(4.005846345585972-1.3739573202694955j)	0.30346107482910156	3.52727
38	(4.073036727720624-1.3451969253715081j)	0.3056979179382324	3.62259
39	(4.137691718271157-1.3141380984668858j)	0.35578107833862305	3.71792
40	(4.201030184120148-1.2806160802386093j)	0.3486161231994629	3.81325
41	(4.262969745882734-1.244692120946349j)	0.4202911853790283	3.90858
42	(4.3234318873855-1.206430415635275j)	0.3644402027130127	4.00391
43	(4.38234195588047-1.1658979698442822j)	0.3535768985748291	4.09924
44	(4.439629317521303-1.1231638176298098j)	0.3606889247894287	4.19457
45	(4.495227159655379-1.0782983228130414j)	0.4898653030395508	4.2899
46	(4.549505576139089-1.0321676455620392j)	0.4389359951019287	4.38522
47	(4.6017139297559675-0.9831144255424634j)	0.3694767951965332	4.48055
48	(4.653362334513323-0.9316126339450183j)	0.46430087089538574	4.57588
49	(4.700339842166761-0.8792312751733813j)	0.34647583961486816	4.67121
50	(4.746639633110509-0.8245689028785177j)	0.32128190994262695	4.76654
51	(4.79086033636506-0.7682055713014382j)	0.34326601028442383	4.86187
52	(4.832954321053208-0.710225748834295j)	0.31583619117736816	4.9572
53	(4.872878495299702-0.6507139948731916j)	0.4265930652618408	5.05253
54	(4.909628967623303-0.5903405146364663j)	0.35288500785827637	5.14785
55	(4.9452797191879005-0.5282284087618594j)	0.31112074851989746	5.24318
56	(4.978693228134444-0.46477883427484046j)	0.3149418830871582	5.33851
57	(5.009820778769791-0.40006413712302824j)	0.32496094703674316	5.43384
58	(5.038613851736142-0.33416131139411404j)	0.3577268123626709	5.52917
59	(5.065024880006652-0.26715172543004095j)	0.3064918518066406	5.6245
60	(5.089007168292634-0.19912142265990124j)	0.30748915672302246	5.71983
61	(5.110518303147628-0.13016184516090745j)	0.3424367904663086	5.81516
62	(5.129311946126335-0.05941966844779628j)	0.3357279300689697	5.91048
63	(5.145538678296698+0.011018805796366937j)	0.3202080726623535	6.00581
64	(5.159222971082486+0.08203201284619296j)	0.4295029640197754	6.10114
65	(5.170355595500685+0.15352233137766663j)	0.3398740291595459	6.19647
66	(5.178931771873706+0.22539293290154466j)	0.33884501457214355	6.2918
67	(5.184951160676745+0.29754815964484066j)	0.3154301643371582	6.38713
68	(5.18841709925153+0.3698939237846697j)	0.3282458782196045	6.48246
69	(5.1893365187806015+0.44233781988820353j)	0.3142201900482178	6.57779
70	(5.187719451963778+0.5147892016872971j)	0.3262040615081787	6.67312
71	(5.1841727184381545+0.5875994602642922j)	0.3546609878540039	6.76844
72	(5.177391543206495+0.6599295307350019j)	0.3232991695404053	6.86377
73	(5.168093109632814+0.7319687591006399j)	0.3113369941711426	6.9591
74	(5.156307626337929+0.8036281769341296j)	0.3223612308502197	7.05443
75	(5.142066767366508+0.8748227840431755j)	0.32935190200805664	7.14976
76	(5.125405086105723+0.9454713536606756j)	0.32772374153137207	7.24509
77	(5.106358293831687+1.0154963786933708j)	0.30652284622192383	7.34042
78	(5.084962422356096+1.0848226473698819j)	0.3007838726043701	7.43575
79	(5.061771626575584+1.1525669852909726j)	0.31421494483947754	7.53107
80	(5.035969411268312+1.22044080554557j)	0.3036789894104004	7.6264
81	(5.007882848352328+1.2874434261594332j)	0.31125903129577637	7.72173
82	(4.977542384678899+1.3534939287201544j)	0.299055814743042	7.81706
83	(4.94498249917845+1.4185108228434302j)	0.3001730442047119	7.91239
84	(4.909437673056021+1.4823479791785166j)	0.2985341548919678	8.00772
85	(4.873364608924382+1.5451146934753535j)	0.29668092727661133	8.10305
86	(4.8344007639444255+1.6065399507252789j)	0.29795312881469727	8.19838
87	(4.792659663944733+1.6663942217079164j)	0.29680895805358887	8.2937
88	(4.749771893544241+1.724853536433118j)	0.29427289962768555	8.38903
89	(4.705020420772198+1.781836674433607j)	0.3205587863922119	8.48436
90	(4.6584672861325265+1.8372871979134802j)	0.3191070556640625	8.57969
91	(4.61017579022768+1.8911515870995481j)	0.2955772876739502	8.67502
92	(4.560210608867172+1.9433797026963624j)	0.35498499870300293	8.77035
93	(4.508637241213213+1.9939247379620244j)	0.387376070022583	8.86568
94	(4.455521931503576+2.0427423664016215j)	0.3671739101409912	8.96101
95	(4.400602959185476+2.090372506931373j)	0.461367130279541	9.05633
96	(4.344473086623489+2.1355107335131187j)	0.3065049648284912	9.15166
97	(4.287032964222303+2.1787776496388394j)	0.3291947841644287	9.24699
98	(4.228356270876863+2.22014866429473j)	0.3034520149230957	9.34232
99	(4.168514285459728+2.2596026666663986j)	0.3282637596130371	9.43765
100	(4.107576113940287+2.297120283176944j)	0.29814624786376953	9.53298
101	(4.045608635562745+2.3326850445466367j)	0.32671308517456055	9.62831
102	(3.9826761961042907+2.366281848409146j)	0.33126330375671387	9.72364
103	(3.9188428465043392+2.3978951962481534j)	0.29784703254699707	9.81897
104	(3.8548782114777036+2.4279764783052094j)	0.3457818031311035	9.91429
105	(3.789284878706545+2.4557391564421516j)	0.38963770866394043	10.00962
106	(3.7229436780170877+2.4814352792826644j)	0.38805317878723145	10.10495
107	(3.6559182738858276+2.505042660313489j)	0.3309929370880127	10.20028
108	(3.5882934318002513+2.5265453946216216j)	0.3031442165374756	10.29561
109	(3.5201432491919293+2.545929507643898j)	0.31545591354370117	10.39094
110	(3.449968070574977+2.56347544971737j)	0.3051578998565674	10.48627
111	(3.382581909956602+2.5783116951108025j)	0.3177461624145508	10.5816
112	(3.313558164361277+2.5907011980051564j)	0.37738513946533203	10.67692
113	(3.244235351187619+2.6016488739028847j)	0.3231339454650879	10.77225
114	(3.1747537551454665+2.61051661523026j)	0.382080078125	10.86758
115	(3.1051796072999753+2.617313057330866j)	0.33589982986450195	10.96291
116	(3.035577975396216+2.6220492058377376j)	0.3148789405822754	11.05824
117	(2.9660126320949853+2.6247383087197216j)	0.30193209648132324	11.15357
118	(2.8965459526388266+2.6253956787718593j)	0.31203413009643555	11.2489
119	(2.8272388149173544+2.624038563005055j)	0.32734179496765137	11.34423
120	(2.7576374182227807+2.620318087740821j)	0.3534219264984131	11.43955
121	(2.6889358927032556+2.6148760716256976j)	0.29228997230529785	11.53488
122	(2.6205915018973656+2.6075124780879264j)	0.3028271198272705	11.63021
123	(2.5526499351788856+2.598255674841434j)	0.3142058849334717	11.72554
124	(2.485154381011376+2.5871325941372865j)	0.31519317626953125	11.82087
125	(2.4181472426363366+2.5741687693945137j)	0.30207180976867676	11.9162
126	(2.3540007220181627+2.559448481148993j)	0.28618907928466797	12.01153
127	(2.285759705314698+2.542814191798179j)	0.29622507095336914	12.10686
128	(2.2204604500650884+2.5244683789648708j)	0.2991921901702881	12.20219
129	(2.155388027389397+2.5049943246779316j)	0.2998318672180176	12.29751
130	(2.0912931452683905+2.483039545223643j)	0.3023948669433594	12.39284
131	(2.027973143377698+2.4593474380483187j)	0.30809593200683594	12.48817
132	(1.9654737646020837+2.4339506911719466j)	0.3125650882720947	12.5835
133	(1.9038487484716617+2.4068863681759565j)	0.3075430393218994	12.67883
134	(1.843142095094158+2.3781929189453535j)	0.30092906951904297	12.77416
135	(1.783397181313394+2.3479116701509746j)	0.35958027839660645	12.86949
136	(1.724653870086267+2.3160858693289255j)	0.302203893661499	12.96482
137	(1.6674475890075258+2.283007453812147j)	0.32358407974243164	13.06014
138	(1.6107356739590895+2.24833898036647j)	0.3020932674407959	13.15547
139	(1.5550976734029611+2.212236682799069j)	0.2966470718383789	13.2508
140	(1.5005655599855163+2.174738942244936j)	0.3117868900299072	13.34613
141	(1.4471696958023237+2.135885006247549j)	0.32965087890625	13.44146
142	(1.3949381801112113+2.0957141995811566j)	0.3154942989349365	13.53679
143	(1.3438973275899755+2.054265934566433j)	0.3277409076690674	13.63212
144	(1.2940716211298076+2.0115799349811527j)	0.31093311309814453	13.72745
145	(1.2458812214505948+1.9672235568212415j)	0.32964301109313965	13.82277
146	(1.1986563213490253+1.9222941917754006j)	0.3112499713897705	13.9181
147	(1.1526771494680759+1.8762638336224537j)	0.30829906463623047	14.01343
148	(1.1079596163125758+1.8291631751698667j)	0.2984130382537842	14.10876
149	(1.064518482966856+1.781018276902991j)	0.33820080757141113	14.20409
150	(1.022371339057764+1.7318565016403498j)	0.30356478691101074	14.29942
151	(0.9815368473361844+1.6817051692554728j)	0.35727405548095703	14.39475
152	(0.9420359143743582+1.6305905280542021j)	0.3074629306793213	14.49008
153	(0.903261486109517+1.5782984859116789j)	0.30108070373535156	14.5854
154	(0.8665773065315738+1.5251960652643297j)	0.3255341053009033	14.68073
155	(0.8323488503206525+1.4713995065802785j)	0.3144242763519287	14.77606
156	(0.7985013667191899+1.4166414278848634j)	0.30991482734680176	14.87139
157	(0.7651999504600417+1.3609850786172428j)	0.3105771541595459	14.96672
158	(0.7343426652296191+1.3047543604982246j)	0.31707096099853516	15.06205
159	(0.7049691986204196+1.247846266965615j)	0.3085780143737793	15.15738
160	(0.6770853280131748+1.1903018478718053j)	0.3087899684906006	15.25271
161	(0.6506957957494048+1.132159829139416j)	0.304394006729126	15.34804
162	(0.6255359302090051+1.073868201475814j)	0.3172330856323242	15.44336
163	(0.6020527005564245+1.0145614059588133j)	0.31992316246032715	15.53869
164	(0.5800933911499675+0.9547439266725082j)	0.32390403747558594	15.63402
165	(0.560303589123543+0.8945547205046808j)	0.31292104721069336	15.72935
166	(0.5407683569041981+0.8337283365007613j)	0.30791401863098145	15.82468
167	(0.523410376732995+0.7726040108004977j)	0.3513047695159912	15.92001
168	(0.5075926202723672+0.7111160084797356j)	0.3132469654083252	16.01534
169	(0.49331727941596726+0.6492985909111573j)	0.29327988624572754	16.11067
170	(0.48103216661508913+0.5875989522828013j)	0.315075159072876	16.20599
171	(0.4697301831271714+0.5253174831063431j)	0.3209688663482666	16.30132
172	(0.45995674384682095+0.4627718044106251j)	0.2956728935241699	16.39665
173	(0.45172400393207607+0.3999886588989294j)	0.30637478828430176	16.49198
174	(0.44504457608215303+0.33699808200474185j)	0.30423593521118164	16.58731
175	(0.4399296668282384+0.2738324203315973j)	0.29630208015441895	16.68264
176	(0.4363936551238939+0.21052605346855685j)	0.2951478958129883	16.77797
177	(0.4344474452940696+0.14711597167364754j)	0.29449892044067383	16.8733
178	(0.43434152824692873+0.08308910125099073j)	0.30480098724365234	16.96862
179	(0.4357372777754224+0.019671794880871805j)	0.29411768913269043	17.06395
180	(0.4387249972396933-0.04369413459982294j)	0.3044419288635254	17.15928
181	(0.4433005579234286-0.10697072493738448j)	0.31073904037475586	17.25461
182	(0.44946006266705185-0.17012142726964957j)	0.32297801971435547	17.34994
183	(0.45719811331515126-0.23311055848292905j)	0.3193018436431885	17.44527
184	(0.46650898665065904-0.29590372430480755j)	0.34205007553100586	17.5406
185	(0.47738723484973355-0.35846741513525654j)	0.32026195526123047	17.63593
186	(0.4894288058771762-0.42096983742134275j)	0.3655588626861572	17.73125
187	(0.5034908155018338-0.48306641701163516j)	0.42815494537353516	17.82658
188	(0.5191258035681956-0.5448168835908633j)	0.3030109405517578	17.92191
189	(0.5363238801528323-0.6061847304177418j)	0.3075828552246094	18.01724
190	(0.5550760072277012-0.6671343727697054j)	0.3035461902618408	18.11257
191	(0.5753718547473762-0.7276318012699013j)	0.3885228633880615	18.2079
192	(0.597202711157701-0.7876426209691725j)	0.31978511810302734	18.30323
193	(0.6205593047861556-0.8471332706210057j)	0.3671071529388428	18.39856
194	(0.6454327889567599-0.9060706788586541j)	0.31345486640930176	18.49389
195	(0.6713987780977311-0.9639966597654995j)	0.30726194381713867	18.58921
196	(0.6991817354527758-1.0218462611808412j)	0.32323598861694336	18.68454
197	(0.7285109803532557-1.0790546853819991j)	0.32123875617980957	18.77987
198	(0.7593510021248385-1.1355825510846507j)	0.3354640007019043	18.8752
199	(0.7917048096056603-1.1913822044087583j)	0.31416893005371094	18.97053
200	(0.8255625590036886-1.246405063065617j)	0.3863523006439209	19.06586
201	(0.8609105409642319-1.3006038745991195j)	0.3243730068206787	19.16119
202	(0.8977314078886909-1.3539289209334262j)	0.3127429485321045	19.25652
203	(0.9364917458331461-1.4060955352623143j)	0.29610180854797363	19.35184
204	(0.9761209266674857-1.45741930869293j)	0.2980937957763672	19.44717
205	(1.0171269336909603-1.5077539975958736j)	0.29476213455200195	19.5425
206	(1.0594877219354228-1.557062606643412j)	0.29685401916503906	19.63783
207	(1.1031804394819678-1.6053093524267013j)	0.32040905952453613	19.73316
208	(1.148181968348511-1.6524585888063517j)	0.29046106338500977	19.82849
209	(1.1944684087483253-1.6984744904469344j)	0.298259973526001	19.92382
210	(1.2420156494364227-1.7433222569230986j)	0.3081059455871582	20.01915
211	(1.291045071289206-1.7873117758908175j)	0.3170292377471924	20.11447
212	(1.3411166572295024-1.8296440767000477j)	0.31151294708251953	20.2098
213	(1.3923521234386174-1.8706857109785924j)	0.3146340847015381	20.30513
214	(1.4447209563342645-1.9104065427437538j)	0.31653785705566406	20.40046
215	(1.4981924402316245-1.9487749960376826j)	0.3046729564666748	20.49579
216	(1.5527377144287204-1.9857664024533843j)	0.30889105796813965	20.59112
217	(1.6083253595208282-2.0213457490088484j)	0.301954984664917	20.68645
218	(1.6649258111436904-2.055484401158276j)	0.33040380477905273	20.78178
219	(1.722013701647564-2.088447160724524j)	0.3112220764160156	20.8771
220	(1.780636548406941-2.119721713862427j)	0.34018373489379883	20.97243
221	(1.8401997795207472-2.1494326730829734j)	0.36066102981567383	21.06776
222	(1.9006607764265484-2.1775428252218547j)	0.32974696159362793	21.16309
223	(1.9654864401628052-2.1993875807915226j)	0.28107690811157227	21.25842
224	(2.024088457764569-2.2288165840122196j)	0.30846595764160156	21.35375
225	(2.0869544967504874-2.251915595238631j)	0.31090617179870605	21.44908
226	(2.1505199115073172-2.273284901731263j)	0.3250892162322998	21.54441
227	(2.214728923068033-2.292899896827212j)	0.3270571231842041	21.63974
228	(2.279287415275089-2.310314012139067j)	0.3158388137817383	21.73506
229	(2.344520893839909-2.326432052901267j)	0.2943589687347412	21.83039
230	(2.4102540125898853-2.3407645305585336j)	0.3189859390258789	21.92572
231	(2.4764371826999776-2.3532934144380198j)	0.31209278106689453	22.02105
232	(2.5428942725192347-2.3634365344554085j)	0.31076502799987793	22.11638
233	(2.6099539048750846-2.3728756282850334j)	0.3184638023376465	22.21171
234	(2.677185168996849-2.3798996550078035j)	0.3244490623474121	22.30704
235	(2.744665023287335-2.38506094426464j)	0.30798792839050293	22.40237
236	(2.812644678980652-2.388058851127671j)	0.34642577171325684	22.49769
237	(2.880377930328576-2.3893948559522302j)	0.31409478187561035	22.59302
238	(2.9481848541832054-2.388859986384703j)	0.3637518882751465	22.68835
239	(3.0160175876549893-2.3864494976183983j)	0.42898988723754883	22.78368
240	(3.083826362028235-2.382158515449631j)	0.4886960983276367	22.87901
241	(3.1515621412482933-2.37598202435525j)	0.5195021629333496	22.97434
242	(3.219173622066311-2.367915624570778j)	0.4213988780975342	23.06967
243	(3.286608502039714-2.357955457712563j)	0.3371710777282715	23.165
244	(3.354103090829404-2.346563314390101j)	0.3326420783996582	23.26032
245	(3.421127508253505-2.332718552902804j)	0.32607007026672363	23.35565
246	(3.487782149408171-2.316952603926916j)	0.3563389778137207	23.45098
247	(3.5540037352605958-2.299275485478184j)	0.3231050968170166	23.54631
248	(3.6192193442384903-2.2771756068070688j)	0.3242659568786621	23.64164
249	(3.684897168120874-2.2582451264193626j)	0.33669185638427734	23.73697
250	(3.749446788166836-2.234929442251515j)	0.32369112968444824	23.8323
251	(3.813320279312455-2.2097759547411524j)	0.33334994316101074	23.92763
252	(3.8760475670341896-2.182954128428509j)	0.3068370819091797	24.02295
253	(3.938451155324249-2.1543008621488706j)	0.32206106185913086	24.11828
254	(4.00004074435367-2.1238761909388044j)	0.3172731399536133	24.21361
255	(4.060763105827581-2.0917043148760195j)	0.3135652542114258	24.30894
256	(4.120566021176919-2.0578110902477573j)	0.3060190677642822	24.40427
257	(4.17939819893167-2.022224053562787j)	0.3115730285644531	24.4996
258	(4.237209508290204-1.9849728464746654j)	0.31759119033813477	24.59493
259	(4.293950213347483-1.9460862759009303j)	0.3380129337310791	24.69026
260	(4.349572464334896-1.9055981292855246j)	0.30656909942626953	24.78559
261	(4.403701249832098-1.8632606361517292j)	0.3207418918609619	24.88091
262	(4.456886263843353-1.8197597601393412j)	0.3272099494934082	24.97624
263	(4.5087788139085525-1.7747883417846668j)	0.3182559013366699	25.07157
264	(4.559515002386372-1.7283311772849346j)	0.3095088005065918	25.1669
265	(4.608873762759128-1.680467742942913j)	0.33110713958740234	25.26223
266	(4.6568712861419765-1.6312157533442524j)	0.32026004791259766	25.35756
267	(4.703464404276241-1.580611972072305j)	0.3431370258331299	25.45289
268	(4.748609061106948-1.528694171821873j)	0.3451058864593506	25.54822
269	(4.792692901352651-1.4752187518423518j)	0.29884910583496094	25.64354
270	(4.834725389566097-1.4207005573450469j)	0.3156569004058838	25.73887
271	(4.8751611425168555-1.3650252908823248j)	0.3436617851257324	25.8342
272	(4.913967679185485-1.3082467266294928j)	0.37602972984313965	25.92953
273	(4.951116278211103-1.2504203113407801j)	0.39075493812561035	26.02486
274	(4.98657992508835-1.1916007287531885j)	0.3227198123931885	26.12019
275	(5.020336622517215-1.1318432287361322j)	0.3494229316711426	26.21552
276	(5.05236581702903-1.071202055613569j)	0.3507988452911377	26.31085
277	(5.082809466170801-1.0100890231419328j)	0.3323347568511963	26.40617
278	(5.111412065377628-0.9477887787185402j)	0.325894832611084	26.5015
279	(5.138222438589476-0.8847442687403457j)	0.31740880012512207	26.59683
280	(5.163077791556813-0.8204762465052022j)	0.29703807830810547	26.69216
281	(5.18639831792631-0.7566429012429947j)	0.3046858310699463	26.78749
282	(5.20773445849614-0.6916960616271055j)	0.30707716941833496	26.88282
283	(5.227219887772378-0.6262250466023762j)	0.3106119632720947	26.97815
284	(5.2448440896610835-0.5602845112479902j)	0.30606889724731445	27.07348
285	(5.260359731284306-0.4941784178502515j)	0.28719186782836914	27.1688
286	(5.274210749242964-0.42756785020524934j)	0.3228321075439453	27.26413
287	(5.286301728341263-0.3605979271050521j)	0.3120241165161133	27.35946
288	(5.29651659620555-0.2933500842254191j)	0.3066868782043457	27.45479
289	(5.3048450810337435-0.22587594428324564j)	0.32652711868286133	27.55012
290	(5.311277871392633-0.15822961197287388j)	0.31334781646728516	27.64545
291	(5.315809876951611-0.09046657332199826j)	0.3200240135192871	27.74078
292	(5.318435596084829-0.02264394621481758j)	0.34584498405456543	27.83611
293	(5.319152454658466+0.04517912292498183j)	0.33063769340515137	27.93144
294	(5.317681336833397+0.11334000026362645j)	0.32262206077575684	28.02676
295	(5.314496233945968+0.18090315124167167j)	0.3499879837036133	28.12209
296	(5.309391054413993+0.2482538474101812j)	0.2989928722381592	28.21742
297	(5.302525510411651+0.3153809282969007j)	0.35315418243408203	28.31275
298	(5.293770975128659+0.38219163249739796j)	0.31145405769348145	28.40808
299	(5.283194133650879+0.448651133430777j)	0.31804609298706055	28.50341
300	(5.2708126342056625+0.5147112946033352j)	0.30294013023376465	28.59874
301	(5.256645956679324+0.5803267004757425j)	0.3092198371887207	28.69407
302	(5.241016386494599+0.6456378744516822j)	0.3088040351867676	28.78939
303	(5.223280314264273+0.710300441671105j)	0.3038151264190674	28.88472
304	(5.203802094050446+0.7743722704055808j)	0.3029639720916748	28.98005
305	(5.179869327363192+0.8369946784242069j)	0.26180315017700195	29.07538
306	(5.159713513012613+0.9005646508525849j)	0.31113696098327637	29.17071
307	(5.135152683427098+0.9625992169883192j)	0.3024418354034424	29.26604
308	(5.108969518120609+1.0238774115533633j)	0.29799580574035645	29.36137
309	(5.081125216324528+1.0843397932226313j)	0.30480504035949707	29.4567
310	(5.052007474594714+1.1436264428063023j)	0.3143637180328369	29.55202
311	(5.0211002853691165+1.2024577762085347j)	0.3045680522918701	29.64735
312	(4.988630534153972+1.260385871833732j)	0.3087799549102783	29.74268
313	(4.954622208446203+1.3173660027322007j)	0.3068888187408447	29.83801
314	(4.919097014002788+1.3733537667840312j)	0.30745697021484375	29.93334
315	(4.882101450169143+1.4283102354952013j)	0.30846214294433594	30.02867
316	(4.843651266298505+1.4821855286922851j)	0.3034203052520752	30.124
317	(4.803782452093683+1.5349436500412152j)	0.32292795181274414	30.21933
318	(4.7625360501177205+1.58654173217034j)	0.3105919361114502	30.31466
319	(4.719588216917637+1.636665561751203j)	0.30260729789733887	30.40998
320	(4.675783105090784+1.6857515531305596j)	0.30460286140441895	30.50531
321	(4.630739451121059+1.7335961463694634j)	0.30454397201538086	30.60064
322	(4.58449378316494+1.780173287211811j)	0.308002233505249	30.69597
323	(4.537082635017912+1.825458113962057j)	0.30622386932373047	30.7913
324	(4.488541877679496+1.8694276106132506j)	0.3048992156982422	30.88663
325	(4.4389069041544635+1.9120590754319262j)	0.30694103240966797	30.98196
326	(4.389606678269009+1.9537754171012178j)	0.2950599193572998	31.07729
327	(4.336278996021934+1.993472568263527j)	0.3037221431732178	31.17261
328	(4.283514415826561+2.03189493489685j)	0.3044149875640869	31.26794
329	(4.229812212048621+2.0688802238214863j)	0.3042478561401367	31.36327
330	(4.175210226679738+2.1044105546807j)	0.30351805686950684	31.4586
331	(4.1197454477323+2.1384698884188014j)	0.3031432628631592	31.55393
332	(4.063469725041956+2.171047040050235j)	0.3118441104888916	31.64926
333	(4.006372958790958+2.2021110788436777j)	0.2984020709991455	31.74459
334	(3.948538178029753+2.2316606983286507j)	0.3055000305175781	31.83992
335	(3.8903168097313343+2.2599809623338416j)	0.31115078926086426	31.93524
336	(3.8292360332437996+2.2859340238025156j)	0.2835102081298828	32.03057
337	(3.7710175045382983+2.311456624635124j)	0.31434011459350586	32.1259
338	(3.710426664201445+2.3347887361273796j)	0.33548402786254883	32.22123
339	(3.6492677921223273+2.3564956039373417j)	0.31174707412719727	32.31656
340	(3.587590979753882+2.376562305821192j)	0.33094072341918945	32.41189
341	(3.5254425164458323+2.3949786983192958j)	0.31304287910461426	32.50722
342	(3.462869428168235+2.4117360849563547j)	0.3224611282348633	32.60255
343	(3.400099526603363+2.4264454757669025j)	0.3068661689758301	32.69787
344	(3.3369105049660455+2.439926036393987j)	0.3123509883880615	32.7932
345	(3.2734208143283086+2.4517583659502127j)	0.302386999130249	32.88853
346	(3.2096693264157894+2.461938689667554j)	0.3172616958618164	32.98386
347	(3.1456952599644876+2.4704631894425466j)	0.2958049774169922	33.07919
348	(3.0815379475194313+2.4773286988417444j)	0.3442108631134033	33.17452
349	(3.017235051901115+2.4825318371522984j)	0.30510377883911133	33.26985
350	(2.952826112816534+2.4860699873251537j)	0.29636383056640625	33.36518
351	(2.8883498446818097+2.487940164754809j)	0.3050501346588135	33.46051
352	(2.8236333909302873+2.4878912727284765j)	0.3071920871734619	33.55583
353	(2.7592101966296627+2.4863741683942706j)	0.301440954208374	33.65116
354	(2.694849373666469+2.483202463554383j)	0.3141770362854004	33.74649
355	(2.6305862451513424+2.478377202345875j)	0.33094286918640137	33.84182
356	(2.566459306623631+2.471900101728332j)	0.3273630142211914	33.93715
357	(2.502503195521902+2.463770552993843j)	0.3278961181640625	34.03248
358	(2.4389403432145826+2.4540543659194345j)	0.31701016426086426	34.12781
359	(2.3752634950885576+2.4425605933446626j)	0.3004469871520996	34.22314
360	(2.311750194060878+2.4297997868410124j)	0.30298519134521484	34.31846
361	(2.248809969589976+2.414988449883108j)	0.32173800468444824	34.41379
362	(2.1862674708280543+2.398521831815688j)	0.30285215377807617	34.50912
363	(2.1241712106871558+2.3804137792300573j)	0.30204010009765625	34.60445
364	(2.062564580267905+2.3606781987580603j)	0.3021061420440674	34.69978
365	(2.001490715697879+2.3393299702657013j)	0.30572080612182617	34.79511
366	(1.9409921038772375+2.316389939874588j)	0.30552196502685547	34.89044
367	(1.8811083474457164+2.291875059494168j)	0.30475330352783203	34.98577
368	(1.822221698644819+2.265986166616753j)	0.32951784133911133	35.08109
369	(1.7636252794791558+2.23846200487602j)	0.30423688888549805	35.17642
370	(1.7057349814401146+2.2094076716964115j)	0.3115272521972656	35.27175
371	(1.648588961764366+2.1788391444386246j)	0.3036839962005615	35.36708
372	(1.5922250697120188+2.146772359103728j)	0.31079816818237305	35.46241
373	(1.5366814052440763+2.1132248063137866j)	0.305614709854126	35.55774
374	(1.481996024327747+2.078214171893465j)	0.3560340404510498	35.65307
375	(1.4282076272333395+2.0417598141526274j)	0.3048861026763916	35.7484
376	(1.3755803979505834+2.003632277323758j)	0.31906890869140625	35.84372
377	(1.3237528107436245+1.9644139211178082j)	0.3083329200744629	35.93905
378	(1.2729178872886804+1.9238250544142956j)	0.30743408203125	36.03438
379	(1.2231114423136054+1.8818861449816298j)	0.3156440258026123	36.12971
380	(1.1743701106252435+1.8386143313607337j)	0.3137698173522949	36.22504
381	(1.1267314802389097+1.7940318314290165j)	0.3085908889770508	36.32037
382	(1.0802323206500215+1.74816126836039j)	0.31815195083618164	36.4157
383	(1.0349148736924503+1.7010273050261j)	0.30901503562927246	36.51103
384	(0.9908136659774034+1.652656174176536j)	0.3099939823150635	36.60636
385	(0.9476719101473373+1.6027652790625395j)	0.3018617630004883	36.70168
386	(0.9062127200889678+1.5519437287247548j)	0.3319399356842041	36.79701
387	(0.8660991048460336+1.5000029731440938j)	0.299440860748291	36.89234
388	(0.8273615021660727+1.4469801423887878j)	0.3239128589630127	36.98767
389	(0.7900256525477899+1.392915683754906j)	0.3285808563232422	37.083
390	(0.7541186073529866+1.3378465160365893j)	0.4236416816711426	37.17833
391	(0.7197218284292972+1.282529860571092j)	0.34853291511535645	37.27366
392	(0.6866831790398387+1.2248464257010876j)	0.3485989570617676	37.36899
393	(0.65502006883544+1.1672898880766387j)	0.34134888648986816	37.46431
394	(0.6249889546005405+1.1085227407348928j)	0.33822178840637207	37.55964
395	(0.5965136464055516+1.0489206690630695j)	0.3367130756378174	37.65497
396	(0.5696188477720645+0.9885237029505352j)	0.4677858352661133	37.7503
397	(0.5443284722181623+0.9273722887279635j)	0.4089009761810303	37.84563
398	(0.5206650275333559+0.865509127646463j)	0.29946303367614746	37.94096
399	(0.4986508740844553+0.8029754556061829j)	0.32837986946105957	38.03629
400	(0.47830697639935693+0.7398147793450283j)	0.32403993606567383	38.13162
401	(0.4598902935857417+0.6763315368667774j)	0.35710787773132324	38.22694
402	(0.44287397433156744+0.6120996963795351j)	0.3728499412536621	38.32227
403	(0.4275761340175143+0.5473553625607033j)	0.36951589584350586	38.4176
404	(0.4140174460023003+0.4821442224529774j)	0.38245606422424316	38.51293
405	(0.4022179670555578+0.41651293551638197j)	0.37404322624206543	38.60826
406	(0.3921977049876909+0.35051030679678075j)	0.3665430545806885	38.70359
407	(0.38397418558213997+0.28418726127779614j)	0.4183011054992676	38.79892
408	(0.3775630363241944+0.21759704969939828j)	0.357785701751709	38.89425
409	(0.37320610195831694+0.1504427935310335j)	0.4067037105560303	38.98957
410	(0.3705354967116998+0.08354941378122548j)	0.519507884979248	39.0849
411	(0.37012442142257784+0.016750750398155018j)	0.4281949996948242	39.18023
412	(0.37066177864739674-0.05044017837670699j)	0.40766382217407227	39.27556
413	(0.3734575502450683-0.11743620683828647j)	0.5062351226806641	39.37089
414	(0.37807251259969354-0.1843684495295731j)	0.3762238025665283	39.46622
415	(0.384504522346299-0.2511888416931992j)	0.302199125289917	39.56155
416	(0.3927506985581729-0.317848953103508j)	0.29292893409729004	39.65688
417	(0.4028070052828968-0.38430426615350494j)	0.29369401931762695	39.75221
418	(0.4144187651865687-0.45069524640711045j)	0.2951531410217285	39.84753
419	(0.42814034152045244-0.5166540384410842j)	0.29155778884887695	39.94286
420	(0.4436723278139408-0.5822504892761449j)	0.2932851314544678	40.03819
421	(0.4610055802101598-0.6474342354503364j)	0.2910339832305908	40.13352
422	(0.4801298991687786-0.7121548440155184j)	0.2908027172088623	40.22885
423	(0.5010336947850748-0.7763624896663166j)	0.29671788215637207	40.32418
424	(0.523704118128138-0.8400069579187007j)	0.2924659252166748	40.41951
425	(0.5481272019606176-0.9030390089418534j)	0.3290379047393799	40.51484
426	(0.5740045814748815-0.9651804890907371j)	0.34534597396850586	40.61016
427	(0.6018398553744605-1.0269155199479956j)	0.4520750045776367	40.70549
428	(0.6313975130605443-1.0878987636253166j)	0.31325507164001465	40.80082
429	(0.6626597310145728-1.148075271937719j)	0.2909717559814453	40.89615
430	(0.6956050984449039-1.2073906365163094j)	0.294536828994751	40.99148
431	(0.7302088345646529-1.2657903885882429j)	0.28917908668518066	41.08681
432	(0.7664434813042187-1.3232225884170332j)	0.30384206771850586	41.18214
433	(0.8042799358689807-1.379636803539139j)	0.30716586112976074	41.27747
434	(0.8440154239418045-1.4347498364581412j)	0.31546807289123535	41.37279
435	(0.8848844496527161-1.4889027496014229j)	0.30945301055908203	41.46812
436	(0.9272324772114011-1.5419138019358758j)	0.30817627906799316	41.56345
437	(0.9710264669818705-1.5937450354347833j)	0.30538392066955566	41.65878
438	(1.0162329785865387-1.6443575797089172j)	0.2981259822845459	41.75411
439	(1.0628185200184006-1.6937148315290487j)	0.3895549774169922	41.84944
440	(1.1107496552765697-1.741780463327879j)	0.5923879146575928	41.94477
441	(1.1599912788288673-1.7885177799714875j)	0.35540199279785156	42.0401
442	(1.2106561314221884-1.8341391941784595j)	0.4270479679107666	42.13542
443	(1.2624714582092629-1.8780675620112444j)	0.4947218894958496	42.23075
444	(1.315477219210982-1.920547644979971j)	0.32101988792419434	42.32608
445	(1.3696321455584977-1.9615474715535883j)	0.4694199562072754	42.42141
446	(1.4248950713967419-2.0010366267129402j)	0.51596999168396	42.51674
447	(1.4812232667615897-2.0389847062465405j)	0.42189908027648926	42.61207
448	(1.5385748282562322-2.075362896477591j)	0.3284430503845215	42.7074
449	(1.5969056439152487-2.110142833321808j)	0.3757481575012207	42.80273
450	(1.6563065723970123-2.143595443579504j)	0.31387996673583984	42.89806
451	(1.7161068858021784-2.17509544921436j)	0.2997467517852783	42.99338
452	(1.7771860891399818-2.204962158105649j)	0.3184201717376709	43.08871
453	(1.8390679484113006-2.2331047726012203j)	0.2910590171813965	43.18404
454	(1.9016971076242495-2.2594989612587035j)	0.2921609878540039	43.27937
455	(1.9650184351516962-2.284124023224167j)	0.312701940536499	43.3747
456	(2.02897681801488-2.3069614255192175j)	0.32985806465148926	43.47003
457	(2.093512540148243-2.3279968537424924j)	0.37647175788879395	43.56536
458	(2.1585714254339408-2.3472172526819284j)	0.34071826934814453	43.66069
459	(2.2238678068200883-2.3643024024826897j)	0.3813328742980957	43.75601
460	(2.289732794354139-2.3799349037441773j)	0.34969115257263184	43.85134
461	(2.355972681629326-2.3937485715292204j)	0.3861989974975586	43.94667
462	(2.5634818808771755-2.7068357164153456j)	0.26172900199890137	44.042
463	(2.4893812490203997-2.415890016317476j)	0.38794589042663574	44.13733
464	(2.5564505802332023-2.4242051708842745j)	0.36379313468933105	44.23266
465	(2.623697092194926-2.430676117558551j)	0.3369479179382324	44.32799
466	(2.691070631492769-2.435298245773729j)	0.3444669246673584	44.42332
467	(2.7587327191133104-2.437889848693089j)	0.29773426055908203	44.51864
468	(2.826155566639672-2.438758506468578j)	0.36506175994873047	44.61397
469	(2.893541065951009-2.4377868777339797j)	0.394697904586792	44.7093
470	(2.9608393687896672-2.4349783969865344j)	0.6632797718048096	44.80463
471	(3.028002796204033-2.4303362192449343j)	0.35916709899902344	44.89996
472	(3.0949814227302483-2.4238653576462856j)	0.43233299255371094	44.99529
473	(3.1617256172075194-2.4155720283517175j)	0.508922815322876	45.09062
474	(3.228256030223926-2.4056084685270473j)	0.41902899742126465	45.18595
475	(3.2945584633266813-2.3938244688272836j)	0.5319287776947021	45.28127
476	(3.3603602836887836-2.3800377527131356j)	0.33615899085998535	45.3766
477	(3.425705922878521-2.364453138549899j)	0.5068438053131104	45.47193
478	(3.490542842481049-2.3470897903465775j)	0.3255448341369629	45.56726
479	(3.554820657268272-2.3279672323538403j)	0.4274439811706543	45.66259
480	(3.6184882780559917-2.3071121333231117j)	0.43917107582092285	45.75792
481	(3.6814991724360597-2.284547724496133j)	0.43458008766174316	45.85325
482	(3.7438083887940854-2.2603018435673263j)	0.33448290824890137	45.94858
483	(3.805372704752676-2.23440064220328j)	0.3844630718231201	46.04391
484	(3.8658650865243156-2.207092497855074j)	0.4034769535064697	46.13923
485	(3.9258827999609953-2.178029593829715j)	0.5230939388275146	46.23456
486	(3.9850531596258594-2.147377821660063j)	0.35123777389526367	46.32989
487	(4.0433354212579475-2.115162548787103j)	0.3298039436340332	46.42522
488	(4.100689396970469-2.081408162690237j)	0.3081479072570801	46.52055
489	(4.157075005971915-2.046141668942538j)	0.33179593086242676	46.61588
490	(4.212453115861824-2.009390527183867j)	0.3839759826660156	46.71121
491	(4.266784329143883-1.971182965755486j)	0.595344066619873	46.80654
492	(4.319819114931063-1.9313626609703332j)	0.42232799530029297	46.90186
493	(4.37190213288768-1.8903912078186087j)	0.31772518157958984	46.99719
494	(4.422840584298622-1.848064033556023j)	0.29152512550354004	47.09252
495	(4.472599671369405-1.8044119576772628j)	0.2958512306213379	47.18785
496	(4.521145441465249-1.7594665071248479j)	0.2962758541107178	47.28318
497	(4.568442532994986-1.7132584810114762j)	0.2975471019744873	47.37851
498	(4.614457945995848-1.665822502051688j)	0.29755306243896484	47.47384
499	(4.659169827887783-1.6171872813977077j)	0.2993640899658203	47.56917
500	(4.702777241654325-1.5671513682449694j)	0.30498313903808594	47.66449
501	(4.743775904573665-1.515123905880355j)	0.3018970489501953	47.75982
502	(4.785153381080267-1.464170371137112j)	0.29828977584838867	47.85515
503	(4.824187667979441-1.4111382633721425j)	0.2899918556213379	47.95048
504	(4.86175744747729-1.3571354223799916j)	0.3059051036834717	48.04581
505	(4.897842105169834-1.3022020070022624j)	0.2992289066314697	48.14114
506	(4.932433433581458-1.2463884900950235j)	0.28960394859313965	48.23647
507	(4.9655068198174535-1.1897267270060345j)	0.2961761951446533	48.3318
508	(4.997193319469148-1.1325570086107641j)	0.29466915130615234	48.42712
509	(5.027262977847349-1.0742774549049938j)	0.2901139259338379	48.52245
510	(5.055761837381668-1.015251916190548j)	0.2962229251861572	48.61778
511	(5.082674800101273-0.9555251162436484j)	0.29123401641845703	48.71311
512	(5.107983241590903-0.8951347427258629j)	0.3017082214355469	48.80844
513	(5.13167272806116-0.8341239598693038j)	0.2909359931945801	48.90377
514	(5.153728443695233-0.7725351857652658j)	0.2926199436187744	48.9991
515	(5.174137298649272-0.7104111187445328j)	0.29306817054748535	49.09443
516	(5.192886456955718-0.6477953744829255j)	0.2944469451904297	49.18976
517	(5.2097972973696915-0.5849708326991228j)	0.2986018657684326	49.28508
518	(5.225258008893393-0.521536238557633j)	0.2919909954071045	49.38041
519	(5.239036456730108-0.4577255247336742j)	0.28929996490478516	49.47574
520	(5.251118868535908-0.393582481441324j)	0.2919130325317383	49.57107
521	(5.261496511132671-0.3291518469649706j)	0.29937219619750977	49.6664
522	(5.2701595681174265-0.2644801475295324j)	0.3009910583496094	49.76173
523	(5.277101651894837-0.1996140736194425j)	0.3122241497039795	49.85706
524	(5.282317934048858-0.13460004577343998j)	0.3063230514526367	49.95239
525	(5.285538557275622-0.06923050983981183j)	0.2985849380493164	50.04771
526	(5.287239843143827-0.004143889164275549j)	0.30563998222351074	50.14304
527	(5.287231007339559+0.060937153494037055j)	0.2923579216003418	50.23837
528	(5.285521527429985+0.12596675770766375j)	0.312345027923584	50.3337
529	(5.282116301442925+0.19090636122132265j)	0.29054927825927734	50.42903
530	(5.276274664186493+0.2553059430332576j)	0.2704603672027588	50.52436
531	(5.270242049035108+0.32035766052637094j)	0.32053613662719727	50.61969
532	(5.261785047599769+0.3847919316144408j)	0.2996652126312256	50.71502
533	(5.251912976364281+0.44913021257965213j)	0.3350529670715332	50.81034
534	(5.240070400085523+0.5130981334688867j)	0.2942929267883301	50.90567
535	(5.2265523280624215+0.5767322270685944j)	0.29611897468566895	51.001
536	(5.211367460807175+0.6399904496711741j)	0.29440879821777344	51.09633
537	(5.1945184298815885+0.7028269525825261j)	0.31913185119628906	51.19166
538	(5.17603683589972+0.7652116452654691j)	0.4072611331939697	51.28699
539	(5.15591315572629+0.8270910980894126j)	0.4922769069671631	51.38232
540	(5.134166899535353+0.888427615045599j)	0.36069416999816895	51.47765
541	(5.110811644951953+0.9491798610650191j)	0.41513919830322266	51.57298
542	(5.086122215928455+1.009154436126594j)	0.5405378341674805	51.6683
543	(5.059621216395118+1.0686831897022664j)	0.6171591281890869	51.76363
544	(5.031540778438584+1.127510019931576j)	0.44202399253845215	51.85896
545	(5.001897155873762+1.1855882834933706j)	0.42333197593688965	51.95429
546	(4.970711171980334+1.2428749817315412j)	0.42064499855041504	52.04962
547	(4.93800330663449+1.2993271387119911j)	0.4133589267730713	52.14495
548	(4.903801335848625+1.3548960573545454j)	0.3203399181365967	52.24028
549	(4.868121917453338+1.409555276056478j)	0.3211348056793213	52.33561
550	(4.830750963720911+1.4629818373665566j)	0.29706501960754395	52.43093
551	(4.792287575134283+1.515626276650372j)	0.290752649307251	52.52626
552	(4.7518600611468065+1.5669208147600397j)	0.2924520969390869	52.62159
553	(4.711256641988517+1.6178483607051564j)	0.2964959144592285	52.71692
554	(4.668736885126064+1.6673615315627712j)	0.29390382766723633	52.81225
555	(4.624913140465582+1.7157661777776545j)	0.29329681396484375	52.90758
556	(4.579809756685623+1.763029766006761j)	0.2933790683746338	53.00291
557	(4.533451551855882+1.8091193841450188j)	0.2935481071472168	53.09824
558	(4.4857051826772425+1.8542179818777087j)	0.32098388671875	53.19356
559	(4.436865691784306+1.8978118166490843j)	0.3467240333557129	53.28889
560	(4.386864348747086+1.9401196645170595j)	0.29999399185180664	53.38422
561	(4.335732838792039+1.9811103039880071j)	0.2897319793701172	53.47955
562	(4.283503854953557+2.0207533681671066j)	0.29258012771606445	53.57488
563	(4.23021025971164+2.059018995048033j)	0.2940340042114258	53.67021
564	(4.17588642736217+2.095877644779668j)	0.429811954498291	53.76554
565	(4.120568786286656+2.1313011647287334j)	0.31486988067626953	53.86087
566	(4.064492729939502+2.165494116125225j)	0.4902770519256592	53.95619
567	(4.007227976506025+2.1980021295354124j)	0.47152209281921387	54.05152
568	(3.9490709930542316+2.228974793158577j)	0.38062214851379395	54.14685
569	(3.890067908389379+2.2583840088620657j)	0.36510682106018066	54.24218
570	(3.830262792716273+2.2862056261663306j)	0.5255630016326904	54.33751
571	(3.769700488459919+2.312416644439467j)	0.34476685523986816	54.43284
572	(3.7084296509643933+2.3369975580609434j)	0.3063361644744873	54.52817
573	(3.64649551644352+2.35993015457847j)	0.3278059959411621	54.6235
574	(3.5846524738713974+2.3805688036191306j)	0.30551791191101074	54.71883
575	(3.5210879302308142+2.4005464615080423j)	0.46405601501464844	54.81415
576	(3.4574921389487567+2.4185175943213193j)	0.30781126022338867	54.90948
577	(3.393394466318571+2.4347969074077067j)	0.35836291313171387	55.00481
578	(3.32883764532912+2.4493684115915575j)	0.32500696182250977	55.10014
579	(3.2638641676408855+2.4622169775530733j)	0.3244900703430176	55.19547
580	(3.1985177126607103+2.4733273132836584j)	0.30464673042297363	55.2908
581	(3.132843105394679+2.482685915620456j)	0.2995290756225586	55.38613
582	(3.066885636807765+2.490277453679763j)	0.355482816696167	55.48146
583	(3.000514283486838+2.495910864366461j)	0.3916130065917969	55.57678
584	(2.9341794628605165+2.4998898475281046j)	0.3090698719024658	55.67211
585	(2.8677265781988894+2.502088447261083j)	0.39701294898986816	55.76744
586	(2.8011870979184064+2.5024902519178687j)	0.3842768669128418	55.86277
587	(2.7346145688913266+2.5010931855161194j)	0.37272191047668457	55.9581
588	(2.6680577602970974+2.4978930111842037j)	0.4043130874633789	56.05343
589	(2.6015660851981415+2.492887197333949j)	0.30825114250183105	56.14876
590	(2.5351896426537706+2.4860734614350086j)	0.3545041084289551	56.24409
591	(2.468727666364862+2.4776431838862947j)	0.3985297679901123	56.33941
592	(2.402695808812341+2.4671464603128315j)	0.312654972076416	56.43474
593	(2.3372621013283164+2.45503674957022j)	0.32906603813171387	56.53007
594	(2.2715457580258693+2.440735907920657j)	0.30364489555358887	56.6254
595	(2.2065320328537648+2.4248461387297917j)	0.31402015686035156	56.72073
596	(2.1419592025274987+2.407184713077808j)	0.4829387664794922	56.81606
597	(2.0778757595557815+2.3877671258206967j)	0.360548734664917	56.91139
598	(2.014329458116592+2.3666090236695383j)	0.4117922782897949	57.00672
599	(1.9516471113907892+2.343921030541334j)	0.3364579677581787	57.10204
600	(1.889252488319061+2.3193997445982264j)	0.4000859260559082	57.19737
601	(1.8275136613371128+2.2931756922364857j)	0.3682889938354492	57.2927
602	(1.7664778475808134+2.2652639265062433j)	0.4026050567626953	57.38803
603	(1.706192228928598+2.235681357890572j)	0.32285404205322266	57.48336
604	(1.6467048348402518+2.204444617985105j)	0.3194878101348877	57.57869
605	(1.5880634062230856+2.1715737459598765j)	0.3697926998138428	57.67402
606	(1.5303151351473425+2.137090234441536j)	0.3203110694885254	57.76935
607	(1.4735087547279517+2.1010166275184767j)	0.3628089427947998	57.86468
608	(1.417892517941831+2.0632302515137124j)	0.3891921043395996	57.96
609	(1.3631415016326556+2.02410786935911j)	0.3447690010070801	58.05533
610	(1.3094576857743798+1.9834833892662704j)	0.3176419734954834	58.15066
611	(1.2568850839806602+1.9413846725381325j)	0.363461971282959	58.24599
612	(1.2054668266713586+1.8978416124636555j)	0.3679389953613281	58.34132
613	(1.1552463493680385+1.8528842662176404j)	0.42385005950927734	58.43665
614	(1.1062656889781717+1.8065465808871957j)	0.41733407974243164	58.53198
615	(1.0585656007408208+1.7588634511733579j)	0.43117403984069824	58.62731
616	(1.012007382524417+1.7096051263267356j)	0.404998779296875	58.72263
617	(0.9670631884875218+1.6593061407647753j)	0.40583300590515137	58.81796
618	(0.9235219061301148+1.607798031658179j)	0.3442978858947754	58.91329
619	(0.8814145268248208+1.5551223120655826j)	0.38338708877563477	59.00862
620	(0.840769484139247+1.5013214408790005j)	0.34085702896118164	59.10395
621	(0.8016148952732065+1.4464378308533024j)	0.3861868381500244	59.19928
622	(0.7639739126601799+1.3905131347020463j)	0.3138601779937744	59.29461
623	(0.7278732744574496+1.3335895200711416j)	0.2990758419036865	59.38994
624	(0.693151921558012+1.2759638504867907j)	0.31774115562438965	59.48526
625	(0.6601433690059766+1.2171094670309917j)	0.30686426162719727	59.58059
626	(0.628759623774553+1.1573660868587528j)	0.31322503089904785	59.67592
627	(0.5990272530050721+1.0967790251952658j)	0.30788111686706543	59.77125
628	(0.57097028453393+1.0353949967519043j)	0.2982480525970459	59.86658
629	(0.544614038914585+0.9732641721251862j)	0.3001542091369629	59.96191
630	(0.5199734288760389+0.9104278195548342j)	0.30831217765808105	60.05724
631	(0.49707558704522603+0.8469436175375388j)	0.3165302276611328	60.15257
632	(0.47611021452380925+0.7830435081061101j)	0.3088669776916504	60.24789
633	(0.45669650633251824+0.7184473100408412j)	0.2996039390563965	60.34322
634	(0.4390645672592314+0.6533420534888746j)	0.34059691429138184	60.43855
635	(0.4232296847817476+0.5877776047772638j)	0.34799695014953613	60.53388
636	(0.4092074107609135+0.5218070212235332j)	0.3954298496246338	60.62921
637	(0.3970089909809981+0.45548332463594493j)	0.3103022575378418	60.72454
638	(0.3866440565775259+0.38885964038531573j)	0.33677101135253906	60.81987
639	(0.3781208957317229+0.32199192601919063j)	0.3068661689758301	60.9152
640	(0.37144464747380657+0.2549332627496474j)	0.34299278259277344	61.01053
641	(0.36689869941511705+0.18756845663418892j)	0.3196899890899658	61.10585
642	(0.36395670753585907+0.12037040382525703j)	0.31314897537231445	61.20118
643	(0.3628426402639779+0.05315139282323922j)	0.3078432083129883	61.29651
644	(0.36355347233631913-0.014038689177667957j)	0.29872584342956543	61.39184
645	(0.36608178307540795-0.08115553537294257j)	0.3435859680175781	61.48717
646	(0.370423010439332-0.1481505578111709j)	0.3060431480407715	61.5825
647	(0.37657149790132627-0.2149799629567141j)	0.32946300506591797	61.67783
648	(0.3845213284740451-0.2815971128169812j)	0.4187650680541992	61.77316
649	(0.39404196440092676-0.3481337933160438j)	0.4174489974975586	61.86848
650	(0.4056281254845078-0.4142380574678187j)	0.42820310592651367	61.96381
651	(0.419006546064578-0.47997654852009264j)	0.317302942276001	62.05914
652	(0.43416527713944736-0.5452999122067338j)	0.29578113555908203	62.15447
653	(0.4510908208222983-0.6101582882468229j)	0.3094508647918701	62.2498
654	(0.46976797973297957-0.6745030526778184j)	0.31566405296325684	62.34513
655	(0.49018027365104094-0.7382859204473713j)	0.3194103240966797	62.44046
656	(0.5123091586084939-0.8014587947352366j)	0.2993028163909912	62.53579
657	(0.5359301733463607-0.8638164473147008j)	0.30406618118286133	62.63111
658	(0.561400472659773-0.925685181901621j)	0.31460094451904297	62.72644
659	(0.5885387994297144-0.9868105189105963j)	0.301116943359375	62.82177
660	(0.6173214211007589-1.0471453019544288j)	0.3249337673187256	62.9171
661	(0.6477237505221715-1.1066432674349174j)	0.2967979907989502	63.01243
662	(0.679717617450753-1.1652570504229383j)	0.3276221752166748	63.10776
663	(0.7132750772567095-1.2229435849292005j)	0.3148660659790039	63.20309
664	(0.7483639249773215-1.27965933189653j)	0.32199597358703613	63.29842
665	(0.785187592281043-1.3351267849020885j)	0.296231746673584	63.39374
666	(0.8231773616812497-1.3897299412851745j)	0.3215599060058594	63.48907
667	(0.8625885447342365-1.443263392938691j)	0.29813098907470703	63.5844
668	(0.9033922661958785-1.49569618270984j)	0.3089323043823242	63.67973
669	(0.9455580444986096-1.5469938850390348j)	0.30544114112854004	63.77506
670	(0.9890577681818584-1.5971256797360331j)	0.3594820499420166	63.87039
671	(1.0338608249966956-1.6460583579637231j)	0.4197261333465576	63.96572
672	(1.0799430179070548-1.6937554691452867j)	0.305509090423584	64.06105
673	(1.1272542719044314-1.740196954571919j)	0.3380908966064453	64.15638
674	(1.175963142597426-1.7855248803868644j)	0.2891228199005127	64.2517
675	(1.2257102686559598-1.8292845809945122j)	0.3004486560821533	64.34703
676	(1.2765853143841774-1.8716737181290803j)	0.29616713523864746	64.44236
677	(1.3285507943444343-1.9126642906708051j)	0.3003551959991455	64.53769
678	(1.3815672689853977-1.9522290519004537j)	0.30707406997680664	64.63302
679	(1.435595714182988-1.9903420580319544j)	0.2965891361236572	64.72835
680	(1.4882289935176547-2.023828232115743j)	0.27524685859680176	64.82368
681	(1.5465266887399551-2.0621143387486596j)	0.3037879467010498	64.91901
682	(1.6032061858804192-2.0959497204935196j)	0.2969021797180176	65.01433
683	(1.6609357630263808-2.1280447283820236j)	0.3061497211456299	65.10966
684	(1.7194733553368737-2.158559597862357j)	0.2893390655517578	65.20499
685	(1.7787761701005413-2.1874751615996297j)	0.3050723075866699	65.30032
686	(1.8387954167355574-2.2147740147719244j)	0.3729848861694336	65.39565
687	(1.8994825548839012-2.2404429608624263j)	0.30182504653930664	65.49098
688	(1.9607941444939612-2.264466537833639j)	0.31912779808044434	65.58631
689	(2.0226824232092846-2.2868350675319693j)	0.3226289749145508	65.68164
690	(2.0848630786736897-2.3073080807527093j)	0.3252131938934326	65.77696
691	(2.147719545767822-2.3264069891903003j)	0.31386685371398926	65.87229
692	(2.211039894731056-2.343837735221824j)	0.29937100410461426	65.96762
693	(2.274778735286052-2.3595882573811373j)	0.3306572437286377	66.06295
694	(2.3388985864919167-2.3736497343159484j)	0.31081080436706543	66.15828
695	(2.403357834589571-2.3860092106682447j)	0.34219884872436523	66.25361
696	(2.4681121399236297-2.396659770517111j)	0.30081892013549805	66.34894
697	(2.533118954342325-2.4055907744602565j)	0.3019382953643799	66.44427
698	(2.5985270563264122-2.412648303456818j)	0.3763561248779297	66.53959
699	(2.6639038112241598-2.417840026742624j)	0.37964701652526855	66.63492
700	(2.7293008864152335-2.42176233700659j)	0.49303197860717773	66.73025
701	(2.794800894964953-2.423723710520595j)	0.31775808334350586	66.82558
702	(2.860317241856917-2.4239530686443205j)	0.460294246673584	66.92091
703	(2.9258049927683487-2.4224502228021656j)	0.4697420597076416	67.01624
704	(2.991219523465488-2.4192170838358624j)	0.33870673179626465	67.11157
705	(3.0565156628549888-2.4142558378183407j)	0.3062551021575928	67.2069
706	(3.1217399219294664-2.4076858919134034j)	0.3331427574157715	67.30223
707	(3.1868130527762957-2.3992889364409837j)	0.311842679977417	67.39755
708	(3.2515067549898666-2.389105618580225j)	0.3791790008544922	67.49288
709	(3.31588586089773-2.3772133553117367j)	0.3737800121307373	67.58821
710	(3.379905963258414-2.363627534714098j)	0.33727002143859863	67.68354
711	(3.4435235736961634-2.3483583308282006j)	0.33895111083984375	67.77887
712	(3.5066969011874036-2.3314231136238965j)	0.29332518577575684	67.8742
713	(3.569386483783736-2.3128379014871996j)	0.34821391105651855	67.96953
714	(3.6315527289973426-2.2926176938702243j)	0.28861212730407715	68.06486
715	(3.6928169125747834-2.270865688720037j)	0.28131818771362305	68.16018
716	(3.754001719664287-2.24761413698884j)	0.29627084732055664	68.25551
717	(3.8144453167179497-2.222613863507846j)	0.29433178901672363	68.35084
718	(3.87422050695889-2.196020273503383j)	0.3569679260253906	68.44617
719	(3.933286594116536-2.1678508102164953j)	0.3758230209350586	68.5415
720	(3.9916007977059618-2.1381199371142583j)	0.33452725410461426	68.63683
721	(4.049119080235991-2.1068449600181034j)	0.4595320224761963	68.73216
722	(4.1058015361232085-2.0740461924567106j)	0.5297279357910156	68.82749
723	(4.16144100881643-2.039577052265144j)	0.3143501281738281	68.92281
724	(4.216285098078423-2.0038393780704524j)	0.3967869281768799	69.01814
725	(4.270178890133796-1.966654085915963j)	0.38790297508239746	69.11347
726	(4.323083056971741-1.9280438405251925j)	0.3706321716308594	69.2088
727	(4.374960512201623-1.8880343966821123j)	0.3666379451751709	69.30413
728	(4.425746037414767-1.8466191542376114j)	0.3848419189453125	69.39946
729	(4.475481263483201-1.8039208441241323j)	0.3392782211303711	69.49479
730	(4.524051293180487-1.759872700262933j)	0.35822296142578125	69.59012
731	(4.5716156782305495-1.7143134839745016j)	0.46560001373291016	69.68544
732	(4.6177997832357125-1.6679885734853703j)	0.4050450325012207	69.78077
733	(4.662609325525908-1.6198478721114178j)	0.5997488498687744	69.8761
734	(4.706200638387993-1.5708370589121086j)	0.47764015197753906	69.97143
735	(4.748485655548761-1.5206871543016685j)	0.33470892906188965	70.06676
736	(4.789439424293416-1.4694315618457334j)	0.3263092041015625	70.16209
737	(4.829035479682509-1.4171035107137997j)	0.3028228282928467	70.25742
738	(4.867248019159236-1.3637369491316043j)	0.30426788330078125	70.35275
739	(4.904053870341603-1.3093632168556346j)	0.29030299186706543	70.44808
740	(4.939647581706632-1.2542245167761361j)	0.28908419609069824	70.5434
741	(4.973606578015408-1.1978747534586374j)	0.2910318374633789	70.63873
742	(5.006066971113321-1.140609227762205j)	0.2907109260559082	70.73406
743	(5.0370000243289965-1.0824672488132392j)	0.29206395149230957	70.82939
744	(5.066379545846954-1.0234880338743295j)	0.3643829822540283	70.92472
745	(5.09443736430554-0.964014017836544j)	0.34932899475097656	71.02005
746	(5.120380393621443-0.9031870650380189j)	0.3912801742553711	71.11538
747	(5.144955214631563-0.841952240641322j)	0.302293062210083	71.21071
748	(5.167738268980824-0.7802374984100253j)	0.29529714584350586	71.30603
749	(5.1890540528420654-0.7177478798835208j)	0.29720497131347656	71.40136
750	(5.208692637245313-0.6546770764895915j)	0.30815792083740234	71.49669
751	(5.226637085831808-0.5910679224258999j)	0.3134338855743408	71.59202
752	(5.242870864408097-0.5269664569373882j)	0.30460500717163086	71.68735
753	(5.257378859986201-0.4624195966038309j)	0.3244819641113281	71.78268
754	(5.270147183067381-0.3974763604286591j)	0.314241886138916	71.87801
755	(5.2811639767294345-0.33218464750055476j)	0.38764095306396484	71.97334
756	(5.290178793314954-0.2664302250041328j)	0.36469101905822754	72.06866
757	(5.297628596840129-0.2006526900677157j)	0.4090311527252197	72.16399
758	(5.3033218059319305-0.13468126773051559j)	0.4493560791015625	72.25932
759	(5.307253524840057-0.06855745587023199j)	0.3415191173553467	72.35465
760	(5.309419339201718-0.0023271099741548618j)	0.45711302757263184	72.44998
761	(5.309815894979533+0.0639699667808804j)	0.4994189739227295	72.54531
762	(5.308439796071847+0.1302872084677107j)	0.4205749034881592	72.64064
763	(5.305286457088682+0.19657999429335815j)	0.3079071044921875	72.73597
764	(5.300356732423891+0.262806755930971j)	0.35892271995544434	72.8313
765	(5.293828511721637+0.32912848315815957j)	0.305405855178833	72.92662
766	(5.28527386678815+0.3951189480289923j)	0.33859705924987793	73.02195
767	(5.274927320973351+0.4608840094459081j)	0.29863786697387695	73.11728
768	(5.262793618307681+0.5263748330498688j)	0.376356840133667	73.21261
769	(5.248879590063979+0.5915394996463812j)	0.34384894371032715	73.30794
770	(5.2331928813782564+0.6563285701821897j)	0.3125498294830322	73.40327
771	(5.215744554777943+0.7206911336151687j)	0.31694507598876953	73.4986
772	(5.196546144293066+0.7845780698704887j)	0.3740541934967041	73.59393
773	(5.175804086540721+0.8478185253901485j)	0.3123459815979004	73.68925
774	(5.153169937118264+0.9106590530398897j)	0.36901187896728516	73.78458
775	(5.128818247579561+0.9728815013118184j)	0.32391881942749023	73.87991
776	(5.102765449276946+1.0344384199643597j)	0.34398698806762695	73.97524
777	(5.075031777387371+1.0952789625200348j)	0.31333303451538086	74.07057
778	(5.045638179816314+1.155355336144574j)	0.34958600997924805	74.1659
779	(5.01460725914505+1.2146205591062502j)	0.35590505599975586	74.26123
780	(4.981964326205385+1.2730285156901024j)	0.3196430206298828	74.35656
781	(4.947572020822612+1.33027807124304j)	0.3048419952392578	74.45188
782	(4.911339807232044+1.386572496635175j)	0.30066990852355957	74.54721
783	(4.874603771501556+1.442369130204682j)	0.30921387672424316	74.64254
784	(4.835855200514033+1.4969222962275777j)	0.30215978622436523	74.73787
785	(4.795627618038879+1.5504283935290066j)	0.2983229160308838	74.8332
786	(4.75394692136031+1.6028467257614205j)	0.3013792037963867	74.92853
787	(4.710840005496756+1.654136425468021j)	0.3019828796386719	75.02386
788	(4.665882602598861+1.7044480522161827j)	0.2868499755859375	75.11919
789	(4.620293947238878+1.7533725292003128j)	0.31113290786743164	75.21451
790	(4.5730289160937065+1.800987078967196j)	0.37636303901672363	75.30984
791	(4.524467084025021+1.8472994603569113j)	0.3358919620513916	75.40517
792	(4.474651034208336+1.8922760920291894j)	0.3865790367126465	75.5005
793	(4.423613107876285+1.9358785218592558j)	0.3831641674041748	75.59583
794	(4.371395026423892+1.97807327580639j)	0.3304109573364258	75.69116
795	(4.318035984603347+2.0188279153585587j)	0.38519287109375	75.78649
796	(4.263628175140309+2.058057439056464j)	0.3505837917327881	75.88182
797	(4.208062650951824+2.095894078334797j)	0.3412759304046631	75.97715
798	(4.151630720305382+2.1323515551486643j)	0.41370606422424316	76.07247
799	(4.094074238652892+2.1670635927294164j)	0.39621520042419434	76.1678
800	(4.035588190087481+2.2001779621301436j)	0.4149601459503174	76.26313
801	(3.976220748062463+2.2316719205968782j)	0.37148189544677734	76.35846
802	(3.9160192056844574+2.2615218211775083j)	0.39938998222351074	76.45379
803	(3.8550327861433544+2.2897087914986325j)	0.32169604301452637	76.54912
804	(3.793308896351218+2.3162128274656806j)	0.40038394927978516	76.64445
805	(3.730896014258744+2.3410194738619285j)	0.42070913314819336	76.73978
806	(3.6681032717119084+2.363946251101365j)	0.4126601219177246	76.8351
807	(3.6044870324873335+2.3853791499176107j)	0.4889647960662842	76.93043
808	(3.5403011019336588+2.4050732949163933j)	0.3953359127044678	77.02576
809	(3.47560097422687+2.4230204005103673j)	0.3213818073272705	77.12109
810	(3.410424685435401+2.43919638209596j)	0.3076741695404053	77.21642
811	(3.3448229581358984+2.453588500042052j)	0.38344788551330566	77.31175
812	(3.2787151115463984+2.4662482399878645j)	0.38890814781188965	77.40708
813	(3.212542411414234+2.476963230549927j)	0.3246886730194092	77.50241
814	(3.145794036539146+2.485756466539427j)	0.3483562469482422	77.59773
815	(3.0790437324114324+2.492844886674011j)	0.34198808670043945	77.69306
816	(3.011903558972056+2.4981089029610106j)	0.322620153427124	77.78839
817	(2.9451197968844163+2.501540899871082j)	0.36964917182922363	77.88372
818	(2.8780481648950462+2.5031431946313147j)	0.29865598678588867	77.97905
819	(2.8109719370598913+2.5029155890109887j)	0.3034670352935791	78.07438
820	(2.7439417477757164+2.5008592367261158j)	0.33698105812072754	78.16971
821	(2.677008480806324+2.4969772700649004j)	0.31477880477905273	78.26504
822	(2.6100272169693595+2.49140179231561j)	0.3146193027496338	78.36036
823	(2.543414715806491+2.4838304557302107j)	0.32840561866760254	78.45569
824	(2.4770637718785182+2.474447802879875j)	0.312183141708374	78.55102
825	(2.411024888306725+2.463265624141393j)	0.34011316299438477	78.64635
826	(2.34534609018621+2.450299626822721j)	0.31966710090637207	78.74168
827	(2.2800757048420994+2.4355633762312534j)	0.3178219795227051	78.83701
828	(2.215237107013272+2.4190849222729436j)	0.3268399238586426	78.93234
829	(2.1509419081936545+2.400849568172814j)	0.3233063220977783	79.02767
830	(2.087078336730828+2.38139954147738j)	0.3123807907104492	79.123
831	(2.024135123093131+2.359507023032448j)	0.32121801376342773	79.21832
832	(1.9615044046616128+2.336201253342153j)	0.29860997200012207	79.31365
833	(1.8995384747545903+2.3112099212156645j)	0.3138270378112793	79.40898
834	(1.8382841640077494+2.2845503275576187j)	0.311582088470459	79.50431
835	(1.7777893688314241+2.2562406328091615j)	0.32128381729125977	79.59964
836	(1.7181004077627522+2.226302613843882j)	0.35442209243774414	79.69497
837	(1.6592630780979272+2.1947593385262523j)	0.32716798782348633	79.7903
838	(1.601321977093592+2.1616343506194675j)	0.3573770523071289	79.88563
839	(1.5445047806723602+2.1268132123957275j)	0.39673399925231934	79.98095
840	(1.4885286823238595+2.090659378287504j)	0.42586708068847656	80.07628
841	(1.4335715770759834+2.0530206790271475j)	0.33991217613220215	80.17161
842	(1.3796684346061665+2.013922180381532j)	0.29755115509033203	80.26694
843	(1.3268624475160353+1.9733988391716046j)	0.32366085052490234	80.36227
844	(1.275190560443476+1.9314804324268589j)	0.33054685592651367	80.4576
845	(1.2245965139987336+1.8881053072457685j)	0.35371899604797363	80.55293
846	(1.1753929693367804+1.8435926365438227j)	0.4418160915374756	80.64826
847	(1.1272277338354126+1.7974733451936433j)	0.34468793869018555	80.74358
848	(1.0805053560579865+1.7502941687230613j)	0.31913328170776367	80.83891
849	(1.0350918371532716+1.7019092082012648j)	0.37018609046936035	80.93424
850	(0.9910151830253664+1.6523564667443646j)	0.3662848472595215	81.02957
851	(0.9482988977097084+1.6016720538525722j)	0.3471541404724121	81.1249
852	(0.9069712035125046+1.5498948701021547j)	0.34927797317504883	81.22023
853	(0.8670538322026664+1.497059501527799j)	0.3636660575866699	81.31556
854	(0.8285703724599287+1.4432017218449178j)	0.34018921852111816	81.41089
855	(0.7913444639153829+1.3885704122577986j)	0.3239750862121582	81.50621
856	(0.7557578733475729+1.3327225838823735j)	0.33089208602905273	81.60154
857	(0.7220928112722639+1.2758381864538764j)	0.3247518539428711	81.69687
858	(0.6891737284050966+1.218306007117222j)	0.33437418937683105	81.7922
859	(0.6582259554535443+1.1598229538482436j)	0.35701584815979004	81.88753
860	(0.628870985749246+1.100547866105813j)	0.3365340232849121	81.98286
861	(0.6011297852373311+1.0405263595390521j)	0.32260894775390625	82.07819
862	(0.5750215970160545+0.9798063725144697j)	0.29282116889953613	82.17352
863	(0.5505630972845247+0.9184317960406557j)	0.3199920654296875	82.26885
864	(0.5278917711844493+0.856633790982849j)	0.36573004722595215	82.36417
865	(0.5068550471498863+0.794254531069751j)	0.36672186851501465	82.4595
866	(0.48724941398988847+0.7310800783357208j)	0.35153985023498535	82.55483
867	(0.46946759555759526+0.6675632387849276j)	0.3915262222290039	82.65016
868	(0.45367647495387586+0.6035208694063331j)	0.3278539180755615	82.74549
869	(0.439037322702621+0.5392820267082139j)	0.3064889907836914	82.84082
870	(0.4264073326125912+0.4746099421762963j)	0.3310127258300781	82.93615
871	(0.4155091166326216+0.40964695184524924j)	0.295382022857666	83.03148
872	(0.4065874861855348+0.34433924161734464j)	0.32752513885498047	83.1268
873	(0.39918544494167296+0.27899701780112296j)	0.3003840446472168	83.22213
874	(0.393509481144076+0.21350318475022095j)	0.29673075675964355	83.31746
875	(0.3895615349106042+0.14790267473706178j)	0.29815006256103516	83.41279
876	(0.38734192144795754+0.08223520117980693j)	0.2932751178741455	83.50812
877	(0.38685315653548946+0.016540563609856673j)	0.30594897270202637	83.60345
878	(0.3880938490386533-0.04913647759615544j)	0.29500603675842285	83.69878
879	(0.39106552977266157-0.11475574302294492j)	0.31105875968933105	83.79411
880	(0.3955797513558157-0.18046989572410693j)	0.30242300033569336	83.88943
881	(0.4020713961519913-0.2458845513236535j)	0.3067300319671631	83.98476
882	(0.41030128462797266-0.3110949558437124j)	0.30797696113586426	84.08009
883	(0.42026432560078814-0.37605474868274436j)	0.3165280818939209	84.17542
884	(0.43195090762716204-0.44071388130571804j)	0.3089559078216553	84.27075
885	(0.4453512413747739-0.5050278655105808j)	0.3882761001586914	84.36608
886	(0.4604550049475522-0.5689514976322033j)	0.3340020179748535	84.46141
887	(0.47724908496450585-0.6324381581358798j)	0.3076968193054199	84.55674
888	(0.49556084101708486-0.6953024360720554j)	0.3252229690551758	84.65206
889	(0.5156607719436361-0.7578282814601072j)	0.3755478858947754	84.74739
890	(0.5374161429278241-0.8197922808325924j)	0.3197638988494873	84.84272
891	(0.560810418202744-0.8811514288710711j)	0.3445088863372803	84.93805
892	(0.5858247524773399-0.9418609415621417j)	0.4477550983428955	85.03338
893	(0.6124414655189073-1.0018795620072822j)	0.4607102870941162	85.12871
894	(0.6406389762173079-1.0611644353792835j)	0.36136913299560547	85.22404
895	(0.6703962420671856-1.1196757568650049j)	0.4336388111114502	85.31937
896	(0.7016907274621933-1.177373211210206j)	0.45494604110717773	85.4147
897	(0.7345971829884063-1.2339611560548995j)	0.3457601070404053	85.51002
898	(0.7688300401979957-1.2898988160621632j)	0.3361082077026367	85.60535
899	(0.8045281876651706-1.3449277674006144j)	0.35786890983581543	85.70068
900	(0.8416703012392668-1.3990086550327943j)	0.467540979385376	85.79601
901	(0.8802346699418315-1.4521072040751992j)	0.42340993881225586	85.89134
902	(0.9202005949487755-1.5041855877272443j)	0.3240063190460205	85.98667
903	(0.9615465698567397-1.5552053536211108j)	0.35591793060302734	86.082
904	(1.0042450367918387-1.6051298797277196j)	0.32156801223754883	86.17733
905	(1.048464178016586-1.654086469640884j)	0.3177049160003662	86.27265
906	(1.0938286955392622-1.701649484727725j)	0.30617308616638184	86.36798
907	(1.140449002882315-1.7479941571268793j)	0.36300206184387207	86.46331
908	(1.1882919266158292-1.7930882696503672j)	0.330704927444458	86.55864
909	(1.2373239897791608-1.8368991319707841j)	0.3831820487976074	86.65397
910	(1.2875104330385523-1.879395943553349j)	0.3286147117614746	86.7493
911	(1.3388148040096555-1.9205496522160606j)	0.3062741756439209	86.84463
912	(1.391202203141848-1.9603308246923343j)	0.42939090728759766	86.93996
913	(1.444519780589395-1.9988819135093454j)	0.3691680431365967	87.03528
914	(1.4992467331987795-2.0356178386245625j)	0.36424708366394043	87.13061
915	(1.5544744671610395-2.0713757026555353j)	0.30327916145324707	87.22594
916	(1.6108766312975153-2.1054025703462242j)	0.3872530460357666	87.32127
917	(1.6681735384071021-2.1379177799730904j)	0.3380920886993408	87.4166
918	(1.726324078455908-2.1688989051888474j)	0.3902308940887451	87.51193
919	(1.7852882729299289-2.1983280946599133j)	0.3147139549255371	87.60726
920	(1.8450244505051225-2.2261819415065247j)	0.3205268383026123	87.70259
921	(1.9052581053042503-2.25228351863854j)	0.3081488609313965	87.79791
922	(1.9663842804831917-2.2769966668042625j)	0.2975900173187256	87.89324
923	(2.028177478451402-2.3000836786368803j)	0.30129384994506836	87.98857
924	(2.0905974348576093-2.321537523820139j)	0.3908851146697998	88.0839
925	(2.153602122525115-2.3413245768204436j)	0.36803317070007324	88.17923
926	(2.217149677498998-2.359427482422518j)	0.308438777923584	88.27456
927	(2.2811947819223097-2.3758291827846056j)	0.3593740463256836	88.36989
928	(2.3437138913764577-2.3903611146487775j)	0.28522419929504395	88.46522
929	(2.410594874282462-2.4034590858900637j)	0.3345620632171631	88.56055
930	(2.475997115689849-2.414462638466385j)	0.3164708614349365	88.65587
931	(2.541510144920948-2.423865376178324j)	0.3180050849914551	88.7512
932	(2.6072730971363773-2.4315091647256355j)	0.31870388984680176	88.84653
933	(2.6732358610877256-2.4373854416835545j)	0.3051719665527344	88.94186
934	(2.739359650280101-2.441495028117986j)	0.33010196685791016	89.03719
935	(2.805588112538735-2.443826707743975j)	0.31226420402526855	89.13252
936	(2.8718773685547245-2.444380748116902j)	0.3282470703125	89.22785
937	(2.9381791379748177-2.4431535069637835j)	0.45027875900268555	89.32318
938	(3.0046305044046884-2.440236228107796j)	0.33196496963500977	89.4185
939	(3.070832996383886-2.4353978555015225j)	0.3259158134460449	89.51383
940	(3.136893932787758-2.4287786322739793j)	0.31269288063049316	89.60916
941	(3.2027662701109527-2.4203845474158805j)	0.3322319984436035	89.70449
942	(3.268403613976771-2.4102212654933606j)	0.3058738708496094	89.79982
943	(3.3337592355744747-2.3982966512449893j)	0.4309501647949219	89.89515
944	(3.39878904086277-2.3846190800295077j)	0.4236130714416504	89.99048
945	(3.4634974732350066-2.369592191496204j)	0.3739950656890869	90.08581
946	(3.5275297870239544-2.3522744048710478j)	0.32346010208129883	90.18113
947	(3.591708608900948-2.3336894461062845j)	0.43009495735168457	90.27646
948	(3.654672347776942-2.312523271768084j)	0.3150980472564697	90.37179
949	(3.7175174924382017-2.290534549469414j)	0.4134650230407715	90.46712
950	(3.7797157452405834-2.2665197295882393j)	0.3703322410583496	90.56245
951	(3.841265284056132-2.240809339951674j)	0.328596830368042	90.65778
952	(3.9021151652619372-2.213419600683246j)	0.3912780284881592	90.75311
953	(3.9620581133174073-2.1842453447251344j)	0.3764798641204834	90.84844
954	(4.0221870186467275-2.1540638258339095j)	0.3853631019592285	90.94377
955	(4.079787583682848-2.121254348624502j)	0.34431910514831543	91.03909
956	(4.13732907416775-2.087410312276707j)	0.31459879875183105	91.13442
957	(4.193946891694257-2.052007776408943j)	0.3192739486694336	91.22975
958	(4.249597273741423-2.015071701432114j)	0.3125028610229492	91.32508
959	(4.30423862194981-1.97662922183477j)	0.35880112648010254	91.42041
960	(4.3578291530252695-1.9367091223086101j)	0.32559895515441895	91.51574
961	(4.410328095736785-1.8953353959654533j)	0.30033206939697266	91.61107
962	(4.461695410785094-1.8525428158461508j)	0.3298969268798828	91.7064
963	(4.511958649085335-1.8081577728670457j)	0.31713390350341797	91.80172
964	(4.560895202315511-1.7626075006508655j)	0.30817103385925293	91.89705
965	(4.608583041490773-1.7157468215712248j)	0.3391420841217041	91.99238
966	(4.654991251006675-1.6676089403476273j)	0.30346107482910156	92.08771
967	(4.7000884268580565-1.6182271116337463j)	0.4653890132904053	92.18304
968	(4.743841542984828-1.5676364801159712j)	0.3799760341644287	92.27837
969	(4.786218837430608-1.515871699367282j)	0.2992408275604248	92.3737
970	(4.82718951951915-1.462966110114656j)	0.2919762134552002	92.46903
971	(4.8669518986288285-1.4091109317419854j)	0.2895960807800293	92.56435
972	(4.905045307832995-1.3539726589662517j)	0.3045651912689209	92.65968
973	(4.941578508041859-1.2977647286667495j)	0.2905616760253906	92.75501
974	(4.9766540902701175-1.2406338494512406j)	0.293320894241333	92.85034
975	(5.010055908455646-1.1825915077490703j)	0.28913021087646484	92.94567
976	(5.041954873256571-1.1235132394246719j)	0.28882312774658203	93.041
977	(5.072176887286897-1.0636511264152044j)	0.28965139389038086	93.13633
978	(5.1007094484163344-1.0030294660186267j)	0.28715991973876953	93.23166
979	(5.1274915170739375-0.9417246536103974j)	0.2918431758880615	93.32698
980	(5.152733429944456-0.8796292503185394j)	0.2934839725494385	93.42231
981	(5.176272083320077-0.816866251832447j)	0.32204699516296387	93.51764
982	(5.198088855085629-0.7534839911191002j)	0.29178786277770996	93.61297
983	(5.218167409033564-0.6895312818987303j)	0.2898859977722168	93.7083
984	(5.236492744159681-0.6250564315051976j)	0.3023829460144043	93.80363
985	(5.253051464326647-0.5601092654237365j)	0.31051111221313477	93.89896
986	(5.267831920475844-0.49473911868613785j)	0.3228130340576172	93.99429
987	(5.280823833053132-0.4289957226183705j)	0.32297182083129883	94.08962
988	(5.291793553246317-0.36287890863429695j)	0.41401004791259766	94.18494
989	(5.301176431852991-0.29659679937188477j)	0.43516969680786133	94.28027
990	(5.3087788289977205-0.23006835969455564j)	0.3392479419708252	94.3756
991	(5.3145489943717985-0.1634032569438406j)	0.3298060894012451	94.47093
992	(5.318526129213528-0.09658975340556974j)	0.34167909622192383	94.56626
993	(5.320693285602012-0.0296901347380909j)	0.3330521583557129	94.66159
994	(5.321045514029207+0.03724532421197546j)	0.3615710735321045	94.75692
995	(5.3195805140696635+0.10416844409303261j)	0.33644890785217285	94.85225
996	(5.3164371719323205+0.17125274249314337j)	0.3225579261779785	94.94757
997	(5.311272537781271+0.23803017029129814j)	0.3863942623138428	95.0429
998	(5.304284510802715+0.30462697373888803j)	0.35975074768066406	95.13823
999	(5.274663688487189+0.3420870063040282j)	0.2904388904571533	95.23356
