	res_adaptive	time_adaptive	w
0	(1.0207741982448528-0.05912040308708865j)	0.5250370502471924	0.001
1	(1.2746310228268625-0.23114034677887224j)	0.6799900531768799	0.09632793136320304
2	(1.376726613391685-0.3024705135057682j)	0.3862168788909912	0.19165586272640608
3	(1.4533719685207986-0.3519556143453353j)	0.28957486152648926	0.2869837940896091
4	(1.5174749705328663-0.3885930770502065j)	0.31922292709350586	0.38231172545281217
5	(1.5716488128056108-0.41602389533406947j)	0.39742207527160645	0.4776396568160152
6	(1.6170144036361391-0.43854265286694305j)	0.3169710636138916	0.5729675881792182
7	(1.6564387306669672-0.4593724174713629j)	0.29958319664001465	0.6682955195424213
8	(1.6928079059256267-0.47867892337361984j)	0.34006810188293457	0.7636234509056243
9	(1.7265161582196944-0.4952199727285483j)	0.2957949638366699	0.8589513822688274
10	(1.7562862248413424-0.5092866888545708j)	0.29202914237976074	0.9542793136320304
11	(1.7820042013046555-0.5227601127663838j)	0.28879499435424805	1.0496072449952334
12	(1.8053619435499062-0.5366057916558348j)	0.29590821266174316	1.1449351763584363
13	(1.8276458743637447-0.5498090822088836j)	0.2941470146179199	1.2402631077216395
14	(1.848251587557065-0.5612611164288751j)	0.29826927185058594	1.3355910390848424
15	(1.8661145447975849-0.571581031402864j)	0.3101041316986084	1.4309189704480456
16	(1.8817026976441873-0.582172726949606j)	0.29937291145324707	1.5262469018112486
17	(1.8965267808312714-0.5931518850973683j)	0.28946399688720703	1.6215748331744515
18	(1.911065419700208-0.6033708591002274j)	0.30237889289855957	1.7169027645376547
19	(1.9243478319610714-0.6123782255981374j)	0.31269097328186035	1.8122306959008576
20	(1.9357273048528465-0.6212119861468084j)	0.30817508697509766	1.9075586272640608
21	(1.946013293592466-0.6308690295632312j)	0.3001391887664795	2.0028865586272637
22	(1.9562639889289826-0.6409022951604799j)	0.30063414573669434	2.098214489990467
23	(1.9662132900438343-0.6502802857108169j)	0.2996962070465088	2.19354242135367
24	(1.9747783739827982-0.6590728808932278j)	0.3029499053955078	2.288870352716873
25	(1.9817870694503936-0.6683298547958882j)	0.3032059669494629	2.384198284080076
26	(1.9882261740372251-0.6784190897234287j)	0.30307817459106445	2.479526215443279
27	(1.9947038915545465-0.6884580993055154j)	0.32415103912353516	2.574854146806482
28	(2.000571900148235-0.6976862560754509j)	0.34401369094848633	2.670182078169685
29	(2.00505336846815-0.7065939567651454j)	0.45746803283691406	2.765510009532888
30	(2.008543177012351-0.7160843785163036j)	0.2918128967285156	2.8608379408960913
31	(2.0120607037936593-0.7260437709277339j)	0.3310368061065674	2.956165872259294
32	(2.0157530431254216-0.7355624936181284j)	0.30257511138916016	3.0514938036224972
33	(2.018789809182624-0.7444068092532803j)	0.31400394439697266	3.1468217349857004
34	(2.0207595283554567-0.7534133519420805j)	0.32519102096557617	3.242149666348903
35	(2.0223448416321506-0.7632165740786029j)	0.41329002380371094	3.3374775977121063
36	(2.0242494191666323-0.7733257195600193j)	0.6695342063903809	3.4328055290753094
37	(2.0260978085126706-0.782966637035135j)	0.8523252010345459	3.5281334604385126
38	(2.0270300837385054-0.7923194934515387j)	0.2929239273071289	3.6234613918017153
39	(2.0270280719145197-0.8022123208545782j)	0.5820002555847168	3.7187893231649185
40	(2.0269001059218152-0.8127897089966873j)	0.28863525390625	3.8141172545281217
41	(2.0269920053972204-0.8232630002545545j)	0.297849178314209	3.9094451858913244
42	(2.0266723998653107-0.8331124863442358j)	0.38164782524108887	4.004773117254528
43	(2.025375688775095-0.8428418396821324j)	0.3220241069793701	4.100101048617731
44	(2.0235363751351607-0.8531287174566033j)	0.32744598388671875	4.195428979980934
45	(2.0219517184880393-0.8637420905898417j)	0.3160891532897949	4.290756911344137
46	(2.020594708674833-0.8739249229922784j)	0.320141077041626	4.386084842707341
47	(2.018733201613327-0.8836105064071924j)	0.29586219787597656	4.481412774070543
48	(2.0161319174271624-0.8935491706436255j)	0.366771936416626	4.576740705433746
49	(2.0134308252794177-0.9041630912156666j)	0.8035109043121338	4.67206863679695
50	(2.0111259185521977-0.9149356497500185j)	0.49318909645080566	4.7673965681601524
51	(2.0087769348898497-0.9252698889043955j)	0.4645850658416748	4.862724499523355
52	(2.005683279483744-0.9354371694660375j)	0.6179780960083008	4.958052430886559
53	(2.0019506834785203-0.946128568104565j)	0.7212347984313965	5.0533803622497615
54	(1.9982821552475414-0.9573387553462339j)	1.0866401195526123	5.148708293612964
55	(1.9948522522922283-0.9683465343499442j)	0.9591579437255859	5.244036224976168
56	(1.9910481971472849-0.9788095627216191j)	0.6623029708862305	5.339364156339371
57	(1.986467185035417-0.9892487513921542j)	1.1056551933288574	5.434692087702573
58	(1.981583350698703-1.0001831733290785j)	0.8364059925079346	5.530020019065777
59	(1.9770389337075411-1.011300209564755j)	0.7106931209564209	5.62534795042898
60	(1.9726860170083116-1.021962283349542j)	0.6996448040008545	5.720675881792183
61	(1.9678742478255946-1.032231377312237j)	1.3143181800842285	5.816003813155386
62	(1.9625069704886167-1.0427938589598273j)	0.8971920013427734	5.911331744518589
63	(1.9571929720256986-1.0539134613475447j)	0.4650139808654785	6.006659675881792
64	(1.9522723439902787-1.065059765914194j)	0.5418031215667725	6.101987607244995
65	(1.9472624371840717-1.075777777932871j)	0.41330480575561523	6.197315538608198
66	(1.9415939657376087-1.0864075079083793j)	0.5439836978912354	6.292643469971401
67	(1.9354704720672817-1.097529503741986j)	0.3676939010620117	6.387971401334604
68	(1.9295092358919883-1.1090233083299523j)	0.30944299697875977	6.483299332697807
69	(1.923753608846194-1.120228973088932j)	0.3326900005340576	6.57862726406101
70	(1.917258836110329-1.1310576982624017j)	0.32735681533813477	6.673955195424213
71	(1.9108305714000413-1.1417056172917643j)	0.29308533668518066	6.769283126787417
72	(1.903898412013516-1.152893506198067j)	0.30086302757263184	6.8646110581506194
73	(1.897334120589754-1.1641394205017772j)	0.29166483879089355	6.959938989513822
74	(1.8908986316531033-1.1749106611922473j)	0.3122870922088623	7.055266920877026
75	(1.88401909259648-1.1853722611403346j)	0.2875981330871582	7.1505948522402285
76	(1.876713030152863-1.1961498824648948j)	0.2980649471282959	7.245922783603431
77	(1.8695556127995137-1.2073770532876735j)	0.3284478187561035	7.341250714966635
78	(1.8627567500392384-1.2185227943483121j)	0.34609103202819824	7.436578646329838
79	(1.8558092393079706-1.2292542094373853j)	0.31962108612060547	7.53190657769304
80	(1.8482611323301799-1.239961471457893j)	0.33748316764831543	7.627234509056244
81	(1.840391972544073-1.251124087372984j)	0.33626699447631836	7.722562440419447
82	(1.8316484973652525-1.2611914087020795j)	0.3969857692718506	7.817890371782649
83	(1.8252399003540947-1.2735819481619661j)	0.33284711837768555	7.913218303145853
84	(1.8173398492059134-1.2842005701478503j)	0.3428938388824463	8.008546234509055
85	(1.8088914367867004-1.2949092259826582j)	0.33326125144958496	8.103874165872258
86	(1.8004110108372635-1.3059814272730916j)	0.32065796852111816	8.19920209723546
87	(1.7922985206075113-1.317006151533108j)	0.3546261787414551	8.294530028598665
88	(1.784245751230582-1.3275488040729528j)	0.3231699466705322	8.389857959961867
89	(1.7757578187185006-1.337857056605959j)	0.3039977550506592	8.48518589132507
90	(1.7669465826510455-1.3484935455305007j)	0.2863900661468506	8.580513822688273
91	(1.7583477988508551-1.3594808795648128j)	0.31145596504211426	8.675841754051476
92	(1.7500580063328939-1.3702999987257047j)	0.28429174423217773	8.77116968541468
93	(1.7415609263634293-1.380727617490049j)	0.28635501861572266	8.866497616777883
94	(1.7325131663127884-1.3911867853809j)	0.28569793701171875	8.961825548141086
95	(1.723252109166547-1.4020609668285373j)	0.2872648239135742	9.057153479504288
96	(1.7142357629358227-1.413065605086955j)	0.2918269634246826	9.152481410867491
97	(1.7053130474487714-1.4236685796780595j)	0.29047083854675293	9.247809342230694
98	(1.695973168943206-1.4338939039253047j)	0.28264403343200684	9.343137273593898
99	(1.686172781491531-1.444248570285165j)	0.2945132255554199	9.438465204957101
100	(1.6764296288667084-1.4549016507600194j)	0.2812361717224121	9.533793136320304
101	(1.667037018471366-1.4654173162830197j)	0.2858603000640869	9.629121067683506
102	(1.657637471475329-1.475456996327086j)	0.290783166885376	9.72444899904671
103	(1.6478140071343779-1.4853326820278687j)	0.2906060218811035	9.819776930409914
104	(1.6377578047306907-1.4955399142085464j)	0.2914590835571289	9.915104861773116
105	(1.6279570788888342-1.5060061971910668j)	0.2950289249420166	10.010432793136319
106	(1.618408603254513-1.516235466600987j)	0.3030848503112793	10.105760724499522
107	(1.6086009772778185-1.5261051976800442j)	0.3022739887237549	10.201088655862725
108	(1.5982926266486719-1.536054960123937j)	0.292712926864624	10.296416587225927
109	(1.5878618509564806-1.5463753888529554j)	0.31044793128967285	10.391744518589132
110	(1.577687273557173-1.55672588806446j)	0.28533005714416504	10.487072449952334
111	(1.567545292317523-1.5666443137854789j)	0.2864232063293457	10.582400381315537
112	(1.5569763662784386-1.5762426751778587j)	0.29064393043518066	10.67772831267874
113	(1.5460299434974367-1.5860000266920649j)	0.2935910224914551	10.773056244041943
114	(1.5352118394833847-1.5959900964304279j)	0.290346622467041	10.868384175405145
115	(1.5247166839118336-1.6057683760577808j)	0.28565287590026855	10.96371210676835
116	(1.514152401747292-1.6150875351853675j)	0.28746604919433594	11.059040038131553
117	(1.5031829044219036-1.6243088007196613j)	0.3302161693572998	11.154367969494755
118	(1.492062761471817-1.633856166814352j)	0.36303114891052246	11.249695900857958
119	(1.4812253147078658-1.6435768474758834j)	0.39127612113952637	11.34502383222116
120	(1.4705802444667184-1.6530079064296004j)	0.4217860698699951	11.440351763584365
121	(1.4596335127588431-1.6621182082857602j)	0.40770578384399414	11.535679694947568
122	(1.4482393716817183-1.671350327552739j)	0.6884510517120361	11.63100762631077
123	(1.4368019740127118-1.6809045610878364j)	0.41016602516174316	11.726335557673973
124	(1.4256185640594257-1.6903995685078228j)	0.4624898433685303	11.821663489037176
125	(1.4144094797822748-1.6994467813234666j)	0.4891481399536133	11.916991420400379
126	(1.4027725802080229-1.708232493146549j)	0.4902071952819824	12.012319351763583
127	(1.390838726470682-1.7171977525707074j)	0.42466187477111816	12.107647283126786
128	(1.3790901764998036-1.7263300518633895j)	0.34218478202819824	12.202975214489989
129	(1.3676285521805744-1.7351886931826979j)	0.3230431079864502	12.298303145853192
130	(1.3556037162103376-1.7438902309260147j)	0.33687806129455566	12.393631077216394
131	(1.3440798583252551-1.7520060546067298j)	0.4487338066101074	12.488959008579599
132	(1.3320413894822187-1.760708643361414j)	0.45131802558898926	12.584286939942801
133	(1.3203004133480187-1.769503573133443j)	0.334057092666626	12.679614871306004
134	(1.3086908440705136-1.7779713535969501j)	0.3895089626312256	12.774942802669207
135	(1.2967478697634438-1.7861625036267592j)	0.40559887886047363	12.87027073403241
136	(1.2844149461306245-1.7945095354943352j)	0.5111949443817139	12.965598665395612
137	(1.272107019694928-1.8031258704501922j)	0.4884819984436035	13.060926596758817
138	(1.2600415165435033-1.8116041751582013j)	0.3962271213531494	13.15625452812202
139	(1.247895186351384-1.8196326583852371j)	0.36898183822631836	13.251582459485222
140	(1.2352543870548378-1.8273338105923171j)	0.43010711669921875	13.346910390848425
141	(1.222547823752589-1.8354734787941196j)	0.6249628067016602	13.442238322211628
142	(1.2099946257239387-1.8435906807917404j)	0.4130549430847168	13.537566253574832
143	(1.1976871793712855-1.851385379940699j)	0.6341798305511475	13.632894184938035
144	(1.185210899822083-1.8587843776937185j)	0.35055994987487793	13.728222116301238
145	(1.1723900138262575-1.866201674383193j)	0.3479030132293701	13.82355004766444
146	(1.1595643049052502-1.8739094688917581j)	0.3560330867767334	13.918877979027643
147	(1.147039798091829-1.8816342391922487j)	0.35173892974853516	14.014205910390846
148	(1.1345867482501266-1.8890075708234084j)	0.3275268077850342	14.10953384175405
149	(1.1217797264726872-1.8961523243746852j)	0.3302931785583496	14.204861773117253
150	(1.1086437738337003-1.9034787290500135j)	0.32215023040771484	14.300189704480456
151	(1.0955919272509809-1.9110182829480582j)	0.3158531188964844	14.395517635843659
152	(1.0827617823360676-1.9183515404896516j)	0.34656286239624023	14.490845567206861
153	(1.0698025445755746-1.925243985839164j)	0.37756896018981934	14.586173498570064
154	(1.0564437466970324-1.9319896908957013j)	0.32256102561950684	14.681501429933268
155	(1.0429434844279153-1.9389282552854334j)	0.37221479415893555	14.776829361296471
156	(1.0299985669179792-1.945671776271617j)	0.3384859561920166	14.872157292659674
157	(1.0166684958624885-1.9525197966054348j)	0.34317612648010254	14.967485224022877
158	(1.0034264550810812-1.9587829864814188j)	0.34412431716918945	15.06281315538608
159	(0.9898804119480463-1.9651136383580798j)	0.3875138759613037	15.158141086749284
160	(0.9763950054945434-1.9717040698656791j)	0.4009721279144287	15.253469018112487
161	(0.9632038486947085-1.9782428702654067j)	0.4334111213684082	15.34879694947569
162	(0.9497882666274398-1.9846172268342264j)	0.3684260845184326	15.444124880838892
163	(0.9364863054138405-1.9904154274125885j)	0.31104111671447754	15.539452812202095
164	(0.9226809713200261-1.9966112873479331j)	0.31754183769226074	15.634780743565297
165	(0.9092160470650666-2.0024334969532505j)	0.35238075256347656	15.730108674928502
166	(0.8955317187915062-2.0090470371532962j)	0.35961008071899414	15.825436606291705
167	(0.8820581821082472-2.0149128163745496j)	0.3220369815826416	15.920764537654907
168	(0.8678631308689595-2.020283411226574j)	0.35175395011901855	16.016092469018112
169	(0.853775772678854-2.0260415245313683j)	0.4676809310913086	16.111420400381316
170	(0.8399726308228607-2.031773473753846j)	0.3295626640319824	16.206748331744517
171	(0.826323524621984-2.037121182562866j)	0.297544002532959	16.302076263107722
172	(0.8124428963506307-2.042164018689346j)	0.29520583152770996	16.397404194470923
173	(0.7983067646694947-2.0473147109499727j)	0.2942197322845459	16.492732125834127
174	(0.7842864819673105-2.052691020803543j)	0.33450913429260254	16.588060057197332
175	(0.7705468517067595-2.0579519175815126j)	0.30892205238342285	16.683387988560533
176	(0.7567673621237138-2.062849038085177j)	0.3019237518310547	16.778715919923737
177	(0.7426263778201886-2.067618696723569j)	0.2885439395904541	16.874043851286938
178	(0.7282855704005622-2.07259534502849j)	0.2933228015899658	16.969371782650143
179	(0.7141182429683226-2.077665810712263j)	0.3172342777252197	17.064699714013347
180	(0.7001135195903401-2.0824248745697487j)	0.3175070285797119	17.160027645376548
181	(0.6859029133863455-2.0867909193007126j)	0.3335568904876709	17.255355576739753
182	(0.67135770351856-2.091113791695313j)	0.3681201934814453	17.350683508102954
183	(0.6568148745790091-2.09560833135607j)	0.29146790504455566	17.446011439466158
184	(0.6425682062039999-2.1000173508891553j)	0.2901022434234619	17.541339370829363
185	(0.6284279212102833-2.1040282278251436j)	0.30089712142944336	17.636667302192564
186	(0.6140397266864074-2.107786128223166j)	0.3078010082244873	17.731995233555768
187	(0.5994492377475046-2.111684505259923j)	0.3028111457824707	17.82732316491897
188	(0.5850229447533928-2.1157680371351018j)	0.31879401206970215	17.922651096282173
189	(0.5708555874273951-2.1196807422867803j)	0.3099548816680908	18.017979027645374
190	(0.556599751138326-2.1232394442421j)	0.30485105514526367	18.11330695900858
191	(0.5419940389049909-2.1267199237980012j)	0.30194568634033203	18.208634890371783
192	(0.5272545526562509-2.130407800381987j)	0.38220787048339844	18.303962821734984
193	(0.5127186575031757-2.134128606391861j)	0.3254580497741699	18.39929075309819
194	(0.49830973880204765-2.1375016641470803j)	0.3599579334259033	18.49461868446139
195	(0.4836685045138085-2.1405175781009818j)	0.2930757999420166	18.589946615824594
196	(0.468737070694106-2.14353397314677j)	0.3287477493286133	18.6852745471878
197	(0.45387254137253996-2.1467004095730196j)	0.340360164642334	18.780602478551
198	(0.4393061421457364-2.149725892228231j)	0.2991909980773926	18.875930409914204
199	(0.4248004975332802-2.1523511418178516j)	0.32663607597351074	18.971258341277405
200	(0.41004006608949717-2.1547769101528917j)	0.3161451816558838	19.06658627264061
201	(0.3951329220240952-2.1573679174725147j)	0.30907130241394043	19.161914204003814
202	(0.3804316484162804-2.1600986633713317j)	0.3136789798736572	19.257242135367015
203	(0.365960754613597-2.1626116327428155j)	0.3024289608001709	19.35257006673022
204	(0.35135892633599786-2.164790088625394j)	0.32478785514831543	19.44789799809342
205	(0.3364282917069886-2.1669366517901887j)	0.3014652729034424	19.543225929456625
206	(0.3214282731236965-2.169282667222539j)	0.31236791610717773	19.63855386081983
207	(0.3066526959990362-2.171602135764685j)	0.31758904457092285	19.73388179218303
208	(0.29196704238826654-2.1735479898068717j)	0.3072366714477539	19.829209723546235
209	(0.2770306578067143-2.175178640984955j)	0.3072061538696289	19.924537654909436
210	(0.26185450366557117-2.1768475133218637j)	0.3031589984893799	20.01986558627264
211	(0.24680379443251532-2.178638491898555j)	0.29842209815979004	20.11519351763584
212	(0.23204480423093932-2.180238668430352j)	0.32238197326660156	20.210521448999046
213	(0.2173027343062336-2.1814463070837515j)	0.29542088508605957	20.30584938036225
214	(0.2023088036385995-2.18250875714231j)	0.29033899307250977	20.40117731172545
215	(0.18722586333049684-2.1837525229266084j)	0.2944469451904297	20.496505243088656
216	(0.17238142964847003-2.1850882139965258j)	0.31795692443847656	20.591833174451857
217	(0.15773401693092048-2.1861680515603026j)	0.2972588539123535	20.68716110581506
218	(0.14291986211092256-2.186939918693936j)	0.2963078022003174	20.782489037178266
219	(0.1278070646834626-2.1877238627449094j)	0.30986905097961426	20.877816968541467
220	(0.11268640140318409-2.188691137442818j)	0.2952539920806885	20.97314489990467
221	(0.09780208758621112-2.1895747555844123j)	0.3137049674987793	21.068472831267872
222	(0.08296917689620065-2.190069942816569j)	0.3104519844055176	21.163800762631077
223	(0.06787688279631299-2.190295524254182j)	0.2998039722442627	21.25912869399428
224	(0.052832728170361554-2.1909992759939625j)	0.2987658977508545	21.354456625357482
225	(0.03749924094724677-2.1909753107420356j)	0.3027689456939697	21.449784556720687
226	(0.022676266583652183-2.1911250558998163j)	0.3008880615234375	21.545112488083888
227	(0.007830072397253085-2.190899709219601j)	0.3110520839691162	21.640440419447092
228	(-0.007256017189060993-2.1905825816489948j)	0.306581974029541	21.735768350810293
229	(-0.022373130217257953-2.1904544690950267j)	0.30123329162597656	21.831096282173498
230	(-0.03722795338907048-2.1903694418900943j)	0.31589674949645996	21.926424213536702
231	(-0.05192257673099643-2.189999151077495j)	0.2989370822906494	22.021752144899903
232	(-0.06681214052280782-2.189354644948203j)	0.3121809959411621	22.117080076263107
233	(-0.08196294994642572-2.188760974625799j)	0.305372953414917	22.21240800762631
234	(-0.09706427196911604-2.1883277637120355j)	0.3081197738647461	22.307735938989513
235	(-0.11192544424570283-2.187757562300374j)	0.2993762493133545	22.403063870352717
236	(-0.1267739297063738-2.186794944648927j)	0.303164005279541	22.49839180171592
237	(-0.14188017776125728-2.185609490345189j)	0.2909219264984131	22.593719733079123
238	(-0.15711536700445494-2.1845200395638837j)	0.31383514404296875	22.689047664442324
239	(-0.17212883549009506-2.183482345177312j)	0.2904019355773926	22.78437559580553
240	(-0.18688571004431254-2.1821736860860064j)	0.30172181129455566	22.879703527168733
241	(-0.20170183317043888-2.1805153886624735j)	0.29923415184020996	22.975031458531934
242	(-0.21673767857847004-2.1788166838235803j)	0.2969970703125	23.07035938989514
243	(-0.23174720863999365-2.1773064084530764j)	0.2975320816040039	23.16568732125834
244	(-0.2464796871089866-2.1757904942234068j)	0.29777979850769043	23.261015252621544
245	(-0.2610912676849795-2.1739693832683504j)	0.29796695709228516	23.356343183984748
246	(-0.2759178115918818-2.1719133980856813j)	0.3054802417755127	23.45167111534795
247	(-0.2909625316862007-2.169940951958856j)	0.30451202392578125	23.546999046711154
248	(-0.30598455066442165-2.1680563963913353j)	0.29929018020629883	23.642326978074355
249	(-0.32061171797277954-2.166074901220128j)	0.29317402839660645	23.73765490943756
250	(-0.33534199232477147-2.163662269667894j)	0.3035249710083008	23.83298284080076
251	(-0.35032196672743676-2.1610777194717548j)	0.3032341003417969	23.928310772163965
252	(-0.3653698987619628-2.1586035450153376j)	0.30799388885498047	24.02363870352717
253	(-0.3801616516310584-2.1561423879722614j)	0.31780409812927246	24.11896663489037
254	(-0.39472190158259324-2.1533813252984118j)	0.3046998977661133	24.214294566253574
255	(-0.4091247338524815-2.1504351913803j)	0.29889798164367676	24.309622497616775
256	(-0.42421576351503976-2.1472376748225193j)	0.4151461124420166	24.40495042897998
257	(-0.43897842782691965-2.144349518862948j)	0.3665041923522949	24.500278360343184
258	(-0.4534570183436121-2.141407942095944j)	0.2927842140197754	24.595606291706385
259	(-0.46785509572108325-2.1381513445821803j)	0.30939602851867676	24.69093422306959
260	(-0.48247996319101816-2.134702178669492j)	0.3476102352142334	24.78626215443279
261	(-0.4972750046780627-2.131363528625351j)	0.3910961151123047	24.881590085795995
262	(-0.511921005727352-2.1281237322428925j)	0.3308682441711426	24.9769180171592
263	(-0.5263436784521089-2.124656104076883j)	0.31061601638793945	25.0722459485224
264	(-0.5408224026906157-2.120816246235264j)	0.32025694847106934	25.167573879885605
265	(-0.5555341031180647-2.1168543510956903j)	0.29685497283935547	25.262901811248806
266	(-0.570254093169279-2.1130118225473264j)	0.29677796363830566	25.35822974261201
267	(-0.5846911337992583-2.109141942484444j)	0.29624295234680176	25.45355767397521
268	(-0.5989281583880695-2.1049542053342085j)	0.3032262325286865	25.548885605338416
269	(-0.6132786063210487-2.1004891167194337j)	0.2899959087371826	25.64421353670162
270	(-0.6277864787021126-2.096074261151634j)	0.3183920383453369	25.73954146806482
271	(-0.6421645755088096-2.0918254992981913j)	0.2947688102722168	25.834869399428026
272	(-0.6562605154633029-2.087478931625805j)	0.30962300300598145	25.930197330791227
273	(-0.6703158194590085-2.082816381736488j)	0.3050398826599121	26.02552526215443
274	(-0.6845928796684748-2.0779855715129156j)	0.2931180000305176	26.120853193517636
275	(-0.6990057440581625-2.073326973212476j)	0.30053114891052246	26.216181124880837
276	(-0.7132216286661622-2.0687094514098314j)	0.38657617568969727	26.31150905624404
277	(-0.7272322061301518-2.063828776162972j)	0.3056070804595947	26.406836987607242
278	(-0.7413278025278184-2.058599236699508j)	0.29285407066345215	26.502164918970447
279	(-0.7556314931466147-2.05329530260006j)	0.32635068893432617	26.59749285033365
280	(-0.769885602884379-2.0481125680706j)	0.28772711753845215	26.692820781696852
281	(-0.7838384616445314-2.0428631311677306j)	0.29885292053222656	26.788148713060057
282	(-0.7976252918184111-2.0372844528772553j)	0.29129695892333984	26.883476644423258
283	(-0.8115424252255815-2.031472885940398j)	0.2904660701751709	26.978804575786462
284	(-0.8255782056895921-2.02574947561242j)	0.2984309196472168	27.074132507149667
285	(-0.839438079649876-2.0201707860456715j)	0.3144540786743164	27.169460438512868
286	(-0.8530259402596432-2.014454295776118j)	0.3333921432495117	27.264788369876072
287	(-0.8672400333287503-2.008397309475692j)	0.3076789379119873	27.360116301239273
288	(-0.8804222567687351-2.0023039405944623j)	0.29996395111083984	27.455444232602478
289	(-0.8942990719101742-1.9963216462066253j)	0.30090975761413574	27.55077216396568
290	(-0.907897940340082-1.9901916457404958j)	0.30289506912231445	27.646100095328883
291	(-0.9214293991503667-1.984111447266311j)	0.2989490032196045	27.741428026692088
292	(-0.9350125685113977-1.9775427526813307j)	0.32996678352355957	27.83675595805529
293	(-0.9487724524992136-1.970945083181031j)	0.2974851131439209	27.932083889418493
294	(-0.9624273375865346-1.9644637320050946j)	0.33333396911621094	28.027411820781694
295	(-0.9757720030378069-1.957876524730561j)	0.3069300651550293	28.1227397521449
296	(-0.9889853606571979-1.950958967679909j)	0.3013179302215576	28.218067683508103
297	(-1.002339038570707-1.9438560082171377j)	0.31644582748413086	28.313395614871304
298	(-1.0157682585540608-1.9368725879130855j)	0.3031318187713623	28.40872354623451
299	(-1.0289828735235393-1.9300082561885894j)	0.29788923263549805	28.50405147759771
300	(-1.041941894586008-1.9229710115622614j)	0.3062460422515869	28.599379408960914
301	(-1.054934147881444-1.915641516277728j)	0.3165910243988037	28.69470734032412
302	(-1.0681388708862316-1.9082572617740172j)	0.29196596145629883	28.79003527168732
303	(-1.0813562702749344-1.9010222589552508j)	0.30565977096557617	28.885363203050524
304	(-1.094329801269126-1.8937695406417496j)	0.3091111183166504	28.980691134413725
305	(-1.1074008225341574-1.8860520675409698j)	0.30165600776672363	29.07601906577693
306	(-1.1200922955807515-1.8783622068906762j)	0.3078949451446533	29.17134699714013
307	(-1.1331769274495236-1.8705299148524104j)	0.2908010482788086	29.266674928503335
308	(-1.1461054959010237-1.8628035645767087j)	0.3067789077758789	29.36200285986654
309	(-1.1587229300778326-1.8549352023934584j)	0.2922379970550537	29.45733079122974
310	(-1.171244866640095-1.8467433665762616j)	0.3048231601715088	29.552658722592945
311	(-1.1839098382645874-1.838416173706547j)	0.3072628974914551	29.647986653956146
312	(-1.1966039751596997-1.830233091645616j)	0.29888486862182617	29.74331458531935
313	(-1.2090522284318448-1.822139922555098j)	0.32019710540771484	29.838642516682555
314	(-1.2212670954080973-1.8138445621844799j)	0.31505298614501953	29.933970448045756
315	(-1.233546787835763-1.8052808410133023j)	0.30409908294677734	30.02929837940896
316	(-1.2460190715183588-1.7967061134168574j)	0.30095410346984863	30.12462631077216
317	(-1.2584522213476055-1.7882796855106093j)	0.32063817977905273	30.219954242135366
318	(-1.2706253519394184-1.7797957109365663j)	0.2990999221801758	30.31528217349857
319	(-1.2826725882005707-1.7709906520561798j)	0.3034842014312744	30.41061010486177
320	(-1.2948590834552913-1.761945970435515j)	0.3024778366088867	30.505938036224975
321	(-1.3071435385383414-1.7529497828517326j)	0.30244994163513184	30.601265967588176
322	(-1.3192262160607695-1.7440431797461544j)	0.31676411628723145	30.69659389895138
323	(-1.3310043257663546-1.7349633434190355j)	0.30193591117858887	30.791921830314585
324	(-1.3427219734051388-1.7255748379551528j)	0.310971736907959	30.887249761677786
325	(-1.3545783642208336-1.716101660616137j)	0.31092095375061035	30.98257769304099
326	(-1.3664167833130638-1.7067904516172576j)	0.30553603172302246	31.077905624404192
327	(-1.3779845410446918-1.6975365718448923j)	0.30284905433654785	31.173233555767396
328	(-1.3893467722831985-1.6880584158861536j)	0.3087799549102783	31.268561487130597
329	(-1.4008005685197724-1.6783427297906068j)	0.2989182472229004	31.3638894184938
330	(-1.4127785180504553-1.669020648418677j)	0.29252099990844727	31.459217349857006
331	(-1.4239523841183477-1.6591113468117649j)	0.299055814743042	31.554545281220207
332	(-1.4352036527913694-1.6493876851694933j)	0.29516124725341797	31.64987321258341
333	(-1.4463855334289304-1.6395062658661759j)	0.3186829090118408	31.745201143946613
334	(-1.4576989852427902-1.629347517200429j)	0.2968478202819824	31.840529075309817
335	(-1.4690656527789676-1.6192685835054357j)	0.30509209632873535	31.93585700667302
336	(-1.4801911275987831-1.6092578665937851j)	0.29376888275146484	32.03118493803622
337	(-1.4910262312085274-1.5990475537754731j)	0.38051891326904297	32.12651286939942
338	(-1.501832772177593-1.5885520130345534j)	0.29042983055114746	32.22184080076263
339	(-1.5127666346296755-1.578021126380959j)	0.3101511001586914	32.31716873212583
340	(-1.5236371732016663-1.5676631601648825j)	0.32764697074890137	32.41249666348903
341	(-1.5342199986525284-1.5573290503322732j)	0.2939929962158203	32.50782459485224
342	(-1.5446284918208493-1.5467557418422635j)	0.2959859371185303	32.60315252621544
343	(-1.5551498481029955-1.535980555517685j)	0.3017420768737793	32.69848045757864
344	(-1.5658058404507484-1.5252717827186515j)	0.3027031421661377	32.79380838894184
345	(-1.5763276434355389-1.5146908942771802j)	0.2994539737701416	32.88913632030505
346	(-1.5865816163335955-1.503978693756894j)	0.2989470958709717	32.98446425166825
347	(-1.5967730245371223-1.4929498287340686j)	0.32500290870666504	33.07979218303145
348	(-1.607088955799284-1.4818091129039328j)	0.38918495178222656	33.17512011439466
349	(-1.617446612264227-1.4707019252045734j)	0.29958605766296387	33.27044804575786
350	(-1.627513056397658-1.4596745280810868j)	0.29178309440612793	33.36577597712106
351	(-1.6373088513359375-1.4484271593712439j)	0.2887990474700928	33.46110390848427
352	(-1.6471065181046027-1.4369238013725354j)	0.30493712425231934	33.55643183984747
353	(-1.6570137625063026-1.4254333138265645j)	0.2962179183959961	33.65175977121067
354	(-1.6668121613070492-1.4141193404124777j)	0.3067200183868408	33.74708770257387
355	(-1.676314649772164-1.4027957413280614j)	0.31176185607910156	33.84241563393708
356	(-1.685676751284583-1.3912258100637747j)	0.2942478656768799	33.93774356530028
357	(-1.6951669937083973-1.379493726801384j)	0.31427979469299316	34.03307149666348
358	(-1.70475612832069-1.3678599603129047j)	0.293442964553833	34.12839942802669
359	(-1.714169647621757-1.3563363269112398j)	0.2907283306121826	34.22372735938989
360	(-1.7233230036683131-1.3446496520063116j)	0.31989383697509766	34.31905529075309
361	(-1.7324442679003638-1.3326606371166247j)	0.29625892639160156	34.41438322211629
362	(-1.7416997082350112-1.3205724863986255j)	0.30385279655456543	34.5097111534795
363	(-1.7509139089107482-1.3086077027255503j)	0.2925758361816406	34.6050390848427
364	(-1.759829640052101-1.2966605581278834j)	0.2928628921508789	34.7003670162059
365	(-1.7685006282678097-1.2844787292850415j)	0.29287219047546387	34.79569494756911
366	(-1.7771985974435043-1.2720772947710863j)	0.2925601005554199	34.89102287893231
367	(-1.7859832437756038-1.2597332475881673j)	0.29642224311828613	34.98635081029551
368	(-1.7946177325618535-1.2475636023362304j)	0.29099392890930176	35.08167874165872
369	(-1.8029543795526954-1.2353507095462732j)	0.29345202445983887	35.17700667302192
370	(-1.8111866256618976-1.2228921915597344j)	0.2965991497039795	35.27233460438512
371	(-1.8198529329679962-1.2103207672556013j)	0.2940700054168701	35.36766253574832
372	(-1.8279846643668831-1.1978624452286526j)	0.328779935836792	35.46299046711153
373	(-1.836203066963966-1.1854974246728505j)	0.41332411766052246	35.55831839847473
374	(-1.8441750900403986-1.1729428157763864j)	0.36473584175109863	35.65364632983793
375	(-1.852143088204848-1.1601071621187535j)	0.5160691738128662	35.74897426120114
376	(-1.8602319703360597-1.147221170401451j)	0.3699312210083008	35.84430219256434
377	(-1.8682322232458335-1.1344698410663074j)	0.30323314666748047	35.93963012392754
378	(-1.8759171982545546-1.1217088819723164j)	0.3405489921569824	36.034958055290744
379	(-1.883386978300478-1.108705937239021j)	0.35581016540527344	36.13028598665395
380	(-1.890904459183729-1.095524134866725j)	0.30234503746032715	36.22561391801715
381	(-1.8984815832314261-1.0824402762158503j)	0.32422900199890137	36.320941849380354
382	(-1.9058696654075673-1.069521800860767j)	0.29116296768188477	36.41626978074356
383	(-1.9129672008120686-1.0565300052392994j)	0.4576587677001953	36.51159771210676
384	(-1.9199958780863462-1.0433006084386764j)	0.3271298408508301	36.606925643469964
385	(-1.9271645995646554-1.0299960884019985j)	0.32775211334228516	36.70225357483317
386	(-1.9343505221558193-1.016838357141167j)	0.3068528175354004	36.79758150619637
387	(-1.941297850165267-1.0037417492211171j)	0.3015928268432617	36.892909437559574
388	(-1.9480186355885576-0.9904343972519374j)	0.37456417083740234	36.988237368922775
389	(-1.9547616629958087-0.9768749257148561j)	0.3671586513519287	37.08356530028598
390	(-1.961605002582287-0.9633108683236858j)	0.4044921398162842	37.178893231649184
391	(-1.968314904532007-0.9498871028015929j)	0.3910961151123047	37.274221163012385
392	(-1.9747002095952673-0.9364270841169782j)	0.3319559097290039	37.36954909437559
393	(-1.9809038190765496-0.9227235806448086j)	0.2944791316986084	37.464877025738794
394	(-1.987170606074388-0.9088862562370473j)	0.29264378547668457	37.560204957101995
395	(-1.9934650551937763-0.8951822716331739j)	0.301055908203125	37.655532888465196
396	(-1.9995380061518222-0.8816297052729538j)	0.2976572513580322	37.750860819828404
397	(-2.005428711793044-0.8679353816409742j)	0.29578208923339844	37.846188751191605
398	(-2.0110962439698445-0.8541010271852372j)	0.30034708976745605	37.941516682554806
399	(-2.016994572341806-0.8401954408877463j)	0.2981998920440674	38.036844613918014
400	(-2.022867608178562-0.8264511215059198j)	0.2933828830718994	38.132172545281215
401	(-2.0284811570998422-0.8127397241104585j)	0.3496732711791992	38.227500476644416
402	(-2.0338920785457493-0.7988028110481936j)	0.32483816146850586	38.322828408007624
403	(-2.039347836980743-0.7846483300000044j)	0.3517301082611084	38.418156339370825
404	(-2.044878707002332-0.7705326563486035j)	0.3327639102935791	38.513484270734025
405	(-2.0502341741883363-0.7565567441395591j)	0.32360076904296875	38.608812202097226
406	(-2.0552644428666142-0.7425175971439887j)	0.34612083435058594	38.704140133460434
407	(-2.0601472234888667-0.7282426165084235j)	0.2928891181945801	38.799468064823635
408	(-2.0651031590090194-0.7138805839963012j)	0.2974672317504883	38.894795996186836
409	(-2.070053853787493-0.6996819031458721j)	0.29822707176208496	38.990123927550044
410	(-2.074754510948512-0.6856155287161154j)	0.3078138828277588	39.085451858913245
411	(-2.0791991113967594-0.6714259630843222j)	0.3001871109008789	39.180779790276446
412	(-2.083642520127724-0.6570353349505329j)	0.2915210723876953	39.276107721639654
413	(-2.0882120087023175-0.6426594386515387j)	0.32958388328552246	39.371435653002855
414	(-2.0927148353421896-0.628452220378193j)	0.3606297969818115	39.466763584366056
415	(-2.09694439332157-0.6142490715480924j)	0.34585118293762207	39.56209151572926
416	(-2.100999056674659-0.5998123289091772j)	0.29122090339660645	39.657419447092465
417	(-2.1051167219946088-0.5851974869810243j)	0.2943451404571533	39.752747378455666
418	(-2.109279847059142-0.5706603623732197j)	0.38846707344055176	39.84807530981887
419	(-2.113230124933412-0.5562575047529678j)	0.36319804191589355	39.943403241182075
420	(-2.1168622437978803-0.5417664663522966j)	0.33105993270874023	40.038731172545276
421	(-2.120381747432771-0.5270541613618093j)	0.3139960765838623	40.13405910390848
422	(-2.1239789674479854-0.5123027925360032j)	0.29614901542663574	40.22938703527168
423	(-2.127534925040909-0.4977380576799133j)	0.3697359561920166	40.324714966634886
424	(-2.130820988028795-0.48328370791419656j)	0.3537280559539795	40.42004289799809
425	(-2.133876635788516-0.46868837617414866j)	0.3438699245452881	40.51537082936129
426	(-2.136960754651648-0.4539190866673416j)	0.28908705711364746	40.610698760724496
427	(-2.1401554060077967-0.4392068897325197j)	0.28485989570617676	40.7060266920877
428	(-2.1432433357087346-0.42466504485562817j)	0.2852959632873535	40.8013546234509
429	(-2.146051232030487-0.41009812632241827j)	0.2892942428588867	40.896682554814106
430	(-2.148716756126035-0.39529689386589945j)	0.2997901439666748	40.99201048617731
431	(-2.1514566785486213-0.3803600509260884j)	0.3248441219329834	41.08733841754051
432	(-2.154209686558024-0.36553531107735016j)	0.2850611209869385	41.18266634890371
433	(-2.1567176177504472-0.3508344204434485j)	0.2881889343261719	41.27799428026692
434	(-2.158921425447672-0.33602381667143166j)	0.306948184967041	41.37332221163012
435	(-2.161047223308152-0.32101272521869323j)	0.28835296630859375	41.46865014299332
436	(-2.163249660466931-0.30601054812875794j)	0.31165504455566406	41.56397807435653
437	(-2.1653744721056243-0.29121171399680235j)	0.3638889789581299	41.65930600571973
438	(-2.167216570709551-0.2764989351522589j)	0.42249011993408203	41.75463393708293
439	(-2.1688582380358246-0.2616324814285815j)	0.3039112091064453	41.84996186844613
440	(-2.170554382143451-0.246625415187137j)	0.2958800792694092	41.94528979980934
441	(-2.1723405021940385-0.23171346833999634j)	0.3997640609741211	42.04061773117254
442	(-2.173983169817215-0.21696758795265758j)	0.36310601234436035	42.13594566253574
443	(-2.175346910939657-0.20216904029742816j)	0.29286718368530273	42.23127359389895
444	(-2.176600290930308-0.1871420920969249j)	0.2935607433319092	42.32660152526215
445	(-2.1779357180936056-0.17202477801349514j)	0.30007195472717285	42.42192945662535
446	(-2.1792494852020443-0.157049088491785j)	0.28598618507385254	42.51725738798856
447	(-2.1802920165271935-0.14218068589901445j)	0.2866179943084717	42.61258531935176
448	(-2.1810508595276064-0.12718657064377592j)	0.28766608238220215	42.70791325071496
449	(-2.1810525767552296-0.11393692204056582j)	0.329758882522583	42.80324118207816
450	(-2.1825484419450074-0.09690612217537853j)	0.2942490577697754	42.89856911344137
451	(-2.183219680441283-0.08200710803424083j)	0.3037559986114502	42.99389704480457
452	(-2.1836020147501323-0.06716797961272691j)	0.29645705223083496	43.08922497616777
453	(-2.183817806635488-0.052168700587429506j)	0.30432820320129395	43.18455290753098
454	(-2.184109381845736-0.03706613399831771j)	0.3054678440093994	43.27988083889418
455	(-2.184466344914738-0.022092485140207452j)	0.42074084281921387	43.37520877025738
456	(-2.1846468479219014-0.007275279687428804j)	0.32289791107177734	43.47053670162058
457	(-2.184556621999313+0.007620202667622755j)	0.3617579936981201	43.56586463298379
458	(-2.1843894473631664+0.022730964661022535j)	0.43082690238952637	43.66119256434699
459	(-2.18430543175546+0.037886278945075236j)	0.3096909523010254	43.75652049571019
460	(-2.1841642263608323+0.05287692506216468j)	0.34224915504455566	43.8518484270734
461	(-2.183732335923155+0.06777823203663469j)	0.33037281036376953	43.9471763584366
462	(-2.18304292682244+0.08281796286237952j)	0.31798791885375977	44.0425042897998
463	(-2.182339008641077+0.09799938743639514j)	0.340224027633667	44.13783222116301
464	(-2.1816927218940783+0.11308142574827629j)	0.29944801330566406	44.23316015252621
465	(-2.180901781459936+0.12794640718499928j)	0.30025434494018555	44.32848808388941
466	(-2.1798232121773022+0.14277763793979237j)	0.3183741569519043	44.42381601525261
467	(-2.1786140195096064+0.15776962437839082j)	0.330488920211792	44.51914394661582
468	(-2.1774970224673558+0.17282503005694094j)	0.325206995010376	44.61447187797902
469	(-2.176417377489381+0.18772202057959875j)	0.30895113945007324	44.70979980934222
470	(-2.1751330858608284+0.2024772255605587j)	0.30882978439331055	44.80512774070543
471	(-2.173593555361497+0.21733316360023647j)	0.3039207458496094	44.90045567206863
472	(-2.1720087131438715+0.2323850353145257j)	0.3077661991119385	44.99578360343183
473	(-2.1705033152434163+0.24743578445861414j)	0.31384921073913574	45.09111153479503
474	(-2.168905334166585+0.26230457946185015j)	0.3028123378753662	45.18643946615824
475	(-2.1670044955762826+0.2771055604204671j)	0.3169529438018799	45.28176739752144
476	(-2.164876700378456+0.29205126356520583j)	0.30556225776672363	45.37709532888464
477	(-2.162761222674943+0.307102322088621j)	0.30316710472106934	45.47242326024785
478	(-2.1606873006444767+0.32201395620682627j)	0.304185152053833	45.56775119161105
479	(-2.158439719577098+0.3367109168426904j)	0.2954118251800537	45.66307912297425
480	(-2.1559123735628263+0.3514001725513436j)	0.3058798313140869	45.75840705433746
481	(-2.1532919965207356+0.36624346398289875j)	0.3611938953399658	45.85373498570066
482	(-2.150774541608822+0.3811093760505425j)	0.35642004013061523	45.94906291706386
483	(-2.148264475143023+0.3957932668816462j)	0.2995760440826416	46.044390848427064
484	(-2.1455271733239036+0.41035381044655284j)	0.30068182945251465	46.13971877979027
485	(-2.1425556140422497+0.4250335799233801j)	0.3199191093444824	46.23504671115347
486	(-2.1395692687132484+0.43988407627408155j)	0.322084903717041	46.330374642516674
487	(-2.136653646894511+0.4546886597669023j)	0.29429006576538086	46.42570257387988
488	(-2.1336108424123026+0.4693015737366114j)	0.29387784004211426	46.52103050524308
489	(-2.130260496466021+0.4838682604940997j)	0.2930622100830078	46.61635843660628
490	(-2.1267173071468344+0.49858082995113506j)	0.3034069538116455	46.71168636796949
491	(-2.1232095452773065+0.5133591449018535j)	0.29286694526672363	46.80701429933269
492	(-2.11972339730644+0.5279623440485266j)	0.2987029552459717	46.90234223069589
493	(-2.116037955957771+0.5423594413952413j)	0.29871106147766113	46.997670162059094
494	(-2.112088334397593+0.5567724933089443j)	0.3140890598297119	47.0929980934223
495	(-2.1080828886984744+0.5713274812081391j)	0.2997629642486572	47.1883260247855
496	(-2.104185915566876+0.5858639413861771j)	0.29997920989990234	47.283653956148704
497	(-2.1002648337454213+0.6002001433095449j)	0.29938197135925293	47.37898188751191
498	(-2.096100740966007+0.614434993031999j)	0.3112971782684326	47.47430981887511
499	(-2.091728192362777+0.6288026313726415j)	0.3022739887237549	47.569637750238314
500	(-2.087368329099928+0.6433108855746369j)	0.30412817001342773	47.664965681601515
501	(-2.083065789625832+0.6577314554319706j)	0.3085939884185791	47.76029361296472
502	(-2.0786042364856856+0.6719556911190254j)	0.2979769706726074	47.855621544327924
503	(-2.0737564063165452+0.6860344219709035j)	0.3025248050689697	47.950949475691125
504	(-2.0689149908953284+0.7004986359479486j)	0.3025968074798584	48.04627740705433
505	(-2.0640457149730036+0.7148643202096184j)	0.29251694679260254	48.141605338417534
506	(-2.0591756784168727+0.7290248559380257j)	0.29903697967529297	48.236933269780735
507	(-2.0540863581249598+0.7429924458419417j)	0.29700207710266113	48.33226120114394
508	(-2.0487537499625748+0.7569977636620392j)	0.29506373405456543	48.427589132507144
509	(-2.043401878968562+0.7711271181348486j)	0.31258273124694824	48.522917063870345
510	(-2.038158263825823+0.785196549786444j)	0.303663969039917	48.618244995233546
511	(-2.032859381754497+0.7990548148632849j)	0.3176767826080322	48.713572926596754
512	(-2.0273081938323236+0.8128355781163898j)	0.30015110969543457	48.808900857959955
513	(-2.021578409398719+0.8267575355182365j)	0.3139491081237793	48.904228789323156
514	(-2.0158852351518033+0.8407859880857053j)	0.30293917655944824	48.999556720686364
515	(-2.0102322992649193+0.8546880074123117j)	0.2954220771789551	49.094884652049565
516	(-2.004391628228573+0.8683960494879134j)	0.2984201908111572	49.190212583412766
517	(-1.9982555799208408+0.882101729369497j)	0.2963850498199463	49.28554051477597
518	(-1.9920015403760871+0.8959385994793598j)	0.30262112617492676	49.380868446139175
519	(-1.9858143807044066+0.9097559867002135j)	0.3105037212371826	49.476196377502376
520	(-1.979601816650404+0.9233439270578855j)	0.3052349090576172	49.57152430886558
521	(-1.9730460120766256+0.9366061643163346j)	0.31378889083862305	49.666852240228785
522	(-1.9664921750593152+0.9502252021637071j)	0.30559301376342773	49.762180171591986
523	(-1.9598441461870744+0.9637948174162947j)	0.33030176162719727	49.85750810295519
524	(-1.9532994460927717+0.9772660496595348j)	0.30121612548828125	49.952836034318395
525	(-1.9466686342919213+0.9905202006518382j)	0.29842305183410645	50.048163965681596
526	(-1.9397831040579736+1.0037223512559543j)	0.31929707527160645	50.1434918970448
527	(-1.9327522885232775+1.01706875581008j)	0.3054211139678955	50.238819828408
528	(-1.9257784018507929+1.0304838631059898j)	0.323930025100708	50.334147759771206
529	(-1.918823547002086+1.0437390476872812j)	0.29863882064819336	50.42947569113441
530	(-1.911674243145212+1.0572545734338543j)	0.41728997230529785	50.52480362249761
531	(-1.9042109663080733+1.0698926694572326j)	0.3961958885192871	50.620131553860816
532	(-1.8966858196682193+1.0830941965086551j)	0.34879517555236816	50.71545948522402
533	(-1.8892351230654398+1.0962328732145004j)	0.543442964553833	50.81078741658722
534	(-1.8817341382116344+1.1091244572208323j)	0.6019341945648193	50.90611534795042
535	(-1.873990350677262+1.1218622116624137j)	0.31368398666381836	51.00144327931363
536	(-1.8660626566595098+1.134882732776026j)	0.31707119941711426	51.09677121067683
537	(-1.8581797735623156+1.1475503141563304j)	0.32289910316467285	51.19209914204003
538	(-1.8503906362679448+1.1602965233743823j)	0.38364505767822266	51.28742707340324
539	(-1.84248743140204+1.1728272718651818j)	0.5383510589599609	51.38275500476644
540	(-1.8343337425131945+1.1853311181565902j)	0.36023902893066406	51.47808293612964
541	(-1.826069435145244+1.1979766679601964j)	0.36682891845703125	51.573410867492846
542	(-1.8178781002605888+1.2106510652483604j)	0.3862578868865967	51.66873879885605
543	(-1.8096822702208546+1.2231369373841807j)	0.29995203018188477	51.76406673021925
544	(-1.801255380600324+1.235448085982336j)	0.3245418071746826	51.85939466158245
545	(-1.7925720400053815+1.2477940461172619j)	0.29184627532958984	51.95472259294566
546	(-1.7838465415950975+1.2602348621933142j)	0.32503604888916016	52.05005052430886
547	(-1.7751985999065971+1.2725713031934127j)	0.3542311191558838	52.14537845567206
548	(-1.7664761033254888+1.2846492068530027j)	0.4292280673980713	52.24070638703527
549	(-1.757507509022725+1.2965974751206697j)	0.29961681365966797	52.33603431839847
550	(-1.748390093813123+1.308623768555451j)	0.299454927444458	52.43136224976167
551	(-1.739346340224394+1.3206944635925502j)	0.2986741065979004	52.52669018112488
552	(-1.7303811602864188+1.3325967351568768j)	0.3319859504699707	52.62201811248808
553	(-1.721276731445699+1.3442910028226052j)	0.4812452793121338	52.71734604385128
554	(-1.711932678135499+1.3559829497465798j)	0.4325411319732666	52.81267397521448
555	(-1.7025165790002732+1.367810147356857j)	0.41597914695739746	52.90800190657769
556	(-1.6931794556446271+1.379621889023299j)	0.2961769104003906	53.00332983794089
557	(-1.6838152135610636+1.3912238731523836j)	0.3019111156463623	53.09865776930409
558	(-1.6742062818791057+1.4026675844763314j)	0.38507699966430664	53.1939857006673
559	(-1.665221185480772+1.4138206881355841j)	0.27640604972839355	53.2893136320305
560	(-1.6545249953446735+1.425722526020781j)	0.3041880130767822	53.3846415633937
561	(-1.6447567395497649+1.4371410395647781j)	0.2984607219696045	53.4799694947569
562	(-1.6348902190748542+1.4482964321385166j)	0.3089778423309326	53.57529742612011
563	(-1.624782016305454+1.4593472800590088j)	0.3781139850616455	53.67062535748331
564	(-1.6145626849032086+1.4704804036625112j)	0.35261106491088867	53.76595328884651
565	(-1.6044399921629138+1.481624880581765j)	0.309114933013916	53.86128122020972
566	(-1.5943781793087204+1.4925736312231803j)	0.31142187118530273	53.95660915157292
567	(-1.5841560321917332+1.503326627321166j)	0.30244898796081543	54.05193708293612
568	(-1.573710316439916+1.5140999059534104j)	0.30851101875305176	54.14726501429933
569	(-1.563227511871634+1.5249929557735749j)	0.2996490001678467	54.24259294566253
570	(-1.552833427940172+1.5358335218008423j)	0.30423402786254883	54.33792087702573
571	(-1.5423841403524678+1.546446499421384j)	0.2972419261932373	54.43324880838893
572	(-1.5316830627776752+1.5569202739217984j)	0.29307103157043457	54.52857673975214
573	(-1.5207862802160264+1.5674533913970214j)	0.30487704277038574	54.62390467111534
574	(-1.5099149329250432+1.5780265498675918j)	0.3067820072174072	54.71923260247854
575	(-1.499114262117783+1.5884203542436093j)	0.3055598735809326	54.81456053384175
576	(-1.4881920816764396+1.598553053637476j)	0.30666399002075195	54.90988846520495
577	(-1.4770398289073725+1.608606699874819j)	0.29718685150146484	55.00521639656815
578	(-1.465815632841485+1.6187419078851037j)	0.2946460247039795	55.10054432793135
579	(-1.4547062230690198+1.6288539185823847j)	0.3074979782104492	55.19587225929456
580	(-1.4436373517291452+1.6387482564641755j)	0.28934621810913086	55.29120019065776
581	(-1.432391650168716+1.6484637041164407j)	0.31154298782348633	55.38652812202096
582	(-1.4209448399880005+1.65821942052682j)	0.3000938892364502	55.48185605338417
583	(-1.4094949120939506+1.6680758872351176j)	0.301192045211792	55.57718398474737
584	(-1.3981353883718426+1.6778417225660949j)	0.2990860939025879	55.67251191611057
585	(-1.3866952449393424+1.687368582323931j)	0.30658411979675293	55.76783984747378
586	(-1.3750020978121422+1.6967788427823078j)	0.30587005615234375	55.86316777883698
587	(-1.3631498727082476+1.7062547159157044j)	0.306182861328125	55.95849571020018
588	(-1.3513523273952883+1.7157382057221633j)	0.3097400665283203	56.05382364156338
589	(-1.3396142060024814+1.7250105264180302j)	0.30364537239074707	56.14915157292659
590	(-1.3277367356223544+1.7340298511394767j)	0.3236238956451416	56.24447950428979
591	(-1.3156460131912753+1.7429952335501502j)	0.2996029853820801	56.33980743565299
592	(-1.3035228940888086+1.7520373720763267j)	0.2999308109283447	56.4351353670162
593	(-1.2915276647026435+1.761019650159362j)	0.2954139709472656	56.5304632983794
594	(-1.2795508261726707+1.7697689780952155j)	0.2954878807067871	56.6257912297426
595	(-1.2673858141403331+1.7783601337199066j)	0.2924838066101074	56.721119161105804
596	(-1.2550469700673068+1.7870082628359063j)	0.29913902282714844	56.81644709246901
597	(-1.2427378696710598+1.7957345837687677j)	0.296414852142334	56.91177502383221
598	(-1.230514080671059+1.8043328897430944j)	0.29101085662841797	57.007102955195414
599	(-1.218186617813406+1.8126887594820817j)	0.30172204971313477	57.10243088655862
600	(-1.2056117659928511+1.8209510277621654j)	0.3710510730743408	57.19775881792182
601	(-1.1929164445496538+1.8292801804477787j)	0.3768649101257324	57.293086749285024
602	(-1.1803004170923628+1.8375829674565698j)	0.3048088550567627	57.38841468064823
603	(-1.1677313267303364+1.84564814096241j)	0.34376978874206543	57.48374261201143
604	(-1.1550069000690801+1.8534739444594506j)	0.3141179084777832	57.579070543374634
605	(-1.1420918765079624+1.8612701043056952j)	0.3487720489501953	57.674398474737835
606	(-1.1291839994842494+1.8691316045461295j)	0.31087684631347656	57.76972640610104
607	(-1.1164115058446678+1.8768993428918983j)	0.3014070987701416	57.865054337464244
608	(-1.1036344843402657+1.8844241554227468j)	0.43966174125671387	57.960382268827445
609	(-1.0906627490645633+1.8918143523160347j)	0.2978980541229248	58.05571020019065
610	(-1.0775499223954825+1.8992746896197101j)	0.3059840202331543	58.151038131553854
611	(-1.0644953843743297+1.906786463716148j)	0.2978551387786865	58.246366062917055
612	(-1.0515179131342705+1.9141369810580822j)	0.3468801975250244	58.341693994280256
613	(-1.0384154583432292+1.921247328004026j)	0.29694223403930664	58.437021925643464
614	(-1.0250775124831604+1.9282874747474703j)	0.2923591136932373	58.532349857006665
615	(-1.0116591271030084+1.9353911626051932j)	0.3039860725402832	58.627677788369866
616	(-0.9985573813061702+1.9420544609976784j)	0.321152925491333	58.723005719733074
617	(-0.9850506896066812+1.9492169890980677j)	0.3066220283508301	58.818333651096275
618	(-0.9715986149536037+1.955780910646187j)	0.31092405319213867	58.913661582459476
619	(-0.9579820749715667+1.9623359717823856j)	0.30557680130004883	59.008989513822684
620	(-0.9444098933094821+1.9689423881389914j)	0.3318789005279541	59.104317445185885
621	(-0.9309757531696402+1.9754211505263497j)	0.29883694648742676	59.199645376549086
622	(-0.9175136564581251+1.9816531861685684j)	0.29536986351013184	59.29497330791229
623	(-0.9038575158831553+1.9877771522896792j)	0.3797450065612793	59.390301239275495
624	(-0.8900943530918035+1.993979569107458j)	0.3118300437927246	59.485629170638695
625	(-0.8764149904665197+2.0002040435940915j)	0.39069223403930664	59.580957102001896
626	(-0.8628009932894953+2.006237623674256j)	0.3485381603240967	59.676285033365104
627	(-0.8490433412732115+2.0120402531314046j)	0.403217077255249	59.771612964728305
628	(-0.8350683045034849+2.0177949800461423j)	0.38273119926452637	59.866940896091506
629	(-0.8210535036520824+2.023605574571011j)	0.41107702255249023	59.962268827454714
630	(-0.8071531729478008+2.029319734771735j)	0.3822438716888428	60.057596758817915
631	(-0.7932653904546272+2.0347611991919226j)	0.3191690444946289	60.152924690181116
632	(-0.7792075602175729+2.0400041851094364j)	0.32721996307373047	60.24825262154432
633	(-0.765018178085621+2.045258348236026j)	0.32167792320251465	60.343580552907525
634	(-0.7509081653992453+2.0505439934700855j)	0.30050015449523926	60.438908484270726
635	(-0.7369334943924329+2.055672611288142j)	0.3178408145904541	60.53423641563393
636	(-0.7229090726766702+2.0605570483560482j)	0.2932932376861572	60.629564346997135
637	(-0.7086965162873752+2.0653603731196015j)	0.2960200309753418	60.724892278360336
638	(-0.6944126402127611+2.0702462262618946j)	0.29073119163513184	60.82022020972354
639	(-0.6802349135947016+2.0751224104626877j)	0.2868690490722656	60.91554814108674
640	(-0.6661068817349527+2.0797838489399956j)	0.2917020320892334	61.010876072449946
641	(-0.651820929085474+2.0842276715325134j)	0.2869110107421875	61.10620400381315
642	(-0.6373409405202062+2.0886450536033054j)	0.2884337902069092	61.20153193517635
643	(-0.6228609058351852+2.0931061498692123j)	0.28879809379577637	61.296859866539556
644	(-0.6085051710597711+2.0974369893326434j)	0.2894408702850342	61.39218779790276
645	(-0.5941438923586437+2.101487174685357j)	0.29265618324279785	61.48751572926596
646	(-0.5796124188065883+2.105364579063071j)	0.2917299270629883	61.582843660629166
647	(-0.5649847293829455+2.1092681901915715j)	0.2931511402130127	61.67817159199237
648	(-0.5504673257896507+2.11318152116712j)	0.2885599136352539	61.77349952335557
649	(-0.5360782846495514+2.116911445132308j)	0.29689764976501465	61.86882745471877
650	(-0.5216191569807145+2.120405397959296j)	0.2933318614959717	61.96415538608198
651	(-0.5069835614974919+2.123845811540559j)	0.2948288917541504	62.05948331744518
652	(-0.4923150688681377+2.12736785043085j)	0.29171204566955566	62.15481124880838
653	(-0.4777683071064164+2.1308478814663854j)	0.2920389175415039	62.25013918017159
654	(-0.4632539059321923+2.134094639013344j)	0.29479193687438965	62.34546711153479
655	(-0.4485716506190417+2.1371409973058637j)	0.28827381134033203	62.44079504289799
656	(-0.43372371309362656+2.1401815219299705j)	0.2926151752471924	62.53612297426119
657	(-0.418913724670538+2.1432491995098593j)	0.28973960876464844	62.6314509056244
658	(-0.4042328008606091+2.1461548340047414j)	0.2867119312286377	62.7267788369876
659	(-0.3895283646087817+2.1487783221818053j)	0.2880711555480957	62.8221067683508
660	(-0.3746590173365557+2.1512569591416044j)	0.28972506523132324	62.91743469971401
661	(-0.35973109291942196+2.1537730102557373j)	0.28912997245788574	63.01276263107721
662	(-0.3449402081700119+2.1562746332311957j)	0.2876741886138916	63.10809056244041
663	(-0.33026676075109185+2.158570846472247j)	0.28850221633911133	63.20341849380362
664	(-0.31550587087145543+2.1606449325288386j)	0.29221606254577637	63.29874642516682
665	(-0.30058566003607956+2.1626919740897326j)	0.2879643440246582	63.39407435653002
666	(-0.2856696170326928+2.164815202269241j)	0.28851819038391113	63.48940228789322
667	(-0.27088691728702974+2.1668640114555444j)	0.28812503814697266	63.58473021925643
668	(-0.25611756688741993+2.1686666602945524j)	0.287045955657959	63.68005815061963
669	(-0.24117526135351042+2.170291925057764j)	0.2970118522644043	63.77538608198283
670	(-0.22609981670081114+2.1719271112677947j)	0.28989720344543457	63.87071401334604
671	(-0.21109747758360442+2.1735698904745204j)	0.291334867477417	63.96604194470924
672	(-0.19622509136254407+2.175022094819399j)	0.2877082824707031	64.06136987607245
673	(-0.18131096975447347+2.1761968701701755j)	0.2916989326477051	64.15669780743565
674	(-0.1662427659309118+2.1772563283530437j)	0.28883790969848633	64.25202573879885
675	(-0.15115511680225724+2.1783608454389363j)	0.28864097595214844	64.34735367016206
676	(-0.13622711699726353+2.179424931460633j)	0.2875208854675293	64.44268160152527
677	(-0.12140143663452074+2.1802648602911145j)	0.28884196281433105	64.53800953288847
678	(-0.10647431481649522+2.1809026698040777j)	0.2926979064941406	64.63333746425167
679	(-0.09141018417512553+2.181538684932571j)	0.29508495330810547	64.72866539561487
680	(-0.07638288343344152+2.182258136748364j)	0.2793416976928711	64.82399332697807
681	(-0.06150295434420738+2.182837336905605j)	0.29113006591796875	64.91932125834127
682	(-0.04661282110017895+2.1831805889259086j)	0.28931093215942383	65.01464918970449
683	(-0.03154966264177039+2.18337214267701j)	0.2979588508605957	65.10997712106769
684	(-0.01638937687566433+2.183587116653286j)	0.2865419387817383	65.20530505243089
685	(-0.001334200801165808+2.1837870143235216j)	0.2905848026275635	65.30063298379409
686	(0.013596494304098539+2.1837712207974036j)	0.2885749340057373	65.39596091515729
687	(0.02858353355039439+2.1834892921945266j)	0.2907540798187256	65.49128884652049
688	(0.043708662147378397+2.183121550694184j)	0.29245901107788086	65.58661677788369
689	(0.058814112756269965+2.1828024390618728j)	0.29577112197875977	65.6819447092469
690	(0.07374285880934234+2.182414935351399j)	0.291018009185791	65.77727264061011
691	(0.08913523523050954+2.1818153299718235j)	0.295867919921875	65.87260057197331
692	(0.1035411236700095+2.1809914247216495j)	0.2963566780090332	65.96792850333651
693	(0.11860657591572496+2.180210743596921j)	0.2864499092102051	66.06325643469971
694	(0.13359748548564662+2.1794824731254026j)	0.29047584533691406	66.15858436606291
695	(0.14844755547649371+2.178619301560557j)	0.29296088218688965	66.25391229742611
696	(0.16332308926427053+2.177502752363754j)	0.287647008895874	66.34924022878933
697	(0.1783658980680552+2.176261328049348j)	0.29596424102783203	66.44456816015253
698	(0.19346805944814852+2.175052610629425j)	0.2895040512084961	66.53989609151573
699	(0.2084996069683231+2.17379564788596j)	0.2905142307281494	66.63522402287893
700	(0.2232911520692931+2.1723208835302454j)	0.290942907333374	66.73055195424213
701	(0.23821343963395547+2.1705876448038417j)	0.2859468460083008	66.82587988560533
702	(0.25261794181584674+2.1690526255154357j)	0.284686803817749	66.92120781696855
703	(0.2682346646870061+2.16705479305353j)	0.2885727882385254	67.01653574833175
704	(0.28302805283838695+2.165217469662993j)	0.2889740467071533	67.11186367969495
705	(0.29775501158446266+2.163139664333539j)	0.2878000736236572	67.20719161105815
706	(0.3127549366180098+2.160866313745036j)	0.2920796871185303	67.30251954242135
707	(0.3275227371315064+2.1587194932529346j)	0.28680872917175293	67.39784747378455
708	(0.3423417665389518+2.1565644414490794j)	0.28833627700805664	67.49317540514775
709	(0.3570230180398326+2.1542478836191314j)	0.2907731533050537	67.58850333651097
710	(0.37174839646777724+2.151684717988204j)	0.28687405586242676	67.68383126787417
711	(0.38662986008466793+2.1490237520990085j)	0.29219579696655273	67.77915919923737
712	(0.4015312352087109+2.14640170870337j)	0.293964147567749	67.87448713060057
713	(0.41627731861505746+2.1437144545814104j)	0.2911872863769531	67.96981506196377
714	(0.4309083246381897+2.140638234611427j)	0.291719913482666	68.06514299332697
715	(0.44547817713123755+2.137623230205819j)	0.29328012466430664	68.16047092469017
716	(0.460453099792308+2.134417353742415j)	0.2877628803253174	68.25579885605339
717	(0.4751698560371518+2.131263234428881j)	0.2881600856781006	68.35112678741659
718	(0.4896932415857891+2.1279908897599107j)	0.2973439693450928	68.44645471877979
719	(0.5041698533625923+2.1244783425904545j)	0.29099130630493164	68.54178265014299
720	(0.5187634412187616+2.1208428764676026j)	0.28779125213623047	68.63711058150619
721	(0.5334057159186373+2.117262774404909j)	0.2879478931427002	68.7324385128694
722	(0.5479155598610335+2.1136978439585454j)	0.28774404525756836	68.8277664442326
723	(0.5622949498621533+2.109948394201075j)	0.290355920791626	68.92309437559581
724	(0.5767352228306418+2.1059643840052718j)	0.2943410873413086	69.01842230695901
725	(0.5913152386823073+2.101911561000156j)	0.28803586959838867	69.11375023832221
726	(0.605875972120225+2.0978980552902895j)	0.2876720428466797	69.20907816968541
727	(0.6202639686469957+2.0937937606735892j)	0.2879908084869385	69.30440610104861
728	(0.6345618599282119+2.0894298718950655j)	0.2882812023162842	69.39973403241181
729	(0.6489331079831974+2.0848646554540218j)	0.28898000717163086	69.49506196377502
730	(0.6633902619719381+2.080295959549995j)	0.28763818740844727	69.59038989513823
731	(0.6777057613199192+2.075757796453035j)	0.29427194595336914	69.68571782650143
732	(0.6918272899352531+2.071078934073148j)	0.37984275817871094	69.78104575786463
733	(0.7059217647243973+2.066166041146835j)	0.3557567596435547	69.87637368922783
734	(0.7201290182566177+2.061161053313018j)	0.3957407474517822	69.97170162059103
735	(0.7343509074964693+2.056223106620151j)	0.35657215118408203	70.06702955195423
736	(0.7484174222071435+2.0512781344931947j)	0.5508060455322266	70.16235748331745
737	(0.7623652941506757+2.0461308727327867j)	0.6732192039489746	70.25768541468065
738	(0.7763874268527252+2.0407659739084063j)	0.3420848846435547	70.35301334604385
739	(0.7905298640087834+2.035310004046836j)	0.4108390808105469	70.44834127740705
740	(0.8046119445382143+2.0299894709119393j)	0.5381488800048828	70.54366920877025
741	(0.818510565914536+2.02450381057413j)	0.5025694370269775	70.63899714013345
742	(0.8323349067928874+2.0187555489410394j)	0.30956196784973145	70.73432507149666
743	(0.846245631467675+2.0128353458376766j)	0.35315489768981934	70.82965300285987
744	(0.8601877764093142+2.006934131976935j)	0.4674499034881592	70.92498093422307
745	(0.8739690867261399+2.001050945567024j)	0.4289121627807617	71.02030886558627
746	(0.8875608313525906+1.995007557963768j)	0.29516005516052246	71.11563679694947
747	(0.9011311578274412+1.9889595994623732j)	0.352827787399292	71.21096472831267
748	(0.9148327055031948+1.9824156912477275j)	0.319019079208374	71.30629265967588
749	(0.9284997223321715+1.9761642817236789j)	0.35941290855407715	71.40162059103908
