	res_adaptive	time_adaptive	w
0	(1.0677178982985513-0.060448700324010965j)	0.44591712951660156	0.001
1	(1.2676657625963847-0.358872356354368j)	0.37344908714294434	0.09632793136320304
2	(1.3547799790281365-0.5585381903130539j)	0.3670389652252197	0.19165586272640608
3	(1.4086949651248595-0.7371916120432223j)	0.35788798332214355	0.2869837940896091
4	(1.443195695459064-0.9038109702391518j)	0.41841888427734375	0.38231172545281217
5	(1.4620578101145192-1.0609928717406247j)	0.37860703468322754	0.4776396568160152
6	(1.466229704969616-1.2112983285787726j)	0.40773987770080566	0.5729675881792182
7	(1.4572772602590007-1.3573604552579577j)	0.3976578712463379	0.6682955195424213
8	(1.437718313680541-1.5001528285345234j)	0.3847789764404297	0.7636234509056243
9	(1.4093279977460207-1.6386362320020547j)	0.3758890628814697	0.8589513822688274
10	(1.3721267194421425-1.7714351064086415j)	0.33550596237182617	0.9542793136320304
11	(1.3254416635940465-1.898486560936228j)	0.3320808410644531	1.0496072449952334
12	(1.2696443837253133-2.0207560282591976j)	0.34142374992370605	1.1449351763584363
13	(1.206383224023628-2.138641176833242j)	0.29902005195617676	1.2402631077216395
14	(1.1371519513375064-2.2512465154822956j)	0.32471609115600586	1.3355910390848424
15	(1.0621253031045819-2.357411042790466j)	0.31423211097717285	1.4309189704480456
16	(0.9807056236633986-2.4570514790541296j)	0.31473803520202637	1.5262469018112486
17	(0.89294809868996-2.5510571071655366j)	0.33706092834472656	1.6215748331744515
18	(0.7999730299537108-2.63993360804592j)	0.3602159023284912	1.7169027645376547
19	(0.7029137116939801-2.722995139153055j)	0.4061098098754883	1.8122306959008576
20	(0.6018795854909745-2.799103070856506j)	0.34934496879577637	1.9075586272640608
21	(0.4963188681235995-2.8679096609175905j)	0.3896808624267578	2.0028865586272637
22	(0.38626866575933644-2.929979085274338j)	0.2976260185241699	2.098214489990467
23	(0.2728342539219451-2.9857172996592394j)	0.2976419925689697	2.19354242135367
24	(0.15730524620813496-3.0345971887834167j)	0.2937140464782715	2.288870352716873
25	(0.04010780417340393-3.0757114015236886j)	0.29523801803588867	2.384198284080076
26	(-0.07905795858925946-3.1088809874433565j)	0.29431891441345215	2.479526215443279
27	(-0.2001536676160267-3.1348383013430126j)	0.29598188400268555	2.574854146806482
28	(-0.322272803015081-3.1542581608697557j)	0.2957749366760254	2.670182078169685
29	(-0.4443275348681899-3.166927444482688j)	0.3242950439453125	2.765510009532888
30	(-0.5659965929386057-3.1721145393104617j)	0.2943298816680908	2.8608379408960913
31	(-0.6876514394307762-3.169590997210102j)	0.29992103576660156	2.956165872259294
32	(-0.8093666622248801-3.159932366315189j)	0.2974860668182373	3.0514938036224972
33	(-0.9303275624028919-3.143738766756913j)	0.2980039119720459	3.1468217349857004
34	(-1.049392574784125-3.120862954726707j)	0.3018620014190674	3.242149666348903
35	(-1.166033886136694-3.090694461473834j)	0.2954719066619873	3.3374775977121063
36	(-1.2804181254333662-3.053113309194302j)	0.29294395446777344	3.4328055290753094
37	(-1.3925705270872208-3.0088405737745134j)	0.29799389839172363	3.5281334604385126
38	(-1.5017497297937847-2.958726443394287j)	0.29468202590942383	3.6234613918017153
39	(-1.6070716815744321-2.9029626071277983j)	0.30013394355773926	3.7187893231649185
40	(-1.7080341087176087-2.841157934194638j)	0.29407691955566406	3.8141172545281217
41	(-1.8049844200444305-2.773252175479278j)	0.29328417778015137	3.9094451858913244
42	(-1.8981533974036273-2.699896047877723j)	0.29519104957580566	4.004773117254528
43	(-1.9870372772701297-2.6218837803034494j)	0.29904890060424805	4.100101048617731
44	(-2.0707276222928224-2.539393957164216j)	0.2944190502166748	4.195428979980934
45	(-2.148752308134566-2.45207754072696j)	0.2938528060913086	4.290756911344137
46	(-2.2213004794443987-2.359879510028554j)	0.29439520835876465	4.386084842707341
47	(-2.2885619562580275-2.2635019772992298j)	0.2945699691772461	4.481412774070543
48	(-2.35010240859876-2.1639076701070383j)	0.29323601722717285	4.576740705433746
49	(-2.405128181528706-2.0615377059902182j)	0.2942821979522705	4.67206863679695
50	(-2.4532859061032077-1.9562736966194132j)	0.29143381118774414	4.7673965681601524
51	(-2.4955033527635027-1.848401225442478j)	0.30707478523254395	4.862724499523355
52	(-2.5304848313286206-1.7378553494696463j)	0.29522204399108887	4.958052430886559
53	(-2.5598013506193786-1.6262837548797155j)	0.3069589138031006	5.0533803622497615
54	(-2.5822687121549217-1.5138420216017712j)	0.2961721420288086	5.148708293612964
55	(-2.597574111705893-1.4003585828233753j)	0.29776716232299805	5.244036224976168
56	(-2.6060274394387375-1.2857825901983149j)	0.29445624351501465	5.339364156339371
57	(-2.608048321401634-1.1707222640311603j)	0.29378509521484375	5.434692087702573
58	(-2.6035249586490052-1.0561264863088087j)	0.29160094261169434	5.530020019065777
59	(-2.5919221970066366-0.9425540027077284j)	0.29712677001953125	5.62534795042898
60	(-2.5730016611507476-0.8300049231039284j)	0.29277706146240234	5.720675881792183
61	(-2.5471954381530133-0.718511648878515j)	0.293255090713501	5.816003813155386
62	(-2.5151449352832063-0.6086677909761793j)	0.2948751449584961	5.911331744518589
63	(-2.477059675545037-0.5013776086686352j)	0.2939620018005371	6.006659675881792
64	(-2.4325304864936212-0.39710593111030873j)	0.29850292205810547	6.101987607244995
65	(-2.381544244973437-0.2957798984035701j)	0.29560017585754395	6.197315538608198
66	(-2.3245161041320395-0.19725515112796788j)	0.29725098609924316	6.292643469971401
67	(-2.2620943471652954-0.10194980609313686j)	0.29352283477783203	6.387971401334604
68	(-2.1944804809226413-0.010669595038175883j)	0.29863905906677246	6.483299332697807
69	(-2.1214013889761874+0.07605800684604025j)	0.2943751811981201	6.57862726406101
70	(-2.0427398172652858+0.15825342918630192j)	0.3042318820953369	6.673955195424213
71	(-1.9589898976918287+0.23600855042769686j)	0.29386305809020996	6.769283126787417
72	(-1.870941352011601+0.308929933089358j)	0.2963888645172119	6.8646110581506194
73	(-1.779026288295342+0.37626573669879376j)	0.2965357303619385	6.959938989513822
74	(-1.6831962725352558+0.43755515122053684j)	0.29434704780578613	7.055266920877026
75	(-1.5834690952206376+0.49293512341226103j)	0.29268479347229004	7.1505948522402285
76	(-1.4803853401439269+0.5426987944522543j)	0.297008752822876	7.245922783603431
77	(-1.3747494288572186+0.5866959945248189j)	0.2931501865386963	7.341250714966635
78	(-1.2670031212234267+0.6243631786934591j)	0.29593992233276367	7.436578646329838
79	(-1.1570765448922113+0.6553175518091315j)	0.2951211929321289	7.53190657769304
80	(-1.0449211262207323+0.6797015897808671j)	0.29310083389282227	7.627234509056244
81	(-0.9310188740200961+0.6978174236905971j)	0.29673004150390625	7.722562440419447
82	(-0.8162019970564639+0.7095561535895946j)	0.3004038333892822	7.817890371782649
83	(-0.7010413185032309+0.7144028594102798j)	0.2977621555328369	7.913218303145853
84	(-0.58562583851056+0.7120214011598579j)	0.29470324516296387	8.008546234509055
85	(-0.4700140872684535+0.7026442306541124j)	0.29792308807373047	8.103874165872258
86	(-0.3547253581481186+0.6867567190811624j)	0.2953009605407715	8.19920209723546
87	(-0.24059782903888832+0.6645039758295788j)	0.29985785484313965	8.294530028598665
88	(-0.1281932614888372+0.6356053294827907j)	0.29625701904296875	8.389857959961867
89	(-0.0175357023519091+0.5998747986044374j)	0.2979099750518799	8.48518589132507
90	(0.09141765578598268+0.5576046621476957j)	0.293781042098999	8.580513822688273
91	(0.19832408927282652+0.5093390106168247j)	0.29790592193603516	8.675841754051476
92	(0.3024273511397531+0.4552724115950035j)	0.2964489459991455	8.77116968541468
93	(0.4035444294082855+0.39367602770295923j)	0.28577375411987305	8.866497616777883
94	(0.5004165906005289+0.3288188384423781j)	0.29384303092956543	8.961825548141086
95	(0.5942298873224463+0.25658277335210106j)	0.2942650318145752	9.057153479504288
96	(0.684224347007615+0.17910224640363295j)	0.2976350784301758	9.152481410867491
97	(0.7696660413228498+0.09677956004030008j)	0.2936689853668213	9.247809342230694
98	(0.8500070425281756+0.00958914056465704j)	0.29494810104370117	9.343137273593898
99	(0.9252222773897302-0.08249068658241754j)	0.29411792755126953	9.438465204957101
100	(0.9954906905513978-0.17903375486195283j)	0.29241085052490234	9.533793136320304
101	(1.060651064048103-0.27932445434844083j)	0.30147385597229004	9.629121067683506
102	(1.120151970928135-0.3829084216844303j)	0.29746198654174805	9.72444899904671
103	(1.1741255647734814-0.4900925834608198j)	0.29806995391845703	9.819776930409914
104	(1.220833149509923-0.6000536385327367j)	0.29637813568115234	9.915104861773116
105	(1.262224446810254-0.713297676449937j)	0.2924618721008301	10.010432793136319
106	(1.2975958244913675-0.8287957561704462j)	0.29629993438720703	10.105760724499522
107	(1.3264307780960412-0.9459832675786264j)	0.29347991943359375	10.201088655862725
108	(1.3483038674578962-1.0647218489938757j)	0.2923698425292969	10.296416587225927
109	(1.3632809441662967-1.1849495660442995j)	0.29297304153442383	10.391744518589132
110	(1.3717104757298406-1.306214407632047j)	0.3837728500366211	10.487072449952334
111	(1.3736923492247042-1.427729945257392j)	0.3876948356628418	10.582400381315537
112	(1.3689505974492655-1.5486451724762613j)	0.43251824378967285	10.67772831267874
113	(1.3571783913623727-1.6695754337484865j)	0.2970092296600342	10.773056244041943
114	(1.3385884782916342-1.7897976194293062j)	0.33261799812316895	10.868384175405145
115	(1.3136865922249052-1.909404852099097j)	0.29641008377075195	10.96371210676835
116	(1.2823677120346197-2.0271743822825887j)	0.2915840148925781	11.059040038131553
117	(1.2439942235590045-2.1429970995969185j)	0.30138182640075684	11.154367969494755
118	(1.2002498515173081-2.2566113265788754j)	0.2939260005950928	11.249695900857958
119	(1.1492966195949181-2.367897156045592j)	0.2988247871398926	11.34502383222116
120	(1.092331220836841-2.476532376568448j)	0.294356107711792	11.440351763584365
121	(1.0297077724596382-2.5817985720969605j)	0.2945699691772461	11.535679694947568
122	(0.9613939523653316-2.68308031468227j)	0.2935600280761719	11.63100762631077
123	(0.8873151352303771-2.7802220304080993j)	0.29555487632751465	11.726335557673973
124	(0.8077847417001125-2.87330549123798j)	0.2939150333404541	11.821663489037176
125	(0.7234264483321586-2.9621516363692706j)	0.2918522357940674	11.916991420400379
126	(0.6346844998429925-3.04621042375643j)	0.29401397705078125	12.012319351763583
127	(0.5415754850045249-3.124970872018241j)	0.29433178901672363	12.107647283126786
128	(0.444014212483937-3.1983258002705357j)	0.29335522651672363	12.202975214489989
129	(0.3422811104598331-3.266392715297631j)	0.3003098964691162	12.298303145853192
130	(0.2370117215184009-3.3290283877984033j)	0.29298901557922363	12.393631077216394
131	(0.12874840515303632-3.3857119470710426j)	0.2959160804748535	12.488959008579599
132	(0.01764938607122657-3.435937558161408j)	0.29508519172668457	12.584286939942801
133	(-0.09623897015649252-3.4796262008771865j)	0.29495978355407715	12.679614871306004
134	(-0.21253610642162046-3.516999386721751j)	0.2935621738433838	12.774942802669207
135	(-0.3305165917106758-3.5481035858682795j)	0.2989978790283203	12.87027073403241
136	(-0.4490676056551881-3.5724475634707646j)	0.2735459804534912	12.965598665395612
137	(-0.5694716931842234-3.5902190878191815j)	0.29813718795776367	13.060926596758817
138	(-0.6902416608739139-3.6009346347041893j)	0.29097700119018555	13.15625452812202
139	(-0.8115797524756743-3.605090491767369j)	0.2910757064819336	13.251582459485222
140	(-0.9328199383579829-3.6028538318853656j)	0.28830790519714355	13.346910390848425
141	(-1.0533966398441739-3.59389469015008j)	0.2918107509613037	13.442238322211628
142	(-1.1730188346884218-3.5779705102490733j)	0.2966268062591553	13.537566253574832
143	(-1.2916443690387123-3.5551112760031924j)	0.302595853805542	13.632894184938035
144	(-1.4089441668845-3.5257106206444746j)	0.2919743061065674	13.728222116301238
145	(-1.5242238856657173-3.4900619451415653j)	0.2944457530975342	13.82355004766444
146	(-1.6368214681676119-3.448106102689418j)	0.292788028717041	13.918877979027643
147	(-1.7464772594412723-3.3997048814632j)	0.2918860912322998	14.014205910390846
148	(-1.8531919430016703-3.3450562412060973j)	0.293529748916626	14.10953384175405
149	(-1.9562615013968059-3.2853676223195736j)	0.28593921661376953	14.204861773117253
150	(-2.056660081444212-3.219004162051067j)	0.2911348342895508	14.300189704480456
151	(-2.1523037975990102-3.148039067778126j)	0.2911338806152344	14.395517635843659
152	(-2.243572002685472-3.071728798780914j)	0.2902851104736328	14.490845567206861
153	(-2.3302727643724293-2.9900779215241853j)	0.2958238124847412	14.586173498570064
154	(-2.4124810727563957-2.9038009499863335j)	0.29613685607910156	14.681501429933268
155	(-2.4896853777303787-2.8134124150729236j)	0.2917172908782959	14.776829361296471
156	(-2.5610277065258558-2.7188440057923877j)	0.29381394386291504	14.872157292659674
157	(-2.6265897607204964-2.62033730667933j)	0.29047298431396484	14.967485224022877
158	(-2.6863817330885364-2.5181157001506644j)	0.28976988792419434	15.06281315538608
159	(-2.740393588134044-2.412831164263788j)	0.29035305976867676	15.158141086749284
160	(-2.7882774946520708-2.3050970996097924j)	0.29386305809020996	15.253469018112487
161	(-2.8296240813602656-2.195150910708679j)	0.28934311866760254	15.34879694947569
162	(-2.864354721836203-2.0830153413616688j)	0.2903280258178711	15.444124880838892
163	(-2.8926878038581885-1.9689345444940778j)	0.29065895080566406	15.539452812202095
164	(-2.9147205977034307-1.853505780906653j)	0.29572582244873047	15.634780743565297
165	(-2.930181551419475-1.7373373160484284j)	0.29159975051879883	15.730108674928502
166	(-2.938688302209818-1.6207097615990431j)	0.291471004486084	15.825436606291705
167	(-2.9401698936059972-1.5036989375731669j)	0.2913799285888672	15.920764537654907
168	(-2.934742088023106-1.3864644493772413j)	0.2954721450805664	16.016092469018112
169	(-2.9230887456985313-1.2700679764058997j)	0.295975923538208	16.111420400381316
170	(-2.9046516027909446-1.154791552466508j)	0.292618989944458	16.206748331744517
171	(-2.879374876472382-1.0411082607167865j)	0.2981748580932617	16.302076263107722
172	(-2.8473392680500806-0.9290825720414984j)	0.2976248264312744	16.397404194470923
173	(-2.8089614965196974-0.8189206881241343j)	0.29433608055114746	16.492732125834127
174	(-2.764609959304614-0.7111652482757491j)	0.29161906242370605	16.588060057197332
175	(-2.71429924185556-0.6064143857902191j)	0.2917208671569824	16.683387988560533
176	(-2.6578682377415688-0.5049539600963313j)	0.2908182144165039	16.778715919923737
177	(-2.5953998917148953-0.4068094668194835j)	0.2972540855407715	16.874043851286938
178	(-2.527325658466358-0.3121502063607391j)	0.2986140251159668	16.969371782650143
179	(-2.4540884791253452-0.22150445707778177j)	0.30299806594848633	17.064699714013347
180	(-2.376438541969546-0.13637732766779598j)	0.30069422721862793	17.160027645376548
181	(-2.2925095242215976-0.05442650240075131j)	0.30205416679382324	17.255355576739753
182	(-2.204347958475509+0.02169515649713749j)	0.29721498489379883	17.350683508102954
183	(-2.1119053412399955+0.09280850121219708j)	0.299483060836792	17.446011439466158
184	(-2.0157662147036617+0.15853520416942168j)	0.29158496856689453	17.541339370829363
185	(-1.9161858880086575+0.2183994180892449j)	0.2925877571105957	17.636667302192564
186	(-1.8131862459181751+0.27221141790066916j)	0.29381418228149414	17.731995233555768
187	(-1.70695969176607+0.3200893887257933j)	0.29099202156066895	17.82732316491897
188	(-1.5980366235026255+0.3620838018894844j)	0.29720616340637207	17.922651096282173
189	(-1.4870052499204576+0.397903234435134j)	0.2911107540130615	18.017979027645374
190	(-1.374164557196243+0.4271063041010667j)	0.2905919551849365	18.11330695900858
191	(-1.2595924632962006+0.4495061955941257j)	0.29340505599975586	18.208634890371783
192	(-1.1435370514799394+0.465252945483714j)	0.29523801803588867	18.303962821734984
193	(-1.0266039201553592+0.4744951279603881j)	0.3082301616668701	18.39929075309819
194	(-0.9094803891763006+0.47709005672162735j)	0.2970082759857178	18.49461868446139
195	(-0.792559086895236+0.4727551264432177j)	0.29406094551086426	18.589946615824594
196	(-0.6759518745172529+0.4614528590823942j)	0.29264116287231445	18.6852745471878
197	(-0.5598657753507122+0.44348656190651364j)	0.29343271255493164	18.780602478551
198	(-0.4448260511210966+0.41916561476508835j)	0.29055309295654297	18.875930409914204
199	(-0.33145254601423824+0.3884831165629097j)	0.2999999523162842	18.971258341277405
200	(-0.22009493551026685+0.35123122453240063j)	0.29286789894104004	19.06658627264061
201	(-0.11083181738465886+0.3073932420835154j)	0.2914261817932129	19.161914204003814
202	(-0.0038365549644544528+0.2572923664684043j)	0.2937290668487549	19.257242135367015
203	(0.10037492707264815+0.2013031802783264j)	0.2960929870605469	19.35257006673022
204	(0.20115109900322586+0.1395305263756083j)	0.30087924003601074	19.44789799809342
205	(0.2980925003323369+0.07189264277029075j)	0.2904782295227051	19.543225929456625
206	(0.39111206879305915-0.0015006448596846245j)	0.2916698455810547	19.63855386081983
207	(0.48009861509898033-0.08018597325116766j)	0.29204607009887695	19.73388179218303
208	(0.5646493144637756-0.16362755891190334j)	0.2912912368774414	19.829209723546235
209	(0.6442317869301224-0.2515726420255699j)	0.29235100746154785	19.924537654909436
210	(0.7185560081562655-0.3440137964935907j)	0.290618896484375	20.01986558627264
211	(0.7876449057711379-0.44082002306318j)	0.291884183883667	20.11519351763584
212	(0.8515030795750665-0.5415362551039972j)	0.29349398612976074	20.210521448999046
213	(0.9098209070492098-0.6456116878123074j)	0.2932398319244385	20.30584938036225
214	(0.9621068115249838-0.7527462427747295j)	0.3700428009033203	20.40117731172545
215	(1.008070515165876-0.862873975542419j)	0.2946662902832031	20.496505243088656
216	(1.0477492587222115-0.9758037482878146j)	0.29245710372924805	20.591833174451857
217	(1.0812174661544875-1.0909977201413616j)	0.2942500114440918	20.68716110581506
218	(1.108392084134313-1.2076464566728538j)	0.29442572593688965	20.782489037178266
219	(1.12860090674454-1.3257579980665135j)	0.29337191581726074	20.877816968541467
220	(1.1420091463496682-1.4447600557982843j)	0.30044126510620117	20.97314489990467
221	(1.148697508127633-1.564600766004672j)	0.2943286895751953	21.068472831267872
222	(1.148907215768292-1.6847841392259657j)	0.30214619636535645	21.163800762631077
223	(1.142601235700546-1.8046860092661907j)	0.2906928062438965	21.25912869399428
224	(1.1295221746893205-1.9239102209364396j)	0.2946138381958008	21.354456625357482
225	(1.1095562369031526-2.042338829211361j)	0.2956428527832031	21.449784556720687
226	(1.082915326378803-2.1598033126327767j)	0.2957649230957031	21.545112488083888
227	(1.0498986958026282-2.2758129745533595j)	0.29517412185668945	21.640440419447092
228	(1.0105686852823024-2.3897042159035022j)	0.29280805587768555	21.735768350810293
229	(0.9647836040792391-2.50101274758796j)	0.29564499855041504	21.831096282173498
230	(0.912549774263487-2.609578520114969j)	0.29296302795410156	21.926424213536702
231	(0.85421921311813-2.7152537301380537j)	0.2978832721710205	22.021752144899903
232	(0.7902614649896236-2.817620610438007j)	0.2926766872406006	22.117080076263107
233	(0.7209088768545608-2.9161035817945504j)	0.29349803924560547	22.21240800762631
234	(0.6461422002265993-3.010325871986466j)	0.2953498363494873	22.307735938989513
235	(0.5660228882643397-3.1002233855987367j)	0.2993509769439697	22.403063870352717
236	(0.4809229069924683-3.18575787973435j)	0.2961859703063965	22.49839180171592
237	(0.39133907273388435-3.266606609354629j)	0.29907894134521484	22.593719733079123
238	(0.2975575471853873-3.3422389752678754j)	0.29474425315856934	22.689047664442324
239	(0.19962019199967052-3.4122756229867353j)	0.30640101432800293	22.78437559580553
240	(0.10167058388397088-3.4736637567905237j)	0.2603480815887451	22.879703527168733
241	(-0.007893234344008127-3.5353692691897605j)	0.2935822010040283	22.975031458531934
242	(-0.11639048587311884-3.5881982347902635j)	0.29424095153808594	23.07035938989514
243	(-0.2274111210354426-3.634717653032578j)	0.29289698600769043	23.16568732125834
244	(-0.3408013469476232-3.674666102914227j)	0.29326391220092773	23.261015252621544
245	(-0.4563904693754439-3.708114148603768j)	0.2921631336212158	23.356343183984748
246	(-0.5737247290251841-3.735229139129716j)	0.29268789291381836	23.45167111534795
247	(-0.6921939342315366-3.7559386938914128j)	0.2929220199584961	23.546999046711154
248	(-0.8113736345231654-3.76993644856528j)	0.29407787322998047	23.642326978074355
249	(-0.9311198003431-3.7770152334226195j)	0.29298996925354004	23.73765490943756
250	(-1.0512789962879092-3.7772765299179434j)	0.29243898391723633	23.83298284080076
251	(-1.1714002525600038-3.7709419107094235j)	0.29167890548706055	23.928310772163965
252	(-1.2908240740244867-3.7580189615736486j)	0.2917611598968506	24.02363870352717
253	(-1.4090478826595474-3.738309822335594j)	0.2925257682800293	24.11896663489037
254	(-1.5258548404769416-3.711713719240776j)	0.2909829616546631	24.214294566253574
255	(-1.6410734079405906-3.678464000527729j)	0.30447888374328613	24.309622497616775
256	(-1.7542835547100328-3.638950232669171j)	0.29767680168151855	24.40495042897998
257	(-1.8648822106517071-3.5933688843925427j)	0.29485321044921875	24.500278360343184
258	(-1.972421702376452-3.5416639074193537j)	0.29290127754211426	24.595606291706385
259	(-2.0767618525603035-3.4838222467187303j)	0.29146599769592285	24.69093422306959
260	(-2.177827165210795-3.4201223693114704j)	0.29138708114624023	24.78626215443279
261	(-2.2752890679868187-3.3509964478146204j)	0.2911381721496582	24.881590085795995
262	(-2.3685910566779125-3.2767025843705415j)	0.2922840118408203	24.9769180171592
263	(-2.4572812501199035-3.1972485998305094j)	0.29202890396118164	25.0722459485224
264	(-2.5412031571365152-3.1126842929933787j)	0.2901930809020996	25.167573879885605
265	(-2.6202992056588545-3.0233708722195107j)	0.2968738079071045	25.262901811248806
266	(-2.694299593101422-2.929869148672941j)	0.2915337085723877	25.35822974261201
267	(-2.7627287866274646-2.8325941878986134j)	0.29207277297973633	25.45355767397521
268	(-2.825228205580102-2.7316969342911497j)	0.29215073585510254	25.548885605338416
269	(-2.8817497194765043-2.627303033920795j)	0.2933070659637451	25.64421353670162
270	(-2.932392107993917-2.519817232321804j)	0.3016800880432129	25.73954146806482
271	(-2.977043162542133-2.409816247468452j)	0.295961856842041	25.834869399428026
272	(-3.0153506628964077-2.2977344700830296j)	0.2927060127258301	25.930197330791227
273	(-3.047020391592562-2.1837284745593264j)	0.3021118640899658	26.02552526215443
274	(-3.0720467149921875-2.067926250366536j)	0.29714083671569824	26.120853193517636
275	(-3.090568567207574-1.950728532554343j)	0.29801130294799805	26.216181124880837
276	(-3.102549320436899-1.8327634900886642j)	0.2957770824432373	26.31150905624404
277	(-3.1077233006711795-1.7145574215517443j)	0.2909810543060303	26.406836987607242
278	(-3.1058883915586293-1.5963622981653012j)	0.29221081733703613	26.502164918970447
279	(-3.097156229275041-1.4783586397851263j)	0.29297399520874023	26.59749285033365
280	(-3.0818255805708707-1.3609551408301526j)	0.2925570011138916	26.692820781696852
281	(-3.0600461623140394-1.2447637869953991j)	0.29110074043273926	26.788148713060057
282	(-3.0317174588402898-1.1302851480637157j)	0.2929108142852783	26.883476644423258
283	(-2.996893909417815-1.0181171371350852j)	0.27956581115722656	26.978804575786462
284	(-2.955313839997767-0.9071821974931148j)	0.2968881130218506	27.074132507149667
285	(-2.907775750731644-0.7989880980339813j)	0.29342198371887207	27.169460438512868
286	(-2.8543509131525964-0.6937079841028589j)	0.3014969825744629	27.264788369876072
287	(-2.795006188438832-0.5918493107478481j)	0.29305481910705566	27.360116301239273
288	(-2.729711086008007-0.49364334106728036j)	0.29325008392333984	27.455444232602478
289	(-2.6587227333815417-0.3992007821507093j)	0.2991907596588135	27.55077216396568
290	(-2.5825232354681757-0.30881798351679146j)	0.293015718460083	27.646100095328883
291	(-2.50149412656884-0.2230132980446261j)	0.2915689945220947	27.741428026692088
292	(-2.4157620563542967-0.1422337407953691j)	0.29533910751342773	27.83675595805529
293	(-2.325412114831626-0.06662398417921567j)	0.29708313941955566	27.932083889418493
294	(-2.2307705886726112+0.003833806713074095j)	0.29486513137817383	28.027411820781694
295	(-2.1323685353002833+0.06899385430366656j)	0.2898702621459961	28.1227397521449
296	(-2.030633209474625+0.1284633158044482j)	0.30026817321777344	28.218067683508103
297	(-1.9257203576119704+0.18186979588060365j)	0.29567599296569824	28.313395614871304
298	(-1.8177226215222333+0.22910703323852039j)	0.29587507247924805	28.40872354623451
299	(-1.706977079359719+0.270235554910087j)	0.30091404914855957	28.50405147759771
300	(-1.594065290400282+0.3051691499560679j)	0.29305171966552734	28.599379408960914
301	(-1.4795125666331062+0.3335857870761657j)	0.2925097942352295	28.69470734032412
302	(-1.3635862836746289+0.35518520153932104j)	0.29706788063049316	28.79003527168732
303	(-1.2464630623533872+0.3699581494952185j)	0.2960829734802246	28.885363203050524
304	(-1.1285230400236508+0.3781068158327865j)	0.3020339012145996	28.980691134413725
305	(-1.0103686703663524+0.37972539680559053j)	0.29600000381469727	29.07601906577693
306	(-0.8925338190321599+0.37466412889915673j)	0.30556416511535645	29.17134699714013
307	(-0.7752711716251979+0.36274998628864785j)	0.29387998580932617	29.266674928503335
308	(-0.6587045401709611+0.34405872728535225j)	0.293010950088501	29.36200285986654
309	(-0.5431460908268168+0.318865566314282j)	0.29173994064331055	29.45733079122974
310	(-0.4291581608490907+0.28734100900428705j)	0.2929081916809082	29.552658722592945
311	(-0.3172848892792212+0.24940598339251174j)	0.29404401779174805	29.647986653956146
312	(-0.20781628204926395+0.20494705833434396j)	0.29171204566955566	29.74331458531935
313	(-0.10090303132379988+0.15411064661993787j)	0.2935678958892822	29.838642516682555
314	(0.00314454600027712+0.09728725060353506j)	0.29348301887512207	29.933970448045756
315	(0.10378094126977469+0.03480850570901459j)	0.2932701110839844	30.02929837940896
316	(0.20048954947808278-0.03323392176250836j)	0.29807019233703613	30.12462631077216
317	(0.29303361555915564-0.10681476824958841j)	0.2920689582824707	30.219954242135366
318	(0.3813628948819506-0.1856900233220091j)	0.29267001152038574	30.31528217349857
319	(0.4652986130307782-0.26939143563557555j)	0.2932877540588379	30.41061010486177
320	(0.5444171406535288-0.35751704166937304j)	0.2906920909881592	30.505938036224975
321	(0.6182784693172841-0.44992371596013475j)	0.2943911552429199	30.601265967588176
322	(0.686685332002031-0.546562894765177j)	0.2912619113922119	30.69659389895138
323	(0.7496240823302907-0.6471724273875255j)	0.3014228343963623	30.791921830314585
324	(0.8069644298678906-0.7512340436381799j)	0.29336977005004883	30.887249761677786
325	(0.8583355928549921-0.8582445933916448j)	0.29224228858947754	30.98257769304099
326	(0.9033489058882452-0.9679378803438287j)	0.29698991775512695	31.077905624404192
327	(0.9418789506137333-1.0801581773790985j)	0.2915799617767334	31.173233555767396
328	(0.9740297391588629-1.1945692007994952j)	0.29085397720336914	31.268561487130597
329	(0.9998356104809252-1.3105976611635797j)	0.2978658676147461	31.3638894184938
330	(1.0190963146350231-1.427696836893142j)	0.29492712020874023	31.459217349857006
331	(1.0315584277828416-1.5455813772716949j)	0.29643893241882324	31.554545281220207
332	(1.0371950706430542-1.6641191065379446j)	0.29271388053894043	31.64987321258341
333	(1.0361936304160806-1.7830227322010646j)	0.2918550968170166	31.745201143946613
334	(1.0286715951964693-1.9017507960651598j)	0.2911338806152344	31.840529075309817
335	(1.0145019581663093-2.0197419719162024j)	0.29251599311828613	31.93585700667302
336	(0.9934889612759783-2.136665125581919j)	0.2939000129699707	32.03118493803622
337	(0.9656662070554618-2.2523442898589097j)	0.2961909770965576	32.12651286939942
338	(0.9313217829312075-2.366467891509873j)	0.29581475257873535	32.22184080076263
339	(0.8907257157136393-2.478482606462509j)	0.300260066986084	32.31716873212583
340	(0.8440339203063227-2.586849567228899j)	0.2772529125213623	32.41249666348903
341	(0.790874925979131-2.6941689080931086j)	0.29238104820251465	32.50782459485224
342	(0.7317291821082431-2.7974159988923697j)	0.2950620651245117	32.60315252621544
343	(0.6668775025921303-2.8973591265080367j)	0.2925751209259033	32.69848045757864
344	(0.5966832072817205-2.993553617142545j)	0.2935359477996826	32.79380838894184
345	(0.5212656537651404-3.085505308580328j)	0.29317378997802734	32.88913632030505
346	(0.4406222800453888-3.172937794705697j)	0.2907693386077881	32.98446425166825
347	(0.35493086004262764-3.255770401918496j)	0.29776573181152344	33.07979218303145
348	(0.26463167262052717-3.33383676868033j)	0.2952730655670166	33.17512011439466
349	(0.1701877276378779-3.4067286964981576j)	0.29485177993774414	33.27044804575786
350	(0.07184753269504038-3.473981903060219j)	0.2925832271575928	33.36577597712106
351	(-0.030267977040443178-3.5353634614273104j)	0.29414916038513184	33.46110390848427
352	(-0.1358825515375102-3.5908824332280695j)	0.2952592372894287	33.55643183984747
353	(-0.24447066751846636-3.640512722218529j)	0.296234130859375	33.65175977121067
354	(-0.3554933148270918-3.6840047134343563j)	0.2920670509338379	33.74708770257387
355	(-0.46864902920041884-3.7210309363997705j)	0.29346704483032227	33.84241563393708
356	(-0.5838088240262314-3.7514624413653315j)	0.2924838066101074	33.93774356530028
357	(-0.7007226656125612-3.77541970072333j)	0.288038969039917	34.03307149666348
358	(-0.8188831670804867-3.7928996539359168j)	0.2977621555328369	34.12839942802669
359	(-0.937733669585607-3.803793307375145j)	0.29741477966308594	34.22372735938989
360	(-1.0569190131857369-3.807804822639845j)	0.29327988624572754	34.31905529075309
361	(-1.1762524504182457-3.8048559558260204j)	0.29317617416381836	34.41438322211629
362	(-1.2954373600575324-3.7951282569152833j)	0.3122439384460449	34.5097111534795
363	(-1.4137258824857752-3.778823812579657j)	0.2991199493408203	34.6050390848427
364	(-1.5311350522880984-3.75592688550005j)	0.307636022567749	34.7003670162059
365	(-1.6466760479457698-3.726329838807872j)	0.2941169738769531	34.79569494756911
366	(-1.760395430507203-3.690083330491904j)	0.3101069927215576	34.89102287893231
367	(-1.8720742271577342-3.647489068687803j)	0.31342005729675293	34.98635081029551
368	(-1.9812591819847114-3.598858762857068j)	0.2987840175628662	35.08167874165872
369	(-2.087416740049839-3.5442785316469805j)	0.2966330051422119	35.17700667302192
370	(-2.190205747539918-3.4836892566373874j)	0.30504393577575684	35.27233460438512
371	(-2.2894867786441933-3.417303367432556j)	0.2931957244873047	35.36766253574832
372	(-2.3850741037901164-3.3450978206394013j)	0.2963719367980957	35.46299046711153
373	(-2.47652743028898-3.2678534189913995j)	0.3161189556121826	35.55831839847473
374	(-2.5633353942231683-3.185360226807774j)	0.28845715522766113	35.65364632983793
375	(-2.645140618478234-3.0985944157936967j)	0.2904648780822754	35.74897426120114
376	(-2.7218937022651897-3.0068574821965015j)	0.29137682914733887	35.84430219256434
377	(-2.793501521014083-2.9109097202211314j)	0.2936279773712158	35.93963012392754
378	(-2.859670436191135-2.811262685041736j)	0.2914257049560547	36.034958055290744
379	(-2.9200051939307428-2.7082174984491667j)	0.29535484313964844	36.13028598665395
380	(-2.974281749156295-2.6018879287592878j)	0.29339003562927246	36.22561391801715
381	(-3.0225114327275646-2.492478031040378j)	0.29126620292663574	36.320941849380354
382	(-3.0647009928743216-2.380440909986545j)	0.29434800148010254	36.41626978074356
383	(-3.1006331284860225-2.2663151243838864j)	0.29218268394470215	36.51159771210676
384	(-3.129962166203938-2.150460566760106j)	0.29086804389953613	36.606925643469964
385	(-3.152502425272532-2.033060521404105j)	0.2890951633453369	36.70225357483317
386	(-3.168330296769502-1.9143799418026426j)	0.29287028312683105	36.79758150619637
387	(-3.177567395121063-1.7949341765400715j)	0.29671192169189453	36.892909437559574
388	(-3.1801491579634447-1.67532774740113j)	0.2908790111541748	36.988237368922775
389	(-3.1758846236823324-1.5559764602237223j)	0.2923290729522705	37.08356530028598
390	(-3.164725282529995-1.437073268924238j)	0.2909119129180908	37.178893231649184
391	(-3.1468761396140694-1.3188417423072663j)	0.29087185859680176	37.274221163012385
392	(-3.1225872435868243-1.2017303412863003j)	0.2975151538848877	37.36954909437559
393	(-3.0919042804293393-1.0862946023668008j)	0.29150891304016113	37.464877025738794
394	(-3.0547087090642684-0.972925806901002j)	0.2902860641479492	37.560204957101995
395	(-3.0109948884924025-0.8618048829954474j)	0.2904469966888428	37.655532888465196
396	(-2.961015403426887-0.7531410349692839j)	0.2999858856201172	37.750860819828404
397	(-2.905109026607308-0.6473762823788329j)	0.2938351631164551	37.846188751191605
398	(-2.843445995450511-0.5450762580767798j)	0.2919199466705322	37.941516682554806
399	(-2.7760430588754765-0.4466460948336572j)	0.292590856552124	38.036844613918014
400	(-2.7030206014963363-0.3522440938775889j)	0.2931089401245117	38.132172545281215
401	(-2.6247565144331526-0.26200340099106534j)	0.2946467399597168	38.227500476644416
402	(-2.5417166192760514-0.17625316301733282j)	0.29250407218933105	38.322828408007624
403	(-2.4541869463384933-0.0954375604819202j)	0.2928929328918457	38.418156339370825
404	(-2.3622508304339997-0.019895427981097114j)	0.2920839786529541	38.513484270734025
405	(-2.26605985115425+0.05033118391362151j)	0.29268383979797363	38.608812202097226
406	(-2.166000325423572+0.11518695323758688j)	0.29125380516052246	38.704140133460434
407	(-2.0625727934146934+0.17441736110682732j)	0.29508519172668457	38.799468064823635
408	(-1.9561260941249832+0.22761499720650497j)	0.29290294647216797	38.894795996186836
409	(-1.8468254421682964+0.2744961309253057j)	0.290729284286499	38.990123927550044
410	(-1.7348911969566685+0.3150335399191319j)	0.28955960273742676	39.085451858913245
411	(-1.6207907517910791+0.34927215376782567j)	0.29205989837646484	39.180779790276446
412	(-1.50511490772527+0.37709031954850436j)	0.30114293098449707	39.276107721639654
413	(-1.38829924961125+0.3982208063082827j)	0.2973780632019043	39.371435653002855
414	(-1.2705579677819205+0.41251596769012217j)	0.29140400886535645	39.466763584366056
415	(-1.1521063986692173+0.420078676120456j)	0.2917649745941162	39.56209151572926
416	(-1.0333735963819959+0.42109010928519874j)	0.29683732986450195	39.657419447092465
417	(-0.9149195266820966+0.4155507460291744j)	0.29177093505859375	39.752747378455666
418	(-0.7971691047574698+0.4032819820280984j)	0.29308581352233887	39.84807530981887
419	(-0.6803342575653017+0.3841837857549985j)	0.2925529479980469	39.943403241182075
420	(-0.5646269811979422+0.3584071948515603j)	0.29370689392089844	40.038731172545276
421	(-0.45048321797207536+0.326212127276321j)	0.29500889778137207	40.13405910390848
422	(-0.3384901363747555+0.2877151918613301j)	0.2923581600189209	40.22938703527168
423	(-0.229112370321956+0.24286907496847915j)	0.2928581237792969	40.324714966634886
424	(-0.1225734176434104+0.19170265645045997j)	0.29912805557250977	40.42004289799809
425	(-0.01904661967873561+0.13449938820921378j)	0.293593168258667	40.51537082936129
426	(0.08111374197224595+0.07166304656400539j)	0.29560089111328125	40.610698760724496
427	(0.1774091201382308+0.003447191083900826j)	0.29123783111572266	40.7060266920877
428	(0.2694561152541844-0.07009606429901902j)	0.29401087760925293	40.8013546234509
429	(0.35710736146055594-0.14888599334481428j)	0.29088377952575684	40.896682554814106
430	(0.44027145365006615-0.23261040951510736j)	0.2966337203979492	40.99201048617731
431	(0.5186646994607468-0.32082350655746106j)	0.29379987716674805	41.08733841754051
432	(0.5918306680892508-0.41320228739499354j)	0.2929861545562744	41.18266634890371
433	(0.6593995410514579-0.5096122856773598j)	0.29814600944519043	41.27799428026692
434	(0.7212478159946281-0.6098906496748283j)	0.2918670177459717	41.37332221163012
435	(0.7773471065745747-0.7136352086469553j)	0.291187047958374	41.46865014299332
436	(0.8275210633959214-0.8202905861008545j)	0.29189133644104004	41.56397807435653
437	(0.8714345378727678-0.9294204768835219j)	0.295212984085083	41.65930600571973
438	(0.9088416440294083-1.0408062134141023j)	0.2965507507324219	41.75463393708293
439	(0.939743307254199-1.1542532830192025j)	0.2918522357940674	41.84996186844613
440	(0.964247932148983-1.2693669328892583j)	0.29471302032470703	41.94528979980934
441	(0.9823087550395944-1.3856006198363084j)	0.2950739860534668	42.04061773117254
442	(0.9936891343801941-1.5025130122917238j)	0.29210686683654785	42.13594566253574
443	(0.9981978786692074-1.6198752118758941j)	0.29439306259155273	42.23127359389895
444	(0.9958818145211319-1.7374847060025085j)	0.2929270267486572	42.32660152526215
445	(0.9869182257555471-1.854928855126757j)	0.2945570945739746	42.42192945662535
446	(0.9713647384865085-1.9716197615121427j)	0.2931559085845947	42.51725738798856
447	(0.9491047495622076-2.087052134344281j)	0.2916429042816162	42.61258531935176
448	(0.9200729698094778-2.2009547776967673j)	0.29273128509521484	42.70791325071496
449	(0.8844485335644914-2.313125955534953j)	0.29309797286987305	42.80324118207816
450	(0.8425598475509684-2.4231994269181203j)	0.2924349308013916	42.89856911344137
451	(0.7946173137247612-2.53064765082474j)	0.29320502281188965	42.99389704480457
452	(0.7406287941257517-2.6350271187743397j)	0.2918057441711426	43.08922497616777
453	(0.6806028884667171-2.7361256287600915j)	0.2925608158111572	43.18455290753098
454	(0.6147652655031304-2.833812996605349j)	0.2955749034881592	43.27988083889418
455	(0.5434953377615378-2.9277872362059196j)	0.2926609516143799	43.37520877025738
456	(0.4670768604579617-3.0175571999048625j)	0.2929573059082031	43.47053670162058
457	(0.38562467333543515-3.1027348511584782j)	0.29326391220092773	43.56586463298379
458	(0.29916825819452486-3.1829529954877764j)	0.29129981994628906	43.66119256434699
459	(0.20809481818747844-3.258275211555074j)	0.3012969493865967	43.75652049571019
460	(0.11288299560632753-3.3284246552902164j)	0.29187798500061035	43.8518484270734
461	(0.013950559370323745-3.3930070555874843j)	0.29128289222717285	43.9471763584366
462	(-0.08849522958987643-3.4516863518262655j)	0.2943868637084961	44.0425042897998
463	(-0.19429285152653053-3.5043640136713954j)	0.2911489009857178	44.13783222116301
464	(-0.3030957219671515-3.551075555686629j)	0.29290294647216797	44.23316015252621
465	(-0.41438952409859375-3.591727592519354j)	0.29269981384277344	44.32848808388941
466	(-0.5277329800811128-3.626030061814185j)	0.2921926975250244	44.42381601525261
467	(-0.6428940899589533-3.6537065518659784j)	0.2914252281188965	44.51914394661582
468	(-0.7596925200614735-3.674702176532385j)	0.29425692558288574	44.61447187797902
469	(-0.8777546280311406-3.689109950946113j)	0.29943108558654785	44.70979980934222
470	(-0.9965113024401253-3.6969259829673784j)	0.28964805603027344	44.80512774070543
471	(-1.1154415660072026-3.6979672176554526j)	0.29320597648620605	44.90045567206863
472	(-1.2342399452968857-3.6920709179555353j)	0.29349398612976074	44.99578360343183
473	(-1.3526917460571446-3.6793075514401705j)	0.29419803619384766	45.09111153479503
474	(-1.4704334201879197-3.65992030342601j)	0.2931478023529053	45.18643946615824
475	(-1.586925606357183-3.634066716330441j)	0.2989768981933594	45.28176739752144
476	(-1.7016810139536462-3.6017044058027263j)	0.29350900650024414	45.37709532888464
477	(-1.8144350195539651-3.562765631484411j)	0.3000941276550293	45.47242326024785
478	(-1.9250282258005262-3.5173829462950503j)	0.29207396507263184	45.56775119161105
479	(-2.033152188617922-3.4658592870902085j)	0.2944178581237793	45.66307912297425
480	(-2.138296819852101-3.408428651685707j)	0.2903599739074707	45.75840705433746
481	(-2.2399678761344153-3.345134475258513j)	0.29084324836730957	45.85373498570066
482	(-2.3376964046858166-3.275893876160321j)	0.2923450469970703	45.94906291706386
483	(-2.431895574544277-3.2012423657239237j)	0.29119396209716797	46.044390848427064
484	(-2.5217396224923-3.1213024632788375j)	0.2923870086669922	46.13971877979027
485	(-2.6069753591810523-3.0365579566106105j)	0.2928330898284912	46.23504671115347
486	(-2.687186835727227-2.947190120526134j)	0.29414987564086914	46.330374642516674
487	(-3.1774937739244766-2.1251959666566473j)	0.1665511131286621	46.42570257387988
488	(-2.8319323052200116-2.7552171940059296j)	0.29311323165893555	46.52103050524308
489	(-2.8962938742674162-2.6533640152000277j)	0.29462194442749023	46.61635843660628
490	(-2.9549330275894903-2.5481795066036486j)	0.2973752021789551	46.71168636796949
491	(-3.0074957254446124-2.4395925214796677j)	0.3014500141143799	46.80701429933269
492	(-3.053833983164941-2.3286281765699353j)	0.29436397552490234	46.90234223069589
493	(-3.0939560845209404-2.2147276885781673j)	0.2997567653656006	46.997670162059094
494	(-3.1277993221788343-2.0987137804149585j)	0.2914550304412842	47.0929980934223
495	(-3.1551171523759587-1.9811044717634634j)	0.29343223571777344	47.1883260247855
496	(-3.1756526250160424-1.862220550360418j)	0.2914910316467285	47.283653956148704
497	(-3.1893689828752594-1.742270959591913j)	0.29329729080200195	47.37898188751191
498	(-3.196415154235309-1.6216054971390683j)	0.2915232181549072	47.47430981887511
499	(-3.196890142014509-1.5007556393154604j)	0.2930140495300293	47.569637750238314
500	(-3.190697671383168-1.3802345384587187j)	0.29638004302978516	47.664965681601515
501	(-3.17769221800227-1.2603453456079663j)	0.2946610450744629	47.76029361296472
502	(-3.1579094408158874-1.1412655077546452j)	0.295090913772583	47.855621544327924
503	(-3.1315685471331736-1.0232976085610956j)	0.29259300231933594	47.950949475691125
504	(-3.0988459991642516-0.9069534074060582j)	0.29152369499206543	48.04627740705433
505	(-3.0597306019573174-0.7927625536316538j)	0.29343295097351074	48.141605338417534
506	(-3.0141607085505746-0.6810615169574465j)	0.29399824142456055	48.236933269780735
507	(-2.962265171348422-0.5720450326000217j)	0.29606103897094727	48.33226120114394
508	(-2.9043866380810375-0.46599938353600856j)	0.2992069721221924	48.427589132507144
509	(-2.8408551553791637-0.36339876747269484j)	0.2933998107910156	48.522917063870345
510	(-2.771813441854883-0.2647237411542851j)	0.3001680374145508	48.618244995233546
511	(-2.697322078371739-0.17024577313041012j)	0.29168224334716797	48.713572926596754
512	(-2.61759138728078-0.08006589259236474j)	0.2921590805053711	48.808900857959955
513	(-2.5330266120011715+0.0056424647328547906j)	0.290679931640625	48.904228789323156
514	(-2.444019803888047+0.08650618030676793j)	0.2932901382446289	48.999556720686364
515	(-2.3507687793154988+0.16210607080147765j)	0.29156994819641113	49.094884652049565
516	(-2.253377332372304+0.23220544631267337j)	0.29233503341674805	49.190212583412766
517	(-2.1526556467691362+0.29670001652434697j)	0.29564404487609863	49.28554051477597
518	(-2.0474025092058934+0.35558704924785833j)	0.3011913299560547	49.380868446139175
519	(-1.9397865965202596+0.40844791976608985j)	0.2932319641113281	49.476196377502376
520	(-1.8322705235564936+0.4584658273806579j)	0.2968759536743164	49.57152430886558
521	(-1.7169350326675072+0.49503458176988213j)	0.29429006576538086	49.666852240228785
522	(-1.602207303980622+0.528672162968304j)	0.29593682289123535	49.762180171591986
523	(-1.485890348604599+0.5559269296156689j)	0.29129981994628906	49.85750810295519
524	(-1.368503944867591+0.576648307685403j)	0.2944157123565674	49.952836034318395
525	(-1.250374886346368+0.5906136209538663j)	0.29227614402770996	50.048163965681596
526	(-1.1316866107050207+0.5977617980817276j)	0.29587364196777344	50.1434918970448
527	(-1.0127228400871506+0.5982240087064035j)	0.2910919189453125	50.238819828408
528	(-0.8939798378240289+0.5921144778667871j)	0.2996559143066406	50.334147759771206
529	(-0.7760029100693595+0.579365167157786j)	0.2911190986633301	50.42947569113441
530	(-0.6591666240987842+0.5598322934844528j)	0.2919893264770508	50.52480362249761
531	(-0.5436950756465762+0.5335392809417684j)	0.2981407642364502	50.620131553860816
532	(-0.429884688974456+0.5007328133776311j)	0.29198431968688965	50.71545948522402
533	(-0.318225667908722+0.4616785881778267j)	0.2934839725494385	50.81078741658722
534	(-0.20924598728532517+0.41647071281082443j)	0.2968740463256836	50.90611534795042
535	(-0.10328548208183924+0.36510532682673114j)	0.29349589347839355	51.00144327931363
536	(-0.0006927347076650658+0.3079234739465201j)	0.2958860397338867	51.09677121067683
537	(0.09890319938038415+0.24461275815892894j)	0.2987792491912842	51.19209914204003
538	(0.19453005916556107+0.17616142138440025j)	0.2927062511444092	51.28742707340324
539	(0.28590879836313704+0.10252116843044644j)	0.29348301887512207	51.38275500476644
540	(0.372727294367583+0.02374162776659064j)	0.2925229072570801	51.47808293612964
541	(0.45485164211683626-0.06000241207426102j)	0.2941098213195801	51.573410867492846
542	(0.5321177866014131-0.14831070789376272j)	0.29282522201538086	51.66873879885605
543	(0.6041756300065313-0.24073083057333516j)	0.29206085205078125	51.76406673021925
544	(0.6706088691721926-0.33696858724844003j)	0.30003976821899414	51.85939466158245
545	(0.7311712910246437-0.4368576385449049j)	0.29140305519104004	51.95472259294566
546	(0.7858298650959534-0.5401373643826597j)	0.2966878414154053	52.05005052430886
547	(0.8345565492994993-0.6463410539689114j)	0.29314517974853516	52.14537845567206
548	(0.8771485321419408-0.7549619103410751j)	0.2908358573913574	52.24070638703527
549	(0.9133108353444452-0.8656654071794392j)	0.2905590534210205	52.33603431839847
550	(0.9428880131316276-0.9782740923966718j)	0.29337406158447266	52.43136224976167
551	(0.9659226642070305-1.0925359313222154j)	0.29523205757141113	52.52669018112488
552	(0.9824653651571055-1.2079869918394717j)	0.2905111312866211	52.62201811248808
553	(0.992391794220796-1.3240864663516292j)	0.2936861515045166	52.71734604385128
554	(0.9954797141099458-1.4404393316669513j)	0.2900111675262451	52.81267397521448
555	(0.9916436409671601-1.5568075590351254j)	0.29126787185668945	52.90800190657769
556	(0.9810310276727707-1.672900798700689j)	0.2924630641937256	53.00332983794089
557	(0.963833409087586-1.788230916075571j)	0.2937440872192383	53.09865776930409
558	(0.9400888455266782-1.9022420956490234j)	0.3034050464630127	53.1939857006673
559	(0.9097238012107266-2.014541725086637j)	0.2955329418182373	53.2893136320305
560	(0.8727735570236044-2.1249263150734934j)	0.3079061508178711	53.3846415633937
561	(0.8294848047159318-2.2331755420731203j)	0.2957189083099365	53.4799694947569
562	(0.780145140960314-2.3388783138393814j)	0.30039286613464355	53.57529742612011
563	(0.7248786488566229-2.4415273399937734j)	0.29234814643859863	53.67062535748331
564	(0.6636756837052743-2.5407506419344927j)	0.2925138473510742	53.76595328884651
565	(0.5966260879872474-2.6363577364300035j)	0.29421520233154297	53.86128122020972
566	(0.524044023856572-2.7281475343321997j)	0.2934250831604004	53.95660915157292
567	(0.4463241127699864-2.8157372630617985j)	0.29382920265197754	54.05193708293612
568	(0.363725276844703-2.8986499010449363j)	0.2940378189086914	54.14726501429933
569	(0.2763678179645903-2.9765513778170662j)	0.2976410388946533	54.24259294566253
570	(0.18445107429217789-3.0493231815809616j)	0.3263077735900879	54.33792087702573
571	(0.08838111937999238-3.116876876296507j)	0.29892897605895996	54.43324880838893
572	(-0.011365478364249393-3.178964449363919j)	0.2927210330963135	54.52857673975214
573	(-0.11446165114451556-3.235225006229781j)	0.2941567897796631	54.62390467111534
574	(-0.22074914856738848-3.285413878116984j)	0.2902498245239258	54.71923260247854
575	(-0.33001876829346677-3.3294889385015956j)	0.29306888580322266	54.81456053384175
576	(-0.44185397388120906-3.3674383882629684j)	0.29263901710510254	54.90988846520495
577	(-0.555738392519892-3.3990856932853104j)	0.29137277603149414	55.00521639656815
578	(-0.6709469475031069-3.424172488661706j)	0.30443501472473145	55.10054432793135
579	(-0.7882265467165963-3.442397158068129j)	0.2982299327850342	55.19587225929456
580	(-0.9063249003269227-3.4539172217012393j)	0.2929518222808838	55.29120019065776
581	(-1.0251028245163833-3.458808153863126j)	0.29575586318969727	55.38652812202096
582	(-1.143996879418554-3.4570474257134527j)	0.2938730716705322	55.48185605338417
583	(-1.262578609298307-3.4484887583852455j)	0.29155993461608887	55.57718398474737
584	(-1.3806144078361382-3.4330755063720617j)	0.29399681091308594	55.67251191611057
585	(-1.4978756616886912-3.410959951635814j)	0.2908949851989746	55.76783984747378
586	(-1.6139513584978515-3.3823650373926113j)	0.2914612293243408	55.86316777883698
587	(-1.728316886470636-3.347365540649954j)	0.29506397247314453	55.95849571020018
588	(-1.8405547343991642-3.3058897605811897j)	0.2939589023590088	56.05382364156338
589	(-1.9508236162326618-3.25849406354055j)	0.28202271461486816	56.14915157292659
590	(-2.0577192821514094-3.203727523808433j)	0.29980897903442383	56.24447950428979
591	(-2.1620201085389232-3.1435840986277386j)	0.29108095169067383	56.33980743565299
592	(-2.2628125327083723-3.0777173118429073j)	0.29308485984802246	56.4351353670162
593	(-2.35968865118446-3.0061929243432703j)	0.2928738594055176	56.5304632983794
594	(-2.452454177953273-2.9291354865852695j)	0.2931997776031494	56.6257912297426
595	(-2.5409680010224065-2.84687598440277j)	0.29328203201293945	56.721119161105804
596	(-2.6249427649043726-2.7598439437804685j)	0.3031749725341797	56.81644709246901
597	(-2.70396259675063-2.6683431478504875j)	0.29430198669433594	56.91177502383221
598	(-2.777704673062686-2.5725043666092056j)	0.29119396209716797	57.007102955195414
599	(-2.8460453246068553-2.472481309218271j)	0.29285311698913574	57.10243088655862
600	(-2.9089149891010346-2.3686275356562803j)	0.29987001419067383	57.19775881792182
601	(-2.9660916211814117-2.2614203102696693j)	0.29751086235046387	57.293086749285024
602	(-3.0172132783015737-2.1512411259603277j)	0.2967569828033447	57.38841468064823
603	(-3.062000067928296-2.0383075540985773j)	0.2941901683807373	57.48374261201143
604	(-3.1003919796976023-1.9228543847546335j)	0.2996218204498291	57.579070543374634
605	(-3.1324233107989725-1.8053081864499327j)	0.29274892807006836	57.674398474737835
606	(-3.1580104944984493-1.6862191762798013j)	0.29260730743408203	57.76972640610104
607	(-3.176936048807656-1.5660323449744462j)	0.2928168773651123	57.865054337464244
608	(-3.189049130693319-1.4449989737576017j)	0.29473423957824707	57.960382268827445
609	(-3.194406062366501-1.3233422326896704j)	0.29532480239868164	58.05571020019065
610	(-3.193157613844649-1.2014568256792122j)	0.29166579246520996	58.151038131553854
611	(-3.185326476273759-1.0798693477224361j)	0.29343605041503906	58.246366062917055
612	(-3.1707775228285215-0.9590251961390668j)	0.29877471923828125	58.341693994280256
613	(-3.149418931279378-0.8391886643418447j)	0.2933073043823242	58.437021925643464
614	(-3.121369265571671-0.7205945101310964j)	0.2919888496398926	58.532349857006665
615	(-3.086872113427325-0.6036459420214668j)	0.2982931137084961	58.627677788369866
616	(-3.0460792242441133-0.48888786610998114j)	0.29206299781799316	58.723005719733074
617	(-2.9989941566186187-0.37678464922219135j)	0.2965731620788574	58.818333651096275
618	(-2.9456575551458686-0.26759381392500314j)	0.2943077087402344	58.913661582459476
619	(-2.886312876743572-0.1614988939044708j)	0.29427528381347656	59.008989513822684
620	(-2.82132803364573-0.05881792362506566j)	0.29273486137390137	59.104317445185885
621	(-2.75097005577502+0.03999311175550613j)	0.2922999858856201	59.199645376549086
622	(-2.675330871677954+0.13454292725900074j)	0.29419493675231934	59.29497330791229
623	(-2.5945014979457146+0.22463617927630897j)	0.29191017150878906	59.390301239275495
624	(-2.508760221164121+0.3101520506121759j)	0.2927408218383789	59.485629170638695
625	(-2.4185287018870336+0.39083185570129453j)	0.29157090187072754	59.580957102001896
626	(-2.324156540527541+0.4662610657995184j)	0.29309916496276855	59.676285033365104
627	(-2.225831065573245+0.5360761057227843j)	0.2922189235687256	59.771612964728305
628	(-2.1237361967053885+0.600121504988314j)	0.2947428226470947	59.866940896091506
629	(-2.018241621933401+0.6583554727128972j)	0.29886484146118164	59.962268827454714
630	(-1.909864128586308+0.7106358624564516j)	0.2902052402496338	60.057596758817915
631	(-1.7990459641919165+0.7566782323291693j)	0.2964308261871338	60.152924690181116
632	(-1.6860408961296172+0.7962410378086943j)	0.29304003715515137	60.24825262154432
633	(-1.5710541941401932+0.8292842100813883j)	0.29277801513671875	60.343580552907525
634	(-1.4544488945386438+0.8558836953631062j)	0.29224109649658203	60.438908484270726
635	(-1.336736223848168+0.8760086474453727j)	0.2958180904388428	60.53423641563393
636	(-1.2183717653100414+0.8894628322119285j)	0.2929868698120117	60.629564346997135
637	(-1.099635020816557+0.8960650185725672j)	0.2907540798187256	60.724892278360336
638	(-0.9807559860100029+0.8958306121728641j)	0.2936527729034424	60.82022020972354
639	(-0.862123679501206+0.8889180984042322j)	0.2973480224609375	60.91554814108674
640	(-0.7441156001499369+0.8757721045842738j)	0.2780289649963379	61.010876072449946
641	(-0.6277472160640583+0.8552554198408092j)	0.31243395805358887	61.10620400381315
642	(-0.5128103994650054+0.8283933656765003j)	0.29053497314453125	61.20153193517635
643	(-0.3998470106964599+0.795037758159456j)	0.29787206649780273	61.296859866539556
644	(-0.28872187165271745+0.7552923228497829j)	0.29292893409729004	61.39218779790276
645	(-0.18038905640768427+0.7095673108723346j)	0.2944610118865967	61.48751572926596
646	(-0.07513506217268329+0.657843125806815j)	0.2975008487701416	61.582843660629166
647	(0.026783363573521624+0.600140999244531j)	0.29242610931396484	61.67817159199237
648	(0.1252036672301881+0.536655663466594j)	0.29378199577331543	61.77349952335557
649	(0.2198414774476655+0.4677392415652922j)	0.29422497749328613	61.86882745471877
650	(0.310243650399848+0.39369598682215556j)	0.2915799617767334	61.96415538608198
651	(0.39597722708734195+0.31467080063465347j)	0.29183411598205566	62.05948331744518
652	(0.47680232414997525+0.23078512228440276j)	0.30161190032958984	62.15481124880838
653	(0.5526071380932506+0.14233633363538573j)	0.2928328514099121	62.25013918017159
654	(0.6231972479356295+0.04978873560688385j)	0.2921030521392822	62.34546711153479
655	(0.68822920484151-0.04643654546684853j)	0.29523587226867676	62.44079504289799
656	(0.7473776802043084-0.14609836581518654j)	0.2923450469970703	62.53612297426119
657	(0.8005096706978645-0.24902195881054548j)	0.29628491401672363	62.6314509056244
658	(0.8476267651791283-0.3548902048846333j)	0.29368114471435547	62.7267788369876
659	(0.888646266459462-0.46322455253639466j)	0.2958369255065918	62.8221067683508
660	(0.9233152851810364-0.5735762039885746j)	0.29199910163879395	62.91743469971401
661	(0.9513686437120911-0.6856660690014282j)	0.2903609275817871	63.01276263107721
662	(0.9727222348232933-0.7992814459446211j)	0.2927582263946533	63.10809056244041
663	(0.9874459980621836-0.9140652107135459j)	0.3010590076446533	63.20341849380362
664	(0.9955597247100356-1.0294861332111342j)	0.2908148765563965	63.29874642516682
665	(0.9969321445630064-1.1450238563352537j)	0.2944917678833008	63.39407435653002
666	(0.9914236763294337-1.2603425571533855j)	0.2940230369567871	63.48940228789322
667	(0.9790790980105907-1.3752102252135017j)	0.29653406143188477	63.58473021925643
668	(0.960107836688278-1.4892915384832202j)	0.29085302352905273	63.68005815061963
669	(0.9346729288983499-1.6020917409168807j)	0.29436302185058594	63.77538608198283
670	(0.9027672251587359-1.7131284982574546j)	0.2942209243774414	63.87071401334604
671	(0.8643372102605362-1.822098195515097j)	0.29131293296813965	63.96604194470924
672	(0.819486338715123-1.9288069741799196j)	0.29438018798828125	64.06136987607245
673	(0.7684886512459849-2.032958089234543j)	0.2955741882324219	64.15669780743565
674	(0.7115913810104669-2.134075989718618j)	0.29218602180480957	64.25202573879885
675	(0.6490841099251876-2.23117473179681j)	0.28463220596313477	64.34735367016206
676	(0.5804275987314865-2.3254428483706597j)	0.2935209274291992	64.44268160152527
677	(0.5064231843355672-2.41521022493067j)	0.29139089584350586	64.53800953288847
678	(0.42727009983460185-2.5007383164371033j)	0.2933158874511719	64.63333746425167
679	(0.34335135111319415-2.581635199882156j)	0.2918539047241211	64.72866539561487
680	(0.254880415864124-2.6575023108179203j)	0.29752516746520996	64.82399332697807
681	(0.1619905989976259-2.728121192779151j)	0.3021249771118164	64.91932125834127
682	(0.06493965230727328-2.7934225785703264j)	0.29226207733154297	65.01464918970449
683	(-0.03583163409842849-2.8532782250596083j)	0.29387593269348145	65.10997712106769
684	(-0.13992662892657587-2.907379303775462j)	0.29729223251342773	65.20530505243089
685	(-0.2470529307882383-2.955391750537807j)	0.29209184646606445	65.30063298379409
686	(-0.3570383337876526-2.9971359808969553j)	0.2930607795715332	65.39596091515729
687	(-0.4695733723299842-3.032595938517005j)	0.2947211265563965	65.49128884652049
688	(-0.5841599860769504-3.0617252905612933j)	0.29265522956848145	65.58661677788369
689	(-0.7002838491314324-3.0843272373700845j)	0.29590511322021484	65.6819447092469
690	(-0.817596438453027-3.1001726409071733j)	0.29337096214294434	65.77727264061011
691	(-0.9357661008132514-3.109067004955775j)	0.30069613456726074	65.87260057197331
692	(-1.054760616225847-3.1115403213142843j)	0.29381728172302246	65.96792850333651
693	(-1.1738004851765815-3.1072830415358967j)	0.2912590503692627	66.06325643469971
694	(-1.2924804647056911-3.0963686399077046j)	0.2944509983062744	66.15858436606291
695	(-1.4104657058691834-3.0786678952041098j)	0.2924659252166748	66.25391229742611
696	(-1.5279502071164095-3.0536727506968564j)	0.27747392654418945	66.34924022878933
697	(-1.6434329302927435-3.0233050838684323j)	0.3058788776397705	66.44456816015253
698	(-1.7575889997096334-2.985656883939349j)	0.2946200370788574	66.53989609151573
699	(-1.8695641288481974-2.9418161851295177j)	0.2937791347503662	66.63522402287893
700	(-1.978968279478896-2.891577098858212j)	0.2911689281463623	66.73055195424213
701	(-2.085584566594783-2.8350575826757813j)	0.29205775260925293	66.82587988560533
702	(-2.1891236014347357-2.7725733702247006j)	0.29125189781188965	66.92120781696855
703	(-2.289196656258163-2.7044482553508624j)	0.2910590171813965	67.01653574833175
704	(-2.385315743506801-2.6308604949915004j)	0.2954270839691162	67.11186367969495
705	(-2.4771954039298127-2.5518905392507034j)	0.29136013984680176	67.20719161105815
706	(-2.5646999528610834-2.467727100757964j)	0.2933180332183838	67.30251954242135
707	(-2.647625369136888-2.378739200284928j)	0.2910449504852295	67.39784747378455
708	(-2.7257384853486943-2.2853044054261087j)	0.29258179664611816	67.49317540514775
709	(-2.7985227043240526-2.1876711423169675j)	0.29339075088500977	67.58850333651097
710	(-2.8657536904035794-2.085974019191683j)	0.29808497428894043	67.68383126787417
711	(-2.927333776517886-1.9804613668857238j)	0.2933173179626465	67.77915919923737
712	(-2.983185153748078-1.871574721242803j)	0.30015110969543457	67.87448713060057
713	(-3.0329668951289643-1.7598109744394432j)	0.29239487648010254	67.96981506196377
714	(-3.0764515046373213-1.64550839109369j)	0.2978951930999756	68.06514299332697
715	(-3.113451500063663-1.5288912036577615j)	0.2952418327331543	68.16047092469017
716	(-3.143995613726651-1.4102528139582249j)	0.294417142868042	68.25579885605339
717	(-3.1681315550716946-1.2902495491435142j)	0.2889888286590576	68.35112678741659
718	(-3.1857022793819088-1.168813008638149j)	0.2910029888153076	68.44645471877979
719	(-3.1965424828447415-1.0468707540332254j)	0.29228997230529785	68.54178265014299
720	(-3.2005558535008114-0.924450560079453j)	0.292064905166626	68.63711058150619
721	(-3.1978389090828463-0.801834790828861j)	0.3951539993286133	68.7324385128694
722	(-3.1885069422688863-0.6794909199350394j)	0.3967900276184082	68.8277664442326
723	(-3.172533270426657-0.5579553274992177j)	0.2956809997558594	68.92309437559581
724	(-3.1498106230208593-0.4376293679218229j)	0.3223569393157959	69.01842230695901
725	(-3.1203553903443213-0.31876639644510063j)	0.29402804374694824	69.11375023832221
726	(-3.0844676825132784-0.201703981602754j)	0.2992367744445801	69.20907816968541
727	(-3.0421741340168573-0.08673094428077596j)	0.29143500328063965	69.30440610104861
728	(-2.9938366243930945+0.02549389178801758j)	0.2926828861236572	69.39973403241181
729	(-2.93939588909667+0.13466442468714027j)	0.36162781715393066	69.49506196377502
730	(-2.878961005566774+0.24059255642177155j)	0.3853299617767334	69.59038989513823
731	(-2.812824969936021+0.3430747889656974j)	0.32724714279174805	69.68571782650143
732	(-2.741323081270445+0.4417409615965077j)	0.37320709228515625	69.78104575786463
733	(-2.6646541811285047+0.5361371741954564j)	0.3817877769470215	69.87637368922783
734	(-2.5829046564850224+0.625927192897621j)	0.34022998809814453	69.97170162059103
735	(-2.4962494841595264+0.7109444937553184j)	0.35454416275024414	70.06702955195423
736	(-2.4050628681073714+0.791028069288727j)	0.3843560218811035	70.16235748331745
737	(-2.309791799274081+0.8658701631235745j)	0.37522315979003906	70.25768541468065
738	(-2.210760931562032+0.9350865688844707j)	0.3892240524291992	70.35301334604385
739	(-2.1081616137208603+0.9984246687174402j)	0.374129056930542	70.44834127740705
740	(-2.0022467572189186+1.0558222834868751j)	0.3076958656311035	70.54366920877025
741	(-1.8934394054508619+1.1072498853799901j)	0.31035494804382324	70.63899714013345
742	(-1.7822309173965303+1.1525355032457067j)	0.3276550769805908	70.73432507149666
743	(-1.6689750423341083+1.1914048940370616j)	0.5474300384521484	70.82965300285987
744	(-1.5538845496686973+1.223683584648587j)	0.48976683616638184	70.92498093422307
745	(-1.4372137333774075+1.2493788258882625j)	0.31165194511413574	71.02030886558627
746	(-1.3194016028226938+1.2685363058427188j)	0.3191390037536621	71.11563679694947
747	(-1.2009774128811048+1.2810668607448745j)	0.49211812019348145	71.21096472831267
748	(-1.0823619103030395+1.286783678550058j)	0.3903789520263672	71.30629265967588
749	(-0.9638262795675037+1.2856039785724285j)	0.2963240146636963	71.40162059103908
750	(-0.8456570083739119+1.2776470054865272j)	0.33207178115844727	71.49694852240229
751	(-0.7283008102155536+1.2631024603065109j)	0.3228297233581543	71.59227645376549
752	(-0.6122863610520293+1.2420367477487209j)	0.3038780689239502	71.6876043851287
753	(-0.49801885331516715+1.2144061735639353j)	0.29410791397094727	71.7829323164919
754	(-0.3857563339570825+1.1802305403987003j)	0.29663801193237305	71.8782602478551
755	(-0.2756466064351252+1.1397244654443675j)	0.2945680618286133	71.9735881792183
756	(-0.16815048233048124+1.0931544205172459j)	0.2938718795776367	72.0689161105815
757	(-0.06373135182435552+1.040674774003841j)	0.29737377166748047	72.16424404194471
758	(0.037216006206793495+0.9823124760884572j)	0.2950139045715332	72.25957197330791
759	(0.13446596015193696+0.9181601931607921j)	0.29767918586730957	72.35489990467111
760	(0.22781483747049264+0.8485088504139073j)	0.29424381256103516	72.45022783603432
761	(0.3169163075846703+0.7737461845820731j)	0.29173707962036133	72.54555576739752
762	(0.4013274429545683+0.6941591328166523j)	0.2956390380859375	72.64088369876072
763	(0.480709472801847+0.6099023929037168j)	0.2936429977416992	72.73621163012393
764	(0.5549187293682663+0.5211673342085436j)	0.3379480838775635	72.83153956148713
765	(0.6238636167950297+0.42832266758686244j)	0.40386390686035156	72.92686749285033
766	(0.6873228829836436+0.3318227997814156j)	0.5051500797271729	73.02219542421354
767	(0.744961470508597+0.23201216742771924j)	0.5055527687072754	73.11752335557674
768	(0.7965197862692227+0.12908331727580483j)	0.3265500068664551	73.21285128693994
769	(0.8419178441016403+0.023249566911868566j)	0.4341108798980713	73.30817921830314
770	(0.8811328261999128-0.08509742374977977j)	0.40876007080078125	73.40350714966635
771	(0.9140196562122805-0.19545101929334813j)	0.5820779800415039	73.49883508102955
772	(0.9403163602055769-0.30739051225875824j)	0.5118217468261719	73.59416301239276
773	(0.9598407691934076-0.42064510437153113j)	0.516793966293335	73.68949094375596
774	(0.9726097549999684-0.5349413911342316j)	0.3729877471923828	73.78481887511916
775	(0.9787357058662975-0.6498507000064784j)	0.43721532821655273	73.88014680648236
776	(0.9782224509559431-0.7648369802665826j)	0.41049814224243164	73.97547473784556
777	(0.9709549669219402-0.8794636861578526j)	0.49815821647644043	74.07080266920877
778	(0.9568679562002045-0.99346886393709j)	0.36624598503112793	74.16613060057198
779	(0.9360791518916474-1.1066179813933494j)	0.3701181411743164	74.26145853193518
780	(0.9087919347124656-1.218526589731305j)	0.4274110794067383	74.35678646329838
781	(0.8751038290707277-1.3286888111436757j)	0.42785096168518066	74.45211439466158
782	(0.8349781416111326-1.4366679884584628j)	0.3122689723968506	74.54744232602478
783	(0.788420493440223-1.5421933431059651j)	0.3213620185852051	74.64277025738798
784	(0.7356269875241357-1.645029383863369j)	0.3530690670013428	74.7380981887512
785	(0.6769159708344805-1.744808098943749j)	0.302623987197876	74.8334261201144
786	(0.6125223712325755-1.8410411826687638j)	0.30721306800842285	74.9287540514776
787	(0.5425485001015552-1.9333202352215093j)	0.3140280246734619	75.0240819828408
788	(0.4671190147809082-2.0214267962041137j)	0.3272120952606201	75.119409914204
789	(0.3865306512081541-2.105215215805619j)	0.3297719955444336	75.2147378455672
790	(0.30118850388162804-2.184423497001313j)	0.334439754486084	75.3100657769304
791	(0.21140948422378147-2.258664252284449j)	0.324099063873291	75.40539370829362
792	(0.11735545165624778-2.3276018157461684j)	0.30908703804016113	75.50072163965682
793	(0.019187654167929447-2.391077347854212j)	0.3075408935546875	75.59604957102002
794	(-0.08276156116482847-2.4490069968581154j)	0.30057764053344727	75.69137750238322
795	(-0.18802976452737297-2.501189542772224j)	0.3065471649169922	75.78670543374642
796	(-0.29621379920451596-2.5473000653367572j)	0.29958510398864746	75.88203336510962
797	(-0.4070552478804742-2.5870626604194515j)	0.30623579025268555	75.97736129647284
798	(-0.5203149724397922-2.6203968144125738j)	0.3080179691314697	76.07268922783604
799	(-0.6355946252802429-2.6473301603560344j)	0.31911301612854004	76.16801715919924
800	(-0.7523732509705979-2.667805267262108j)	0.31355881690979004	76.26334509056244
801	(-0.8702016459631821-2.6816393938133305j)	0.33812475204467773	76.35867302192564
802	(-0.9888009477297749-2.68867846572361j)	0.3702511787414551	76.45400095328884
803	(-1.1079401390632015-2.6889454669283515j)	0.37331604957580566	76.54932888465204
804	(-1.227250592775708-2.682568611062204j)	0.40128493309020996	76.64465681601526
805	(-1.346224897494683-2.6695888887951114j)	0.34751391410827637	76.73998474737846
806	(-1.464402419634372-2.649903636497362j)	0.3667149543762207	76.83531267874166
807	(-1.5814817882205718-2.6234294210174016j)	0.42387890815734863	76.93064061010486
808	(-1.6972127153209804-2.5902641770487698j)	0.347383975982666	77.02596854146806
809	(-1.8111543863404567-2.550620086516812j)	0.47730398178100586	77.12129647283126
810	(-1.9229827366131114-2.5047378004488867j)	0.507457971572876	77.21662440419446
811	(-2.0320460583697377-2.4525959130426562j)	0.31441211700439453	77.31195233555768
812	(-2.138127018418554-2.394261174921258j)	0.31259703636169434	77.40728026692088
813	(-2.2410345594063665-2.329947958621018j)	0.3411068916320801	77.50260819828408
814	(-2.3404769188417367-2.259997879825198j)	0.33611106872558594	77.59793612964728
815	(-2.4360258340663106-2.1846877905765822j)	0.30576109886169434	77.69326406101048
816	(-2.527283981973758-2.1041393634388506j)	0.34212398529052734	77.78859199237368
817	(-2.6140202143236966-2.0184522846383293j)	0.32416391372680664	77.88391992373688
818	(-2.696093877938929-1.9278844930569612j)	0.295198917388916	77.9792478551001
819	(-2.773265397776371-1.8328422932491932j)	0.32326388359069824	78.0745757864633
820	(-2.8451524935093198-1.7336941392059009j)	0.2994558811187744	78.1699037178265
821	(-2.9113978298491605-1.6306666466002073j)	0.29544711112976074	78.2652316491897
822	(-2.971825895523526-1.5239580277751026j)	0.29214906692504883	78.3605595805529
823	(-3.026386155514476-1.4139136098259293j)	0.31615424156188965	78.4558875119161
824	(-3.074962606093577-1.3010210541488838j)	0.3699820041656494	78.55121544327932
825	(-3.117303940048076-1.1857253033109794j)	0.3043351173400879	78.64654337464252
826	(-3.153172415358833-1.0683052585727937j)	0.29959607124328613	78.74187130600572
827	(-3.182505728922709-0.9489796920594291j)	0.2941300868988037	78.83719923736892
828	(-3.205333105775197-0.828079577678493j)	0.2943449020385742	78.93252716873212
829	(-3.2216575084965657-0.7061012138952816j)	0.29862189292907715	79.02785510009532
830	(-3.231306175283941-0.583510124906026j)	0.2930748462677002	79.12318303145852
831	(-3.234107374142541-0.4606234691499187j)	0.32738399505615234	79.21851096282174
832	(-3.2300592923858247-0.33769021976547786j)	0.2992122173309326	79.31383889418494
833	(-3.2193062269025283-0.21508178469703942j)	0.2948739528656006	79.40916682554814
834	(-3.201956682151437-0.09331602269559403j)	0.29779696464538574	79.50449475691134
835	(-3.1779870499278022+0.027108493200798556j)	0.3316841125488281	79.59982268827454
836	(-3.1473607904741927+0.14586409261687772j)	0.3090858459472656	79.69515061963774
837	(-3.110199823093155+0.2627264079936247j)	0.33099985122680664	79.79047855100094
838	(-3.066770732387734+0.37738573243533824j)	0.36689305305480957	79.88580648236416
839	(-3.0173001959709302+0.4893885015785955j)	0.29419589042663574	79.98113441372736
840	(-2.9618585652372467+0.5982846388452276j)	0.2962160110473633	80.07646234509056
841	(-2.900479824253889+0.7037893921618597j)	0.29431605339050293	80.17179027645376
842	(-2.8333389228139856+0.8057150720470443j)	0.2932720184326172	80.26711820781696
843	(-2.7607694504771825+0.9037901757696765j)	0.295133113861084	80.36244613918016
844	(-2.683091195103801+0.9975919132311525j)	0.293781042098999	80.45777407054337
845	(-2.6002834478264036+1.0862985731361166j)	0.29757189750671387	80.55310200190658
846	(-2.513105648923985+1.1708372129187958j)	0.2950582504272461	80.64842993326978
847	(-2.4212166176995984+1.2498994170141637j)	0.294863224029541	80.74375786463298
848	(-2.3252598722128957+1.3237068433546546j)	0.29224705696105957	80.83908579599618
849	(-2.2256573305435072+1.39195313426458j)	0.29175496101379395	80.93441372735938
850	(-2.122674535040611+1.454321173042889j)	0.3001840114593506	81.02974165872259
851	(-2.016497712725156+1.5106511363294208j)	0.32851624488830566	81.12506959008579
852	(-1.90742180251981+1.560917934732135j)	0.3262031078338623	81.220397521449
853	(-1.7959023815700657+1.605048823704477j)	0.3359858989715576	81.3157254528122
854	(-1.6823980841959298+1.6428162899885335j)	0.3287029266357422	81.4110533841754
855	(-1.5672199759825585+1.6739679262729361j)	0.32325029373168945	81.5063813155386
856	(-1.4506019295220294+1.6983774138692074j)	0.32695770263671875	81.6017092469018
857	(-1.3329019041680223+1.7161688628761846j)	0.31739115715026855	81.697037178265
858	(-1.2146108531091362+1.7273115494258562j)	0.29982471466064453	81.79236510962822
859	(-1.0962562340948923+1.7317313957915643j)	0.2999119758605957	81.88769304099142
860	(-0.9781702435697798+1.729320649846504j)	0.29244494438171387	81.98302097235462
861	(-0.8606233437281166+1.7200896809186872j)	0.30647969245910645	82.07834890371782
862	(-0.7439213344645552+1.704226518841524j)	0.29578375816345215	82.17367683508103
863	(-0.6285274712954492+1.6818969894244478j)	0.2963719367980957	82.26900476644423
864	(-0.5149212893506827+1.6531209562379807j)	0.2975132465362549	82.36433269780743
865	(-0.403437364618461+1.6178559448153977j)	0.2935011386871338	82.45966062917064
866	(-0.29429515214861646+1.57618890407934j)	0.2953517436981201	82.55498856053384
867	(-0.18778427738159154+1.5283714549162166j)	0.2933168411254883	82.65031649189704
868	(-0.08435243729808561+1.4746638313415572j)	0.29229307174682617	82.74564442326025
869	(0.015522329835075066+1.4151973627734378j)	0.2930939197540283	82.84097235462345
870	(0.11150979356146784+1.3500462762227656j)	0.29732394218444824	82.93630028598665
871	(0.20342377177504445+1.2794095948066855j)	0.29490017890930176	83.03162821734985
872	(0.2910460166228731+1.2036563142211731j)	0.29509496688842773	83.12695614871306
873	(0.37402066503175474+1.123168498899366j)	0.29910993576049805	83.22228408007626
874	(0.45196266521772305+1.0381840915241598j)	0.296978235244751	83.31761201143946
875	(0.5246294875246676+0.9488493885544533j)	0.29610610008239746	83.41293994280267
876	(0.5919263587426271+0.8554047411705812j)	0.2938659191131592	83.50826787416587
877	(0.6537197011806698+0.7582517444767151j)	0.2931950092315674	83.60359580552907
878	(0.7097537816606487+0.6578224117870438j)	0.2997870445251465	83.69892373689227
879	(0.7596786048695235+0.5544127609431667j)	0.2945420742034912	83.79425166825548
880	(0.8033058266048181+0.4482327048755418j)	0.294248104095459	83.88957959961868
881	(0.8406010768118333+0.3395831871894296j)	0.29511308670043945	83.98490753098189
882	(0.8726697573402568+0.22978818293294523j)	0.27851200103759766	84.08023546234509
883	(0.8959423601817074+0.11680505349033565j)	0.2964909076690674	84.17556339370829
884	(0.913622905396688+0.0035565049726729026j)	0.2943849563598633	84.27089132507149
885	(0.9245009075564071-0.11055842771164587j)	0.29836201667785645	84.3662192564347
886	(0.9286714006536916-0.22523604430123723j)	0.29266881942749023	84.4615471877979
887	(0.9262347700027276-0.3400165950235344j)	0.2949409484863281	84.5568751191611
888	(0.917153165603286-0.4544100060154186j)	0.29952001571655273	84.6522030505243
889	(0.9013111721248286-0.5680480549849924j)	0.29588890075683594	84.74753098188751
890	(0.8787924947879471-0.6808421172119253j)	0.2982299327850342	84.84285891325071
891	(0.8494903615140342-0.792047966877421j)	0.3005211353302002	84.93818684461391
892	(0.8138665526456885-0.9016605885078882j)	0.3164510726928711	85.03351477597712
893	(0.7719024894113322-1.0090173817375792j)	0.3261592388153076	85.12884270734033
894	(0.7235971087070912-1.1137342928802412j)	0.31510400772094727	85.22417063870353
895	(0.6690610072745523-1.2155742376442955j)	0.33062314987182617	85.31949857006673
896	(0.6085833215482507-1.3142829556090505j)	0.3163292407989502	85.41482650142993
897	(0.5424901529869612-1.4094694344101129j)	0.3160390853881836	85.51015443279313
898	(0.4709809521002871-1.5006939741458856j)	0.3197660446166992	85.60548236415633
899	(0.3941534930148135-1.5876479284138856j)	0.3147599697113037	85.70081029551955
900	(0.31217325819549135-1.6701536054971562j)	0.32149481773376465	85.79613822688275
901	(0.22538752552322194-1.7480580486323576j)	0.31536269187927246	85.89146615824595
902	(0.13417684833831955-1.8210386363720452j)	0.31540513038635254	85.98679408960915
903	(0.03881416067506671-1.888701011726162j)	0.31592392921447754	86.08212202097235
904	(-0.06053519434837551-1.9507660627809331j)	0.3198518753051758	86.17744995233555
905	(-0.16362554451701683-2.0071163100036036j)	0.3219263553619385	86.27277788369875
906	(-0.27003652890794616-2.0576571152572436j)	0.33070993423461914	86.36810581506197
907	(-0.3792786858830921-2.1021617959860874j)	0.3146028518676758	86.46343374642517
908	(-0.4909907262264952-2.1403506186650754j)	0.3172640800476074	86.55876167778837
909	(-0.6049309387567673-2.1720515567034058j)	0.31572723388671875	86.65408960915157
910	(-0.7208196935039743-2.1972694294878403j)	0.3166227340698242	86.74941754051477
911	(-0.8382225979897534-2.2160358022200035j)	0.32321596145629883	86.84474547187797
912	(-0.956651925452234-2.2282565152707536j)	0.31462979316711426	86.94007340324117
913	(-1.0757186719861378-2.233748162446199j)	0.31821584701538086	87.03540133460439
914	(-1.195185268073852-2.23240496737359j)	0.31389904022216797	87.13072926596759
915	(-1.3147651326071457-2.224301306032669j)	0.31647586822509766	87.22605719733079
916	(-1.4340128116623023-2.2095554791167933j)	0.3172740936279297	87.32138512869399
917	(-1.5524016259920752-2.1881731252920082j)	0.315352201461792	87.41671306005719
918	(-1.6695102036271923-2.16007772538614j)	0.3121469020843506	87.51204099142039
919	(-1.7850632444228356-2.125284010074903j)	0.31619882583618164	87.6073689227836
920	(-1.898787746150882-2.083989126482517j)	0.3169121742248535	87.70269685414681
921	(-2.0102715228350108-2.036453432489725j)	0.31394004821777344	87.79802478551001
922	(-2.1190338495124563-1.9828260235062618j)	0.31389307975769043	87.89335271687321
923	(-2.2247311242555-1.9231147327452964j)	0.3215138912200928	87.98868064823641
924	(-2.3270580193296304-1.8575047768624886j)	0.31650590896606445	88.08400857959961
925	(-2.4258984815116946-1.7861680268759605j)	0.32115983963012695	88.17933651096281
926	(-2.5208805462501567-1.7094708058903034j)	0.31800198554992676	88.27466444232603
927	(-2.6115562961369436-1.6276343717221278j)	0.32182979583740234	88.36999237368923
928	(-2.6975750958793436-1.5407771595883744j)	0.3243420124053955	88.46532030505243
929	(-2.778746373201126-1.4490758716962622j)	0.3154571056365967	88.56064823641563
930	(-2.8548216151896764-1.352779141129964j)	0.3072028160095215	88.65597616777883
931	(-2.925804781804467-1.2526438377057176j)	0.315554141998291	88.75130409914203
932	(-2.9910616314637917-1.1486997880862817j)	0.3153269290924072	88.84663203050523
933	(-3.050424691499008-1.0412681758454605j)	0.31107211112976074	88.94195996186845
934	(-3.1038103321192354-0.9305885910835383j)	0.3178749084472656	89.03728789323165
935	(-3.151185769910474-0.8170548417440706j)	0.3189864158630371	89.13261582459485
936	(-3.192401647979347-0.7011403597956456j)	0.3150348663330078	89.22794375595805
937	(-3.227200298059633-0.5832215750567789j)	0.3195819854736328	89.32327168732125
938	(-3.2553940862624744-0.46353952105969487j)	0.38951611518859863	89.41859961868445
939	(-3.276963086134055-0.342352079146123j)	0.3152801990509033	89.51392755004765
940	(-3.291949616202742-0.22007763563356364j)	0.3169209957122803	89.60925548141087
941	(-3.300297764287073-0.09723809606935352j)	0.31078004837036133	89.70458341277407
942	(-3.30173247328419+0.025634821641376204j)	0.32077503204345703	89.79991134413727
943	(-3.296522316453811+0.14852472874715672j)	0.3129451274871826	89.89523927550047
944	(-3.284417443470809+0.270871154655j)	0.31423211097717285	89.99056720686367
945	(-3.2657188983590997+0.39235183265622475j)	0.31412410736083984	90.08589513822687
946	(-3.2405185901277878+0.5124630471883549j)	0.3137338161468506	90.18122306959008
947	(-3.208790094127874+0.6307869093874321j)	0.3126969337463379	90.27655100095329
948	(-3.170546320378578+0.7470667672698015j)	0.3103780746459961	90.37187893231649
949	(-3.1259682971404277+0.8610725592973734j)	0.31927490234375	90.46720686367969
