	res_adaptive	time_adaptive	w
0	(1.0677394480339772-0.0048611209920919884j)	0.3671422004699707	0.001
1	(1.276363934315948-0.30194740756865696j)	0.31032323837280273	0.09632793136320304
2	(1.3810630785451705-0.4406637398004089j)	0.3106670379638672	0.19165586272640608
3	(1.4677308253719108-0.5511341056858263j)	0.31662583351135254	0.2869837940896091
4	(1.5260996188289286-0.657522118992705j)	0.3051598072052002	0.38231172545281217
5	(1.5824452290641273-0.748852338357309j)	0.29602909088134766	0.4776396568160152
6	(1.6297373266858057-0.8335969481143445j)	0.31563806533813477	0.5729675881792182
7	(1.6698504060455686-0.9150971996782427j)	0.30237627029418945	0.6682955195424213
8	(1.705406586067785-0.99440861783471j)	0.3392157554626465	0.7636234509056243
9	(1.7375821872361048-1.0705902934873586j)	0.37708187103271484	0.8589513822688274
10	(1.7655949530564683-1.143032795248771j)	0.31511712074279785	0.9542793136320304
11	(1.7885862632360947-1.2127667408259422j)	0.314622163772583	1.0496072449952334
12	(1.8072898981822956-1.2812430599870408j)	0.3331339359283447	1.1449351763584363
13	(1.8233385168267395-1.3485397360928706j)	0.3389878273010254	1.2402631077216395
14	(1.8373742571640748-1.41352937828016j)	0.3630692958831787	1.3355910390848424
15	(1.8486305187434664-1.475669738416745j)	0.4182450771331787	1.4309189704480456
16	(1.8564368453646045-1.5358733775553768j)	0.3331420421600342	1.5262469018112486
17	(1.8614319172529077-1.595330062730583j)	0.34275102615356445	1.6215748331744515
18	(1.8648171942512017-1.6540273086920945j)	0.3166987895965576	1.7169027645376547
19	(1.868088810404927-1.7117780468204913j)	0.3002598285675049	1.8122306959008576
20	(1.866441482215483-1.7659227876946682j)	0.407268762588501	1.9075586272640608
21	(1.863064848623924-1.8195396088572444j)	0.3329770565032959	2.0028865586272637
22	(1.8572055504529554-1.8726802787638976j)	0.31057095527648926	2.098214489990467
23	(1.8498262640451804-1.9250202838021722j)	0.3165121078491211	2.19354242135367
24	(1.8409970832571207-1.9755412828492276j)	0.35071301460266113	2.288870352716873
25	(1.829926189818168-2.023916150744423j)	0.35079193115234375	2.384198284080076
26	(1.816237245519716-2.0708742538117546j)	0.3416292667388916	2.479526215443279
27	(1.8006363240132033-2.1170939767370496j)	0.3407881259918213	2.574854146806482
28	(1.784032553397317-2.162250195346568j)	0.3408017158508301	2.670182078169685
29	(1.7663890764900343-2.205549285717097j)	0.3063969612121582	2.765510009532888
30	(1.7469165133743592-2.246932209738992j)	0.3296172618865967	2.8608379408960913
31	(1.7252795691069491-2.2872039982095216j)	0.3415348529815674	2.956165872259294
32	(1.7020807395682966-2.326923643380446j)	0.33002614974975586	3.0514938036224972
33	(1.6779735990209588-2.3656469773407043j)	0.32502126693725586	3.1468217349857004
34	(1.6527226148803464-2.4025734817259172j)	0.31916189193725586	3.242149666348903
35	(1.6255618408595431-2.4376399480012547j)	0.30210375785827637	3.3374775977121063
36	(1.596322150568212-2.4715112803087704j)	0.3489701747894287	3.4328055290753094
37	(1.5657163289924754-2.504530596390214j)	0.2909717559814453	3.5281334604385126
38	(1.5343996728416232-2.53616700038394j)	0.31371188163757324	3.6234613918017153
39	(1.5021627975274365-2.5657462814997816j)	0.3285388946533203	3.7187893231649185
40	(1.468378768413737-2.5934004946189373j)	0.33024096488952637	3.8141172545281217
41	(1.4336429004434097-2.6197723926134246j)	0.30939793586730957	3.9094451858913244
42	(1.3967786039610695-2.6455276412954416j)	0.3235311508178711	4.004773117254528
43	(1.3601091492786277-2.6698387659822793j)	0.31241917610168457	4.100101048617731
44	(1.3226209593872826-2.6922584910571934j)	0.2968580722808838	4.195428979980934
45	(1.2836468663015128-2.712979781352253j)	0.32558298110961914	4.290756911344137
46	(1.2431940331652616-2.7326401151336572j)	0.33618903160095215	4.386084842707341
47	(1.2019233733193033-2.7513582397892353j)	0.3187680244445801	4.481412774070543
48	(1.1602225905761383-2.768509232936748j)	0.29732728004455566	4.576740705433746
49	(1.1177219924219521-2.783558431343643j)	0.29552316665649414	4.67206863679695
50	(1.073927885378151-2.7967606352583068j)	0.29012513160705566	4.7673965681601524
51	(1.030952781875837-2.808116729254294j)	0.2796778678894043	4.862724499523355
52	(0.983981544315525-2.8185375837667763j)	0.2767479419708252	4.958052430886559
53	(0.9384447662231357-2.8288104191878225j)	0.29389214515686035	5.0533803622497615
54	(0.8925927640838898-2.836010706464844j)	0.29209089279174805	5.148708293612964
55	(0.8457292518377345-2.841598136124545j)	0.29276394844055176	5.244036224976168
56	(0.7980436878306283-2.8461714342838556j)	0.29224586486816406	5.339364156339371
57	(0.7501318895148362-2.8497019257355496j)	0.29769182205200195	5.434692087702573
58	(0.7021395331441947-2.8515795388785437j)	0.3554973602294922	5.530020019065777
59	(0.6535737393811498-2.8514609807915003j)	0.3011457920074463	5.62534795042898
60	(0.6040516380388425-2.8497040235836937j)	0.3906228542327881	5.720675881792183
61	(0.5539085129584371-2.846791408393458j)	0.3154778480529785	5.816003813155386
62	(0.5037967838415918-2.842595644853993j)	0.36498498916625977	5.911331744518589
63	(0.45385728145272713-2.836552772833263j)	0.342911958694458	6.006659675881792
64	(0.4039549710945411-2.828346147023821j)	0.3302750587463379	6.101987607244995
65	(0.3528509187109045-2.818884524116355j)	0.3282780647277832	6.197315538608198
66	(0.3019195555627798-2.808241964538303j)	0.2940959930419922	6.292643469971401
67	(0.2512054167723111-2.796463415256362j)	0.36130619049072266	6.387971401334604
68	(0.20084951491246383-2.7829717959308296j)	0.4545409679412842	6.483299332697807
69	(0.1502534930028444-2.7676649405188276j)	0.3054478168487549	6.57862726406101
70	(0.09926576203570081-2.7513541190246102j)	0.2980339527130127	6.673955195424213
71	(0.047960271752894856-2.73333370524476j)	0.3141591548919678	6.769283126787417
72	(-0.0028184940532929303-2.7143742466856566j)	0.31263303756713867	6.8646110581506194
73	(-0.053226912069018084-2.6935784650093653j)	0.29487013816833496	6.959938989513822
74	(-0.10371428678036398-2.670904154394186j)	0.3138260841369629	7.055266920877026
75	(-0.15438287967695985-2.6468632315406335j)	0.3146960735321045	7.1505948522402285
76	(-0.20474172885267206-2.621806761235474j)	0.314039945602417	7.245922783603431
77	(-0.2543242608116162-2.5954758229949397j)	0.30706286430358887	7.341250714966635
78	(-0.30328354690447235-2.5674455508004015j)	0.2957770824432373	7.436578646329838
79	(-0.35211899683003534-2.537807017021549j)	0.47896790504455566	7.53190657769304
80	(-0.400935753631124-2.5070901915737642j)	0.3652946949005127	7.627234509056244
81	(-0.4492912257919508-2.4755425534189457j)	0.3641397953033447	7.722562440419447
82	(-0.4969761919505983-2.4428482922235086j)	0.2922849655151367	7.817890371782649
83	(-0.5437867285786946-2.408396620846231j)	0.35948801040649414	7.913218303145853
84	(-0.5905946703962112-2.3724408127636885j)	0.3317451477050781	8.008546234509055
85	(-0.6372208482138304-2.335409729847374j)	0.33542513847351074	8.103874165872258
86	(-0.683130893521349-2.2974716548760896j)	0.3364241123199463	8.19920209723546
87	(-0.7274245839521611-2.2580446634238744j)	0.34395813941955566	8.294530028598665
88	(-0.7719778681819824-2.217438249336765j)	0.30821800231933594	8.389857959961867
89	(-0.8155545098611733-2.1752540576932162j)	0.3048121929168701	8.48518589132507
90	(-0.8586267051450749-2.1322450091371485j)	0.31040406227111816	8.580513822688273
91	(-0.9007206438902963-2.088550765119624j)	0.30300307273864746	8.675841754051476
92	(-0.9416310625067386-2.043785654887751j)	0.3077409267425537	8.77116968541468
93	(-0.9817119719004038-1.997647947257317j)	0.33150482177734375	8.866497616777883
94	(-1.0213650758515131-1.9503804084572456j)	0.31624436378479004	8.961825548141086
95	(-1.0604560921196589-1.9024243248521282j)	0.3511631488800049	9.057153479504288
96	(-1.0984862517660525-1.8537833495588072j)	0.39563417434692383	9.152481410867491
97	(-1.1352623908585842-1.8040189589308966j)	0.35587191581726074	9.247809342230694
98	(-1.1711025405893714-1.7528918945065683j)	0.4535689353942871	9.343137273593898
99	(-1.2062964812557389-1.7007316888633708j)	0.42395710945129395	9.438465204957101
100	(-1.2406111019839663-1.6480102244847563j)	0.38028407096862793	9.533793136320304
101	(-1.273563476111796-1.594736712647085j)	0.30896496772766113	9.629121067683506
102	(-1.3050684357190736-1.540534186970374j)	0.3255789279937744	9.72444899904671
103	(-1.3355333928879347-1.485270075734674j)	0.3149240016937256	9.819776930409914
104	(-1.3652665093899141-1.4293203719178909j)	0.3206350803375244	9.915104861773116
105	(-1.3940463043020639-1.3730833519196546j)	0.31656384468078613	10.010432793136319
106	(-1.4214549726599217-1.31644555083545j)	0.3176240921020508	10.105760724499522
107	(-1.44748131095429-1.2589670074395871j)	0.3145771026611328	10.201088655862725
108	(-1.4725168875370254-1.200522801969041j)	0.3120388984680176	10.296416587225927
109	(-1.4967543818127396-1.1414872238193325j)	0.3063502311706543	10.391744518589132
110	(-1.5198590896847741-1.0822121362104486j)	0.30307817459106445	10.487072449952334
111	(-1.541390151059074-1.0225606389831388j)	0.2997589111328125	10.582400381315537
112	(-1.5613717823381346-0.9621686894511716j)	0.3061549663543701	10.67772831267874
113	(-1.5802041300925385-0.901048679191968j)	0.3045780658721924	10.773056244041943
114	(-1.5980551018662268-0.8396571345351548j)	0.2986140251159668	10.868384175405145
115	(-1.615260961604916-0.7786748659780941j)	0.28171205520629883	10.96371210676835
116	(-1.6295563397338315-0.7168721991697347j)	0.3037869930267334	11.059040038131553
117	(-1.6430245481129158-0.6549163313436637j)	0.3000948429107666	11.154367969494755
118	(-1.6554519452093315-0.5924797135495057j)	0.30457592010498047	11.249695900857958
119	(-1.666946695980429-0.5299669826528548j)	0.3007349967956543	11.34502383222116
120	(-1.6771379867819833-0.46759820722123563j)	0.29932093620300293	11.440351763584365
121	(-1.6856896507870291-0.40510938409990277j)	0.3034639358520508	11.535679694947568
122	(-1.6927438699663682-0.34216119984063276j)	0.30222010612487793	11.63100762631077
123	(-1.6986666224126394-0.27887067170374336j)	0.3083078861236572	11.726335557673973
124	(-1.7034766136481385-0.21570390254677496j)	0.3006439208984375	11.821663489037176
125	(-1.7067898075488497-0.1528864946459637j)	0.30150485038757324	11.916991420400379
126	(-1.7083608263118524-0.09017256075124358j)	0.3012831211090088	12.012319351763583
127	(-1.7084431645158982-0.02729045940149255j)	0.29508519172668457	12.107647283126786
128	(-1.7074485143234828+0.035588127496695265j)	0.2965660095214844	12.202975214489989
129	(-1.7053918653357807+0.09803818191209979j)	0.31342291831970215	12.298303145853192
130	(-1.701910268054379+0.15995247928683054j)	0.32121706008911133	12.393631077216394
131	(-1.6968136930695072+0.22166909158632964j)	0.31067585945129395	12.488959008579599
132	(-1.690367665695858+0.28346745114488536j)	0.30682921409606934	12.584286939942801
133	(-1.6829008655872124+0.3451510419213628j)	0.30608105659484863	12.679614871306004
134	(-1.6743108954369543+0.40630583820031807j)	0.29993104934692383	12.774942802669207
135	(-1.6641855865392685+0.4668505081124863j)	0.30417728424072266	12.87027073403241
136	(-1.6523704499305012+0.5270870405890802j)	0.3072469234466553	12.965598665395612
137	(-1.6391751733980016+0.587184867015009j)	0.30899691581726074	13.060926596758817
138	(-1.6249312023781939+0.6468515596604527j)	0.300447940826416	13.15625452812202
139	(-1.6095413363455136+0.7056711962136387j)	0.31508302688598633	13.251582459485222
140	(-1.5926651404382834+0.7636294373328654j)	0.3145451545715332	13.346910390848425
141	(-1.5742606803184884+0.8210760654399598j)	0.3101670742034912	13.442238322211628
142	(-1.5546931205377863+0.8781846561520544j)	0.30665016174316406	13.537566253574832
143	(-1.5342481191473498+0.9346847317590912j)	0.3871607780456543	13.632894184938035
144	(-1.5127466355556785+0.9902411592208742j)	0.4021937847137451	13.728222116301238
145	(-1.489812028595865+1.0449219433891077j)	0.2992880344390869	13.82355004766444
146	(-1.465405234132459+1.0990733030319688j)	0.29540205001831055	13.918877979027643
147	(-1.4398656888365111+1.1527796028013904j)	0.30934882164001465	14.014205910390846
148	(-1.4134122951289587+1.2056851237155857j)	0.3132600784301758	14.10953384175405
149	(-1.3858333976298038+1.2574349021148574j)	0.3014950752258301	14.204861773117253
150	(-1.3568152813055954+1.3081053541942238j)	0.30176615715026855	14.300189704480456
151	(-1.3264343276871662+1.3580161371445936j)	0.45299601554870605	14.395517635843659
152	(-1.2951012672254918+1.407206297911888j)	0.3761560916900635	14.490845567206861
153	(-1.2630334540668324+1.455334665477446j)	0.29766392707824707	14.586173498570064
154	(-1.2300065014604562+1.5021456759440583j)	0.36189818382263184	14.681501429933268
155	(-1.1957307930490788+1.5478241381641777j)	0.3149251937866211	14.776829361296471
156	(-1.1603050066434257+1.5927226365756393j)	0.3096280097961426	14.872157292659674
157	(-1.1240891258597256+1.6368477730481763j)	0.32068514823913574	14.967485224022877
158	(-1.0871939046581995+1.679835682829424j)	0.3925199508666992	15.06281315538608
159	(-1.0493234245201386+1.7214435569545825j)	0.2980060577392578	15.158141086749284
160	(-1.0102080308602857+1.7618489109299271j)	0.3212771415710449	15.253469018112487
161	(-0.9700094603005436+1.8013286653299985j)	0.33904194831848145	15.34879694947569
162	(-0.9291209161710099+1.8397944040645795j)	0.3555488586425781	15.444124880838892
163	(-0.8879049183347152+1.876648257845367j)	0.35473179817199707	15.539452812202095
164	(-0.8453500210093485+1.9123436728832206j)	0.4297158718109131	15.634780743565297
165	(-0.8020245760434215+1.9465024106286901j)	0.3795888423919678	15.730108674928502
166	(-0.7579067053570633+1.9796394797496568j)	0.32338690757751465	15.825436606291705
167	(-0.7133658227708086+2.011673145213412j)	0.31363797187805176	15.920764537654907
168	(-0.6684254897055705+2.042261996798917j)	0.3247861862182617	16.016092469018112
169	(-0.622759689499521+2.071300914294583j)	0.31955599784851074	16.111420400381316
170	(-0.5761799499745172+2.099065236493674j)	0.31387996673583984	16.206748331744517
171	(-0.528915449425258+2.125790118818404j)	0.31812572479248047	16.302076263107722
172	(-0.4808157008275331+2.150765599512876j)	0.2805030345916748	16.397404194470923
173	(-0.4333154564624564+2.1752034308780797j)	0.585845947265625	16.492732125834127
174	(-0.3846639510331594+2.1974273809663285j)	0.3624429702758789	16.588060057197332
175	(-0.33527885286454284+2.2182346409926703j)	0.332319974899292	16.683387988560533
176	(-0.2854588815275453+2.2378558173872056j)	0.4547569751739502	16.778715919923737
177	(-0.23555438811792562+2.256103347713676j)	0.7460191249847412	16.874043851286938
178	(-0.185517262818218+2.2726676831146233j)	0.35594797134399414	16.969371782650143
179	(-0.1350428021231469+2.287569332972362j)	0.42737293243408203	17.064699714013347
180	(-0.08406001595205637+2.30114979991877j)	0.3392500877380371	17.160027645376548
181	(-0.03281059001117148+2.31285914697514j)	0.3221907615661621	17.255355576739753
182	(0.018287863287875794+2.324677779023313j)	0.3152608871459961	17.350683508102954
183	(0.0695270863214299+2.334076345360015j)	0.32647705078125	17.446011439466158
184	(0.12116197145024077+2.3418161102146717j)	0.2939929962158203	17.541339370829363
185	(0.17319835031421404+2.3481981405919354j)	0.3013761043548584	17.636667302192564
186	(0.2252826081827961+2.3533278432290925j)	0.31041479110717773	17.731995233555768
187	(0.27714542233926953+2.356936078780609j)	0.30029797554016113	17.82732316491897
188	(0.32890934043816644+2.3587506762049335j)	0.42377495765686035	17.922651096282173
189	(0.3808295299148827+2.358887619439785j)	0.38338279724121094	18.017979027645374
190	(0.4328485288334455+2.3577004625280282j)	0.344789981842041	18.11330695900858
191	(0.48461537074416183+2.355301416045367j)	0.49893999099731445	18.208634890371783
192	(0.5359415742189629+2.3514354100963466j)	0.31725096702575684	18.303962821734984
193	(0.5870380683775791+2.3458816458304903j)	0.2990238666534424	18.39929075309819
194	(0.6381863806476709+2.3387906219174868j)	0.3038780689239502	18.49461868446139
195	(0.6893096323380571+2.33046533613294j)	0.31105685234069824	18.589946615824594
196	(0.7400815066286964+2.320943044939407j)	0.32144904136657715	18.6852745471878
197	(0.7903275476412773+2.309885949180126j)	0.3160839080810547	18.780602478551
198	(0.8402568427281858+2.2970886360555647j)	0.30208683013916016	18.875930409914204
199	(0.8900737776948174+2.282736089246315j)	0.2973620891571045	18.971258341277405
200	(0.9396123652871485+2.2671424910699574j)	0.30979013442993164	19.06658627264061
201	(0.9884988638125187+2.250317297885716j)	0.34128904342651367	19.161914204003814
202	(1.0366160305687282+2.2319866118204135j)	0.31431102752685547	19.257242135367015
203	(1.0842094511501537+2.2120337297957313j)	0.3613147735595703	19.35257006673022
204	(1.1314878737812504+2.190715509591447j)	0.3352839946746826	19.44789799809342
205	(1.1782972693795144+2.1683409555354958j)	0.4264230728149414	19.543225929456625
206	(1.2243126694714292+2.144846522796836j)	0.41163206100463867	19.63855386081983
207	(1.2695097809137654+2.1199331163793773j)	0.30197691917419434	19.73388179218303
208	(1.3144941089318583+2.0938965013775634j)	0.2943558692932129	19.829209723546235
209	(1.3584126548531612+2.0657306176226813j)	0.29453611373901367	19.924537654909436
210	(1.4020405730573378+2.0369326844948192j)	0.2939798831939697	20.01986558627264
211	(1.4444331114367963+2.006649518868761j)	0.3035590648651123	20.11519351763584
212	(1.486352672948081+1.9756052022950326j)	0.3083760738372803	20.210521448999046
213	(1.5272601939759969+1.9427622807466434j)	0.3024270534515381	20.30584938036225
214	(1.5675275797559565+1.9087756614686813j)	0.31847500801086426	20.40117731172545
215	(1.606909935082352+1.8739091816401623j)	0.30565500259399414	20.496505243088656
216	(1.6451267634551199+1.8380546069205395j)	0.3042120933532715	20.591833174451857
217	(1.6822453406802969+1.8009477145711872j)	0.30556201934814453	20.68716110581506
218	(1.7185704404558644+1.7625930727380241j)	0.31198716163635254	20.782489037178266
219	(1.7541971771348541+1.723290177366423j)	0.31911206245422363	20.877816968541467
220	(1.7888626447847848+1.6832185250022178j)	0.30696606636047363	20.97314489990467
221	(1.8223000573112027+1.6421925281150838j)	0.4630880355834961	21.068472831267872
222	(1.8545836591655245+1.599938621014538j)	0.3620758056640625	21.163800762631077
223	(1.8859697974286633+1.556506340414591j)	0.3116748332977295	21.25912869399428
224	(1.9164667180035706+1.5122252773995735j)	0.3782041072845459	21.354456625357482
225	(1.94576475265675+1.467275805455587j)	0.3940927982330322	21.449784556720687
226	(1.9736297834884213+1.4214904276644376j)	0.29964113235473633	21.545112488083888
227	(2.0001994985236067+1.3746665266333418j)	0.3066232204437256	21.640440419447092
228	(2.0257604133889235+1.3269284248276214j)	0.2997257709503174	21.735768350810293
229	(2.0503267882267795+1.2786142564072662j)	0.308337926864624	21.831096282173498
230	(2.0736207115258156+1.2298435614209589j)	0.3052480220794678	21.926424213536702
231	(2.09547715256073+1.1803864386306244j)	0.3012988567352295	22.021752144899903
232	(2.1160773610677825+1.1300237230127843j)	0.3032686710357666	22.117080076263107
233	(2.135673583780018+1.0788819011071882j)	0.30067873001098633	22.21240800762631
234	(2.1541990711761825+1.027269386619675j)	0.3013038635253906	22.307735938989513
235	(2.1713260780007437+0.975259288115579j)	0.3021550178527832	22.403063870352717
236	(2.186892684335546+0.9226239155704798j)	0.30403614044189453	22.49839180171592
237	(2.2010880922308256+0.8692192810778107j)	0.30290794372558594	22.593719733079123
238	(2.214142290075438+0.8152584915070459j)	0.3089919090270996	22.689047664442324
239	(2.2259702226496723+0.7610811738801302j)	0.3018772602081299	22.78437559580553
240	(2.236287086665128+0.7067421544521053j)	0.3068959712982178	22.879703527168733
241	(2.24502377049623+0.6520043949759549j)	0.2994658946990967	22.975031458531934
242	(2.2524405307092215+0.5967407767795652j)	0.3014500141143799	23.07035938989514
243	(2.258767004939646+0.5411615138509868j)	0.3055281639099121	23.16568732125834
244	(2.2638836779154903+0.4855419061466779j)	0.30258774757385254	23.261015252621544
245	(2.267494100885148+0.42985313950210413j)	0.30167293548583984	23.356343183984748
246	(2.269539574072769+0.3738285564040509j)	0.30304908752441406	23.45167111534795
247	(2.2702562009011213+0.31738080552135517j)	0.2999448776245117	23.546999046711154
248	(2.269805352259181+0.26077113455228906j)	0.3005211353302002	23.642326978074355
249	(2.2680106997266893+0.2042914117649962j)	0.2995419502258301	23.73765490943756
250	(2.2645924722214716+0.14791524746204077j)	0.3287618160247803	23.83298284080076
251	(2.259562321897256+0.09141729036840873j)	0.3204827308654785	23.928310772163965
252	(2.2532130254374376+0.03477491776855701j)	0.3267638683319092	24.02363870352717
253	(2.2457177192685287-0.021726892626391714j)	0.5171260833740234	24.11896663489037
254	(2.236911160658761-0.07784828801178678j)	0.30499911308288574	24.214294566253574
255	(2.2265595353121665-0.13369397723411436j)	0.29339599609375	24.309622497616775
256	(2.2147213382512487-0.18952885481212167j)	0.3391270637512207	24.40495042897998
257	(2.201676503389365-0.24537082166186208j)	0.29717206954956055	24.500278360343184
258	(2.18752377941601-0.30093972914020084j)	0.4113945960998535	24.595606291706385
259	(2.1720296231031773-0.35602964931467196j)	0.38400697708129883	24.69093422306959
260	(2.1549506600892303-0.41075852035714544j)	0.3337898254394531	24.78626215443279
261	(2.1363699413792956-0.4653395754937762j)	0.3203871250152588	24.881590085795995
262	(2.116571826429753-0.5197041002486245j)	0.3269181251525879	24.9769180171592
263	(2.0956407219458466-0.5735250878150759j)	0.31866002082824707	25.0722459485224
264	(2.073365490711443-0.6266131515281057j)	0.2974972724914551	25.167573879885605
265	(2.049579604274438-0.6791215223588313j)	0.3341331481933594	25.262901811248806
266	(2.0244463910882353-0.7312691674090521j)	0.31565308570861816	25.35822974261201
267	(1.9985382957374336-0.7829248812055865j)	0.30094289779663086	25.45355767397521
268	(1.971084636260728-0.8339873449790308j)	0.3041191101074219	25.548885605338416
269	(1.9426525013614877-0.8841606878428288j)	0.35212182998657227	25.64421353670162
270	(1.9128028527231056-0.9337073242851552j)	0.33606815338134766	25.73954146806482
271	(1.881692765668229-0.9828211892464803j)	0.3040611743927002	25.834869399428026
272	(1.8495779195281763-1.0313701339003771j)	0.3059072494506836	25.930197330791227
273	(1.8164449153931244-1.0790333422065381j)	0.3104567527770996	26.02552526215443
274	(1.7820431439309092-1.1256996191788216j)	0.2948899269104004	26.120853193517636
275	(1.7462700336596848-1.1715572295060546j)	0.31882214546203613	26.216181124880837
276	(1.7093565417241496-1.2167548515699327j)	0.4032278060913086	26.31150905624404
277	(1.6716226199161854-1.2610364753379j)	0.349884033203125	26.406836987607242
278	(1.6329398598287368-1.3043971274470278j)	0.33785510063171387	26.502164918970447
279	(1.5931892698745491-1.3465291714926853j)	0.39794492721557617	26.59749285033365
280	(1.5522684970126253-1.387774662103731j)	0.316699743270874	26.692820781696852
281	(1.5104114524450105-1.4282875731153664j)	0.33243513107299805	26.788148713060057
282	(1.4678404105483374-1.4678915597426274j)	0.3498649597167969	26.883476644423258
283	(1.4244617048499868-1.5063150139958705j)	0.3431508541107178	26.978804575786462
284	(1.380014567564961-1.5435488428214164j)	0.379133939743042	27.074132507149667
285	(1.3344614674908741-1.5798157026518886j)	0.3616478443145752	27.169460438512868
286	(1.2880643402183072-1.615193222264872j)	0.3239898681640625	27.264788369876072
287	(1.2410440118945876-1.6494462861642547j)	0.32665514945983887	27.360116301239273
288	(1.1933137016043256-1.6823100528179817j)	0.4061460494995117	27.455444232602478
289	(1.1446656959624866-1.7138253060482467j)	0.3093438148498535	27.55077216396568
290	(1.0951396762179981-1.7442458004547436j)	0.31789302825927734	27.646100095328883
291	(1.0450300731624624-1.7736539590265075j)	0.3069489002227783	27.741428026692088
292	(0.9945210627681769-1.8018367415858256j)	0.3502311706542969	27.83675595805529
293	(0.943469362109175-1.8285903905514933j)	0.41792893409729004	27.932083889418493
294	(0.8916464927715453-1.854013022879655j)	0.33916378021240234	28.027411820781694
295	(0.8390918260704919-1.8783517480639802j)	0.29926586151123047	28.1227397521449
296	(0.7860778343397443-1.9016277386622327j)	0.3171882629394531	28.218067683508103
297	(0.732740031222618-1.9235735560369358j)	0.30815887451171875	28.313395614871304
298	(0.6789162879651229-1.9439781004534378j)	0.2993202209472656	28.40872354623451
299	(0.6244259850949367-1.962946606439605j)	0.302703857421875	28.50405147759771
300	(0.5693895154139623-1.9807063814823778j)	0.2969670295715332	28.599379408960914
301	(0.5141227415997405-1.9972500911387119j)	0.3007171154022217	28.69470734032412
302	(0.45875566538648643-2.0123279496168722j)	0.2949550151824951	28.79003527168732
303	(0.40311867860798223-2.0258062104808383j)	0.29703712463378906	28.885363203050524
304	(0.34705015174677895-2.0378653101568167j)	0.3006579875946045	28.980691134413725
305	(0.29068132187804757-2.04875305087593j)	0.3546488285064697	29.07601906577693
306	(0.23428474816250405-2.058440004566081j)	0.4282529354095459	29.17134699714013
307	(0.17791304584375156-2.0666664676179387j)	0.4574708938598633	29.266674928503335
308	(0.12134873878394747-2.073310609643909j)	0.34508395195007324	29.36200285986654
309	(0.06444764910712503-2.078545866801733j)	0.4331481456756592	29.45733079122974
310	(0.0073833420199599376-2.0825633475242777j)	0.5530140399932861	29.552658722592945
311	(-0.04955323148687524-2.0852699464102353j)	0.47879910469055176	29.647986653956146
312	(-0.10630975997182329-2.0863979318432477j)	0.46282005310058594	29.74331458531935
313	(-0.1634804116287784-2.0858956780354987j)	0.32424116134643555	29.838642516682555
314	(-0.21993336945216543-2.0839328606511596j)	0.30396103858947754	29.933970448045756
315	(-0.2766664362009962-2.0807768132271653j)	0.41634416580200195	30.02929837940896
316	(-0.333009502467324-2.07632221981558j)	0.30545830726623535	30.12462631077216
317	(-0.38897802654879193-2.0703411511412786j)	0.3220710754394531	30.219954242135366
318	(-0.44480587481404027-2.062817306800915j)	0.3033559322357178	30.31528217349857
319	(-0.5005790982020727-2.053988324173939j)	0.2984020709991455	30.41061010486177
320	(-0.5560852922198709-2.044011461545658j)	0.2979471683502197	30.505938036224975
321	(-0.6110920311359606-2.0327339885601465j)	0.29384779930114746	30.601265967588176
322	(-0.6656420291491256-2.0199020133402477j)	0.2951788902282715	30.69659389895138
323	(-0.7199424390929058-2.0055203836101376j)	0.30225706100463867	30.791921830314585
324	(-0.7740033901348617-1.9898259184122096j)	0.4271078109741211	30.887249761677786
325	(-0.8275553424018077-1.9729597963614343j)	0.4662771224975586	30.98257769304099
326	(-0.8803644867926519-1.9547731065666347j)	0.3257768154144287	31.077905624404192
327	(-0.9324999011675292-1.9350739324466613j)	0.334564208984375	31.173233555767396
328	(-0.9841747529840716-1.913941105411899j)	0.33712100982666016	31.268561487130597
329	(-1.0353923098507871-1.8916540612614998j)	0.3181290626525879	31.3638894184938
330	(-1.085907372722247-1.8683303964098943j)	0.34067296981811523	31.459217349857006
331	(-1.1355548382734577-1.8437896251514285j)	0.3371548652648926	31.554545281220207
332	(-1.1844651539769704-1.8178358929023668j)	0.30327820777893066	31.64987321258341
333	(-1.2328503229676557-1.7905512141993043j)	0.33512210845947266	31.745201143946613
334	(-1.2806653879192917-1.7621796083644203j)	0.2973780632019043	31.840529075309817
335	(-1.3276291653622792-1.7327793225168138j)	0.30628228187561035	31.93585700667302
336	(-1.3735734501901746-1.7021463208083816j)	0.3050510883331299	32.03118493803622
337	(-1.4186207618326314-1.6701266167680882j)	0.3029139041900635	32.12651286939942
338	(-1.4629424279374783-1.6368680501639574j)	0.44733524322509766	32.22184080076263
339	(-1.5064520852540308-1.6026509790307804j)	0.3240509033203125	32.31716873212583
340	(-1.5488790581173286-1.5675362452116546j)	0.36247706413269043	32.41249666348903
341	(-1.5901222080571509-1.531335462924343j)	0.3332631587982178	32.50782459485224
342	(-1.6303687106811633-1.4939343005491672j)	0.3371901512145996	32.60315252621544
343	(-1.6698079165275799-1.4555022895136014j)	0.30755090713500977	32.69848045757864
344	(-1.7083461706789236-1.4162806138311368j)	0.3087351322174072	32.79380838894184
345	(-1.745724454396527-1.3762590542740505j)	0.30215001106262207	32.88913632030505
346	(-1.7818679635694772-1.3352065553590768j)	0.3035402297973633	32.98446425166825
347	(-1.8169559884677096-1.2930200661124265j)	0.32797884941101074	33.07979218303145
348	(-1.851117155271094-1.2498918900499985j)	0.30164575576782227	33.17512011439466
349	(-1.884192105158675-1.2060637648703467j)	0.2980470657348633	33.27044804575786
350	(-1.9159089984541156-1.1615204135859878j)	0.29636073112487793	33.36577597712106
351	(-1.946227082002006-1.116069326110272j)	0.298846960067749	33.46110390848427
352	(-1.975356943506164-1.0696798667683436j)	0.30017518997192383	33.55643183984747
353	(-2.003431842033319-1.0225939034034215j)	0.29933619499206543	33.65175977121067
354	(-2.0303031152093727-0.9750384252803377j)	0.3018360137939453	33.74708770257387
355	(-2.055751872991451-0.926952412095035j)	0.3016977310180664	33.84241563393708
356	(-2.0798012055069797-0.878117402073307j)	0.2968261241912842	33.93774356530028
357	(-2.102678243542659-0.8285039079054519j)	0.32327914237976074	34.03307149666348
358	(-2.1244732533698913-0.7783371961442671j)	0.3274648189544678	34.12839942802669
359	(-2.14498605680782-0.7277988095152578j)	0.30672407150268555	34.22372735938989
360	(-2.1639815673016782-0.6767919352538284j)	0.30483269691467285	34.31905529075309
361	(-2.181488078179302-0.6251234291568663j)	0.36959004402160645	34.41438322211629
362	(-2.1977162655763176-0.5728321670141014j)	0.392409086227417	34.5097111534795
363	(-2.2127279460612037-0.5205756977087238j)	0.31554579734802246	34.6050390848427
364	(-2.22630521052734-0.467400725452074j)	0.5258321762084961	34.7003670162059
365	(-2.2382857006649983-0.4143462119951301j)	0.3060641288757324	34.79569494756911
366	(-2.2487680577877156-0.3608562588334427j)	0.29364585876464844	34.89102287893231
367	(-2.2579986124555744-0.3069922949598548j)	0.34023094177246094	34.98635081029551
368	(-2.2660238436130005-0.2530088482382233j)	0.30547189712524414	35.08167874165872
369	(-2.272632407814803-0.19902421180780305j)	0.3300001621246338	35.17700667302192
370	(-2.2776614757844578-0.14487905106659985j)	0.2951951026916504	35.27233460438512
371	(-2.281219262360009-0.09039586576383041j)	0.33373522758483887	35.36766253574832
372	(-2.283511237993255-0.03566823793189512j)	0.3023669719696045	35.46299046711153
373	(-2.2845185756623834+0.01903048358554503j)	0.29839587211608887	35.55831839847473
374	(-2.2840026731137666+0.07358571822071545j)	0.2934269905090332	35.65364632983793
375	(-2.281831546872836+0.12813849293163584j)	0.33408188819885254	35.74897426120114
376	(-2.2781637124325123+0.18281212588806356j)	0.31961989402770996	35.84430219256434
377	(-2.2732250380480936+0.2374584723233567j)	0.35828304290771484	35.93963012392754
378	(-2.267002797228499+0.2918069494782937j)	0.3009932041168213	36.034958055290744
379	(-2.259290557864924+0.3457947758686569j)	0.29790806770324707	36.13028598665395
380	(-2.25001183562376+0.3996113429589263j)	0.29625797271728516	36.22561391801715
381	(-2.239380473312507+0.4537819867699511j)	0.29849910736083984	36.320941849380354
382	(-2.2275158950968863+0.5069831019158144j)	0.2946438789367676	36.41626978074356
383	(-2.2144196807573966+0.5601525872209193j)	0.30433201789855957	36.51159771210676
384	(-2.1998266067168126+0.6128719495503245j)	0.29329776763916016	36.606925643469964
385	(-2.1836674255121244+0.6653243822018419j)	0.30167198181152344	36.70225357483317
386	(-2.1661356287740956+0.7175825643970066j)	0.29513001441955566	36.79758150619637
387	(-2.1474062544414494+0.7694395682416306j)	0.2935969829559326	36.892909437559574
388	(-2.1273955864487646+0.8206379084023881j)	0.29518723487854004	36.988237368922775
389	(-2.1059048995236456+0.8711691665882371j)	0.2950441837310791	37.08356530028598
390	(-2.0829393469188333+0.9212239396223822j)	0.30603909492492676	37.178893231649184
391	(-2.0587415629944656+0.9708615811835131j)	0.29445314407348633	37.274221163012385
392	(-2.0334870581637845+1.0198859751837366j)	0.2913799285888672	37.36954909437559
393	(-2.0070623700433994+1.0680961170701802j)	0.29564380645751953	37.464877025738794
394	(-1.9792651044029195+1.1155512065215083j)	0.2943589687347412	37.560204957101995
395	(-1.9501093753646352+1.162459992133232j)	0.30226612091064453	37.655532888465196
396	(-1.9198152293636286+1.20885061996478j)	0.2956578731536865	37.750860819828404
397	(-1.8884984756061902+1.2544914192018743j)	0.29485416412353516	37.846188751191605
398	(-1.8560101119652994+1.2991753560718609j)	0.2932260036468506	37.941516682554806
399	(-1.8221660143074392+1.3429593066892451j)	0.2951967716217041	38.036844613918014
400	(-1.787037177134908+1.3860189579838014j)	0.30111217498779297	38.132172545281215
401	(-1.7513408543167057+1.4282640669955216j)	0.3913552761077881	38.227500476644416
402	(-1.713829816981697+1.4696604961691015j)	0.38570690155029297	38.322828408007624
403	(-1.6757360994375567+1.5098427125500085j)	0.4652538299560547	38.418156339370825
404	(-1.636459367483174+1.5490002145507946j)	0.37668490409851074	38.513484270734025
405	(-1.5961049548043011+1.5873357807973265j)	0.30912113189697266	38.608812202097226
406	(-1.5549155130807624+1.6248280153395818j)	0.4199399948120117	38.704140133460434
407	(-1.512952795433414+1.6612444215880844j)	0.410228967666626	38.799468064823635
408	(-1.4700247600449727+1.69643423877633j)	0.3865680694580078	38.894795996186836
409	(-1.425996903523756+1.73059839116373j)	0.3826901912689209	38.990123927550044
410	(-1.3809800215649428+1.7638237936117j)	0.33846211433410645	39.085451858913245
411	(-1.335220871856606+1.7960462194014184j)	0.29503393173217773	39.180779790276446
412	(-1.288493056771273+1.8270606112925885j)	0.30547499656677246	39.276107721639654
413	(-1.2414595399407085+1.856594531140583j)	0.37582898139953613	39.371435653002855
414	(-1.1932092039129047+1.8849694737422364j)	0.3942070007324219	39.466763584366056
415	(-1.1442010444858408+1.9122933494113699j)	0.3085179328918457	39.56209151572926
416	(-1.0946837819400421+1.9384829777537371j)	0.34486913681030273	39.657419447092465
417	(-1.044671850507937+1.9633169741132919j)	0.31575489044189453	39.752747378455666
418	(-0.9932105243087346+1.9833767080178817j)	0.29294276237487793	39.84807530981887
419	(-0.9425069047000496+2.0089865019637627j)	0.30794310569763184	39.943403241182075
420	(-0.8904459673666685+2.030153368687938j)	0.3019731044769287	40.038731172545276
421	(-0.8379968508791584+2.0501234489846833j)	0.31174707412719727	40.13405910390848
422	(-0.7851289380552107+2.068656502520016j)	0.2939341068267822	40.22938703527168
423	(-0.731654724225852+2.085712963626595j)	0.30493998527526855	40.324714966634886
424	(-0.6775449892856943+2.1014732394518663j)	0.30962705612182617	40.42004289799809
425	(-0.6230283057000724+2.116040846452437j)	0.31168580055236816	40.51537082936129
426	(-0.5683272890726264+2.1292663998796004j)	0.36441493034362793	40.610698760724496
427	(-0.5134082121186783+2.1409462448652414j)	0.33449602127075195	40.7060266920877
428	(-0.458100581217143+2.151111841879299j)	0.2994229793548584	40.8013546234509
429	(-0.4024037622284361+2.159988856701368j)	0.30705785751342773	40.896682554814106
430	(-0.34664437711994756+2.168043730532653j)	0.3647139072418213	40.99201048617731
431	(-0.2906842434434182+2.1740367586508356j)	0.5537090301513672	41.08733841754051
432	(-0.23473231572134562+2.178864752836197j)	0.41844797134399414	41.18266634890371
433	(-0.17849714111473497+2.182211496300158j)	0.48892712593078613	41.27799428026692
434	(-0.12200120305748441+2.184278321326669j)	0.49184584617614746	41.37332221163012
435	(-0.06548510036051924+2.185108734765288j)	0.3209989070892334	41.46865014299332
436	(-0.009111601176929995+2.1845057281232245j)	0.31205177307128906	41.56397807435653
437	(0.04720879995547611+2.1822946331712254j)	0.34697818756103516	41.65930600571973
438	(0.10363460039326167+2.178517604599963j)	0.39759302139282227	41.75463393708293
439	(0.16004012978686522+2.1735350570909944j)	0.39635705947875977	41.84996186844613
440	(0.216211099578821+2.1672585957247663j)	0.2998368740081787	41.94528979980934
441	(0.27200640698268874+2.159559401549857j)	0.3446371555328369	42.04061773117254
442	(0.3277520890633555+2.150093753093516j)	0.30254602432250977	42.13594566253574
443	(0.3830337310853713+2.1396653463277686j)	0.30900001525878906	42.23127359389895
444	(0.43834561107362+2.1278148057965036j)	0.3282287120819092	42.32660152526215
445	(0.4932635612381975+2.1147637062031373j)	0.31666088104248047	42.42192945662535
446	(0.5477033667716148+2.1002996456741263j)	0.3476219177246094	42.51725738798856
447	(0.6018128903292269+2.0843014274393163j)	0.3511660099029541	42.61258531935176
448	(0.6557082577234107+2.066905226156599j)	0.4730570316314697	42.70791325071496
449	(0.70924897726466+2.0483044634966667j)	0.3831779956817627	42.80324118207816
450	(0.7621737098837813+2.0284767078195887j)	0.30667614936828613	42.89856911344137
451	(0.8144075319121779+2.007231523459068j)	0.31925368309020996	42.99389704480457
452	(0.8661036690118262+1.984513067992308j)	0.30483388900756836	43.08922497616777
453	(0.9173636127675215+1.9605168342936399j)	0.3069722652435303	43.18455290753098
454	(0.9680436317936845+1.9354478817972756j)	0.3072500228881836	43.27988083889418
455	(1.0179258576722376+1.9092655326058177j)	0.31246209144592285	43.37520877025738
456	(1.0670019287365662+1.8817764554074197j)	0.31022119522094727	43.47053670162058
457	(1.1154613194525373+1.85293301230984j)	0.3033132553100586	43.56586463298379
458	(1.1633882436270813+1.8229237348471787j)	0.308363676071167	43.66119256434699
459	(1.210608057063114+1.7919020592271893j)	0.31068992614746094	43.75652049571019
460	(1.256897029071531+1.7597796895542124j)	0.30428290367126465	43.8518484270734
461	(1.3022471997332365+1.7263601759320941j)	0.3106191158294678	43.9471763584366
462	(1.3468220420304784+1.6916450060807784j)	0.30728888511657715	44.0425042897998
463	(1.3906567986554548+1.655859492885821j)	0.29680681228637695	44.13783222116301
464	(1.4334964342283558+1.619292992712676j)	0.31017613410949707	44.23316015252621
465	(1.475307289529404+1.5814971397542434j)	0.3048820495605469	44.32848808388941
466	(1.5159781948481361+1.5426801019760408j)	0.29700136184692383	44.42381601525261
467	(1.5565825979035797+1.5029292079577274j)	0.2940199375152588	44.51914394661582
468	(1.5946957417602645+1.4619759315895036j)	0.3003659248352051	44.61447187797902
469	(1.6325899754884634+1.4204354614740957j)	0.2968471050262451	44.70979980934222
470	(1.6692786405265985+1.378008027270083j)	0.30056118965148926	44.80512774070543
471	(1.704827919133625+1.3345384338538393j)	0.29770588874816895	44.90045567206863
472	(1.739434917847476+1.290029185829533j)	0.30286216735839844	44.99578360343183
473	(1.7730521330357079+1.2447612365463616j)	0.295820951461792	45.09111153479503
474	(1.8054561208325217+1.1988201361539583j)	0.3010990619659424	45.18643946615824
475	(1.836488579977566+1.1520775376286463j)	0.30168604850769043	45.28176739752144
476	(1.8662467143124726+1.1044139423804988j)	0.29871177673339844	45.37709532888464
477	(1.8949065273594956+1.0559495356884216j)	0.3012070655822754	45.47242326024785
478	(1.9224425953948467+1.0069349683767685j)	0.29674792289733887	45.56775119161105
479	(1.9486512930341937+0.9574503956978132j)	0.2996649742126465	45.66307912297425
480	(1.9734365989605929+0.907344252664701j)	0.29541707038879395	45.75840705433746
481	(1.9969440649937316+0.856495492713593j)	0.3146839141845703	45.85373498570066
482	(2.0193447253426946+0.8050221677882377j)	0.29941606521606445	45.94906291706386
483	(2.04057564553405+0.7531407971427064j)	0.2973592281341553	46.044390848427064
484	(2.0604089492615905+0.7008809230428303j)	0.3032529354095459	46.13971877979027
485	(2.0787499966855028+0.6480754494818298j)	0.2996947765350342	46.23504671115347
486	(2.0957371124218676+0.5946414836720926j)	0.2990288734436035	46.330374642516674
487	(2.111506629767032+0.5407497552534236j)	0.2981100082397461	46.42570257387988
488	(2.1259652592191536+0.48663914759106186j)	0.29709291458129883	46.52103050524308
489	(2.13890304445794+0.43233974756382354j)	0.2982921600341797	46.61635843660628
490	(2.1504202593264563+0.3774700437152665j)	0.299954891204834	46.71168636796949
491	(2.1603028822113597+0.32266796364536865j)	0.29889798164367676	46.80701429933269
492	(2.1691037541510187+0.2674279486337867j)	0.3088870048522949	46.90234223069589
493	(2.1765916464796167+0.21217843944142423j)	0.30046916007995605	46.997670162059094
494	(2.1825721321221874+0.1568879472907373j)	0.29769110679626465	47.0929980934223
495	(2.1870338077271083+0.1013728241031393j)	0.3026869297027588	47.1883260247855
496	(2.190156221144533+0.045593261091431136j)	0.29982781410217285	47.283653956148704
497	(2.1920361275303066-0.010253151105055314j)	0.3043498992919922	47.37898188751191
498	(2.192526838629386-0.06597290517467547j)	0.30326390266418457	47.47430981887511
499	(2.191430327450868-0.12160064674356119j)	0.2986280918121338	47.569637750238314
500	(2.1887668401879767-0.17728500533438007j)	0.29799914360046387	47.664965681601515
501	(2.1847405032467364-0.23300628911886367j)	0.2967360019683838	47.76029361296472
502	(2.179450085769494-0.28853374375603735j)	0.30858302116394043	47.855621544327924
503	(2.1727642056607106-0.3436931310118009j)	0.2950439453125	47.950949475691125
504	(2.1645339487042285-0.39855918874893237j)	0.3003053665161133	48.04627740705433
505	(2.154832476386396-0.4533006096790376j)	0.30342793464660645	48.141605338417534
506	(2.1438725314292446-0.5078981481930361j)	0.2914600372314453	48.236933269780735
507	(2.131714951259788-0.5621413987254521j)	0.46000099182128906	48.33226120114394
508	(2.1181886183335648-0.6158995949581054j)	0.37778711318969727	48.427589132507144
509	(2.1031360637449596-0.6692750769677734j)	0.29662299156188965	48.522917063870345
510	(2.086635645716792-0.7224120848356378j)	0.3574509620666504	48.618244995233546
511	(2.0688826400608242-0.7752356796137899j)	0.3156709671020508	48.713572926596754
512	(2.049910295244664-0.8274991585992235j)	0.3320910930633545	48.808900857959955
513	(2.0295522964180552-0.8790725734719318j)	0.3198549747467041	48.904228789323156
514	(2.007704846409705-0.9300624100713415j)	0.3405802249908447	48.999556720686364
515	(1.984507410339159-0.9805975845450606j)	0.3007800579071045	49.094884652049565
516	(1.9601805146156508-1.030589195140664j)	0.29559779167175293	49.190212583412766
517	(1.9347479314765463-1.0798183610292038j)	0.30913591384887695	49.28554051477597
518	(1.90803969557961-1.1282174665322415j)	0.3577120304107666	49.380868446139175
519	(1.8799662186612434-1.1759403156319523j)	0.3752281665802002	49.476196377502376
520	(1.8506683176118237-1.2231140616489824j)	0.4114980697631836	49.57152430886558
521	(1.8203263432125634-1.2696260398696033j)	0.31974101066589355	49.666852240228785
522	(1.788910567515011-1.31524766056476j)	0.3885378837585449	49.762180171591986
523	(1.7562333845160885-1.3599175254286626j)	0.30896711349487305	49.85750810295519
524	(1.7222362149793686-1.4037730218478788j)	0.3309018611907959	49.952836034318395
525	(1.687098784433753-1.4468941591333393j)	0.29666924476623535	50.048163965681596
526	(1.6510158656777727-1.4891286875016139j)	0.3013420104980469	50.1434918970448
527	(1.6139637339453246-1.5302596335980787j)	0.2946507930755615	50.238819828408
528	(1.575785074115084-1.5702733404671987j)	0.3056340217590332	50.334147759771206
529	(1.5364694663779217-1.6093462483877747j)	0.299591064453125	50.42947569113441
530	(1.496216129238205-1.6475664691740277j)	0.2889249324798584	50.52480362249761
531	(1.455187710246525-1.684790242006439j)	0.28970813751220703	50.620131553860816
532	(1.4133087862547837-1.7208300750759666j)	0.2852311134338379	50.71545948522402
533	(1.37039929684918-1.7557060910883897j)	0.2938833236694336	50.81078741658722
534	(1.3264549037225903-1.7895854840491552j)	0.2864382266998291	50.90611534795042
535	(1.2816744408029632-1.8225051924796405j)	0.30969810485839844	51.00144327931363
536	(1.2362021630547477-1.8542739387649865j)	0.3168299198150635	51.09677121067683
537	(1.1899560470588517-1.884699469878948j)	0.3014678955078125	51.19209914204003
538	(1.1427955006840413-1.913818129208293j)	0.31232500076293945	51.28742707340324
539	(1.0947792691022258-1.9418019884178923j)	0.29897403717041016	51.38275500476644
540	(1.046143162377854-1.9686795359331795j)	0.31321120262145996	51.47808293612964
541	(0.9969370944773662-1.994183713488767j)	0.2996079921722412	51.573410867492846
542	(0.9473126081791945-2.018450005241925j)	0.2885420322418213	51.66873879885605
543	(0.8968732611403523-2.0412988267340797j)	0.2879178524017334	51.76406673021925
544	(0.84576678218998-2.0630053697340345j)	0.2932007312774658	51.85939466158245
545	(0.7942027007611313-2.0835710140722346j)	0.2944612503051758	51.95472259294566
546	(0.7422657335446805-2.1027952060802555j)	0.28984498977661133	52.05005052430886
547	(0.6898223781364445-2.1205406580029935j)	0.2892143726348877	52.14537845567206
548	(0.6367513192037993-2.1368977309408614j)	0.28891420364379883	52.24070638703527
549	(0.5831625305380572-2.1520208696232217j)	0.2868618965148926	52.33603431839847
550	(0.5292940384877907-2.165872249814605j)	0.28675031661987305	52.43136224976167
551	(0.47523279322279866-2.178251743012643j)	0.2960052490234375	52.52669018112488
552	(0.4208570369719742-2.1890688694418454j)	0.2878708839416504	52.62201811248808
553	(0.3660800671931752-2.1984681454861077j)	0.292449951171875	52.71734604385128
554	(0.31103605763179787-2.2066244992813027j)	0.28916025161743164	52.81267397521448
555	(0.25594067044584445-2.213500699839625j)	0.289902925491333	52.90800190657769
556	(0.200824345525062-2.218910430925491j)	0.2921020984649658	53.00332983794089
557	(0.14552571221568522-2.222792880905141j)	0.2862679958343506	53.09865776930409
558	(0.08995690153658775-2.2252958140112664j)	0.28991198539733887	53.1939857006673
559	(0.03426457451598086-2.226553891302275j)	0.2859351634979248	53.2893136320305
560	(-0.021341646373841172-2.226476622388007j)	0.28801679611206055	53.3846415633937
561	(-0.07684314799437231-2.2248604619074404j)	0.28543519973754883	53.4799694947569
562	(-0.13237804862427827-2.2216647809429935j)	0.29193615913391113	53.57529742612011
563	(-0.1879790900395072-2.217061009191096j)	0.28893113136291504	53.67062535748331
564	(-0.2434551236143443-2.211184826634188j)	0.28873705863952637	53.76595328884651
565	(-0.298599554284127-2.203954670496568j)	0.289837121963501	53.86128122020972
566	(-0.353426197129996-2.195204880942j)	0.2900981903076172	53.95660915157292
567	(-0.4080950339274062-2.18495425130738j)	0.2908751964569092	54.05193708293612
568	(-0.4626393119820301-2.1733988979836685j)	0.2888519763946533	54.14726501429933
569	(-0.5168808458415479-2.1606515446126835j)	0.29126691818237305	54.24259294566253
570	(-0.5706552606571131-2.146590963207585j)	0.28940391540527344	54.33792087702573
571	(-0.6240147536562521-2.131041436039648j)	0.29605984687805176	54.43324880838893
572	(-0.6771131739108053-2.1140236076267316j)	0.28676295280456543	54.52857673975214
573	(-0.7299368765114799-2.095721307451841j)	0.2894608974456787	54.62390467111534
574	(-0.7822620354200627-2.0762194246113204j)	0.2859010696411133	54.71923260247854
575	(-0.8339346102234804-2.0553727773202013j)	0.2971620559692383	54.81456053384175
576	(-0.88499238372801-2.033057746813652j)	0.28977489471435547	54.90988846520495
577	(-0.9355797553995862-2.0093507255506085j)	0.28737902641296387	55.00521639656815
578	(-0.9856614350933404-1.9844697528230792j)	0.28603625297546387	55.10054432793135
579	(-1.0350317238957838-1.9584952578021007j)	0.2871370315551758	55.19587225929456
580	(-1.0835723928905971-1.931292964598501j)	0.29416799545288086	55.29120019065776
581	(-1.1313923796182674-1.902741836103795j)	0.2865159511566162	55.38652812202096
582	(-1.1786438611083079-1.8729325164692783j)	0.2878899574279785	55.48185605338417
583	(-1.2252732465237943-1.842057913671975j)	0.28844785690307617	55.57718398474737
584	(-1.2710669116680715-1.8101429397410247j)	0.29278111457824707	55.67251191611057
585	(-1.3159146723981705-1.7770233027373232j)	0.28569817543029785	55.76783984747378
586	(-1.3599199461927294-1.7425940734827507j)	0.2882080078125	55.86316777883698
587	(-1.4031913723672094-1.7069814072042897j)	0.28697919845581055	55.95849571020018
588	(-1.4456263947010592-1.6703955077839887j)	0.28514885902404785	56.05382364156338
589	(-1.4870168710274354-1.6328570098618345j)	0.28954601287841797	56.14915157292659
590	(-1.5272771172404656-1.5942336036397735j)	0.2935161590576172	56.24447950428979
591	(-1.5665525499557096-1.5544668964236001j)	0.2918558120727539	56.33980743565299
592	(-1.6049665005963887-1.513716128438383j)	0.2853710651397705	56.4351353670162
593	(-1.6424252552589618-1.4721728188137782j)	0.28771376609802246	56.5304632983794
594	(-1.678735808480632-1.4298213544970464j)	0.28482818603515625	56.6257912297426
595	(-1.713865166688489-1.3864916175058244j)	0.2904622554779053	56.721119161105804
596	(-1.7479620039974986-1.3421273943317749j)	0.2849268913269043	56.81644709246901
597	(-1.7813686845191548-1.2967204802147039j)	0.2893829345703125	56.91177502383221
598	(-1.8131691424644634-1.2509493538984302j)	0.28830409049987793	57.007102955195414
599	(-1.8439277113796981-1.2042745861738684j)	0.282224178314209	57.10243088655862
600	(-1.873453593468465-1.1566618850753794j)	0.29307103157043457	57.19775881792182
601	(-1.9016322415363067-1.1082842072023764j)	0.2854642868041992	57.293086749285024
602	(-1.9288092281675613-1.059173859758834j)	0.28978919982910156	57.38841468064823
603	(-1.9547392172777713-1.0095727308902918j)	0.2829756736755371	57.48374261201143
604	(-1.979275082075235-0.9594225981808073j)	0.2875220775604248	57.579070543374634
605	(-2.0027104649678664-0.9084190763412261j)	0.29875802993774414	57.674398474737835
606	(-2.0244390911013337-0.8570522585539547j)	0.2913088798522949	57.76972640610104
607	(-2.045305048693932-0.8050341291743375j)	0.2871971130371094	57.865054337464244
608	(-2.0648844881095645-0.7526519400507126j)	0.2890188694000244	57.960382268827445
609	(-2.0830109253794538-0.6998163270055543j)	0.2929809093475342	58.05571020019065
610	(-2.0997247595709263-0.6463833244475077j)	0.28554224967956543	58.151038131553854
611	(-2.1151827171972077-0.5924029901884965j)	0.28690624237060547	58.246366062917055
612	(-2.129398210431934-0.538096289301026j)	0.28642988204956055	58.341693994280256
613	(-2.1421949032792225-0.483596605919682j)	0.29270100593566895	58.437021925643464
614	(-2.1534388083199385-0.42882239753946927j)	0.29254698753356934	58.532349857006665
615	(-2.163221316057828-0.3736628561781995j)	0.29136180877685547	58.627677788369866
616	(-2.171726271063262-0.31820202948061993j)	0.28855204582214355	58.723005719733074
617	(-2.178971992818601-0.262655329208188j)	0.2965419292449951	58.818333651096275
618	(-2.18479405960837-0.207108969393753j)	0.285275936126709	58.913661582459476
619	(-2.1890902048133984-0.15143657440982006j)	0.28970766067504883	59.008989513822684
620	(-2.1919700786215515-0.09551774781939515j)	0.2854588031768799	59.104317445185885
621	(-2.1935894522075468-0.039443834793467025j)	0.28530311584472656	59.199645376549086
622	(-2.1938407367840176+0.016537035877900008j)	0.2812800407409668	59.29497330791229
623	(-2.1927549284141534+0.07246942960967906j)	0.2843761444091797	59.390301239275495
624	(-2.1900169376513023+0.12835776889292705j)	0.29000020027160645	59.485629170638695
625	(-2.1858290961879137+0.1843118466942253j)	0.29247212409973145	59.580957102001896
626	(-2.1803508367032927+0.24018898073165917j)	0.2924840450286865	59.676285033365104
627	(-2.1735481339484335+0.295767380488565j)	0.28746986389160156	59.771612964728305
628	(-2.165314256423211+0.35080420879263796j)	0.29360270500183105	59.866940896091506
629	(-2.1554477774406227+0.40603008963137976j)	0.28691673278808594	59.962268827454714
630	(-2.1442830894429106+0.4609264131216962j)	0.29271864891052246	60.057596758817915
631	(-2.1319147431325223+0.5155534690162346j)	0.2912120819091797	60.152924690181116
632	(-2.1182769693708576+0.5697280799289055j)	0.28705310821533203	60.24825262154432
633	(-2.10319131500046+0.6234491590749518j)	0.2861301898956299	60.343580552907525
634	(-2.0866261388261638+0.6768651288156496j)	0.28812313079833984	60.438908484270726
635	(-2.0687403334142824+0.7300156603353123j)	0.28670215606689453	60.53423641563393
636	(-2.049651362063651+0.7827233007709982j)	0.2918519973754883	60.629564346997135
637	(-2.0292701319547457+0.8347903847057823j)	0.28632593154907227	60.724892278360336
638	(-2.007441496561872+0.8862184398580683j)	0.2849771976470947	60.82022020972354
639	(-1.9841878702094116+0.9371423196740089j)	0.286163330078125	60.91554814108674
640	(-1.9597515937523482+0.9875923814966008j)	0.2788398265838623	61.010876072449946
641	(-1.9341309910512718+1.0373347138663673j)	0.2877533435821533	61.10620400381315
642	(-1.9073638218994+1.0862672526055006j)	0.2822439670562744	61.20153193517635
643	(-1.8792679473015417+1.134429557377191j)	0.30467891693115234	61.296859866539556
644	(-1.8498866487911731+1.1819806698485937j)	0.2926487922668457	61.39218779790276
645	(-1.8194040091771835+1.2289249511295686j)	0.28400397300720215	61.48751572926596
646	(-1.7878980425842157+1.2750743643922875j)	0.29125499725341797	61.582843660629166
647	(-1.7552386076571485+1.32028256192523j)	0.2887890338897705	61.67817159199237
648	(-1.7212887001211823+1.3646106710478125j)	0.2897658348083496	61.77349952335557
649	(-1.6861184121025188+1.408183899491953j)	0.2902078628540039	61.86882745471877
650	(-1.6499304154720182+1.4509575918737185j)	0.2929809093475342	61.96415538608198
651	(-1.6128032721127001+1.492722372988513j)	0.2858710289001465	62.05948331744518
652	(-1.5746224825876882+1.5333560950617322j)	0.28771305084228516	62.15481124880838
653	(-1.5352978400522563+1.5729552087123921j)	0.2898859977722168	62.25013918017159
654	(-1.4949427539455924+1.6116624150935461j)	0.285902738571167	62.34546711153479
655	(-1.453761915763663+1.6494365266239814j)	0.28961730003356934	62.44079504289799
656	(-1.4117936922506913+1.6860905886402278j)	0.2862539291381836	62.53612297426119
657	(-1.3688960336812825+1.7215467014294512j)	0.28807497024536133	62.6314509056244
658	(-1.324971221781107+1.7559228131905322j)	0.28420400619506836	62.7267788369876
659	(-1.2801349305551961+1.7893374336236243j)	0.28844690322875977	62.8221067683508
660	(-1.234571899307895+1.8217022861844212j)	0.28963494300842285	62.91743469971401
661	(-1.1883658590626218+1.8528292929769075j)	0.28473806381225586	63.01276263107721
662	(-1.1411781436638035+1.8825791773287186j)	0.28630661964416504	63.10809056244041
663	(-1.0931637936868843+1.911139172199975j)	0.28775691986083984	63.20341849380362
664	(-1.0444215340116592+1.938592243741463j)	0.284376859664917	63.29874642516682
665	(-0.9951508660759905+1.9648423426696477j)	0.29090118408203125	63.39407435653002
666	(-0.9453592253922074+1.989713003401739j)	0.28967809677124023	63.48940228789322
667	(-0.8949074574571707+2.0131869335709833j)	0.2903561592102051	63.58473021925643
668	(-0.8437612954495186+2.0354260678450062j)	0.28964829444885254	63.68005815061963
669	(-0.7920831271216746+2.0565314520335396j)	0.28974413871765137	63.77538608198283
670	(-0.7400307114244946+2.076389783171757j)	0.2949998378753662	63.87071401334604
671	(-0.6875641862253468+2.0948206581833184j)	0.2872331142425537	63.96604194470924
672	(-0.6345335872014344+2.1118142907608597j)	0.2895469665527344	64.06136987607245
673	(-0.5809330047421051+2.1275164274122744j)	0.2845492362976074	64.15669780743565
674	(-0.5269538129599132+2.1419859525713743j)	0.2896888256072998	64.25202573879885
675	(-0.4727637260189267+2.155080739681035j)	0.28540706634521484	64.34735367016206
676	(-0.4183252716445424+2.1666371724802445j)	0.2888197898864746	64.44268160152527
677	(-0.36351794846236357+2.176691805716638j)	0.2914412021636963	64.53800953288847
678	(-0.30837727751971106+2.185421536567071j)	0.2883899211883545	64.63333746425167
679	(-0.2531045434030356+2.192891898432409j)	0.287473201751709	64.72866539561487
680	(-0.1978311133826232+2.1989725622529415j)	0.2853689193725586	64.82399332697807
681	(-0.14240937857137542+2.2035170668332147j)	0.2924659252166748	64.91932125834127
682	(-0.08689951483311759+2.2066340354096448j)	0.2846870422363281	65.01464918970449
683	(-0.031141171268318557+2.20844426029069j)	0.2885570526123047	65.10997712106769
684	(0.024602747716532536+2.2089829833007677j)	0.29226207733154297	65.20530505243089
685	(0.08022193060359067+2.2080822822210897j)	0.28740406036376953	65.30063298379409
686	(0.13580096274348846+2.2056116144850524j)	0.28489065170288086	65.39596091515729
687	(0.1914424537098479+2.20165314337746j)	0.29194188117980957	65.49128884652049
688	(0.24705296784019143+2.1963680264740515j)	0.2951502799987793	65.58661677788369
689	(0.3024129295480431+2.18977665479106j)	0.28552985191345215	65.6819447092469
690	(0.3572593712272913+2.181757314203568j)	0.2929708957672119	65.77727264061011
691	(0.41219238144971654+2.172142901461988j)	0.2867610454559326	65.87260057197331
692	(0.46681760946724365+2.161152245265397j)	0.2899739742279053	65.96792850333651
693	(0.5212100932957097+2.148928156766975j)	0.2844510078430176	66.06325643469971
694	(0.575178282809511+2.13546029683724j)	0.29198169708251953	66.15858436606291
695	(0.6286731675299327+2.120583217505634j)	0.3025500774383545	66.25391229742611
696	(0.68182277413748+2.1042207210943373j)	0.3055870532989502	66.34924022878933
697	(0.7347096489385039+2.0864985530900984j)	0.3026590347290039	66.44456816015253
698	(0.787203709213288+2.0675594968698023j)	0.3047969341278076	66.53989609151573
699	(0.8390962719822519+2.0473604929017424j)	0.30379700660705566	66.63522402287893
700	(0.8903394164516426+2.0257423442802325j)	0.30497312545776367	66.73055195424213
701	(0.941049140750404+2.002675550488222j)	0.30193614959716797	66.82587988560533
702	(0.9912788754248286+1.9783289412386398j)	0.3071298599243164	66.92120781696855
703	(1.0408824000449415+1.9528600811967343j)	0.3105320930480957	67.01653574833175
704	(1.0896499055057363+1.9259829788472083j)	0.29166102409362793	67.11186367969495
705	(1.1376762214469296+1.898289913530842j)	0.2906510829925537	67.20719161105815
706	(1.1850202165657366+1.8690417111258477j)	0.29078197479248047	67.30251954242135
707	(1.2318541650728885+1.8386411896602706j)	0.29111814498901367	67.39784747378455
708	(1.2777623766785482+1.8072358276839762j)	0.29227113723754883	67.49317540514775
709	(1.3228387971567037+1.7747096220208096j)	0.2892770767211914	67.58850333651097
710	(1.3670108575298185+1.7409186523242604j)	0.28826212882995605	67.68383126787417
711	(1.4104087510420222+1.7058799153969593j)	0.28344297409057617	67.77915919923737
712	(1.4529299469296781+1.6703215780759428j)	0.2955770492553711	67.87448713060057
713	(1.4947049377218864+1.6327271584450531j)	0.28379201889038086	67.96981506196377
714	(1.5352605775435089+1.5946534882968073j)	0.28696584701538086	68.06514299332697
715	(1.5747201162632956+1.5554437440653432j)	0.28720569610595703	68.16047092469017
716	(1.6133145136086064+1.515157373789135j)	0.28980493545532227	68.25579885605339
717	(1.6509659908155077+1.4740016230001696j)	0.2880992889404297	68.35112678741659
718	(1.687536202457246+1.432066614091022j)	0.29247117042541504	68.44645471877979
719	(1.7229091880931373+1.3892425752771076j)	0.29329729080200195	68.54178265014299
720	(1.7571647797398642+1.3454069187248534j)	0.2861018180847168	68.63711058150619
721	(1.790441298237315+1.3006280093124334j)	0.31924915313720703	68.7324385128694
722	(1.8227043197849242+1.255088622577909j)	0.29013609886169434	68.8277664442326
723	(1.8537585783245754+1.2088527499439914j)	0.2885627746582031	68.92309437559581
724	(1.8834869913882888+1.1618031996274374j)	0.28828001022338867	69.01842230695901
725	(1.9121078883397886+1.113851904275453j)	0.2842731475830078	69.11375023832221
726	(1.9393398488836389+1.065130317318412j)	0.2932889461517334	69.20907816968541
727	(1.9655380924302728+1.0158347687218556j)	0.28612232208251953	69.30440610104861
728	(1.990390648740178+0.9660278342687699j)	0.2851700782775879	69.39973403241181
729	(2.0138328694524366+0.9155940873489928j)	0.29241490364074707	69.49506196377502
730	(2.0359948806250783+0.8644622388399826j)	0.29306983947753906	69.59038989513823
731	(2.057009112885069+0.81275825081402j)	0.28635692596435547	69.68571782650143
732	(2.0768128355475683+0.7606588576614493j)	0.28889989852905273	69.78104575786463
733	(2.095226691760449+0.7081739352460841j)	0.2877812385559082	69.87637368922783
734	(2.1121964016042+0.655162794187743j)	0.2875511646270752	69.97170162059103
735	(2.127747399827096+0.6015711121471017j)	0.2902519702911377	70.06702955195423
736	(2.1422633207834068+0.547553897085447j)	0.28556299209594727	70.16235748331745
737	(2.155354938062604+0.4932954622085339j)	0.2893509864807129	70.25768541468065
738	(2.166941101905509+0.43880758139246406j)	0.28565192222595215	70.35301334604385
739	(2.177003827484647+0.38397262256401954j)	0.28757405281066895	70.44834127740705
740	(2.1856991637798373+0.3287812807908091j)	0.2842140197753906	70.54366920877025
741	(2.193131138945314+0.2734084786648737j)	0.2865941524505615	70.63899714013345
742	(2.199209198782905+0.21802017894429493j)	0.2855501174926758	70.73432507149666
743	(2.203785576396516+0.16258525468467916j)	0.2876930236816406	70.82965300285987
744	(2.2068781263462482+0.10696245507083213j)	0.28418827056884766	70.92498093422307
745	(2.2086460306977673+0.05114123727272678j)	0.2912158966064453	71.02030886558627
746	(2.2091573869722447-0.004707226381337831j)	0.2940058708190918	71.11563679694947
747	(2.2082805425710443-0.06043956585588381j)	0.2937631607055664	71.21096472831267
748	(2.2058596203072334-0.11610151370639094j)	0.29278016090393066	71.30629265967588
749	(2.2019245296371914-0.17181045908881434j)	0.28597307205200195	71.40162059103908
750	(2.1964079353492623-0.22750386973807307j)	0.29352712631225586	71.49694852240229
751	(2.190050506839461-0.2830416135680972j)	0.2808690071105957	71.59227645376549
752	(2.18204524225561-0.3382187099767104j)	0.28804993629455566	71.6876043851287
753	(2.1725101315068183-0.3931177667678082j)	0.2892460823059082	71.7829323164919
754	(2.1614580782864343-0.4478629657641268j)	0.29256105422973633	71.8782602478551
755	(2.1492770449654195-0.5023901526148584j)	0.2853739261627197	71.9735881792183
756	(2.1358021088445494-0.5565340519142206j)	0.2851829528808594	72.0689161105815
757	(2.120962317310505-0.6101945660822847j)	0.2860391139984131	72.16424404194471
758	(2.1046486892939558-0.663469277644869j)	0.29206395149230957	72.25957197330791
759	(2.08707795090658-0.7164541914195082j)	0.28509092330932617	72.35489990467111
760	(2.0681427137217594-0.7691010584776101j)	0.28747105598449707	72.45022783603432
761	(2.0478397391428493-0.8212074134758776j)	0.28674983978271484	72.54555576739752
762	(2.0262935546993894-0.8726465302759585j)	0.283951997756958	72.64088369876072
763	(2.003294104804124-0.923522565885453j)	0.29686808586120605	72.73621163012393
764	(1.9789693190250617-0.973919251445633j)	0.2866518497467041	72.83153956148713
765	(1.9534954905383055-1.0237313602178206j)	0.2855231761932373	72.92686749285033
766	(1.9268808724977065-1.072768010566418j)	0.2879829406738281	73.02219542421354
767	(1.898991492216639-1.1209814652217718j)	0.2891819477081299	73.11752335557674
768	(1.8697843233470293-1.1685001598783529j)	0.28339099884033203	73.21285128693994
769	(1.8393929347434108-1.2154162669383566j)	0.2872130870819092	73.30817921830314
770	(1.8079710589199474-1.261619723659849j)	0.2897517681121826	73.40350714966635
771	(1.7754783207024307-1.3069307686826543j)	0.2841031551361084	73.49883508102955
772	(1.7417602108724304-1.3513201232052605j)	0.28626203536987305	73.59416301239276
773	(1.706782815370179-1.3949057787038475j)	0.2876729965209961	73.68949094375596
774	(1.6707012623499105-1.4377348187100083j)	0.2875330448150635	73.78481887511916
775	(1.6336488067343298-1.4795916103984326j)	0.27748584747314453	73.88014680648236
776	(1.595626767619328-1.5204952595609853j)	0.2874469757080078	73.97547473784556
777	(1.556474432645831-1.5602377170202097j)	0.2856879234313965	74.07080266920877
778	(1.516220859286402-1.5990245334465867j)	0.2884657382965088	74.16613060057198
779	(1.4750514116843947-1.6369030923020977j)	0.2915780544281006	74.26145853193518
780	(1.4330993843664628-1.6737366878641247j)	0.28664493560791016	74.35678646329838
781	(1.3902989791427758-1.7093823237291308j)	0.29142308235168457	74.45211439466158
782	(1.3465156391866921-1.7438763002167663j)	0.28734683990478516	74.54744232602478
783	(1.3017685145166138-1.7773613179533017j)	0.2862849235534668	74.64277025738798
784	(1.2562292170363225-1.809854825708708j)	0.28832507133483887	74.7380981887512
785	(1.210000509072923-1.8411889533009749j)	0.28917717933654785	74.8334261201144
786	(1.1629976981196424-1.8712132827633288j)	0.28267765045166016	74.9287540514776
787	(1.1151097740810831-1.899967791651577j)	0.29803895950317383	75.0240819828408
788	(1.0664050228870008-1.927583117854364j)	0.28641414642333984	75.119409914204
789	(1.017086972895383-1.9540529331976562j)	0.2859680652618408	75.2147378455672
790	(0.9672597536374884-1.9792146299910847j)	0.286160945892334	75.3100657769304
791	(0.9168490639630746-2.0029601134073034j)	0.29074788093566895	75.40539370829362
792	(0.8657326844925229-2.0253855415717292j)	0.2854268550872803	75.50072163965682
793	(0.8140204332640548-2.0466339929940633j)	0.285571813583374	75.59604957102002
794	(0.7618863501251767-2.066695804448217j)	0.28673887252807617	75.69137750238322
795	(0.7093884877547488-2.0854058221921004j)	0.287416934967041	75.78670543374642
796	(0.6564086408854912-2.1026704917040893j)	0.2875216007232666	75.88203336510962
797	(0.6028562912214863-2.1185801625995344j)	0.2882518768310547	75.97736129647284
798	(0.5488380233694353-2.1332550504712566j)	0.29293179512023926	76.07268922783604
799	(0.4945470995095299-2.146639160724212j)	0.28647923469543457	76.16801715919924
800	(0.4400399587149327-2.1585558800842897j)	0.28634214401245117	76.26334509056244
801	(0.38521419413606484-2.1689382364319014j)	0.28652405738830566	76.35867302192564
802	(0.3300228872187477-2.177909870070221j)	0.2929868698120117	76.45400095328884
803	(0.2746053704813563-2.1856014230443175j)	0.2868311405181885	76.54932888465204
804	(0.21908620282951918-2.191768978547862j)	0.2843801975250244	76.64465681601526
805	(0.16367364680824037-2.196852481199438j)	0.28743767738342285	76.73998474737846
806	(0.10805027445692317-2.200234101783122j)	0.2859339714050293	76.83531267874166
807	(0.052226631071843554-2.2022519386153014j)	0.28908491134643555	76.93064061010486
808	(-0.003660053292747656-2.2030120693513777j)	0.2953662872314453	77.02596854146806
809	(-0.059445763187999434-2.202426808786662j)	0.2886991500854492	77.12129647283126
810	(-0.11513312109503859-2.200329578677021j)	0.28551292419433594	77.21662440419446
811	(-0.17084110835972266-2.1967006897464545j)	0.28900885581970215	77.31195233555768
812	(-0.2260752109497991-2.193094477665248j)	0.2727320194244385	77.40728026692088
813	(-0.28216408699892537-2.1853701038178945j)	0.29265475273132324	77.50260819828408
814	(-0.337430446850016-2.177670126864179j)	0.287647008895874	77.59793612964728
815	(-0.39239056552699425-2.168452668896614j)	0.2948899269104004	77.69326406101048
816	(-0.4471640308587287-2.1577514377965064j)	0.29155993461608887	77.78859199237368
817	(-0.5017488715654541-2.145740589407895j)	0.28251194953918457	77.88391992373688
818	(-0.555979741583285-2.132507948265545j)	0.2878749370574951	77.9792478551001
819	(-0.6097254521250438-2.1179481817623804j)	0.28478097915649414	78.0745757864633
820	(-0.6630457170891765-2.1019315926211197j)	0.28641796112060547	78.1699037178265
821	(-0.7160667746921034-2.084499383331978j)	0.2858438491821289	78.2652316491897
822	(-0.768762089990783-2.065805221219297j)	0.2983858585357666	78.3605595805529
823	(-0.820943980822833-2.0458985987095355j)	0.29077816009521484	78.4558875119161
824	(-0.8724807364152367-2.0246538813388364j)	0.28688907623291016	78.55121544327932
825	(-0.9234273157005745-2.0019613645306618j)	0.2890348434448242	78.64654337464252
826	(-0.9738832122461742-1.9779022965144668j)	0.2892451286315918	78.74187130600572
827	(-1.0237880327632678-1.9526572472675872j)	0.28782057762145996	78.83719923736892
828	(-1.0729536789445722-1.926280378070666j)	0.28592610359191895	78.93252716873212
829	(-1.1212859254753638-1.8986584582075767j)	0.28624486923217773	79.02785510009532
830	(-1.1688808092138303-1.8697139925633068j)	0.2866392135620117	79.12318303145852
831	(-1.2158538702548638-1.839549474828743j)	0.28546786308288574	79.21851096282174
832	(-1.2621424130287702-1.8083314214744275j)	0.28612303733825684	79.31383889418494
833	(-1.3075698702125247-1.776069513817181j)	0.29877281188964844	79.40916682554814
834	(-1.3520645460806229-1.7426225684355425j)	0.28636813163757324	79.50449475691134
835	(-1.3957234361914697-1.70791522553974j)	0.2905600070953369	79.59982268827454
836	(-1.438626853214929-1.6720644285602209j)	0.28824496269226074	79.69515061963774
837	(-1.4806696782528346-1.6352327410001959j)	0.2897169589996338	79.79047855100094
838	(-1.5213021865361147-1.5972532625977562j)	0.29354095458984375	79.88580648236416
839	(-1.5615399798135483-1.5585256162907606j)	0.2849740982055664	79.98113441372736
840	(-1.6004282391303224-1.5185034440245933j)	0.2874917984008789	80.07646234509056
841	(-1.638403967333417-1.4775168425368554j)	0.28359413146972656	80.17179027645376
842	(-1.675367000142493-1.4357284719907133j)	0.28844594955444336	80.26711820781696
843	(-1.7111592125905715-1.3931209170557597j)	0.2916431427001953	80.36244613918016
844	(-1.7457713775910497-1.3495611422288014j)	0.29437899589538574	80.45777407054337
845	(-1.779338148444935-1.3050245106586713j)	0.28491806983947754	80.55310200190658
846	(-1.8119206235950998-1.2596607685710681j)	0.29433488845825195	80.64842993326978
847	(-1.8433882315600265-1.2136016219753227j)	0.2861807346343994	80.74375786463298
848	(-1.8735721574697435-1.1667999107379314j)	0.285707950592041	80.83908579599618
849	(-1.9024646613230942-1.11913543265472j)	0.28529882431030273	80.93441372735938
