	res_adaptive	time_adaptive	w
0	(1.0868586746299005-0.07540230329000454j)	0.35390281677246094	0.001
1	(1.2688355572354826-0.3259262143678076j)	0.31562304496765137	0.09632793136320304
2	(1.3736797409778865-0.4935038445993849j)	0.34275197982788086	0.19165586272640608
3	(1.4574724993065555-0.6337845103632329j)	0.3118457794189453	0.2869837940896091
4	(1.5102383786681162-0.7682899859734036j)	0.3168141841888428	0.38231172545281217
5	(1.5635183797865957-0.8861248910903687j)	0.2969810962677002	0.4776396568160152
6	(1.6038951207366219-1.0033818189773391j)	0.29607486724853516	0.5729675881792182
7	(1.6396054901751298-1.1163449707696316j)	0.3176758289337158	0.6682955195424213
8	(1.664836438992722-1.2243468283368568j)	0.3178849220275879	0.7636234509056243
9	(1.6914172542307286-1.3350802802875323j)	0.3012816905975342	0.8589513822688274
10	(1.709472946468051-1.4391104288951375j)	0.31136369705200195	0.9542793136320304
11	(1.7219707947426763-1.5422001348773768j)	0.3040330410003662	1.0496072449952334
12	(1.737693762221095-1.642430861435423j)	0.29691433906555176	1.1449351763584363
13	(1.7418290015208402-1.7446151831256158j)	0.3056800365447998	1.2402631077216395
14	(1.7475977089132844-1.8419162237928455j)	0.3002970218658447	1.3355910390848424
15	(1.7491320253095417-1.9377158478159504j)	0.3024110794067383	1.4309189704480456
16	(1.7480228639584559-2.037504029145589j)	0.30710721015930176	1.5262469018112486
17	(1.7421209976437455-2.1288292763703027j)	0.31562376022338867	1.6215748331744515
18	(1.7364215511330143-2.224325433093407j)	0.3129749298095703	1.7169027645376547
19	(1.7275515671575543-2.3171383808864348j)	0.3020191192626953	1.8122306959008576
20	(1.7124384416026053-2.4087472897772604j)	0.29785585403442383	1.9075586272640608
21	(1.7014236808265761-2.4984727544263023j)	0.3065681457519531	2.0028865586272637
22	(1.6825162825858697-2.5893378051852673j)	0.29885387420654297	2.098214489990467
23	(1.6635271094646868-2.678145902814164j)	0.3015139102935791	2.19354242135367
24	(1.6425682801521349-2.7633984074724225j)	0.30127882957458496	2.288870352716873
25	(1.6194234548538393-2.8532791227850733j)	0.31260180473327637	2.384198284080076
26	(1.592800481509571-2.936469148128252j)	0.3594851493835449	2.479526215443279
27	(1.5653077045113701-3.0214322042832857j)	0.36530303955078125	2.574854146806482
28	(1.5373529669832753-3.1054101418913813j)	0.33858513832092285	2.670182078169685
29	(1.5027028515725949-3.187678883263436j)	0.2994108200073242	2.765510009532888
30	(1.4717215628790385-3.2683002343736463j)	0.3034379482269287	2.8608379408960913
31	(1.435484053547153-3.348902768841987j)	0.3048360347747803	2.956165872259294
32	(1.3977373705960074-3.4291771058717515j)	0.2994959354400635	3.0514938036224972
33	(1.359215203101078-3.504522545509805j)	0.3121211528778076	3.1468217349857004
34	(1.3187587732091504-3.5840415383774338j)	0.295241117477417	3.242149666348903
35	(1.2758438967516155-3.6585478471717536j)	0.30479001998901367	3.3374775977121063
36	(1.2315196531940595-3.732708117243235j)	0.3070096969604492	3.4328055290753094
37	(1.1862337044607538-3.8061320619409647j)	0.30376386642456055	3.5281334604385126
38	(1.1374280014774631-3.878882625297686j)	0.2992408275604248	3.6234613918017153
39	(1.0900267608821166-3.949436890576447j)	0.3095400333404541	3.7187893231649185
40	(1.0396877871114598-4.01878719113082j)	0.303206205368042	3.8141172545281217
41	(0.9868347298994585-4.088973617198921j)	0.35171008110046387	3.9094451858913244
42	(0.9338937565435955-4.1535991536197026j)	0.2944209575653076	4.004773117254528
43	(0.87925005957545-4.2212582159859355j)	0.32221484184265137	4.100101048617731
44	(0.8231245410361588-4.285617776466384j)	0.30522918701171875	4.195428979980934
45	(0.76424047909562-4.347918300017037j)	0.3079109191894531	4.290756911344137
46	(0.7076508067484127-4.410586018323032j)	0.3428380489349365	4.386084842707341
47	(0.6454924879242181-4.4710228885020635j)	0.30646514892578125	4.481412774070543
48	(0.5845872247762851-4.530130979257829j)	0.3037228584289551	4.576740705433746
49	(0.5227629944580169-4.5869633111777075j)	0.3146369457244873	4.67206863679695
50	(0.45788955921612723-4.645289178762972j)	0.34799695014953613	4.7673965681601524
51	(0.39329090877391704-4.6981284391320255j)	0.2900862693786621	4.862724499523355
52	(0.3272175760755336-4.7524348199813575j)	0.31272292137145996	4.958052430886559
53	(0.26060554445197387-4.805064051170752j)	0.2952127456665039	5.0533803622497615
54	(0.19073171336163575-4.854393626336397j)	0.2848668098449707	5.148708293612964
55	(0.12242667545408586-4.904943339123438j)	0.29477810859680176	5.244036224976168
56	(0.052168518404715564-4.951589997457935j)	0.28449106216430664	5.339364156339371
57	(-0.0193650373808395-4.997935395481975j)	0.29288792610168457	5.434692087702573
58	(-0.0901945953699603-5.041161907507188j)	0.2865619659423828	5.530020019065777
59	(-0.1641758470480416-5.084716387316514j)	0.28282594680786133	5.62534795042898
60	(-0.23766108779083725-5.126097362102112j)	0.2854452133178711	5.720675881792183
61	(-0.3124351432100976-5.165888858365161j)	0.28879594802856445	5.816003813155386
62	(-0.38689581113102445-5.205370577106828j)	0.28844594955444336	5.911331744518589
63	(-0.4647096259801603-5.240845524059586j)	0.28751492500305176	6.006659675881792
64	(-0.5400483765132383-5.276483254642251j)	0.28585076332092285	6.101987607244995
65	(-0.617789426832133-5.3098741976689645j)	0.2959718704223633	6.197315538608198
66	(-0.6969724880173244-5.3423861400467825j)	0.3038499355316162	6.292643469971401
67	(-0.7743089671288094-5.371258411808463j)	0.3052856922149658	6.387971401334604
68	(-0.8544064122082515-5.401452304799051j)	0.29854416847229004	6.483299332697807
69	(-0.9340588286044811-5.42795864752064j)	0.29631900787353516	6.57862726406101
70	(-1.0147441460168016-5.452530079934433j)	0.30352210998535156	6.673955195424213
71	(-1.0944261268301112-5.477768608889821j)	0.3173329830169678	6.769283126787417
72	(-1.1771158289785892-5.498819273185436j)	0.36937594413757324	6.8646110581506194
73	(-1.2579579935775502-5.519605570941362j)	0.3154008388519287	6.959938989513822
74	(-1.3393665786922104-5.538227968848959j)	0.33449816703796387	7.055266920877026
75	(-1.4231263208585654-5.55617792417915j)	0.41800594329833984	7.1505948522402285
76	(-1.5044105746483574-5.570345769708019j)	0.316342830657959	7.245922783603431
77	(-1.5877750013995748-5.585119612315198j)	0.3584308624267578	7.341250714966635
78	(-1.670720507789659-5.59756408184178j)	0.3448758125305176	7.436578646329838
79	(-1.7544694605406517-5.6067088166603565j)	0.3000011444091797	7.53190657769304
80	(-1.8367499268096692-5.617031981569137j)	0.291733980178833	7.627234509056244
81	(-1.9212898812256485-5.623447158355202j)	0.32747387886047363	7.722562440419447
82	(-2.004876975906202-5.629098183832013j)	0.33380699157714844	7.817890371782649
83	(-2.0873354842788276-5.632698077317583j)	0.30835819244384766	7.913218303145853
84	(-2.172577863355782-5.6357591524867665j)	0.3279581069946289	8.008546234509055
85	(-2.2551993200087774-5.635282637583301j)	0.2876749038696289	8.103874165872258
86	(-2.3390157794947983-5.634437567457206j)	0.3619401454925537	8.19920209723546
87	(-2.4229884107277555-5.632664577502704j)	0.2834451198577881	8.294530028598665
88	(-2.506386258549805-5.62664571354967j)	0.29311108589172363	8.389857959961867
89	(-2.58866752781108-5.621869588799055j)	0.297839879989624	8.48518589132507
90	(-2.6721499257923655-5.613815973141468j)	0.3482050895690918	8.580513822688273
91	(-2.7556481056807116-5.604526857991934j)	0.31352710723876953	8.675841754051476
92	(-2.836660533692448-5.59332483229423j)	0.3210031986236572	8.77116968541468
93	(-2.920369206039819-5.581610661222028j)	0.30938124656677246	8.866497616777883
94	(-3.00170805553379-5.566946451300578j)	0.3095407485961914	8.961825548141086
95	(-3.083283390914885-5.550849382106036j)	0.36763620376586914	9.057153479504288
96	(-3.1644268938885403-5.534998208167864j)	0.28817105293273926	9.152481410867491
97	(-3.245801222020055-5.514605632097975j)	0.3555636405944824	9.247809342230694
98	(-3.3255482979752333-5.49506902285777j)	0.3056321144104004	9.343137273593898
99	(-3.405265255862712-5.473098569925576j)	0.2897148132324219	9.438465204957101
100	(-3.4858512305780565-5.449529762882585j)	0.29909181594848633	9.533793136320304
101	(-3.5630659985459783-5.4242193285498335j)	0.31189703941345215	9.629121067683506
102	(-3.642407689755327-5.3983030534995065j)	0.31890082359313965	9.72444899904671
103	(-3.719896780450595-5.370279272166408j)	0.28675103187561035	9.819776930409914
104	(-3.7967142787087704-5.339847724836326j)	0.2997910976409912	9.915104861773116
105	(-3.8730133856364497-5.310521331255361j)	0.29519176483154297	10.010432793136319
106	(-3.949166634573004-5.276879792530235j)	0.3088669776916504	10.105760724499522
107	(-4.023954548276794-5.243447086254702j)	0.3125019073486328	10.201088655862725
108	(-4.097470187360146-5.208493442200109j)	0.31975817680358887	10.296416587225927
109	(-4.1724287258656405-5.171737761933088j)	0.294313907623291	10.391744518589132
110	(-4.243670724512437-5.133461181014046j)	0.3905520439147949	10.487072449952334
111	(-4.31609071864067-5.094378058294657j)	0.42705678939819336	10.582400381315537
112	(-4.38729400402541-5.05416078276896j)	0.30291295051574707	10.67772831267874
113	(-4.457064829931916-5.010815354038009j)	0.290539026260376	10.773056244041943
114	(-4.526185362519512-4.969005974423204j)	0.2920370101928711	10.868384175405145
115	(-4.594717236083692-4.923605175882806j)	0.2954220771789551	10.96371210676835
116	(-4.662286740299988-4.877638132414057j)	0.29276299476623535	11.059040038131553
117	(-4.727493995292934-4.8310038896201775j)	0.29378700256347656	11.154367969494755
118	(-4.794337197160403-4.782543999919273j)	0.29126572608947754	11.249695900857958
119	(-4.857628400067897-4.7328452778282015j)	0.29529905319213867	11.34502383222116
120	(-4.920931088021682-4.6820719376692015j)	0.2907106876373291	11.440351763584365
121	(-4.983627750142032-4.631131535848243j)	0.2954130172729492	11.535679694947568
122	(-5.044343623813566-4.576720662036057j)	0.3015561103820801	11.63100762631077
123	(-5.104251617634348-4.523834226016866j)	0.3150789737701416	11.726335557673973
124	(-5.163085609334645-4.468442881003396j)	0.29874300956726074	11.821663489037176
125	(-5.22210473719617-4.411785762224362j)	0.2838168144226074	11.916991420400379
126	(-5.27656384301646-4.355077560821475j)	0.28530192375183105	12.012319351763583
127	(-5.333132491171231-4.29673065374078j)	0.3056299686431885	12.107647283126786
128	(-5.386732995546202-4.23749215888887j)	0.30609893798828125	12.202975214489989
129	(-5.439553825908715-4.176670068640137j)	0.3146800994873047	12.298303145853192
130	(-5.491410475652369-4.116982319182873j)	0.31479406356811523	12.393631077216394
131	(-5.541386372115822-4.0536890562496115j)	0.30701375007629395	12.488959008579599
132	(-5.590403862431851-3.9915251485617036j)	0.3064401149749756	12.584286939942801
133	(-5.637857254947891-3.928129919910237j)	0.3149130344390869	12.679614871306004
134	(-5.685186822682853-3.8628635797131894j)	0.2869267463684082	12.774942802669207
135	(-5.728947032140905-3.7981199494812454j)	0.2931249141693115	12.87027073403241
136	(-5.7735066821586285-3.731977723021093j)	0.29340314865112305	12.965598665395612
137	(-5.815953871196461-3.665347540945665j)	0.30031418800354004	13.060926596758817
138	(-5.856138281860246-3.597165884193114j)	0.300098180770874	13.15625452812202
139	(-5.896030635160582-3.52855368429476j)	0.3129580020904541	13.251582459485222
140	(-5.934360675280651-3.460467020132329j)	0.2961280345916748	13.346910390848425
141	(-5.971203970746986-3.3911746091977597j)	0.30256009101867676	13.442238322211628
142	(-6.006042178520482-3.3219242101626656j)	0.3011183738708496	13.537566253574832
143	(-6.04100326991907-3.250520234158801j)	0.2913990020751953	13.632894184938035
144	(-6.0728198600950165-3.1799378634573605j)	0.29397130012512207	13.728222116301238
145	(-6.103722870876125-3.1082738566375414j)	0.29710984230041504	13.82355004766444
146	(-6.133877596334428-3.0365843173582325j)	0.30002474784851074	13.918877979027643
147	(-6.16098117665496-2.963277620261192j)	0.3029670715332031	14.014205910390846
148	(-6.18821729399124-2.8914994795141062j)	0.28993892669677734	14.10953384175405
149	(-6.213166796776597-2.817800314503466j)	0.3418259620666504	14.204861773117253
150	(-6.236973126761825-2.743808938683956j)	0.4406909942626953	14.300189704480456
151	(-6.2584431397566975-2.6709631183402256j)	0.28661108016967773	14.395517635843659
152	(-6.280076825902666-2.5960109239724316j)	0.2817668914794922	14.490845567206861
153	(-6.298568651219781-2.521932435770617j)	0.3314638137817383	14.586173498570064
154	(-6.315940942161975-2.4472451172533027j)	0.3591008186340332	14.681501429933268
155	(-6.3330348472498486-2.372932409348611j)	0.3285510540008545	14.776829361296471
156	(-6.346398280622008-2.297109227610454j)	0.29017114639282227	14.872157292659674
157	(-6.360219959382977-2.2228240657914373j)	0.287647008895874	14.967485224022877
158	(-6.371719095706185-2.1477470791955615j)	0.2965109348297119	15.06281315538608
159	(-6.382062326709904-2.0716755424220135j)	0.34420204162597656	15.158141086749284
160	(-6.389902336482265-1.997554737224701j)	0.29073619842529297	15.253469018112487
161	(-6.397723301027085-1.9217001088796162j)	0.32775187492370605	15.34879694947569
162	(-6.403126955468413-1.8466608999271625j)	0.31371283531188965	15.444124880838892
163	(-6.40641989774844-1.7714316416986455j)	0.3008852005004883	15.539452812202095
164	(-6.410100801074065-1.696954912871798j)	0.33787012100219727	15.634780743565297
165	(-6.410303869908203-1.6213331792051657j)	0.32457494735717773	15.730108674928502
166	(-6.410079016469065-1.546912542465517j)	0.3544597625732422	15.825436606291705
167	(-6.408098953057392-1.4729484546538867j)	0.28619384765625	15.920764537654907
168	(-6.404997163860564-1.3974976976045408j)	0.2851860523223877	16.016092469018112
169	(-6.399425461753563-1.3244336301053914j)	0.28348302841186523	16.111420400381316
170	(-6.393354607859036-1.2514941269605733j)	0.2883589267730713	16.206748331744517
171	(-6.385973769178461-1.176802724365846j)	0.2922401428222656	16.302076263107722
172	(-6.375590647531036-1.1035311662879637j)	0.30745601654052734	16.397404194470923
173	(-6.365955864744825-1.0313023684624891j)	0.45438694953918457	16.492732125834127
174	(-6.353207386049228-0.9584786617498466j)	0.3004000186920166	16.588060057197332
175	(-6.339603984422513-0.8863815835408004j)	0.32034993171691895	16.683387988560533
176	(-6.32457142036419-0.815880558280516j)	0.3691110610961914	16.778715919923737
177	(-6.308260561913022-0.7456931742559914j)	0.29071688652038574	16.874043851286938
178	(-6.29016976776055-0.6740000640315303j)	0.31151890754699707	16.969371782650143
179	(-6.270941833886513-0.6039948230744493j)	0.31266093254089355	17.064699714013347
180	(-6.251151817999536-0.5345458040337587j)	0.33528709411621094	17.160027645376548
181	(-6.227994961678494-0.4656435082234848j)	0.2918398380279541	17.255355576739753
182	(-6.205613785512398-0.39795513119382003j)	0.29385972023010254	17.350683508102954
183	(-6.1807747667302095-0.33038181533108923j)	0.30000996589660645	17.446011439466158
184	(-6.1546785383813365-0.2629991279575341j)	0.30631208419799805	17.541339370829363
185	(-6.127467768849476-0.19811255130254452j)	0.29244208335876465	17.636667302192564
186	(-6.099163799140188-0.13221635392419456j)	0.3079378604888916	17.731995233555768
187	(-6.069296464222369-0.06756859623240169j)	0.35723018646240234	17.82732316491897
188	(-6.037854357096609-0.003960021733588781j)	0.3288908004760742	17.922651096282173
189	(-6.00668647145126+0.05917655989566406j)	0.3379950523376465	18.017979027645374
190	(-5.972093203510289+0.1214632069619187j)	0.28994297981262207	18.11330695900858
191	(-5.93800440888903+0.182498434726184j)	0.29550600051879883	18.208634890371783
192	(-5.902291116764576+0.24262957740119406j)	0.31061601638793945	18.303962821734984
193	(-5.865022585312926+0.3030414987590637j)	0.2884542942047119	18.39929075309819
194	(-5.827322656298333+0.36036951726188615j)	0.2950320243835449	18.49461868446139
195	(-5.787906071084043+0.41872533968451786j)	0.2858138084411621	18.589946615824594
196	(-5.747700750162667+0.4753380788357495j)	0.3435990810394287	18.6852745471878
197	(-5.7055503938965035+0.5305875817295939j)	0.3768010139465332	18.780602478551
198	(-5.664282822825614+0.5853719446425656j)	0.3541140556335449	18.875930409914204
199	(-5.619949242624295+0.6390453864832262j)	0.3089332580566406	18.971258341277405
200	(-5.575636677244196+0.6915490149460618j)	0.3160820007324219	19.06658627264061
201	(-5.530581147375071+0.7423806797393105j)	0.3800649642944336	19.161914204003814
202	(-5.484226727587045+0.7937542360751644j)	0.44355010986328125	19.257242135367015
203	(-5.436520160529102+0.8420046442097184j)	0.3693680763244629	19.35257006673022
204	(-5.3883261036029335+0.8903824834267833j)	0.33861398696899414	19.44789799809342
205	(-5.339615482482091+0.9376378508936417j)	0.286970853805542	19.543225929456625
206	(-5.288661500467103+0.9828976040631331j)	0.2837409973144531	19.63855386081983
207	(-5.238899827032652+1.027613873109218j)	0.29161810874938965	19.73388179218303
208	(-5.186796209475779+1.070993742968122j)	0.28985595703125	19.829209723546235
209	(-5.134138797282933+1.113374183868958j)	0.2938709259033203	19.924537654909436
210	(-5.081277375092567+1.1542067557840647j)	0.2856602668762207	20.01986558627264
211	(-5.027329173744345+1.1941372443797442j)	0.36779332160949707	20.11519351763584
212	(-4.972768671452899+1.2318713846748195j)	0.28807616233825684	20.210521448999046
213	(-4.917367219593612+1.2688413389393027j)	0.3019559383392334	20.30584938036225
214	(-4.862109865079612+1.3052485300918324j)	0.3041348457336426	20.40117731172545
215	(-4.804569957401582+1.3392541247869365j)	0.28621602058410645	20.496505243088656
216	(-4.748216178283825+1.372572954267202j)	0.2870771884918213	20.591833174451857
217	(-4.690503218211947+1.404360456206858j)	0.29262399673461914	20.68716110581506
218	(-4.63146412525862+1.436650341732071j)	0.29047393798828125	20.782489037178266
219	(-4.573614693959448+1.463619302645225j)	0.2890145778656006	20.877816968541467
220	(-4.512975901835894+1.4924089590363914j)	0.2790107727050781	20.97314489990467
221	(-4.4545521135633726+1.5185425411397993j)	0.2857179641723633	21.068472831267872
222	(-4.394167944072001+1.543110139640498j)	0.28746914863586426	21.163800762631077
223	(-4.334492480966006+1.567546390947354j)	0.30051708221435547	21.25912869399428
224	(-4.2727961195849735+1.589428877517635j)	0.30794382095336914	21.354456625357482
225	(-4.2120058381767045+1.6104448390560475j)	0.4266369342803955	21.449784556720687
226	(-4.150955388824667+1.6297728717480067j)	0.3525052070617676	21.545112488083888
227	(-4.0884437390229245+1.6485110753599526j)	0.5167739391326904	21.640440419447092
228	(-4.0270697287308375+1.6643591090171284j)	0.3541240692138672	21.735768350810293
229	(-3.9647097094537616+1.6801452054059833j)	0.4424631595611572	21.831096282173498
230	(-3.902457856639675+1.6942735014442798j)	0.3646972179412842	21.926424213536702
231	(-3.8394911052451026+1.705936660357084j)	0.37024593353271484	22.021752144899903
232	(-3.777642838450616+1.7177027978443509j)	0.2856919765472412	22.117080076263107
233	(-3.7143237684922807+1.7270045519012667j)	0.31975817680358887	22.21240800762631
234	(-3.6514455118388796+1.735262034406928j)	0.2848231792449951	22.307735938989513
235	(-3.5893690249010866+1.7417266611681101j)	0.28632378578186035	22.403063870352717
236	(-3.5257040967975297+1.7477342008484766j)	0.28963398933410645	22.49839180171592
237	(-3.463369732579806+1.7510018198051114j)	0.28318071365356445	22.593719733079123
238	(-3.4005488212580417+1.7535656179023982j)	0.28957605361938477	22.689047664442324
239	(-3.338067141248024+1.7552862103804052j)	0.2883028984069824	22.78437559580553
240	(-3.275017501679+1.7540304566884055j)	0.28460001945495605	22.879703527168733
241	(-3.2132917056777774+1.7528896343593876j)	0.2899668216705322	22.975031458531934
242	(-3.150813532050907+1.7495811057325792j)	0.28755974769592285	23.07035938989514
243	(-3.08837780043377+1.7450732344278788j)	0.28782200813293457	23.16568732125834
244	(-3.027563180257844+1.7387471838811683j)	0.2831761837005615	23.261015252621544
245	(-2.9653353077741853+1.731496099337059j)	0.28493595123291016	23.356343183984748
246	(-2.9043954332707997+1.7229299354413887j)	0.2857704162597656	23.45167111534795
247	(-2.8435209268547146+1.7124565096546578j)	0.2848970890045166	23.546999046711154
248	(-2.7832188340210045+1.7018789938662737j)	0.2881181240081787	23.642326978074355
249	(-2.7225854686557303+1.6881516147779818j)	0.28897595405578613	23.73765490943756
250	(-2.6632708975490376+1.6743531246990953j)	0.28522586822509766	23.83298284080076
251	(-2.6041936623860735+1.658801355439495j)	0.28907227516174316	23.928310772163965
252	(-2.544556587632076+1.6419922451990283j)	0.28392887115478516	24.02363870352717
253	(-2.487212089659454+1.6234157495187476j)	0.28551506996154785	24.11896663489037
254	(-2.428873673810742+1.6043303873445907j)	0.28496313095092773	24.214294566253574
255	(-2.3716952784499212+1.5835694179067974j)	0.2878420352935791	24.309622497616775
256	(-2.31508205312228+1.5607610942258197j)	0.2837951183319092	24.40495042897998
257	(-2.2592607230342963+1.5383988063931557j)	0.2898569107055664	24.500278360343184
258	(-2.2034453437095234+1.5130704212702413j)	0.29047203063964844	24.595606291706385
259	(-2.1487642757447145+1.4873447080413789j)	0.28343987464904785	24.69093422306959
260	(-2.095259560541387+1.4603502599571394j)	0.2885260581970215	24.78626215443279
261	(-2.040899044121059+1.4321036057679524j)	0.2859320640563965	24.881590085795995
262	(-1.989101830070588+1.4022581541449615j)	0.2844507694244385	24.9769180171592
263	(-1.936962453862557+1.3717197606615465j)	0.29000091552734375	25.0722459485224
264	(-1.8857512012642363+1.340260511951652j)	0.2865781784057617	25.167573879885605
265	(-1.8355496996650202+1.3062986012196114j)	0.28627991676330566	25.262901811248806
266	(-1.7863259330493368+1.2730733106680345j)	0.2861289978027344	25.35822974261201
267	(-1.737537434266694+1.2373872723847552j)	0.28525805473327637	25.45355767397521
268	(-1.6895799240004479+1.200921247933105j)	0.28435397148132324	25.548885605338416
269	(-1.6430977282240413+1.1637357055278297j)	0.2753021717071533	25.64421353670162
270	(-1.596772981137952+1.125245468332149j)	0.28847193717956543	25.73954146806482
271	(-1.552420634485234+1.0855067809946608j)	0.28637099266052246	25.834869399428026
272	(-1.508500861463791+1.0448307638024006j)	0.28861308097839355	25.930197330791227
273	(-1.4652769228355045+1.0039942785226166j)	0.28388094902038574	26.02552526215443
274	(-1.423406674062399+0.9604783299910299j)	0.28792500495910645	26.120853193517636
275	(-1.382649414698487+0.917710508657832j)	0.2848210334777832	26.216181124880837
276	(-1.342816089766174+0.8732275848770253j)	0.2886357307434082	26.31150905624404
277	(-1.3034718426778347+0.827617162722698j)	0.2844831943511963	26.406836987607242
278	(-1.2667378110237992+0.7816457536974991j)	0.28502392768859863	26.502164918970447
279	(-1.2293397556708912+0.7346566870442387j)	0.2846870422363281	26.59749285033365
280	(-1.194101568627081+0.6867352285305075j)	0.2869701385498047	26.692820781696852
281	(-1.1600816620066503+0.6376322370367404j)	0.285031795501709	26.788148713060057
282	(-1.126586914018501+0.589027992651263j)	0.2858617305755615	26.883476644423258
283	(-1.094677568596937+0.5378952443061196j)	0.28597402572631836	26.978804575786462
284	(-1.0639486230194701+0.48727777195328836j)	0.29105377197265625	27.074132507149667
285	(-1.0346440165428692+0.43581901069379086j)	0.28650593757629395	27.169460438512868
286	(-1.0055332934162315+0.383002789036887j)	0.28418707847595215	27.264788369876072
287	(-0.9793404382311547+0.33016805972102786j)	0.28719067573547363	27.360116301239273
288	(-0.9529763591711483+0.27651238008929196j)	0.28677797317504883	27.455444232602478
289	(-0.928244309496797+0.22238463285545024j)	0.28936100006103516	27.55077216396568
290	(-0.9054172180703004+0.1669010619491284j)	0.2854897975921631	27.646100095328883
291	(-0.8830453176546794+0.11238801408489635j)	0.29390692710876465	27.741428026692088
292	(-0.8623780740411554+0.055822589146890325j)	0.2861959934234619	27.83675595805529
293	(-0.8428909201762749-0.0006260388687585466j)	0.28693127632141113	27.932083889418493
294	(-0.8246878737117779-0.057463470314470175j)	0.2911369800567627	28.027411820781694
295	(-0.8076844578249617-0.11485968073857981j)	0.2867398262023926	28.1227397521449
296	(-0.7929871509154182-0.17245169403471342j)	0.28795409202575684	28.218067683508103
297	(-0.7787955240840018-0.23063756516184936j)	0.28502702713012695	28.313395614871304
298	(-0.765636356146331-0.2888031467027826j)	0.2870328426361084	28.40872354623451
299	(-0.7548774081635702-0.3483649774692092j)	0.2844538688659668	28.50405147759771
300	(-0.7446120537353359-0.4067224116405976j)	0.2854189872741699	28.599379408960914
301	(-0.7360807617078413-0.46638388817888715j)	0.28493309020996094	28.69470734032412
302	(-0.7286655217957803-0.5263864324991767j)	0.2869093418121338	28.79003527168732
303	(-0.7234596260711823-0.5855802190821939j)	0.2872200012207031	28.885363203050524
304	(-0.7182695761866053-0.6460388099197011j)	0.2878258228302002	28.980691134413725
305	(-0.7153121997846833-0.707086621142508j)	0.2814030647277832	29.07601906577693
306	(-0.7139076596199151-0.7664570905209314j)	0.2897930145263672	29.17134699714013
307	(-0.7133863683660743-0.8264317159949971j)	0.2829859256744385	29.266674928503335
308	(-0.7151407015552385-0.8876061119462831j)	0.2867441177368164	29.36200285986654
309	(-0.7175218408709652-0.9475866101334546j)	0.29300904273986816	29.45733079122974
310	(-0.7215919284508856-1.0079487517378174j)	0.28365182876586914	29.552658722592945
311	(-0.727163750887577-1.0691275266368294j)	0.2881479263305664	29.647986653956146
312	(-0.7341270433635276-1.1287728891900841j)	0.45076799392700195	29.74331458531935
313	(-0.7417791299699564-1.1894189536675606j)	0.5140399932861328	29.838642516682555
314	(-0.7514204440395041-1.249549915699853j)	0.4718759059906006	29.933970448045756
315	(-0.7630262667965971-1.3097997516512585j)	0.386660099029541	30.02929837940896
316	(-0.7746868664579594-1.3691484567154295j)	0.3106648921966553	30.12462631077216
317	(-0.7889703199716718-1.4294085567598167j)	0.3322129249572754	30.219954242135366
318	(-0.8040700121597391-1.4886931887122938j)	0.33816099166870117	30.31528217349857
319	(-0.8207599969357745-1.5473861139768224j)	0.45595598220825195	30.41061010486177
320	(-0.838340074726194-1.6070680645108142j)	0.34906983375549316	30.505938036224975
321	(-0.858254194931655-1.6650273792314323j)	0.33196401596069336	30.601265967588176
322	(-0.8787051377060524-1.7234232778814167j)	0.32526588439941406	30.69659389895138
323	(-0.9004281149419866-1.7812188421131645j)	0.28975486755371094	30.791921830314585
324	(-0.9239912529411201-1.8387895704300938j)	0.34486818313598633	30.887249761677786
325	(-0.9487112944506237-1.8953756900117285j)	0.2992701530456543	30.98257769304099
326	(-0.9751201149339824-1.9522390195661923j)	0.3381462097167969	31.077905624404192
327	(-1.0025453046520603-2.00847858453189j)	0.43424487113952637	31.173233555767396
328	(-1.0314225053791621-2.0632331488565505j)	0.40456128120422363	31.268561487130597
329	(-1.061080375039044-2.118995409739859j)	0.3238410949707031	31.3638894184938
330	(-1.0928193715599528-2.1729446856358594j)	0.4273347854614258	31.459217349857006
331	(-1.125533666334877-2.226750797880031j)	0.3329770565032959	31.554545281220207
332	(-1.1587779798068525-2.2798757839899464j)	0.39298415184020996	31.64987321258341
333	(-1.194804153395115-2.332634312676344j)	0.31745481491088867	31.745201143946613
334	(-1.230649250029554-2.384049339670741j)	0.3009312152862549	31.840529075309817
335	(-1.268382494929186-2.435177033902943j)	0.2904188632965088	31.93585700667302
336	(-1.307292992469442-2.4860709227018676j)	0.28588223457336426	32.03118493803622
337	(-1.3474818068691607-2.5347808538985754j)	0.2879941463470459	32.12651286939942
338	(-1.3883790058999685-2.584264253129321j)	0.292633056640625	32.22184080076263
339	(-1.4309126445824518-2.632053604151422j)	0.2928810119628906	32.31716873212583
340	(-1.4748740819017363-2.6791044061515414j)	0.47905468940734863	32.41249666348903
341	(-1.5187126275749012-2.7253827425746673j)	0.32128429412841797	32.50782459485224
342	(-1.565297992685183-2.771037382385778j)	0.30101490020751953	32.60315252621544
343	(-1.6118777734459906-2.81534050266785j)	0.30558204650878906	32.69848045757864
344	(-1.6597637973481667-2.858627477848272j)	0.2882499694824219	32.79380838894184
345	(-1.7089075212641656-2.902008377125554j)	0.43791794776916504	32.88913632030505
346	(-1.7591247489174007-2.942783043392093j)	0.3800630569458008	32.98446425166825
347	(-1.810019625649986-2.9838622053753787j)	0.4872472286224365	33.07979218303145
348	(-1.8617283955670745-3.0234720282449117j)	0.3008997440338135	33.17512011439466
349	(-1.9157194004815095-3.061886255509687j)	0.3460521697998047	33.27044804575786
350	(-1.9688718319647616-3.0993781115573125j)	0.32361292839050293	33.36577597712106
351	(-2.0244199996970975-3.1359738471536525j)	0.28415894508361816	33.46110390848427
352	(-2.0802624722495984-3.1713350499747j)	0.2839832305908203	33.55643183984747
353	(-2.136794807452049-3.2049838728990836j)	0.28325486183166504	33.65175977121067
354	(-2.195000670240678-3.238739044516054j)	0.3016979694366455	33.74708770257387
355	(-2.253155200777865-3.2701129984297856j)	0.285581111907959	33.84241563393708
356	(-2.3124385284305453-3.300983648964568j)	0.3079869747161865	33.93774356530028
357	(-2.3721329493671113-3.330756832450223j)	0.31379199028015137	34.03307149666348
358	(-2.433826130219346-3.3588267403528578j)	0.3240048885345459	34.12839942802669
359	(-2.494682692420826-3.385897878047831j)	0.3021430969238281	34.22372735938989
360	(-2.557311939726549-3.4117911880451435j)	0.28886914253234863	34.31905529075309
361	(-2.6205757987098712-3.4366492610300208j)	0.31435084342956543	34.41438322211629
362	(-2.6839544308109753-3.4592259948004087j)	0.3194148540496826	34.5097111534795
363	(-2.7484259427532685-3.482052663421511j)	0.30205798149108887	34.6050390848427
364	(-2.813330825257277-3.503036508419351j)	0.28722310066223145	34.7003670162059
365	(-2.8791898511067826-3.521598266589552j)	0.2910740375518799	34.79569494756911
366	(-2.945243304237429-3.5401555807753615j)	0.2834341526031494	34.89102287893231
367	(-3.0122039828162355-3.5565472948284036j)	0.30339789390563965	34.98635081029551
368	(-3.0788584421202465-3.571924327097945j)	0.29207611083984375	35.08167874165872
369	(-3.1464761523911626-3.5858451859809417j)	0.32874083518981934	35.17700667302192
370	(-3.215018400539939-3.598959205330703j)	0.2916138172149658	35.27233460438512
371	(-3.2832004524903193-3.60942900530418j)	0.3198878765106201	35.36766253574832
372	(-3.3522344297825155-3.619906207982701j)	0.3209540843963623	35.46299046711153
373	(-3.421505633702817-3.6282855938274468j)	0.376845121383667	35.55831839847473
374	(-3.49150825542982-3.634924674935538j)	0.28965306282043457	35.65364632983793
375	(-3.560766339280915-3.641017145215731j)	0.30272507667541504	35.74897426120114
376	(-3.6316942942917496-3.6450185720252044j)	0.30696892738342285	35.84430219256434
377	(-3.7019918564599776-3.647825561016665j)	0.29947590827941895	35.93963012392754
378	(-3.772367250039351-3.648928399723366j)	0.3025941848754883	36.034958055290744
379	(-3.8438278264051053-3.649423696045914j)	0.2971959114074707	36.13028598665395
380	(-3.9145892849540367-3.6471682708051345j)	0.28466200828552246	36.22561391801715
381	(-3.985881137321056-3.644489680231409j)	0.2889747619628906	36.320941849380354
382	(-4.057069380266471-3.6402915669998706j)	0.2990410327911377	36.41626978074356
383	(-4.12895387862359-3.6337987287902807j)	0.2923929691314697	36.51159771210676
384	(-4.199825564819686-3.6263216902920856j)	0.28795695304870605	36.606925643469964
385	(-4.271595761964923-3.617895784565908j)	0.28569602966308594	36.70225357483317
386	(-4.343023841260621-3.6076498611076335j)	0.29792308807373047	36.79758150619637
387	(-4.414054807633212-3.595579464589128j)	0.28415513038635254	36.892909437559574
388	(-4.48587453726193-3.58302178543246j)	0.29899001121520996	36.988237368922775
389	(-4.5569479412893825-3.5678103053795605j)	0.3038961887359619	37.08356530028598
390	(-4.628064962728128-3.5516477639783828j)	0.2793159484863281	37.178893231649184
391	(-4.698823204731068-3.534602044667296j)	0.2898850440979004	37.274221163012385
392	(-4.770106687475778-3.5149145887430318j)	0.28810596466064453	37.36954909437559
393	(-4.840097137648826-3.494780010517127j)	0.29230475425720215	37.464877025738794
394	(-4.910479929819406-3.4727625169294587j)	0.2970459461212158	37.560204957101995
395	(-4.980936270030703-3.449509955082415j)	0.2908132076263428	37.655532888465196
396	(-5.049928241656934-3.424272462464125j)	0.30561113357543945	37.750860819828404
397	(-5.119757923025463-3.398560493797984j)	0.2833728790283203	37.846188751191605
398	(-5.188603247044673-3.370672571698065j)	0.29202723503112793	37.941516682554806
399	(-5.257242254774911-3.341228466598327j)	0.2833428382873535	38.036844613918014
400	(-5.325102736485263-3.311438515703536j)	0.2914612293243408	38.132172545281215
401	(-5.393296685459685-3.2789407995920286j)	0.2870306968688965	38.227500476644416
402	(-5.460206603393776-3.245869051486859j)	0.3026297092437744	38.322828408007624
403	(-5.526746161119832-3.2108464629972193j)	0.28736186027526855	38.418156339370825
404	(-5.593529590961406-3.1752942465939684j)	0.283466100692749	38.513484270734025
405	(-5.658433387287833-3.1374632551330146j)	0.29146599769592285	38.608812202097226
406	(-5.723764980261867-3.099050996264898j)	0.29343414306640625	38.704140133460434
407	(-5.788114649516788-3.0590538945984065j)	0.2977721691131592	38.799468064823635
408	(-5.851591731023862-3.0185775286569223j)	0.276076078414917	38.894795996186836
409	(-5.914632650039339-2.9750070804010655j)	0.2931180000305176	38.990123927550044
410	(-5.977340627777038-2.9305040384315895j)	0.28536510467529297	39.085451858913245
411	(-6.038941327563399-2.885232880128501j)	0.286391019821167	39.180779790276446
412	(-6.099265546745546-2.838637616878898j)	0.28989672660827637	39.276107721639654
413	(-6.160065818562586-2.790430948837833j)	0.29128408432006836	39.371435653002855
414	(-6.218804591553441-2.7415076187102625j)	0.2975020408630371	39.466763584366056
415	(-6.277371566823366-2.69126950935709j)	0.2969791889190674	39.56209151572926
416	(-6.3350010823135605-2.6401295199410386j)	0.28394436836242676	39.657419447092465
417	(-6.391744233700078-2.586606724755236j)	0.29120707511901855	39.752747378455666
418	(-6.447246635554832-2.533358952011964j)	0.29277992248535156	39.84807530981887
419	(-6.502254287808802-2.478032552168144j)	0.287276029586792	39.943403241182075
420	(-6.55642584859219-2.4217344565227674j)	0.3002920150756836	40.038731172545276
421	(-6.60860297133912-2.3644298372938244j)	0.30898213386535645	40.13405910390848
422	(-6.661253188997191-2.3061750577090345j)	0.34560489654541016	40.22938703527168
423	(-6.711767855778341-2.2464517631981455j)	0.2876129150390625	40.324714966634886
424	(-6.762400919391363-2.1856014734873552j)	0.28734731674194336	40.42004289799809
425	(-6.81043866928259-2.124714329688779j)	0.3412210941314697	40.51537082936129
426	(-6.858190371204729-2.061276851980587j)	0.2902669906616211	40.610698760724496
427	(-6.904563298368561-1.9981138341280786j)	0.38379693031311035	40.7060266920877
428	(-6.949930500860538-1.9334817685323622j)	0.34987807273864746	40.8013546234509
429	(-6.9947531132877-1.8677216134635082j)	0.3977510929107666	40.896682554814106
430	(-7.037265184075453-1.8013014688271927j)	0.3530130386352539	40.99201048617731
431	(-7.0795847796758125-1.733996106512581j)	0.3849320411682129	41.08733841754051
432	(-7.12019892906236-1.6656937077124918j)	0.33748602867126465	41.18266634890371
433	(-7.1594810638604205-1.5961233271661726j)	0.47325897216796875	41.27799428026692
434	(-7.197889711260492-1.5269032376479592j)	0.43193602561950684	41.37332221163012
435	(-7.234794454910244-1.4561740825538254j)	0.3025989532470703	41.46865014299332
436	(-7.2706153723848645-1.3840700173224612j)	0.323483943939209	41.56397807435653
437	(-7.304745365311598-1.311931624647356j)	0.284454345703125	41.65930600571973
438	(-7.338565629061073-1.2386050823395034j)	0.2865610122680664	41.75463393708293
439	(-7.369635973301424-1.1648624807694057j)	0.3070957660675049	41.84996186844613
440	(-7.400437133228683-1.0904622985864367j)	0.2824819087982178	41.94528979980934
441	(-7.429707904074706-1.015536559476449j)	0.2907259464263916	42.04061773117254
442	(-7.457135494021599-0.9391900138477154j)	0.2816331386566162	42.13594566253574
443	(-7.483667173321229-0.863597878641381j)	0.2901179790496826	42.23127359389895
444	(-7.508691173644411-0.7862330838186352j)	0.2832331657409668	42.32660152526215
445	(-7.532387759484421-0.7087000246300118j)	0.28853726387023926	42.42192945662535
446	(-7.5540831763591525-0.6310818012370041j)	0.285444974899292	42.51725738798856
447	(-7.575583558535508-0.5523461286371922j)	0.28583192825317383	42.61258531935176
448	(-7.594375384239218-0.47344823271463987j)	0.2928779125213623	42.70791325071496
449	(-7.6123046851925995-0.39403889776706325j)	0.292050838470459	42.80324118207816
450	(-7.629116110047742-0.3146406684696288j)	0.2840440273284912	42.89856911344137
451	(-7.643737517386137-0.23381500655138177j)	0.28363490104675293	42.99389704480457
452	(-7.6573982646692444-0.15393892812491994j)	0.29638004302978516	43.08922497616777
453	(-7.669421875796645-0.0729813592880868j)	0.28545594215393066	43.18455290753098
454	(-7.680443117195497+0.008399618013511967j)	0.3517580032348633	43.27988083889418
455	(-7.6887608599884025+0.08934007981542424j)	0.5214598178863525	43.37520877025738
456	(-7.6962811065278+0.17131782989869992j)	0.29575681686401367	43.47053670162058
457	(-7.709913399715077+0.25133514519446787j)	0.2751922607421875	43.56586463298379
458	(-7.707235500065706+0.33500260933342174j)	0.3710968494415283	43.66119256434699
459	(-7.71086065308031+0.41659615841357334j)	0.41395998001098633	43.75652049571019
460	(-7.71213212139752+0.4994382895767415j)	0.3923959732055664	43.8518484270734
461	(-7.712340287193811+0.5813470352367149j)	0.2966771125793457	43.9471763584366
462	(-7.710858849833813+0.6635090258590797j)	0.4467310905456543	44.0425042897998
463	(-7.708342153468079+0.7463707179715782j)	0.44194793701171875	44.13783222116301
464	(-7.703331647811246+0.8282496403699131j)	0.48899292945861816	44.23316015252621
465	(-7.69787061704114+0.9107161474544967j)	0.4220707416534424	44.32848808388941
466	(-7.690509161613737+0.9928828121710991j)	0.2841341495513916	44.42381601525261
467	(-7.681096190041771+1.0752696560840547j)	0.2964632511138916	44.51914394661582
468	(-7.671222624717888+1.1567254608621775j)	0.30153703689575195	44.61447187797902
469	(-7.659029138859673+1.2390549134650397j)	0.2975749969482422	44.70979980934222
470	(-7.645674683979338+1.3206346678402925j)	0.3146650791168213	44.80512774070543
471	(-7.630694603702213+1.4020035569433331j)	0.28345322608947754	44.90045567206863
472	(-7.61465654963195+1.4834008835949453j)	0.2857627868652344	44.99578360343183
473	(-7.59627191583203+1.5639093791583845j)	0.40099501609802246	45.09111153479503
474	(-7.5770929915895175+1.6445922983410695j)	0.3314850330352783	45.18643946615824
475	(-7.556626959956639+1.7247576637104687j)	0.3682699203491211	45.28176739752144
476	(-7.5337080032546355+1.8049700183013548j)	0.4234340190887451	45.37709532888464
477	(-7.510466986155692+1.8839680332173434j)	0.5134389400482178	45.47242326024785
478	(-7.485118349582774+1.9632899304439255j)	0.3215768337249756	45.56775119161105
479	(-7.458532882551287+2.0421457037169652j)	0.3306748867034912	45.66307912297425
480	(-7.430265567911968+2.119642459894303j)	0.3104991912841797	45.75840705433746
481	(-7.401229124983406+2.19784948482908j)	0.29575300216674805	45.85373498570066
482	(-7.370030161220128+2.274667312489674j)	0.294036865234375	45.94906291706386
483	(-7.337622712837883+2.3512013413755968j)	0.2866480350494385	46.044390848427064
484	(-7.30454987302733+2.4270066282687752j)	0.28218698501586914	46.13971877979027
485	(-7.268853830693794+2.50265010746777j)	0.2834792137145996	46.23504671115347
486	(-7.232828353049988+2.5769462277263067j)	0.2980630397796631	46.330374642516674
487	(-7.195041586142865+2.6508955808849892j)	0.28415489196777344	46.42570257387988
488	(-7.15599380363496+2.7246779729216137j)	0.28224635124206543	46.52103050524308
489	(-7.116524859135309+2.7962369463912395j)	0.2794990539550781	46.61635843660628
490	(-7.074006838359208+2.8687791492114334j)	0.2909419536590576	46.71168636796949
491	(-7.030948235906397+2.93968300502018j)	0.3397090435028076	46.80701429933269
492	(-6.986276732957543+3.0098516592013462j)	0.38235902786254883	46.90234223069589
493	(-6.941476800956997+3.0790921499755584j)	0.3144848346710205	46.997670162059094
494	(-6.894145950435558+3.1479108733290353j)	0.3220658302307129	47.0929980934223
495	(-6.846360596665823+3.2154009973427704j)	0.33209705352783203	47.1883260247855
496	(-6.797243266898351+3.2818313618714026j)	0.33047914505004883	47.283653956148704
497	(-6.746904229576127+3.3483226810593463j)	0.5731072425842285	47.37898188751191
498	(-6.695146599731917+3.412518820853128j)	0.4998049736022949	47.47430981887511
499	(-6.642660355251004+3.4766938069211752j)	0.3042171001434326	47.569637750238314
500	(-6.589049132586753+3.5396319578413484j)	0.3119077682495117	47.664965681601515
501	(-6.5335171378784604+3.6014334025578085j)	0.36650586128234863	47.76029361296472
502	(-6.478123306735136+3.661967658635148j)	0.3139059543609619	47.855621544327924
503	(-6.420776163528504+3.7221024659274144j)	0.31481194496154785	47.950949475691125
504	(-6.36266636807726+3.780877883380341j)	0.307833194732666	48.04627740705433
505	(-6.303680257512685+3.837931789685088j)	0.40831518173217773	48.141605338417534
506	(-6.243581786760215+3.895134548190338j)	0.30619001388549805	48.236933269780735
507	(-6.182385531114815+3.95024827618305j)	0.32225608825683594	48.33226120114394
508	(-6.120155113824525+4.004214456856175j)	0.2918848991394043	48.427589132507144
509	(-6.057702913749636+4.05735484046176j)	0.3092920780181885	48.522917063870345
510	(-5.993094642405238+4.109063640252574j)	0.30914306640625	48.618244995233546
511	(-5.928922952312179+4.1595331065165695j)	0.30016493797302246	48.713572926596754
512	(-5.863135023103425+4.208929407811204j)	0.30692625045776367	48.808900857959955
513	(-5.796502025121528+4.257346915537811j)	0.3142659664154053	48.904228789323156
514	(-5.729419996821118+4.303512323476295j)	0.46353888511657715	48.999556720686364
515	(-5.661403847624285+4.349732720127787j)	0.34943199157714844	49.094884652049565
516	(-5.592539070738344+4.3937269698453765j)	0.2935669422149658	49.190212583412766
517	(-5.522805450974518+4.436536238970563j)	0.285203218460083	49.28554051477597
518	(-5.4531772050063845+4.478431580403423j)	0.2874009609222412	49.380868446139175
519	(-5.381583237974228+4.518654721112943j)	0.2854800224304199	49.476196377502376
520	(-5.310416608459839+4.557552889882352j)	0.28511691093444824	49.57152430886558
521	(-5.238336546485744+4.595026491682919j)	0.28415894508361816	49.666852240228785
522	(-5.165270176789199+4.631747219428369j)	0.2863607406616211	49.762180171591986
523	(-5.092132940190059+4.665892130205944j)	0.28531670570373535	49.85750810295519
524	(-5.0182827082489005+4.699815199633149j)	0.28403520584106445	49.952836034318395
525	(-4.943969612834373+4.731858036580357j)	0.28601789474487305	50.048163965681596
526	(-4.868732663377419+4.762165731463172j)	0.33904194831848145	50.1434918970448
527	(-4.794094051569034+4.791665784009311j)	0.31426310539245605	50.238819828408
528	(-4.717821056060916+4.819381930998015j)	0.33180809020996094	50.334147759771206
529	(-4.6418104976556+4.845748363597559j)	0.2971179485321045	50.42947569113441
530	(-4.565636769675723+4.870369799018766j)	0.3394029140472412	50.52480362249761
531	(-4.4884485486747625+4.894418023427239j)	0.2958228588104248	50.620131553860816
532	(-4.411487415169456+4.91581604906603j)	0.31579089164733887	50.71545948522402
533	(-4.33406889642825+4.936564581910831j)	0.3074460029602051	50.81078741658722
534	(-4.25660773421006+4.955890230250774j)	0.31052207946777344	50.90611534795042
535	(-4.178238732905232+4.9730571137387045j)	0.31989192962646484	51.00144327931363
536	(-4.10080039342773+4.989450924078757j)	0.3363051414489746	51.09677121067683
537	(-4.022277431042467+5.00404818915562j)	0.3070240020751953	51.19209914204003
538	(-3.9437636232760327+5.017331791391653j)	0.29691076278686523	51.28742707340324
539	(-3.865790267845889+5.028623253299586j)	0.3442208766937256	51.38275500476644
540	(-3.7869167456623796+5.039429410831386j)	0.3060798645019531	51.47808293612964
541	(-3.708492212487023+5.047764004272946j)	0.3064429759979248	51.573410867492846
542	(-3.629878038643095+5.054937293406748j)	0.3018810749053955	51.66873879885605
543	(-3.551642225434546+5.0611678613904525j)	0.336353063583374	51.76406673021925
544	(-3.4726235818925337+5.0650011144959475j)	0.3019537925720215	51.85939466158245
545	(-3.394778929176509+5.067634937822986j)	0.3219177722930908	51.95472259294566
546	(-3.3163663441420246+5.069322064445543j)	0.3125298023223877	52.05005052430886
547	(-3.23779869189931+5.069392103979152j)	0.29973411560058594	52.14537845567206
548	(-3.160350647389393+5.0673409533118585j)	0.3079700469970703	52.24070638703527
549	(-3.0822222541621653+5.064785896544964j)	0.29273509979248047	52.33603431839847
550	(-3.004783342328726+5.060134463901795j)	0.33958911895751953	52.43136224976167
551	(-2.9273776382269796+5.053824667442024j)	0.32134485244750977	52.52669018112488
552	(-2.8507343277688575+5.046992503964627j)	0.3042738437652588	52.62201811248808
553	(-2.773564187689926+5.037740887348346j)	0.2960350513458252	52.71734604385128
554	(-2.6974411613273626+5.027591215604998j)	0.41851091384887695	52.81267397521448
555	(-2.6217288720433514+5.015843917848034j)	0.35679006576538086	52.90800190657769
556	(-2.5455782433459913+5.002994068836366j)	0.37143492698669434	53.00332983794089
557	(-2.4709439936013826+4.988042405114049j)	0.30800700187683105	53.09865776930409
558	(-2.3960625007095393+4.972429646723758j)	0.31229710578918457	53.1939857006673
559	(-2.3218948428906474+4.955296981306054j)	0.3166689872741699	53.2893136320305
560	(-2.2480589098019808+4.936080137902011j)	0.29357099533081055	53.3846415633937
561	(-2.1752914608698837+4.916640945932044j)	0.31882500648498535	53.4799694947569
562	(-2.1023883399393153+4.894971043008075j)	0.351607084274292	53.57529742612011
563	(-2.0303623658143253+4.872296242152446j)	0.3032360076904297	53.67062535748331
564	(-1.959508018689089+4.8481964775214355j)	0.3278172016143799	53.76595328884651
565	(-1.8881688275017023+4.823136496962155j)	0.29874396324157715	53.86128122020972
566	(-1.8185393975254192+4.796155350003656j)	0.30861997604370117	53.95660915157292
567	(-1.7491370361920273+4.768280678480554j)	0.28881382942199707	54.05193708293612
568	(-1.6805359696854745+4.739510723102462j)	0.28563475608825684	54.14726501429933
569	(-1.6125062423098833+4.708417081915196j)	0.28862619400024414	54.24259294566253
570	(-1.545749663892116+4.677246247301023j)	0.29894185066223145	54.33792087702573
571	(-1.4793545918504571+4.6442168577275735j)	0.29763293266296387	54.43324880838893
572	(-1.4135918186899996+4.61009309122567j)	0.29688501358032227	54.52857673975214
573	(-1.3496414585224128+4.5747482218933895j)	0.30808496475219727	54.62390467111534
574	(-1.2853345668123906+4.538578099250646j)	0.29909610748291016	54.71923260247854
575	(-1.2227396400730886+4.500826968844317j)	0.28626370429992676	54.81456053384175
576	(-1.160875299653117+4.461915183997295j)	0.3264579772949219	54.90988846520495
577	(-1.0998886761088473+4.422712132784598j)	0.36447906494140625	55.00521639656815
578	(-1.0397062362209655+4.381174853236433j)	0.3624861240386963	55.10054432793135
579	(-0.980881910384043+4.339553537875557j)	0.30515003204345703	55.19587225929456
580	(-0.9229769154266345+4.296572055370152j)	0.2984328269958496	55.29120019065776
581	(-0.8654563985893267+4.25246022236054j)	0.30434083938598633	55.38652812202096
582	(-0.8098755266453179+4.207553174755389j)	0.3202989101409912	55.48185605338417
583	(-0.7548764422600376+4.161542705338706j)	0.31704187393188477	55.57718398474737
584	(-0.7011220674396368+4.1146137636606674j)	0.28925418853759766	55.67251191611057
585	(-0.6485696832135546+4.066288820174988j)	0.3072090148925781	55.76783984747378
586	(-0.5969814691234088+4.018173382006938j)	0.3726167678833008	55.86316777883698
587	(-0.5464071516584802+3.967965955670386j)	0.32161569595336914	55.95849571020018
588	(-0.4971702097996684+3.9175453661190254j)	0.3773000240325928	56.05382364156338
589	(-0.4494050134558707+3.8663227088675507j)	0.3327758312225342	56.14915157292659
590	(-0.40184459089513447+3.8140151125866897j)	0.2832911014556885	56.24447950428979
591	(-0.35673737311678133+3.7609648059066023j)	0.28568196296691895	56.33980743565299
592	(-0.3120344592391533+3.707296340638442j)	0.32238078117370605	56.4351353670162
593	(-0.26864336859489124+3.653053817600113j)	0.29096317291259766	56.5304632983794
594	(-0.22684337825896828+3.597280748626077j)	0.3264141082763672	56.6257912297426
595	(-0.1860909118519657+3.5420563863091843j)	0.3511390686035156	56.721119161105804
596	(-0.14655945201783993+3.4852121282948643j)	0.2846248149871826	56.81644709246901
597	(-0.10824927656034977+3.4279623343668923j)	0.30796313285827637	56.91177502383221
598	(-0.07188575376910367+3.370462998010328j)	0.29662299156188965	57.007102955195414
599	(-0.035672248393158856+3.3120152927625868j)	0.28854823112487793	57.10243088655862
600	(-0.0018558891726571103+3.253094175784626j)	0.28945398330688477	57.19775881792182
601	(0.03101949056417752+3.193626471325201j)	0.28907203674316406	57.293086749285024
602	(0.06286055152255487+3.134142663652873j)	0.32187485694885254	57.38841468064823
603	(0.09284843511606722+3.0731485388219344j)	0.2872340679168701	57.48374261201143
604	(0.1217067526012452+3.0128550605462356j)	0.30538272857666016	57.579070543374634
605	(0.14915502281881188+2.9515905596877317j)	0.29724621772766113	57.674398474737835
606	(0.17555494955905082+2.889732911664524j)	0.28406810760498047	57.76972640610104
607	(0.19967562750585444+2.828112083586104j)	0.2859351634979248	57.865054337464244
608	(0.22354972767296521+2.7657677422104734j)	0.2840859889984131	57.960382268827445
609	(0.24530782159812536+2.703241502578886j)	0.2996959686279297	58.05571020019065
610	(0.26558515679380257+2.6402349050071487j)	0.3219900131225586	58.151038131553854
611	(0.2850761820142125+2.577721329382854j)	0.3178238868713379	58.246366062917055
612	(0.3025929678472288+2.5139082096587106j)	0.31484389305114746	58.341693994280256
613	(0.3189199599670861+2.450767457395485j)	0.3119187355041504	58.437021925643464
614	(0.3336766733772425+2.3874017648431107j)	0.3225719928741455	58.532349857006665
615	(0.34756929803647274+2.323323906482009j)	0.3253359794616699	58.627677788369866
616	(0.35904513880439903+2.2598654666130424j)	0.3345639705657959	58.723005719733074
617	(0.3700307177381169+2.1959827999401353j)	0.2922089099884033	58.818333651096275
618	(0.3793452828839343+2.1322217390968237j)	0.31967782974243164	58.913661582459476
619	(0.3867192742199631+2.0680673576042405j)	0.298353910446167	59.008989513822684
620	(0.39348104409297313+2.0048086812582686j)	0.2857930660247803	59.104317445185885
621	(0.39829374407199547+1.9406533940154498j)	0.2934300899505615	59.199645376549086
622	(0.40188770173459226+1.8770058438878159j)	0.29778528213500977	59.29497330791229
623	(0.40379773999366414+1.8138818705429283j)	0.29369211196899414	59.390301239275495
624	(0.4047157312351978+1.749963345763256j)	0.34523701667785645	59.485629170638695
625	(0.4038671256153378+1.6870982276894626j)	0.2908151149749756	59.580957102001896
626	(0.40188866747235225+1.6240643844086002j)	0.285412073135376	59.676285033365104
627	(0.39876683682484104+1.5614618384810237j)	0.28502798080444336	59.771612964728305
628	(0.39339982546004104+1.4985961437992499j)	0.2933051586151123	59.866940896091506
629	(0.38749962071299654+1.4368842264086492j)	0.47789692878723145	59.962268827454714
630	(0.3798001622863951+1.3748426380571783j)	0.2952709197998047	60.057596758817915
631	(0.3708971848164565+1.313072433444755j)	0.3503999710083008	60.152924690181116
632	(0.3602684758428603+1.2524873441168338j)	0.32482314109802246	60.24825262154432
633	(0.3490269811890111+1.1913483347062506j)	0.31937527656555176	60.343580552907525
634	(0.3357384127008261+1.13123016815834j)	0.2880990505218506	60.438908484270726
635	(0.32120512970738385+1.0713888549009523j)	0.2845780849456787	60.53423641563393
636	(0.30605198771427716+1.0122728113927781j)	0.2877030372619629	60.629564346997135
637	(0.288554634406552+0.9530912468036141j)	0.296130895614624	60.724892278360336
638	(0.27050787615995386+0.895163014028477j)	0.360396146774292	60.82022020972354
639	(0.25090947178137335+0.8375743787336224j)	0.2934391498565674	60.91554814108674
640	(0.23017396304869012+0.7800273652361717j)	0.5073189735412598	61.010876072449946
641	(0.2077582843747651+0.7241634272468904j)	0.35331296920776367	61.10620400381315
642	(0.18474796955069606+0.6680507171638228j)	0.4196341037750244	61.20153193517635
643	(0.16015429143691284+0.6130040646206163j)	0.28575992584228516	61.296859866539556
644	(0.13394691836700068+0.558575502266977j)	0.46137499809265137	61.39218779790276
645	(0.10756038949763735+0.5051339835419199j)	0.5453619956970215	61.48751572926596
646	(0.0789561255114084+0.4519005206176172j)	0.36318397521972656	61.582843660629166
647	(0.04971791193228543+0.39987158839053527j)	0.4243428707122803	61.67817159199237
648	(0.01923561577739384+0.34887543242919944j)	0.2950718402862549	61.77349952335557
649	(-0.01226927196164461+0.2977702169301497j)	0.30695509910583496	61.86882745471877
650	(-0.04530036590210601+0.24863934126047038j)	0.46937108039855957	61.96415538608198
651	(-0.07898573825981385+0.1996847382228727j)	0.29499101638793945	62.05948331744518
652	(-0.11367911941657893+0.15177731454882115j)	0.30002808570861816	62.15481124880838
653	(-0.1502440672690122+0.10479183587881806j)	0.3100290298461914	62.25013918017159
654	(-0.18668631310924952+0.05899819002838745j)	0.29323792457580566	62.34546711153479
655	(-0.22500689045088118+0.013757008999796663j)	0.29059886932373047	62.44079504289799
656	(-0.26407368973537443-0.030439985538280742j)	0.29289770126342773	62.53612297426119
657	(-0.30405073012689976-0.07297422763194639j)	0.28972387313842773	62.6314509056244
658	(-0.3448981695971726-0.1156331199332899j)	0.28467869758605957	62.7267788369876
659	(-0.38700923280057464-0.156247979308934j)	0.2975780963897705	62.8221067683508
660	(-0.42988326246926656-0.19619025510112456j)	0.4469878673553467	62.91743469971401
661	(-0.47315614333457007-0.23513124123104365j)	0.441821813583374	63.01276263107721
662	(-0.5183818973398894-0.27290529515900086j)	0.29926609992980957	63.10809056244041
663	(-0.5633468303476785-0.30935260985619306j)	0.5172479152679443	63.20341849380362
664	(-0.6096814095951901-0.34485467838933287j)	0.4584310054779053	63.29874642516682
665	(-0.6568558086701585-0.37953072032414215j)	0.3481159210205078	63.39407435653002
666	(-0.7046111628601709-0.41205887109970296j)	0.3493940830230713	63.48940228789322
667	(-0.7530586508341962-0.4445658087323977j)	0.29149413108825684	63.58473021925643
668	(-0.8024053822124746-0.4751574525355715j)	0.3203299045562744	63.68005815061963
669	(-0.852634392088636-0.5045737426356729j)	0.3066699504852295	63.77538608198283
670	(-0.9026993711607194-0.5330322858740018j)	0.4771840572357178	63.87071401334604
671	(-0.9545820741302957-0.5601401910486772j)	0.33144712448120117	63.96604194470924
672	(-1.0062198124784372-0.5858721130706095j)	0.3124830722808838	64.06136987607245
673	(-1.0586164979788322-0.6102521863368389j)	0.3512701988220215	64.15669780743565
674	(-1.1118842054219011-0.6340215505206466j)	0.33820009231567383	64.25202573879885
675	(-1.165427032145232-0.6553649403317394j)	0.35203099250793457	64.34735367016206
676	(-1.2194664861986-0.6763842138417335j)	0.32848072052001953	64.44268160152527
677	(-1.273970034356675-0.6957671342138145j)	0.29306912422180176	64.53800953288847
678	(-1.329436421716303-0.7135351407479364j)	0.31659793853759766	64.63333746425167
679	(-1.3842877429991374-0.7303618618330817j)	0.30426812171936035	64.72866539561487
680	(-1.440599377636461-0.7457164389700314j)	0.2939178943634033	64.82399332697807
681	(-1.4967988388282085-0.7597269500545194j)	0.31735801696777344	64.91932125834127
682	(-1.5531189150431517-0.7720182099715333j)	0.37995481491088867	65.01464918970449
683	(-1.6102441242019754-0.7838539648694889j)	0.31422996520996094	65.10997712106769
684	(-1.6673718732762624-0.7932218877415004j)	0.3118252754211426	65.20530505243089
685	(-1.7248041404213008-0.8018474699024771j)	0.5205531120300293	65.30063298379409
686	(-1.782224283150195-0.8091972513027065j)	0.3595430850982666	65.39596091515729
687	(-1.8405983295085595-0.8146082912020152j)	0.2871978282928467	65.49128884652049
688	(-1.8980688185345742-0.8190682164529806j)	0.3391728401184082	65.58661677788369
689	(-1.9564480339266173-0.821989216622607j)	0.3050210475921631	65.6819447092469
690	(-2.0149023351269957-0.8236696381356655j)	0.2997410297393799	65.77727264061011
691	(-2.0728866463482603-0.8233512866190593j)	0.362684965133667	65.87260057197331
692	(-2.1315048092044018-0.8226291309767056j)	0.39127492904663086	65.96792850333651
693	(-2.189878159007697-0.8196334848511581j)	0.3125920295715332	66.06325643469971
694	(-2.2483706865057487-0.8154241965457655j)	0.3183000087738037	66.15858436606291
695	(-2.3063859591992055-0.8103110426237681j)	0.41092419624328613	66.25391229742611
696	(-2.365218516719218-0.8030936220649415j)	0.3797760009765625	66.34924022878933
697	(-2.423034974393315-0.7948875246583026j)	0.28722310066223145	66.44456816015253
698	(-2.4810762706520064-0.7851303639319883j)	0.2915489673614502	66.53989609151573
699	(-2.5393668357118195-0.774281134738581j)	0.29389309883117676	66.63522402287893
700	(-2.596702460529796-0.7612922363495744j)	0.2904040813446045	66.73055195424213
701	(-2.654397038205189-0.7478294536146823j)	0.2963871955871582	66.82587988560533
702	(-2.7116256275033823-0.7324838944121531j)	0.29500603675842285	66.92120781696855
703	(-2.768793190704533-0.7154806570031305j)	0.34187889099121094	67.01653574833175
704	(-2.8250733492982576-0.6978908262385952j)	0.30194997787475586	67.11186367969495
705	(-2.8818900511463337-0.6782068212129968j)	0.28532886505126953	67.20719161105815
706	(-2.937739254163266-0.6574912649976015j)	0.40409302711486816	67.30251954242135
707	(-2.9930786360173327-0.6352562121251901j)	0.39379310607910156	67.39784747378455
708	(-3.0487625332831074-0.6120969925864124j)	0.3325920104980469	67.49317540514775
709	(-3.1031532791534486-0.5868257940268369j)	0.3245429992675781	67.58850333651097
710	(-3.1575439059904054-0.5609006450698238j)	0.32871389389038086	67.68383126787417
711	(-3.211268968576002-0.5336142704969098j)	0.3465089797973633	67.77915919923737
712	(-3.2647495038994325-0.5043318322177732j)	0.3077409267425537	67.87448713060057
713	(-3.3170324123048194-0.4746836233504681j)	0.31638121604919434	67.96981506196377
714	(-3.3694303549216085-0.4431174324387941j)	0.32855772972106934	68.06514299332697
715	(-3.421027151970816-0.4104898687766181j)	0.28730297088623047	68.16047092469017
716	(-3.47200609850416-0.3766296323036793j)	0.3266890048980713	68.25579885605339
717	(-3.5221237061887622-0.34158979773984455j)	0.30744123458862305	68.35112678741659
718	(-3.571355929004606-0.30485017752023547j)	0.30427002906799316	68.44645471877979
719	(-3.620185179564047-0.26720214647915963j)	0.4284820556640625	68.54178265014299
720	(-3.6681614044292994-0.22876547162846794j)	0.3105137348175049	68.63711058150619
721	(-3.7156996442932453-0.18816616883336623j)	0.29802823066711426	68.7324385128694
722	(-3.7618555452204308-0.14730594429086574j)	0.2931201457977295	68.8277664442326
723	(-3.8075968385684362-0.1048398173374625j)	0.2980480194091797	68.92309437559581
724	(-3.8527585557632555-0.06131972897528737j)	0.29940295219421387	69.01842230695901
725	(-3.8961456210384853-0.016486923108695706j)	0.3018162250518799	69.11375023832221
726	(-3.9396631912290974+0.028982307108107896j)	0.44097304344177246	69.20907816968541
727	(-3.9816763197004676+0.07598810345729046j)	0.36153388023376465	69.30440610104861
728	(-4.022873630212324+0.12417612155186197j)	0.3347749710083008	69.39973403241181
729	(-4.063054410354251+0.17261175867419376j)	0.4092109203338623	69.49506196377502
730	(-4.10258277782093+0.22316339048167966j)	0.3925621509552002	69.59038989513823
731	(-4.140674224219844+0.2739822290104428j)	0.48006510734558105	69.68571782650143
732	(-4.177771694863313+0.32599939853305093j)	0.38073205947875977	69.78104575786463
733	(-4.214495602299+0.3790118935283615j)	0.5543670654296875	69.87637368922783
734	(-4.249063251280375+0.43315217176236853j)	0.39754700660705566	69.97170162059103
735	(-4.283437456643289+0.48784726522900157j)	0.5000171661376953	70.06702955195423
736	(-4.316384104114494+0.5435830398114507j)	0.33208513259887695	70.16235748331745
737	(-4.348150728505567+0.6007225854904081j)	0.4779210090637207	70.25768541468065
738	(-4.37874825676177+0.6576737887105382j)	0.4608190059661865	70.35301334604385
739	(-4.408462757300594+0.7164718608530165j)	0.30576467514038086	70.44834127740705
740	(-4.436804946158238+0.7756209048422043j)	0.3164989948272705	70.54366920877025
741	(-4.463591357882606+0.8355179076527113j)	0.43320202827453613	70.63899714013345
742	(-4.490131239387357+0.8962905644799493j)	0.37972497940063477	70.73432507149666
743	(-4.51435850618235+0.9579489163498787j)	0.47052884101867676	70.82965300285987
744	(-4.537958026731082+1.020120463854705j)	0.46605491638183594	70.92498093422307
745	(-4.5602796266156975+1.0827690032301363j)	0.45131492614746094	71.02030886558627
746	(-4.581022077254631+1.1469663256426892j)	0.4187791347503662	71.11563679694947
747	(-4.600684899757523+1.2106130385830065j)	0.34331512451171875	71.21096472831267
748	(-4.619109683069643+1.275679833480301j)	0.47902894020080566	71.30629265967588
749	(-4.636317149380899+1.3412121019223475j)	0.462266206741333	71.40162059103908
750	(-4.651499330211079+1.4070481962840813j)	0.42292189598083496	71.49694852240229
751	(-4.666438175971432+1.4735743023878354j)	0.5216922760009766	71.59227645376549
752	(-4.679129353070525+1.5406910847606896j)	0.30579090118408203	71.6876043851287
753	(-4.690714818206192+1.6083069263004617j)	0.38897085189819336	71.7829323164919
754	(-4.701190427829548+1.6758332172559265j)	0.3225729465484619	71.8782602478551
755	(-4.709985681478051+1.7448124153328894j)	0.32900190353393555	71.9735881792183
756	(-4.717451725334588+1.8132599305482204j)	0.3881688117980957	72.0689161105815
757	(-4.7234783575347095+1.8823559188108079j)	0.33997607231140137	72.16424404194471
758	(-4.728512422538019+1.9520710096407188j)	0.38788700103759766	72.25957197330791
759	(-4.731207511368298+2.0216892501163928j)	0.2989170551300049	72.35489990467111
760	(-4.733519942937703+2.0917668603375787j)	0.3216240406036377	72.45022783603432
761	(-4.733385195418757+2.1622612083163473j)	0.33505702018737793	72.54555576739752
762	(-4.732854356653722+2.2330586894875193j)	0.36569976806640625	72.64088369876072
763	(-4.7303957341836576+2.3031068927711384j)	0.37308192253112793	72.73621163012393
764	(-4.726416336382744+2.3745252919419855j)	0.29521679878234863	72.83153956148713
765	(-4.721062356695041+2.4453797191533404j)	0.33166003227233887	72.92686749285033
766	(-4.714086824601632+2.5163322955043834j)	0.3344860076904297	73.02219542421354
767	(-4.706290470829575+2.5878612448737695j)	0.41198015213012695	73.11752335557674
768	(-4.6960440888168+2.658959522260435j)	0.35604000091552734	73.21285128693994
769	(-4.685146146312025+2.7302534487316032j)	0.29422807693481445	73.30817921830314
770	(-4.672650261699737+2.801412481754174j)	0.3165397644042969	73.40350714966635
771	(-4.658219720209863+2.873008862934788j)	0.3083767890930176	73.49883508102955
772	(-4.642927708072437+2.9436285812529572j)	0.3051571846008301	73.59416301239276
773	(-4.625864846414172+3.0150195454769992j)	0.3056650161743164	73.68949094375596
774	(-4.6074651049381945+3.0859854784750844j)	0.30347204208374023	73.78481887511916
775	(-4.587268349971012+3.1563841022814705j)	0.3058960437774658	73.88014680648236
776	(-4.566398151423872+3.2272744895340733j)	0.3773922920227051	73.97547473784556
777	(-4.543185171236276+3.297479685668937j)	0.4246680736541748	74.07080266920877
778	(-4.518965120473435+3.367600655810003j)	0.40245509147644043	74.16613060057198
779	(-4.4936000024637766+3.4372044528328978j)	0.5503349304199219	74.26145853193518
780	(-4.466075719885432+3.5071298293951303j)	0.5076479911804199	74.35678646329838
781	(-4.437734333512682+3.5758481668880773j)	0.5807011127471924	74.45211439466158
782	(-4.407713450212303+3.6447555969572614j)	0.31888413429260254	74.54744232602478
783	(-4.3764479902761835+3.713422047022362j)	0.5390629768371582	74.64277025738798
784	(-4.343297130663156+3.780943826045985j)	0.46337413787841797	74.7380981887512
785	(-4.3095432982654325+3.8487505724160638j)	0.3201010227203369	74.8334261201144
786	(-4.2737562040124555+3.9156942582674477j)	0.3244779109954834	74.9287540514776
787	(-4.2365839462195485+3.982277163128697j)	0.3442509174346924	75.0240819828408
788	(-4.198706120710463+4.04798534061272j)	0.33250999450683594	75.119409914204
789	(-4.158626321302053+4.113809204441186j)	0.3010580539703369	75.2147378455672
790	(-4.117723244025573+4.178355880979263j)	0.33617591857910156	75.3100657769304
791	(-4.0753013965772835+4.24242454167013j)	0.33359384536743164	75.40539370829362
792	(-4.031673002843046+4.306160059424135j)	0.31012487411499023	75.50072163965682
793	(-3.986385024949069+4.36882435212469j)	0.38562893867492676	75.59604957102002
794	(-3.9403738896352167+4.4312056352574505j)	0.3324310779571533	75.69137750238322
795	(-3.8928009322781882+4.492603845076385j)	0.34138011932373047	75.78670543374642
796	(-3.8435157632712595+4.5533817679100865j)	0.34289002418518066	75.88203336510962
797	(-3.7938867690771367+4.612982952534374j)	0.32213902473449707	75.97736129647284
798	(-3.7422069260747017+4.672399053546906j)	0.32320284843444824	76.07268922783604
799	(-3.6896656294387187+4.730606192859231j)	0.34003210067749023	76.16801715919924
800	(-3.6358171473877725+4.7876633259836145j)	0.30512094497680664	76.26334509056244
801	(-3.5810272874911977+4.844716083833644j)	0.32785606384277344	76.35867302192564
802	(-3.5245378316546345+4.899939638465485j)	0.33087992668151855	76.45400095328884
803	(-3.4673265239726665+4.9547354145716085j)	0.33761000633239746	76.54932888465204
804	(-3.4091194616028484+5.008469083004988j)	0.37148284912109375	76.64465681601526
805	(-3.3489964902049856+5.061351125937727j)	0.30754780769348145	76.73998474737846
806	(-3.2887716039852766+5.112833533844737j)	0.3529832363128662	76.83531267874166
807	(-3.2268183216026936+5.163743363579265j)	0.3730781078338623	76.93064061010486
808	(-3.1639705430447687+5.213613507484372j)	0.36867713928222656	77.02596854146806
809	(-3.1000573839065564+5.2617385552873275j)	0.297806978225708	77.12129647283126
810	(-3.0353733602026045+5.309811298753435j)	0.2978971004486084	77.21662440419446
811	(-2.969293119821371+5.355980431686058j)	0.30922412872314453	77.31195233555768
812	(-2.902342047471485+5.401289950553798j)	0.3679471015930176	77.40728026692088
813	(-2.834979332776774+5.445480358706738j)	0.3982048034667969	77.50260819828408
814	(-2.7656735068116385+5.488613121074745j)	0.3945279121398926	77.59793612964728
815	(-2.696376164469587+5.530228220941482j)	0.3877990245819092	77.69326406101048
816	(-2.625804776980245+5.57082697823443j)	0.3158378601074219	77.78859199237368
817	(-2.554341188180768+5.610602155329906j)	0.3269226551055908	77.88391992373688
818	(-2.4820664028659754+5.64817625501051j)	0.32050514221191406	77.9792478551001
819	(-2.4092037331499645+5.685507466269278j)	0.30559802055358887	78.0745757864633
820	(-2.3353372461862856+5.7210331802643175j)	0.34600186347961426	78.1699037178265
821	(-2.260465467929941+5.755276326251504j)	0.3256049156188965	78.2652316491897
822	(-2.185708818043863+5.788352955879032j)	0.3225841522216797	78.3605595805529
823	(-2.1091883702849867+5.820193117178094j)	0.3225717544555664	78.4558875119161
824	(-2.0326472396932047+5.85050963650008j)	0.32453083992004395	78.55121544327932
825	(-1.9554031458914114+5.8793426217139375j)	0.31786012649536133	78.64654337464252
826	(-1.8773061468693883+5.907543905895901j)	0.3194758892059326	78.74187130600572
827	(-1.7986702238733705+5.933315826471347j)	0.305391788482666	78.83719923736892
828	(-1.7196006860647552+5.958517780663485j)	0.328794002532959	78.93252716873212
829	(-1.6400146588094107+5.982121947852691j)	0.3377063274383545	79.02785510009532
830	(-1.559338817729353+6.0040882020079085j)	0.3534238338470459	79.12318303145852
831	(-1.4791858931504498+6.024843211514602j)	0.36612677574157715	79.21851096282174
832	(-1.397652464889132+6.04421195128771j)	0.4124641418457031	79.31383889418494
833	(-1.3160067588076207+6.062077653775841j)	0.35396409034729004	79.40916682554814
834	(-1.2342057901627859+6.078172764889344j)	0.3445897102355957	79.50449475691134
835	(-1.1516852294015598+6.093695175769084j)	0.2938239574432373	79.59982268827454
836	(-1.0689053592663929+6.106773154477558j)	0.2863459587097168	79.69515061963774
837	(-0.9858280048755625+6.1188738035991355j)	0.28679704666137695	79.79047855100094
838	(-0.9027527156666719+6.129644969557244j)	0.28507328033447266	79.88580648236416
839	(-0.818608668834486+6.138530912312169j)	0.3249361515045166	79.98113441372736
840	(-0.7352404803401422+6.1461638893377195j)	0.3796708583831787	80.07646234509056
841	(-0.6526158642278714+6.152886883003094j)	0.37108302116394043	80.17179027645376
842	(-0.5666348504179253+6.157105108241178j)	0.3454902172088623	80.26711820781696
843	(-0.4825349820911433+6.159760261509431j)	0.3175640106201172	80.36244613918016
844	(-0.39794772230512154+6.161898458924489j)	0.33589887619018555	80.45777407054337
845	(-0.3133858074996383+6.161791998302398j)	0.3054828643798828	80.55310200190658
846	(-0.22864967920897739+6.160276166189924j)	0.3922312259674072	80.64842993326978
847	(-0.14441144376724013+6.157703973583432j)	0.3401491641998291	80.74375786463298
848	(-0.05926787333762329+6.153127477506027j)	0.2974429130554199	80.83908579599618
849	(0.025011641158851017+6.147273033848658j)	0.2989211082458496	80.93441372735938
850	(0.10946136163834863+6.139816922932645j)	0.32024717330932617	81.02974165872259
851	(0.19421225322760582+6.131241703982059j)	0.30473899841308594	81.12506959008579
852	(0.27823699108721334+6.1203623031392915j)	0.3276641368865967	81.220397521449
853	(0.3624678249714455+6.108854999808809j)	0.30045628547668457	81.3157254528122
854	(0.44638787808419034+6.095475122688384j)	0.3011651039123535	81.4110533841754
855	(0.5303583010879471+6.080299832721774j)	0.32344603538513184	81.5063813155386
856	(0.6134105195349164+6.064299509168595j)	0.31568288803100586	81.6017092469018
857	(0.6970494880233309+6.046313351896055j)	0.30756282806396484	81.697037178265
858	(0.7798779255268107+6.027050114521943j)	0.3046116828918457	81.79236510962822
859	(0.8621887088489788+6.006134089399476j)	0.2962522506713867	81.88769304099142
860	(0.944809212218086+5.984287820356515j)	0.3064749240875244	81.98302097235462
861	(1.0264007872044298+5.960177753540161j)	0.2999701499938965	82.07834890371782
862	(1.1078725823102666+5.935227602776302j)	0.3215758800506592	82.17367683508103
863	(1.188749727035101+5.908886142052543j)	0.33557987213134766	82.26900476644423
864	(1.2695356768427588+5.880476775730175j)	0.34884095191955566	82.36433269780743
865	(1.3490981285142702+5.851398970327168j)	0.3755340576171875	82.45966062917064
866	(1.428790095267082+5.820485465970594j)	0.3687100410461426	82.55498856053384
867	(1.5078198199233699+5.788330085748042j)	0.30791711807250977	82.65031649189704
868	(1.5856953981546655+5.754527789441933j)	0.3542900085449219	82.74564442326025
869	(1.6637782077874428+5.719950748528055j)	0.30640673637390137	82.84097235462345
870	(1.740645666681581+5.683339206311022j)	0.32744812965393066	82.93630028598665
871	(1.817049972252212+5.645616415928243j)	0.336256742477417	83.03162821734985
872	(1.8925890866576756+5.607016138454263j)	0.3555309772491455	83.12695614871306
873	(1.9678648216007542+5.566243793985501j)	0.3478200435638428	83.22228408007626
874	(2.0417478347364293+5.524876845371832j)	0.32851195335388184	83.31761201143946
875	(2.1152016439256247+5.4819241042728075j)	0.3200340270996094	83.41293994280267
876	(2.188176720238129+5.437811614802829j)	0.33556675910949707	83.50826787416587
877	(2.2594853372819843+5.392129098335555j)	0.31058788299560547	83.60359580552907
878	(2.3307748913892463+5.345773715913728j)	0.4074077606201172	83.69892373689227
879	(2.4007696604158246+5.297778133590392j)	0.3243680000305176	83.79425166825548
880	(2.46987728281754+5.248609910767581j)	0.3701770305633545	83.88957959961868
881	(2.5380644690795684+5.198622140730118j)	0.35089898109436035	83.98490753098189
882	(2.6056730340417786+5.146757876043285j)	0.3359520435333252	84.08023546234509
883	(2.6718626787914226+5.09430410748866j)	0.29969215393066406	84.17556339370829
884	(2.737024862775424+5.040584406001365j)	0.33167004585266113	84.27089132507149
885	(2.801860424820446+4.985834550941173j)	0.3232440948486328	84.3662192564347
886	(2.8646957342790844+4.929670597037254j)	0.3142526149749756	84.4615471877979
887	(2.9271729708067005+4.872879768837279j)	0.3265950679779053	84.5568751191611
888	(2.9883591114352557+4.814960751643574j)	0.3352470397949219	84.6522030505243
889	(3.0484558544237697+4.755458236443108j)	0.29731011390686035	84.74753098188751
890	(3.1072549662700713+4.695928447634223j)	0.31012511253356934	84.84285891325071
891	(3.1652962630668657+4.634594603096072j)	0.33965206146240234	84.93818684461391
892	(3.2220113577087837+4.572633398457177j)	0.3090240955352783	85.03351477597712
893	(3.2771340481346964+4.50975941341192j)	0.4004781246185303	85.12884270734033
894	(3.3319970936441403+4.446028984804411j)	0.2957170009613037	85.22417063870353
895	(3.384724502212406+4.381130918471296j)	0.3845221996307373	85.31949857006673
896	(3.4365547927311377+4.315537183189873j)	0.3264899253845215	85.41482650142993
897	(3.4874063174069514+4.249505563684011j)	0.36063098907470703	85.51015443279313
898	(3.536801383953132+4.181756926938711j)	0.3258230686187744	85.60548236415633
899	(3.5847646934857464+4.114218770172624j)	0.3120698928833008	85.70081029551955
900	(3.6316657071496845+4.045324283935169j)	0.3248751163482666	85.79613822688275
901	(3.677412387126581+3.9757587968206467j)	0.30557894706726074	85.89146615824595
902	(3.7211079254940573+3.905639506143644j)	0.31546711921691895	85.98679408960915
903	(3.764489589662789+3.8348652078572067j)	0.32675909996032715	86.08212202097235
904	(3.8057950337927067+3.7632544341716576j)	0.3415257930755615	86.17744995233555
905	(3.8459040255587125+3.6909736284222205j)	0.3751487731933594	86.27277788369875
906	(3.8848418114148506+3.6186954322339853j)	0.39662981033325195	86.36810581506197
907	(3.922286560529297+3.5448555449339527j)	0.34993410110473633	86.46343374642517
908	(3.958237925449657+3.471321615367362j)	0.30629682540893555	86.55876167778837
909	(3.9928098629161424+3.396991030559694j)	0.3569800853729248	86.65408960915157
910	(4.026431326508605+3.3219820557039963j)	0.3048369884490967	86.74941754051477
911	(4.057708653425647+3.246757061131432j)	0.30050206184387207	86.84474547187797
912	(4.088488904561108+3.1710957154448716j)	0.32575392723083496	86.94007340324117
913	(4.117412914213454+3.094996916939825j)	0.31043195724487305	87.03540133460439
914	(4.144749019466014+3.0182047650443273j)	0.3100299835205078	87.13072926596759
915	(4.170975131866266+2.941898106390205j)	0.30570316314697266	87.22605719733079
916	(4.195608689943458+2.8643126400771504j)	0.3085598945617676	87.32138512869399
917	(4.21967669987162+2.7861876626122184j)	0.3483259677886963	87.41671306005719
918	(4.240255820514863+2.7095120681110423j)	0.3513948917388916	87.51204099142039
919	(4.260970865655793+2.6313971813752826j)	0.3116428852081299	87.6073689227836
920	(4.279251964842626+2.55336616693461j)	0.396773099899292	87.70269685414681
921	(4.2967510344384765+2.4751301667820824j)	0.31579089164733887	87.79802478551001
922	(4.3127191074344+2.3968875094306688j)	0.3083610534667969	87.89335271687321
923	(4.326798302101633+2.317982239579769j)	0.31106996536254883	87.98868064823641
924	(4.339809155164996+2.2399171709091874j)	0.30060601234436035	88.08400857959961
925	(4.351193612134059+2.1610304401534086j)	0.30669283866882324	88.17933651096281
926	(4.361191023312598+2.0823158337490257j)	0.31255435943603516	88.27466444232603
927	(4.36942328540997+2.0040622207801517j)	0.2884218692779541	88.36999237368923
928	(4.3767398757838185+1.9252122630462916j)	0.32697105407714844	88.46532030505243
929	(4.3818814833183755+1.8467716713423594j)	0.3431551456451416	88.56064823641563
930	(4.385877557696766+1.7683404751980487j)	0.3499326705932617	88.65597616777883
931	(4.388503770852541+1.6902393427858857j)	0.3191990852355957	88.75130409914203
932	(4.389504442538286+1.6117965540489703j)	0.39510011672973633	88.84663203050523
933	(4.38924006659491+1.5342920323788531j)	0.3835411071777344	88.94195996186845
934	(4.387375897743695+1.456554097261596j)	0.2918839454650879	89.03728789323165
935	(4.38426804073247+1.3788593195644494j)	0.3054630756378174	89.13261582459485
936	(4.379141085804774+1.3020673900346023j)	0.3061819076538086	89.22794375595805
937	(4.373395592671328+1.2250431911612423j)	0.2964909076690674	89.32327168732125
938	(4.365658030999871+1.1485884849183376j)	0.2981119155883789	89.41859961868445
939	(4.356421355029241+1.0723519695232682j)	0.29137206077575684	89.51392755004765
940	(4.346377725527573+0.9969437027944222j)	0.2964940071105957	89.60925548141087
941	(4.334275429764998+0.9212140193664105j)	0.3026738166809082	89.70458341277407
942	(4.321124277759057+0.8465724600023496j)	0.3937947750091553	89.79991134413727
943	(4.306451013469241+0.7723515870401247j)	0.33090901374816895	89.89523927550047
944	(4.290712919674154+0.6980811258951083j)	0.33359408378601074	89.99056720686367
945	(4.272972478700352+0.6250920769369486j)	0.29816603660583496	90.08589513822687
946	(4.254548792991145+0.55218480087546j)	0.3992269039154053	90.18122306959008
947	(4.234594596287328+0.48003794274363054j)	0.37775111198425293	90.27655100095329
948	(4.212850638073231+0.4083013984988124j)	0.45322608947753906	90.37187893231649
949	(4.190589664561328+0.33772156516033025j)	0.48132801055908203	90.46720686367969
950	(4.166417626313959+0.26715460002408453j)	0.4842069149017334	90.5625347950429
951	(4.141205837182776+0.1975924637865416j)	0.4302330017089844	90.6578627264061
952	(4.114593339353516+0.12909497263808412j)	0.4612550735473633	90.7531906577693
953	(4.087105577589071+0.06054211802066356j)	0.359220027923584	90.84851858913251
954	(4.0577805537608045-0.006503805086037984j)	0.31041502952575684	90.94384652049571
955	(4.027635632458431-0.07310251711201476j)	0.31078386306762695	91.03917445185891
956	(3.9964981148666583-0.13877722809468485j)	0.2894420623779297	91.13450238322211
957	(3.9634133620436116-0.20385332881155582j)	0.33764100074768066	91.22983031458531
958	(3.9300008839940537-0.26755492967113126j)	0.35976696014404297	91.32515824594851
959	(3.894965318216543-0.3308137968209752j)	0.3370959758758545	91.42048617731172
960	(3.8589230333468163-0.3932326900473837j)	0.29533886909484863	91.51581410867493
961	(3.8216398306157315-0.45403190712258956j)	0.3694651126861572	91.61114204003813
962	(3.7836592193762306-0.5147771100420142j)	0.38814377784729004	91.70646997140133
963	(3.7441567487693637-0.5739349294150864j)	0.40251779556274414	91.80179790276453
964	(3.7036602753842427-0.6322713350279501j)	0.40482258796691895	91.89712583412773
965	(3.662713764678843-0.6895419422986473j)	0.3467550277709961	91.99245376549094
966	(3.6198359934685493-0.7460275598788622j)	0.29395103454589844	92.08778169685414
967	(3.5767161774989313-0.8010399335929532j)	0.38953399658203125	92.18310962821735
968	(3.5323649273933215-0.8551264630069839j)	0.39467287063598633	92.27843755958055
969	(3.487079637061678-0.9085611070909154j)	0.41617512702941895	92.37376549094375
970	(3.440757427777326-0.9599739364099356j)	0.39157605171203613	92.46909342230695
971	(3.3938831269693823-1.0111028532847022j)	0.35518693923950195	92.56442135367016
972	(3.3459247183128564-1.0606900202826035j)	0.3202199935913086	92.65974928503336
973	(3.2968154934610947-1.1091068960777002j)	0.4006190299987793	92.75507721639656
974	(3.247734636486814-1.1563428892956074j)	0.36331915855407715	92.85040514775977
975	(3.1969392029671537-1.202602075555105j)	0.3034791946411133	92.94573307912297
976	(3.145885254541665-1.247411632146385j)	0.3086850643157959	93.04106101048617
977	(3.094056144702189-1.2908093991409288j)	0.3668379783630371	93.13638894184938
978	(3.0414171025202794-1.3337084617610815j)	0.30301594734191895	93.23171687321258
979	(2.987987520243757-1.3743791548557849j)	0.3046588897705078	93.32704480457578
980	(2.934115516403696-1.4144350250252713j)	0.3079969882965088	93.42237273593899
981	(2.8796750437391507-1.4530840086317598j)	0.38892126083374023	93.5177006673022
982	(2.8240018144842325-1.4902822322146436j)	0.36604976654052734	93.6130285986654
983	(2.7687138537420095-1.5262043192160408j)	0.39313793182373047	93.7083565300286
984	(2.712095720956071-1.5609657869862263j)	0.3920929431915283	93.8036844613918
985	(2.6551837734804353-1.594385767200026j)	0.3599369525909424	93.899012392755
986	(2.597945984588031-1.62597735862624j)	0.28571486473083496	93.9943403241182
987	(2.540078276954033-1.6571408284062994j)	0.2880280017852783	94.08966825548141
988	(2.4817042183952354-1.686078737069551j)	0.28609585762023926	94.18499618684461
989	(2.4229690449168233-1.7140125557809853j)	0.29672980308532715	94.28032411820782
990	(2.3642030269186165-1.7407196942831225j)	0.2919337749481201	94.37565204957102
991	(2.304242991284253-1.7657813797614352j)	0.28632593154907227	94.47097998093422
992	(2.2448797589793945-1.7895144560171903j)	0.3181290626525879	94.56630791229742
993	(2.184721639178609-1.8119029803555358j)	0.42562389373779297	94.66163584366062
994	(2.1242130519489097-1.8331297757497615j)	0.3199501037597656	94.75696377502383
995	(2.063801023613173-1.8522288882419773j)	0.42748427391052246	94.85229170638704
996	(2.0029893463189117-1.870861056725243j)	0.28546905517578125	94.94761963775024
997	(1.9419916451013957-1.8874616820469554j)	0.32366228103637695	95.04294756911344
998	(1.880698160605565-1.9026681383456234j)	0.29650306701660156	95.13827550047664
999	(1.819875439434481-1.9168326954385462j)	0.2841331958770752	95.23360343183984
