	res_adaptive	time_adaptive	w
0	(1.0367245500535303-0.02700416163635364j)	0.34371113777160645	0.001
1	(1.2868572511886174-0.20565170896931387j)	0.2936999797821045	0.09632793136320304
2	(1.4210075504452893-0.2317299605130589j)	0.29070591926574707	0.19165586272640608
3	(1.5191504607417945-0.21947355038371574j)	0.2903108596801758	0.2869837940896091
4	(1.5956443266183138-0.18635559390510553j)	0.32390689849853516	0.38231172545281217
5	(1.6537793302992279-0.1348597317972811j)	0.28468990325927734	0.4776396568160152
6	(1.6932159897119374-0.07605992744002288j)	0.28972911834716797	0.5729675881792182
7	(1.7171967665465633-0.013076219582630055j)	0.3865330219268799	0.6682955195424213
8	(1.7222842879675127+0.05252703033909534j)	0.32410597801208496	0.7636234509056243
9	(1.7128543843376784+0.11554168833744527j)	0.3349790573120117	0.8589513822688274
10	(1.69068698798966+0.17533011056059256j)	0.3086998462677002	0.9542793136320304
11	(1.6564813475202416+0.2271297039075142j)	0.40053796768188477	1.0496072449952334
12	(1.6126224468511454+0.26940526257884945j)	0.293809175491333	1.1449351763584363
13	(1.5598844863399564+0.3031008568781114j)	0.29613304138183594	1.2402631077216395
14	(1.502701401726699+0.32429239246566366j)	0.3097801208496094	1.3355910390848424
15	(1.443784959102974+0.3340724182582776j)	0.8018178939819336	1.4309189704480456
16	(1.3827007910478573+0.33100587344094257j)	0.3049941062927246	1.5262469018112486
17	(1.324400323447307+0.31632550028164463j)	0.290179967880249	1.6215748331744515
18	(1.27008827881435+0.2922096309956401j)	0.3146679401397705	1.7169027645376547
19	(1.2222858978219273+0.2567308889237342j)	0.5591397285461426	1.8122306959008576
20	(1.182826433211354+0.21331090636301592j)	0.420910120010376	1.9075586272640608
21	(1.1509644651998643+0.16350635612621844j)	0.3076000213623047	2.0028865586272637
22	(1.130515954905866+0.10905264047175944j)	0.3125889301300049	2.098214489990467
23	(1.121026581283589+0.052918777334672595j)	0.48766589164733887	2.19354242135367
24	(1.122072520782294-0.005131719546259017j)	0.29105114936828613	2.288870352716873
25	(1.134242101017616-0.060795385204843067j)	0.2852931022644043	2.384198284080076
26	(1.1556099025249893-0.11213590166704818j)	0.3930039405822754	2.479526215443279
27	(1.1874215437419757-0.15859995286001152j)	0.39496779441833496	2.574854146806482
28	(1.227048849675058-0.19744027939008119j)	0.32958221435546875	2.670182078169685
29	(1.2720740648859787-0.22874165020026563j)	0.37388086318969727	2.765510009532888
30	(1.322439451221333-0.24976956786956384j)	0.3799450397491455	2.8608379408960913
31	(1.375047368483569-0.26028087793742677j)	0.33336496353149414	2.956165872259294
32	(1.4287147976820724-0.26212221264305935j)	0.3622090816497803	3.0514938036224972
33	(1.4815661953376318-0.2520810430804897j)	0.3274228572845459	3.1468217349857004
34	(1.5300163283839943-0.23311799005651082j)	0.3197331428527832	3.242149666348903
35	(1.5747463650005944-0.20481680299943772j)	0.3092770576477051	3.3374775977121063
36	(1.6125614427659363-0.16867449595074413j)	0.30591392517089844	3.4328055290753094
37	(1.642668024663297-0.12732562373821837j)	0.3361380100250244	3.5281334604385126
38	(1.6638443566334642-0.08023308910052118j)	0.3056471347808838	3.6234613918017153
39	(1.6750979587972776-0.030342972394179768j)	0.28993797302246094	3.7187893231649185
40	(1.677763587797462+0.020423839435601332j)	0.32418203353881836	3.8141172545281217
41	(1.6699292777442882+0.0704965748837102j)	0.4153110980987549	3.9094451858913244
42	(1.6524971484689461+0.11723637771411399j)	0.30266809463500977	4.004773117254528
43	(1.6268265744370372+0.16072087041753813j)	0.3382718563079834	4.100101048617731
44	(1.5932337365281966+0.1979648599870265j)	0.37331390380859375	4.195428979980934
45	(1.5540876609978325+0.22744044922783624j)	0.3370189666748047	4.290756911344137
46	(1.509272371391436+0.2492340218689133j)	0.49414896965026855	4.386084842707341
47	(1.4612383080550913+0.2617010806509985j)	0.40996694564819336	4.481412774070543
48	(1.412653746424529+0.26552797932164485j)	0.2837522029876709	4.576740705433746
49	(1.3639295620096377+0.2594488588135523j)	0.29212379455566406	4.67206863679695
50	(1.317737013032957+0.24379950843968767j)	0.3343019485473633	4.7673965681601524
51	(1.2748919024420875+0.2206313107167025j)	0.3141670227050781	4.862724499523355
52	(1.237584403568162+0.18944095503693004j)	0.29285693168640137	4.958052430886559
53	(1.207763132547139+0.1520863042509677j)	0.2839679718017578	5.0533803622497615
54	(1.1847597485644557+0.10949605397815965j)	0.30057501792907715	5.148708293612964
55	(1.1705522552985588+0.06333898549776512j)	0.29882383346557617	5.244036224976168
56	(1.1653200076341694+0.01646366079847955j)	0.2894308567047119	5.339364156339371
57	(1.1692238225266598-0.031137818765596847j)	0.28871798515319824	5.434692087702573
58	(1.1824756509240415-0.07696035603666057j)	0.2923750877380371	5.530020019065777
59	(1.2030924583441427-0.11915316829336031j)	0.2980799674987793	5.62534795042898
60	(1.2317423013315871-0.15658151268575282j)	0.34699511528015137	5.720675881792183
61	(1.2671117020569893-0.18714783961272077j)	0.3114039897918701	5.816003813155386
62	(1.307207676370722-0.2112596346213455j)	0.31955790519714355	5.911331744518589
63	(1.3512021551301558-0.22707355548968874j)	0.29668402671813965	6.006659675881792
64	(1.3955864587399927-0.23360359650144796j)	0.30394816398620605	6.101987607244995
65	(1.4428306403223818-0.23194910066179647j)	0.3133220672607422	6.197315538608198
66	(1.4879513756443623-0.2211883873367971j)	0.3030872344970703	6.292643469971401
67	(1.5293453676206978-0.20273688420223013j)	0.39763379096984863	6.387971401334604
68	(1.5667257940222084-0.17643773981908173j)	0.40099620819091797	6.483299332697807
69	(1.598045115578088-0.14311917313969935j)	0.41643190383911133	6.57862726406101
70	(1.62284748903568-0.10535726900130643j)	0.33539772033691406	6.673955195424213
71	(1.639872760282759-0.06339342607829934j)	0.3145887851715088	6.769283126787417
72	(1.647826678061228-0.019253430282258677j)	0.30549097061157227	6.8646110581506194
73	(1.6479742771176575+0.025740794000679912j)	0.30376696586608887	6.959938989513822
74	(1.6394353604342256+0.07003338020272809j)	0.3074533939361572	7.055266920877026
75	(1.6226769766701141+0.11090343462053309j)	0.3020508289337158	7.1505948522402285
76	(1.6004362246783268+0.14937087648296987j)	0.2874269485473633	7.245922783603431
77	(1.5671503477703286+0.18044941112589108j)	0.31866908073425293	7.341250714966635
78	(1.5312345086962595+0.20578667321906607j)	0.30000901222229004	7.436578646329838
79	(1.4910047823060208+0.22396874861591498j)	0.32893896102905273	7.53190657769304
80	(1.4477997986331026+0.2335208654139569j)	0.3325071334838867	7.627234509056244
81	(1.403947040424976+0.23543306807000408j)	0.4165229797363281	7.722562440419447
82	(1.360410410164655+0.2289490428778399j)	0.4104151725769043	7.817890371782649
83	(1.3196009400040363+0.21383235942940682j)	0.33324265480041504	7.913218303145853
84	(1.2819614095698408+0.1916355657581984j)	0.3063998222351074	8.008546234509055
85	(1.2490337928469608+0.16250912636535464j)	0.42053675651550293	8.103874165872258
86	(1.222947773030608+0.12827526298331093j)	0.3953080177307129	8.19920209723546
87	(1.203550914752561+0.08955203992425231j)	0.2868030071258545	8.294530028598665
88	(1.1920933732990733+0.04742323766252998j)	0.2841217517852783	8.389857959961867
89	(1.1884626940106031+0.004684334038083715j)	0.28817296028137207	8.48518589132507
90	(1.1929611997335803-0.038089570658528527j)	0.28383398056030273	8.580513822688273
91	(1.2061758404805116-0.07902522225953973j)	0.2836010456085205	8.675841754051476
92	(1.2262376297581334-0.11680932590150128j)	0.3609583377838135	8.77116968541468
93	(1.2530968666792937-0.15030127369123092j)	0.31603193283081055	8.866497616777883
94	(1.2857720177176208-0.17722420236720574j)	0.3047480583190918	8.961825548141086
95	(1.3228495717009263-0.19800853164429538j)	0.30518674850463867	9.057153479504288
96	(1.3635849400755087-0.21120072461134912j)	0.3183939456939697	9.152481410867491
97	(1.4052200420696481-0.2163831381374462j)	0.30969810485839844	9.247809342230694
98	(1.4471966533525498-0.2137128064497595j)	0.30063581466674805	9.343137273593898
99	(1.4881498300243095-0.2025951653420694j)	0.29636573791503906	9.438465204957101
100	(1.5258852035197417-0.1845641386844305j)	0.3466308116912842	9.533793136320304
101	(1.559650902367641-0.1598115432483303j)	0.37390899658203125	9.629121067683506
102	(1.5874916241432642-0.12865164217915895j)	0.33171796798706055	9.72444899904671
103	(1.6092538021968348-0.09315825283654355j)	0.3100869655609131	9.819776930409914
104	(1.6241729020123854-0.05403125209851789j)	0.36427927017211914	9.915104861773116
105	(1.630717465140395-0.01361566165029765j)	0.35062193870544434	10.010432793136319
106	(1.6297593582185048+0.027954281382275792j)	0.3318941593170166	10.105760724499522
107	(1.620782329298273+0.06875544549719148j)	0.35671401023864746	10.201088655862725
108	(1.6045455160193511+0.10641377283413278j)	0.28377604484558105	10.296416587225927
109	(1.581611809723698+0.14039523263184428j)	0.2846050262451172	10.391744518589132
110	(1.552004277781817+0.16928266397960767j)	0.28590893745422363	10.487072449952334
111	(1.5180951050540241+0.19279753225541496j)	0.2720608711242676	10.582400381315537
112	(1.4804342818459624+0.20834989437341445j)	0.28159475326538086	10.67772831267874
113	(1.4404341520942752+0.2164202438629973j)	0.28248023986816406	10.773056244041943
114	(1.3997451566088979+0.2170990622568454j)	0.3278498649597168	10.868384175405145
115	(1.359270014408175+0.21025070295727288j)	0.29983019828796387	10.96371210676835
116	(1.3215603157253641+0.19568846054590106j)	0.2885408401489258	11.059040038131553
117	(1.287246129907596+0.1744366536766937j)	0.48809003829956055	11.154367969494755
118	(1.2572641821544672+0.14659099722165414j)	0.4909999370574951	11.249695900857958
119	(1.2334109921454832+0.11412846455521497j)	0.38376593589782715	11.34502383222116
120	(1.2159590778221154+0.07794171193817878j)	0.288654088973999	11.440351763584365
121	(1.2061873920063853+0.038662714155650924j)	0.35796475410461426	11.535679694947568
122	(1.2037582945430347-0.0014086108765564709j)	0.2893521785736084	11.63100762631077
123	(1.2085777442268388-0.04134745542502416j)	0.3068809509277344	11.726335557673973
124	(1.2214323789289154-0.07920226986038226j)	0.3813660144805908	11.821663489037176
125	(1.2409763684405777-0.11391152046309633j)	0.361407995223999	11.916991420400379
126	(1.2668349762970919-0.1447951347596907j)	0.3157312870025635	12.012319351763583
127	(1.2975828033644299-0.16956861393089862j)	0.39132022857666016	12.107647283126786
128	(1.332660905769943-0.18818516701284266j)	0.30039095878601074	12.202975214489989
129	(1.3710061067639634-0.1997541789442742j)	0.28797197341918945	12.298303145853192
130	(1.4103406308638382-0.20389073449212997j)	0.311007022857666	12.393631077216394
131	(1.4496104197519857-0.2008576983206704j)	0.28798389434814453	12.488959008579599
132	(1.4876158983598295-0.18977972816500965j)	0.3738389015197754	12.584286939942801
133	(1.522682422844469-0.17197320477537592j)	0.4792509078979492	12.679614871306004
134	(1.554142567538518-0.14811637329632898j)	0.4053030014038086	12.774942802669207
135	(1.5798813577034463-0.11857900637620816j)	0.46697282791137695	12.87027073403241
136	(1.5995316084168172-0.08492880505936706j)	0.3892049789428711	12.965598665395612
137	(1.6128092107005274-0.04773657432553735j)	0.32027697563171387	13.060926596758817
138	(1.6185260212838741-0.009170554312474155j)	0.3161768913269043	13.15625452812202
139	(1.6176107139997804+0.029705055209117037j)	0.32069993019104004	13.251582459485222
140	(1.6078087327269053+0.06761960272691026j)	0.34215807914733887	13.346910390848425
141	(1.591732749721505+0.10299905667527387j)	0.3212249279022217	13.442238322211628
142	(1.5696945464238476+0.13481620694316232j)	0.4258859157562256	13.537566253574832
143	(1.5415282666125834+0.16152144628542187j)	0.38062310218811035	13.632894184938035
144	(1.5090255544114657+0.18232728065199777j)	0.36884307861328125	13.728222116301238
145	(1.4731172778585684+0.19714006405546958j)	0.374661922454834	13.82355004766444
146	(1.4352657272081712+0.20437858044917268j)	0.40761709213256836	13.918877979027643
147	(1.3970232099902764+0.20435025190623457j)	0.4570901393890381	14.014205910390846
148	(1.3588981963708058+0.1970873323775102j)	0.35654783248901367	14.10953384175405
149	(1.3232451723023049+0.18275444660827855j)	0.39366602897644043	14.204861773117253
150	(1.291115951220206+0.16233576804013505j)	0.38362979888916016	14.300189704480456
151	(1.2633631078874878+0.13562577219914052j)	0.45228099822998047	14.395517635843659
152	(1.2413233934545802+0.10434386186051126j)	0.5581090450286865	14.490845567206861
153	(1.2251790173638375+0.06977500446454721j)	0.48766493797302246	14.586173498570064
154	(1.2163869127920846+0.032624854901281974j)	0.5538778305053711	14.681501429933268
155	(1.2148602964319526-0.0052770704704517835j)	0.48391008377075195	14.776829361296471
156	(1.2201313570002508-0.04317760568044565j)	0.44071006774902344	14.872157292659674
157	(1.2327088737709169-0.07902418520087329j)	0.48574113845825195	14.967485224022877
158	(1.2516278744977563-0.11150903854185851j)	0.3357539176940918	15.06281315538608
159	(1.2767007534034862-0.14026096244594952j)	0.36208581924438477	15.158141086749284
160	(1.3066232187387699-0.1634930698209472j)	0.3318822383880615	15.253469018112487
161	(1.3399006193304157-0.18075831486554192j)	0.40994715690612793	15.34879694947569
162	(1.3762828354612244-0.1911342350890131j)	0.2919151782989502	15.444124880838892
163	(1.4137929200967003-0.19430934595888255j)	0.31912803649902344	15.539452812202095
164	(1.4512361879397584-0.19088956938409335j)	0.2955458164215088	15.634780743565297
165	(1.4871948834163626-0.18002905790910761j)	0.29955005645751953	15.730108674928502
166	(1.5201083832999431-0.16256463471906601j)	0.35948872566223145	15.825436606291705
167	(1.5496704404499424-0.13924542452362315j)	0.45352911949157715	15.920764537654907
168	(1.5739644409053188-0.11074745227317048j)	0.4771597385406494	16.016092469018112
169	(1.592227299324455-0.07860414766248969j)	0.3277111053466797	16.111420400381316
170	(1.6041793087559204-0.043083169909165164j)	0.4003942012786865	16.206748331744517
171	(1.6090307824745183-0.006069784130614597j)	0.35976576805114746	16.302076263107722
172	(1.607218679122905+0.030839085262447552j)	0.3735971450805664	16.397404194470923
173	(1.598031079885999+0.0668978234498866j)	0.3159291744232178	16.492732125834127
174	(1.5820673616295777+0.10030804641206492j)	0.3470778465270996	16.588060057197332
175	(1.5604907979740041+0.1304682885424j)	0.3025782108306885	16.683387988560533
176	(1.533401120239008+0.15572578724677433j)	0.3369626998901367	16.778715919923737
177	(1.5022341938033816+0.17503289307453718j)	0.32885074615478516	16.874043851286938
178	(1.4676902171834196+0.18852803455401768j)	0.32157015800476074	16.969371782650143
179	(1.431281266979647+0.19504178301354258j)	0.28960680961608887	17.064699714013347
180	(1.3948229055289891+0.19466107888200757j)	0.2886471748352051	17.160027645376548
181	(1.3586959157719871+0.18718824513132648j)	0.3909938335418701	17.255355576739753
182	(1.3247616619490161+0.17285031499085668j)	0.30209898948669434	17.350683508102954
183	(1.2941611954641057+0.15292450095025323j)	0.3910088539123535	17.446011439466158
184	(1.26797824259863+0.12723701686565325j)	0.3195059299468994	17.541339370829363
185	(1.2474832505534559+0.09703569564817605j)	0.3067901134490967	17.636667302192564
186	(1.2325405643409153+0.06360069518638045j)	0.3490269184112549	17.731995233555768
187	(1.2244143305830377+0.02791211734558674j)	0.3292381763458252	17.82732316491897
188	(1.2233987264881172-0.008218305918604563j)	0.3167691230773926	17.922651096282173
189	(1.2290939123674454-0.04432491124195603j)	0.3129868507385254	18.017979027645374
190	(1.2416698242362918-0.07864993064565656j)	0.38277411460876465	18.11330695900858
191	(1.2600766309670197-0.10960422400057879j)	0.2927429676055908	18.208634890371783
192	(1.284325439462025-0.1366728007315651j)	0.3488588333129883	18.303962821734984
193	(1.3134247388820515-0.15843915123605795j)	0.3513350486755371	18.39929075309819
194	(1.3456687994564902-0.17464899353033975j)	0.32659196853637695	18.49461868446139
195	(1.3805546800406603-0.18428742190775j)	0.3576347827911377	18.589946615824594
196	(1.4164250520627832-0.18676277540439232j)	0.32939791679382324	18.6852745471878
197	(1.452343004942993-0.18283738575902705j)	0.32265686988830566	18.780602478551
198	(1.48686600060955-0.17204527668432018j)	0.3399369716644287	18.875930409914204
199	(1.5181837870444144-0.155022296295894j)	0.3164951801300049	18.971258341277405
200	(1.546213705429918-0.13223861851284643j)	0.31368494033813477	19.06658627264061
201	(1.569066559548428-0.10442613006052587j)	0.36956119537353516	19.161914204003814
202	(1.5863558668323532-0.07332386142172831j)	0.3069920539855957	19.257242135367015
203	(1.597410071545744-0.03925825022627438j)	0.3288400173187256	19.35257006673022
204	(1.6014533277711724-0.00366001910972491j)	0.3291921615600586	19.44789799809342
205	(1.5991927827922445+0.03193213571663428j)	0.3176579475402832	19.543225929456625
206	(1.5901063685275347+0.06651129440940207j)	0.32438015937805176	19.63855386081983
207	(1.5744133429989213+0.09829739678578153j)	0.3056612014770508	19.73388179218303
208	(1.5531586804184419+0.1269187520579308j)	0.388674259185791	19.829209723546235
209	(1.526723407332402+0.15102690282725484j)	0.30619382858276367	19.924537654909436
210	(1.4966285021080825+0.16932205639495201j)	0.34563517570495605	20.01986558627264
211	(1.463381112192637+0.18175687331186408j)	0.3341209888458252	20.11519351763584
212	(1.4281662713717038+0.187474909466959j)	0.3072018623352051	20.210521448999046
213	(1.3929509917442044+0.1867466309825352j)	0.28333306312561035	20.30584938036225
214	(1.3583749040360873+0.17928306521556425j)	0.31038904190063477	20.40117731172545
215	(1.3260192918504936+0.16501155491281294j)	0.287092924118042	20.496505243088656
216	(1.296762637898225+0.14529725653550118j)	0.28949904441833496	20.591833174451857
217	(1.27169480120455+0.12031586434303754j)	0.409743070602417	20.68716110581506
218	(1.2523357137905706+0.09113727514311376j)	0.3510410785675049	20.782489037178266
219	(1.2385243990760335+0.0587583994512586j)	0.3881490230560303	20.877816968541467
220	(1.2311036253902201+0.02412509109900829j)	0.35538196563720703	20.97314489990467
221	(1.230401949773408-0.01072771620950086j)	0.3079040050506592	21.068472831267872
222	(1.2362833899625043-0.045270315543595174j)	0.31929993629455566	21.163800762631077
223	(1.24894958811424-0.07817014762468444j)	0.3849048614501953	21.25912869399428
224	(1.2671404824816248-0.10793763271617984j)	0.32027697563171387	21.354456625357482
225	(1.2906731454548173-0.13381304247052397j)	0.3923940658569336	21.449784556720687
226	(1.318912592018751-0.15433681190143755j)	0.3256649971008301	21.545112488083888
227	(1.3503330867637684-0.16947437473207078j)	0.3382582664489746	21.640440419447092
228	(1.3841900416128297-0.17849593548370465j)	0.37987399101257324	21.735768350810293
229	(1.4187341294273395-0.18057951161673058j)	0.3544027805328369	21.831096282173498
230	(1.4532035288816951-0.176261476036556j)	0.336090087890625	21.926424213536702
231	(1.486489360312366-0.16532669000732514j)	0.4596688747406006	22.021752144899903
232	(1.5166694413721553-0.1485877187462206j)	0.3845789432525635	22.117080076263107
233	(1.5432476422722832-0.12644023002059446j)	0.48338985443115234	22.21240800762631
234	(1.5649980622222672-0.09925639069961947j)	0.4200937747955322	22.307735938989513
235	(1.5813575055274585-0.06885148132356905j)	0.5217411518096924	22.403063870352717
236	(1.5918025050975155-0.035859987189632736j)	0.5799758434295654	22.49839180171592
237	(1.5953020842364285-0.00156649223818206j)	0.37302708625793457	22.593719733079123
238	(1.5925346186517642+0.03278392549198689j)	0.3557467460632324	22.689047664442324
239	(1.583357011556016+0.06624626389866128j)	0.3696622848510742	22.78437559580553
240	(1.567972022522023+0.09683798510967956j)	0.32563185691833496	22.879703527168733
241	(1.5471479884541806+0.12409400003494409j)	0.31331586837768555	22.975031458531934
242	(1.5211864988180992+0.14705445142190532j)	0.3208279609680176	23.07035938989514
243	(1.4917910647152628+0.16454004876840977j)	0.2942030429840088	23.16568732125834
244	(1.4596482603493377+0.17626568539794363j)	0.31717991828918457	23.261015252621544
245	(1.4256154834760102+0.18129349794983207j)	0.3118469715118408	23.356343183984748
246	(1.391442420117193+0.18007059027804118j)	0.3328216075897217	23.45167111534795
247	(1.357977211954853+0.17257822402123524j)	0.46334004402160645	23.546999046711154
248	(1.3269082003540689+0.1585334041291836j)	0.3485748767852783	23.642326978074355
249	(1.2989641315886402+0.1390371337425852j)	0.3291780948638916	23.73765490943756
250	(1.2749102776714458+0.11446196046517298j)	0.4021639823913574	23.83298284080076
251	(1.256347414374733+0.08604677317893339j)	0.30864787101745605	23.928310772163965
252	(1.2433993525441251+0.05470528625949156j)	0.3033328056335449	24.02363870352717
253	(1.2367335787126865+0.021066888279761886j)	0.3169748783111572	24.11896663489037
254	(1.236435124787658-0.012852740834688403j)	0.5974977016448975	24.214294566253574
255	(1.2423616998754603-0.046215010626154296j)	0.6978590488433838	24.309622497616775
256	(1.2549782631096653-0.07780024217170844j)	0.7562360763549805	24.40495042897998
257	(1.2730919909255338-0.1064036331114317j)	0.9612216949462891	24.500278360343184
258	(1.2961958100244975-0.13134956201815146j)	0.7469961643218994	24.595606291706385
259	(1.3236480636495425-0.15098588430939464j)	0.7164211273193359	24.69093422306959
260	(1.3542047512829922-0.16515069112463432j)	0.751183271408081	24.78626215443279
261	(1.3872351503991547-0.1734577386057425j)	0.7664377689361572	24.881590085795995
262	(1.4208420705353404-0.17522059672369963j)	0.8184609413146973	24.9769180171592
263	(1.4540777680236758-0.1707387153372142j)	0.6842260360717773	25.0722459485224
264	(1.4861288611244932-0.15967933699364573j)	0.6877579689025879	25.167573879885605
265	(1.5153136693673706-0.14298809398216j)	0.6620469093322754	25.262901811248806
266	(1.540951493998827-0.12131439773730457j)	0.671889066696167	25.35822974261201
267	(1.5616899343385207-0.0948419390135653j)	0.41040682792663574	25.45355767397521
268	(1.5770810239144697-0.06509229771590491j)	0.31356382369995117	25.548885605338416
269	(1.5869080854996578-0.03285099623902088j)	0.5214509963989258	25.64421353670162
270	(1.5900826514302513+0.00043410074861205405j)	0.6403648853302002	25.73954146806482
271	(1.5869812441977997+0.03358518165018004j)	0.7905988693237305	25.834869399428026
272	(1.5775810806252544+0.06596780686715842j)	0.6395490169525146	25.930197330791227
273	(1.5623103934149132+0.0956551842142731j)	0.745884895324707	26.02552526215443
274	(1.5419480143412865+0.12188224149184623j)	0.7208259105682373	26.120853193517636
275	(1.5165350600472456+0.1437592683887403j)	0.6443750858306885	26.216181124880837
276	(1.487649313883882+0.16038042015803078j)	0.650749921798706	26.31150905624404
277	(1.4562784535467852+0.1715497202726708j)	0.6370408535003662	26.406836987607242
278	(1.423302929334375+0.1761451342673208j)	0.6527211666107178	26.502164918970447
279	(1.3901959430066766+0.1744498575048572j)	0.6867380142211914	26.59749285033365
280	(1.3576673256464458+0.16674109775991275j)	0.4743680953979492	26.692820781696852
281	(1.3275275560793554+0.15287936024828863j)	0.4156930446624756	26.788148713060057
282	(1.3007034943324292+0.1337334877196923j)	0.33841490745544434	26.883476644423258
283	(1.2777050213311107+0.10952590067421875j)	0.357982873916626	26.978804575786462
284	(1.2598800947699704+0.08158504642167408j)	0.42285776138305664	27.074132507149667
285	(1.2475183198735786+0.05106732774971123j)	0.41430211067199707	27.169460438512868
286	(1.241444524505572+0.018442642909511253j)	0.3580460548400879	27.264788369876072
287	(1.241659974572402-0.014589621659704066j)	0.29363369941711426	27.360116301239273
288	(1.2477401348324135-0.04707851064080909j)	0.4632282257080078	27.455444232602478
289	(1.2601883161411649-0.07763869878594343j)	0.4618210792541504	27.55077216396568
290	(1.278129280878848-0.10511003210662057j)	0.43560099601745605	27.646100095328883
291	(1.3009865452338145-0.12911130807018417j)	0.4615449905395508	27.741428026692088
292	(1.3279113380013963-0.14807191976001552j)	0.31546592712402344	27.83675595805529
293	(1.3576429588533039-0.16153535009907294j)	0.35786914825439453	27.932083889418493
294	(1.3898056982022833-0.16913939589583687j)	0.33107590675354004	28.027411820781694
295	(1.4226624958302792-0.17044836188855264j)	0.37659788131713867	28.1227397521449
296	(1.454998415945702-0.16585402309974856j)	0.3097069263458252	28.218067683508103
297	(1.485947996642592-0.15484509076262684j)	0.31659507751464844	28.313395614871304
298	(1.5135089117762037-0.13793786548870562j)	0.287200927734375	28.40872354623451
299	(1.5389059044377462-0.11672166665419179j)	0.3150660991668701	28.50405147759771
300	(1.558928558668734-0.09084054645152023j)	0.34382104873657227	28.599379408960914
301	(1.5734996582898022-0.06182094809933497j)	0.7733469009399414	28.69470734032412
302	(1.5826112277982178-0.030272824696574108j)	0.6446237564086914	28.79003527168732
303	(1.585430200320352+0.0022994452667785548j)	0.6215872764587402	28.885363203050524
304	(1.582177708216171+0.03448288595033955j)	0.6483838558197021	28.980691134413725
305	(1.572658883155215+0.06577669615521187j)	0.6225452423095703	29.07601906577693
306	(1.557337549076238+0.09457129538442355j)	0.6091458797454834	29.17134699714013
307	(1.5372331600790112+0.11992625410071889j)	0.5604801177978516	29.266674928503335
308	(1.5124253248325583+0.14106988315871638j)	0.31541872024536133	29.36200285986654
309	(1.4841079059419695+0.1568205114953738j)	0.3070709705352783	29.45733079122974
310	(1.453522778618199+0.16729683445148258j)	0.4382901191711426	29.552658722592945
311	(1.4211258229267267+0.1715601333446608j)	0.5504169464111328	29.647986653956146
312	(1.38899498385585+0.16966983430978788j)	0.4802980422973633	29.74331458531935
313	(1.3574468743274632+0.16170427487917294j)	0.36721014976501465	29.838642516682555
314	(1.3280843230975317+0.14782646729260673j)	0.4720749855041504	29.933970448045756
315	(1.3020791901453497+0.1289980356825038j)	0.36546778678894043	30.02929837940896
316	(1.280021663952155+0.10526793735509254j)	0.385113000869751	30.12462631077216
317	(1.2630206492371205+0.07774009268847348j)	0.3318808078765869	30.219954242135366
318	(1.251210413843196+0.04777350871478381j)	0.30421996116638184	30.31528217349857
319	(1.2454993346455954+0.01599526125390316j)	0.3210752010345459	30.41061010486177
320	(1.2461291171222793-0.016101936302196584j)	0.3147289752960205	30.505938036224975
321	(1.2525122732722775-0.04776100234493308j)	0.3765718936920166	30.601265967588176
322	(1.2649013890592478-0.07756647987153681j)	0.43394994735717773	30.69659389895138
323	(1.2825613262378417-0.10412782056599107j)	0.73781418800354	30.791921830314585
324	(1.3051133403032598-0.12715945467550863j)	0.7699577808380127	30.887249761677786
325	(1.3317053329917115-0.14540539493434443j)	0.7322561740875244	30.98257769304099
326	(1.3608412927652702-0.1583527439619315j)	0.6524298191070557	31.077905624404192
327	(1.3921446490329157-0.1654569884574806j)	0.6558272838592529	31.173233555767396
328	(1.424206123193869-0.1662660826855874j)	0.6023821830749512	31.268561487130597
329	(1.4558237094956248-0.16141321913699466j)	0.6483380794525146	31.3638894184938
330	(1.485952666905397-0.15049818414561955j)	0.616992712020874	31.459217349857006
331	(1.5131297761647655-0.13397907444927665j)	0.608799934387207	31.554545281220207
332	(1.537046217291201-0.11268764749271962j)	0.3849170207977295	31.64987321258341
333	(1.5564484948655661-0.08715723842577652j)	0.2871239185333252	31.745201143946613
334	(1.5704485228379856-0.05877885184732834j)	0.4391448497772217	31.840529075309817
335	(1.5789257413385225-0.028001176821106477j)	0.5897209644317627	31.93585700667302
336	(1.581257248997559+0.0039201647602225j)	0.4550957679748535	32.03118493803622
337	(1.5778200724011961+0.03540805770818661j)	0.4651923179626465	32.12651286939942
338	(1.5683376108206837+0.06578792104265174j)	0.3918001651763916	32.22184080076263
339	(1.553024275283198+0.09364131476950432j)	0.29706597328186035	32.31716873212583
340	(1.5330307731336168+0.11832239065201267j)	0.2967510223388672	32.41249666348903
341	(1.5084158300246198+0.1388899038200907j)	0.31259918212890625	32.50782459485224
342	(1.4809269445561333+0.1538305141673898j)	0.3436002731323242	32.60315252621544
343	(1.4507432595017828+0.1636651476651262j)	0.2908899784088135	32.69848045757864
344	(1.4191133332832164+0.16754368197939373j)	0.3783891201019287	32.79380838894184
345	(1.3879305563230568+0.16551268032297883j)	0.37195801734924316	32.88913632030505
346	(1.3571517864978369+0.1573436445722639j)	0.33077192306518555	32.98446425166825
347	(1.3286347782571668+0.14337556735402346j)	0.5066990852355957	33.07979218303145
348	(1.3033059643801639+0.1246669178021701j)	0.37453413009643555	33.17512011439466
349	(1.2819388462891315+0.1013954888983265j)	0.4434800148010254	33.27044804575786
350	(1.2657077695233327+0.0743825023330511j)	0.3546910285949707	33.36577597712106
351	(1.2545553579213027+0.04488185631449604j)	0.3349909782409668	33.46110390848427
352	(1.249178978675561+0.013695717457392065j)	0.37937211990356445	33.55643183984747
353	(1.2500542453571166-0.017539069647908134j)	0.2949249744415283	33.65175977121067
354	(1.256670868793563-0.0483486400417949j)	0.333629846572876	33.74708770257387
355	(1.269172596192077-0.07743724424272735j)	0.3036329746246338	33.84241563393708
356	(1.286649787892654-0.10333457835628151j)	0.3085470199584961	33.93774356530028
357	(1.3087937610781835-0.1255606805901132j)	0.3014070987701416	34.03307149666348
358	(1.3350012770588124-0.14311086090273914j)	0.3044931888580322	34.12839942802669
359	(1.3637600282572675-0.15541088244552523j)	0.2913792133331299	34.22372735938989
360	(1.3944017885915923-0.16217842176776892j)	0.30679869651794434	34.31905529075309
361	(1.4256446944768908-0.16264183792143036j)	0.2972888946533203	34.41438322211629
362	(1.4565010331287616-0.15744461988373507j)	0.3092458248138428	34.5097111534795
363	(1.4859837384466419-0.1464732061486188j)	0.3792588710784912	34.6050390848427
364	(1.5124278959845796-0.13016161742965157j)	0.43494176864624023	34.7003670162059
365	(1.5354714570216104-0.10914058492181472j)	0.3966240882873535	34.79569494756911
366	(1.5541631428034155-0.08386344434179199j)	0.33942604064941406	34.89102287893231
367	(1.5676822252525093-0.05590011525687694j)	0.31181812286376953	34.98635081029551
368	(1.5757339768823817-0.025832072769528647j)	0.4112560749053955	35.08167874165872
369	(1.5776065573395766+0.005353799573440843j)	0.39926791191101074	35.17700667302192
370	(1.5738366093292944+0.036217867679156024j)	0.3408079147338867	35.27233460438512
371	(1.564358798316667+0.06593081165543169j)	0.33169102668762207	35.36766253574832
372	(1.5491941998978151+0.09296647775120437j)	0.3393080234527588	35.46299046711153
373	(1.5293143387745896+0.11680162800352178j)	0.30712199211120605	35.55831839847473
374	(1.5051315850230287+0.13662781728249696j)	0.3675110340118408	35.65364632983793
375	(1.4779157329876182+0.15121992447540267j)	0.38286590576171875	35.74897426120114
376	(1.4484090759915174+0.16049932557910662j)	0.5358121395111084	35.84430219256434
377	(1.4173833891885823+0.16387696797609663j)	0.3294410705566406	35.93963012392754
378	(1.386581326936327+0.16149436058398703j)	0.40949392318725586	36.034958055290744
379	(1.3567349249413578+0.15342678383378416j)	0.3936598300933838	36.13028598665395
380	(1.3290606532589182+0.13947676494166295j)	0.2956840991973877	36.22561391801715
381	(1.304472191080923+0.12078053709752368j)	0.292431116104126	36.320941849380354
382	(1.2836612332473512+0.09777754650123704j)	0.2951231002807617	36.41626978074356
383	(1.2679902131401446+0.07128074006684171j)	0.2892873287200928	36.51159771210676
384	(1.257487940840322+0.042338176330280364j)	0.29078006744384766	36.606925643469964
385	(1.2525734672775282+0.011645932573680406j)	0.2880258560180664	36.70225357483317
386	(1.253614892913692-0.019053267855505873j)	0.29103994369506836	36.79758150619637
387	(1.2603459080881245-0.04900164895659659j)	0.28898096084594727	36.892909437559574
388	(1.2729517212385648-0.07729255173567218j)	0.29247164726257324	36.988237368922775
389	(1.2904260701889887-0.10256455172429874j)	0.41560792922973633	37.08356530028598
390	(1.312244734910804-0.12420598465087432j)	0.42772912979125977	37.178893231649184
391	(1.3380008088512931-0.1410025978239701j)	0.34041595458984375	37.274221163012385
392	(1.366282052187481-0.15272412022124293j)	0.3206331729888916	37.36954909437559
393	(1.396518376688476-0.15911607169131925j)	0.4270451068878174	37.464877025738794
394	(1.4270238885966462-0.1596372506661228j)	0.6944301128387451	37.560204957101995
395	(1.4571560893849602-0.15395631165120402j)	0.7003462314605713	37.655532888465196
396	(1.4859493274213875-0.14281311868341745j)	0.7346818447113037	37.750860819828404
397	(1.5118295826686408-0.1265676047475136j)	1.2752811908721924	37.846188751191605
398	(1.5341972818703185-0.1058716048391907j)	1.4713850021362305	37.941516682554806
399	(1.551648263850392-0.0810136727471783j)	0.6822750568389893	38.036844613918014
400	(1.565102399464414-0.05328043525903159j)	0.3398599624633789	38.132172545281215
401	(1.5728153510460998-0.023711462052666943j)	0.6514487266540527	38.227500476644416
402	(1.5744042262472349+0.0067678471183349465j)	0.7648313045501709	38.322828408007624
403	(1.570290853585531+0.03692245865420968j)	0.30632615089416504	38.418156339370825
404	(1.560658924967707+0.06604629370597159j)	0.34711384773254395	38.513484270734025
405	(1.5456234136939497+0.09248726168415988j)	0.40179920196533203	38.608812202097226
406	(1.525984274526258+0.11555948344446088j)	0.3486649990081787	38.704140133460434
407	(1.5020193446436556+0.1346780506951173j)	0.3198981285095215	38.799468064823635
408	(1.475088250681364+0.14879301168305037j)	0.3101358413696289	38.894795996186836
409	(1.4461431195861547+0.15769855407112243j)	0.3217809200286865	38.990123927550044
410	(1.4157982350681129+0.16067141123819462j)	0.32910585403442383	39.085451858913245
411	(1.3855712907358928+0.1579161743277845j)	0.3304769992828369	39.180779790276446
412	(1.3562814302645894+0.14975645536035243j)	0.2972452640533447	39.276107721639654
413	(1.3290883939853013+0.1357085455463506j)	0.3027780055999756	39.371435653002855
414	(1.3054848461405226+0.11733900381384976j)	0.29850125312805176	39.466763584366056
415	(1.2852972929185755+0.09447601174914266j)	0.3196542263031006	39.56209151572926
416	(1.2700564326835235+0.06832178917532916j)	0.29962611198425293	39.657419447092465
417	(1.260028785117957+0.03995526070628452j)	0.30142998695373535	39.752747378455666
418	(1.2556040507304826+0.009723590937185889j)	0.3111128807067871	39.84807530981887
419	(1.2569674971723956-0.020382183870355564j)	0.33243298530578613	39.943403241182075
420	(1.2637526625802789-0.04972856189510322j)	0.300062894821167	40.038731172545276
421	(1.2763216935395345-0.07726321559150834j)	0.3100922107696533	40.13405910390848
422	(1.2938154452401516-0.10182045072808293j)	0.29051709175109863	40.22938703527168
423	(1.315492870541051-0.12292350601208213j)	0.30715084075927734	40.324714966634886
424	(1.3408402520479819-0.13925017939515028j)	0.36902713775634766	40.42004289799809
425	(1.3686690675987485-0.15039980251947527j)	0.28903794288635254	40.51537082936129
426	(1.398399113196686-0.1562825528227058j)	0.29207301139831543	40.610698760724496
427	(1.4284236220849933-0.1563076970593962j)	0.2901010513305664	40.7060266920877
428	(1.4579047960537395-0.15079608784981327j)	0.4288160800933838	40.8013546234509
429	(1.4859423485708227-0.13955900152698378j)	0.6132607460021973	40.896682554814106
430	(1.5112217110463666-0.12324614692642892j)	0.6552791595458984	40.99201048617731
431	(1.5330774150670952-0.10274431489821442j)	0.759850025177002	41.08733841754051
432	(1.5504680849429415-0.07822172456321519j)	0.6878938674926758	41.18266634890371
433	(1.5627861707006396-0.050944945117649854j)	0.6852200031280518	41.27799428026692
434	(1.5700581822085233-0.021746504742717887j)	0.671619176864624	41.37332221163012
435	(1.5714531302487516+0.00821523400437002j)	0.6468210220336914	41.46865014299332
436	(1.5671463608737228+0.03766340005540625j)	0.6127138137817383	41.56397807435653
437	(1.5573188420203543+0.06610403374641638j)	0.632803201675415	41.65930600571973
438	(1.542250367001033+0.09204150931534882j)	0.690330982208252	41.75463393708293
439	(1.522845218948366+0.11455269308158966j)	0.6786789894104004	41.84996186844613
440	(1.4992157791316323+0.1330049081161515j)	0.7002522945404053	41.94528979980934
441	(1.472566229947715+0.1464971531100583j)	0.4819040298461914	42.04061773117254
442	(1.4439616982856718+0.15507512254435707j)	0.4295971393585205	42.13594566253574
443	(1.4142103673891346+0.15780812191042204j)	0.37515902519226074	42.23127359389895
444	(1.3846448122577661+0.15474124678457524j)	0.4250469207763672	42.32660152526215
445	(1.3559065046590584+0.14636206154360576j)	0.4407951831817627	42.42192945662535
446	(1.3294274922641725+0.13257377789663338j)	0.3487660884857178	42.51725738798856
447	(1.3062698442706733+0.11418742888147626j)	0.5230247974395752	42.61258531935176
448	(1.2867733262755998+0.09152783205442916j)	0.3207509517669678	42.70791325071496
449	(1.2720267119546844+0.06557600477313286j)	0.4001941680908203	42.80324118207816
450	(1.2623455442899922+0.03762878728860375j)	0.31403589248657227	42.89856911344137
451	(1.2582738397673328+0.008130820110779702j)	0.36599087715148926	42.99389704480457
452	(1.2600136928457757-0.021541167027412822j)	0.3274548053741455	43.08922497616777
453	(1.2669841673481264-0.05040236801606862j)	0.4420778751373291	43.18455290753098
454	(1.279469900152354-0.07736921397503405j)	0.40788698196411133	43.27988083889418
455	(1.2968586994697227-0.10122439595957489j)	0.3556990623474121	43.37520877025738
456	(1.3184460186493787-0.12168936239788017j)	0.5838119983673096	43.47053670162058
457	(1.3435630629613708-0.13759657005861392j)	0.3090817928314209	43.56586463298379
458	(1.370926252699665-0.1483461137275277j)	0.3125	43.66119256434699
459	(1.4001159806180634-0.1537664271396682j)	0.43863511085510254	43.75652049571019
460	(1.4297947372692263-0.15343289971915855j)	0.3063077926635742	43.8518484270734
461	(1.4586903650274103-0.14779182800731658j)	0.3070352077484131	43.9471763584366
462	(1.4859507851428708-0.13659573963678412j)	0.3378000259399414	44.0425042897998
463	(1.5106671733633528-0.12026359342051585j)	0.30588388442993164	44.13783222116301
464	(1.5319829228469535-0.0998076104265247j)	0.294844388961792	44.23316015252621
465	(1.5489614421539493-0.07559179074446176j)	0.2922029495239258	44.32848808388941
466	(1.5607800879409346-0.04875917807520985j)	0.41662073135375977	44.42381601525261
467	(1.5675377329550588-0.019991965710571935j)	0.35552501678466797	44.51914394661582
468	(1.5685259880590794+0.00955044535000088j)	0.3287980556488037	44.61447187797902
469	(1.564229508713026+0.038497355367106745j)	0.299152135848999	44.70979980934222
470	(1.554323547774092+0.0662487988707029j)	0.39467287063598633	44.80512774070543
471	(1.5391611581871174+0.09158164029333049j)	0.2979130744934082	44.90045567206863
472	(1.5198338746362208+0.11362168281028351j)	0.2953522205352783	44.99578360343183
473	(1.4965445514087041+0.13158973725623824j)	0.3625040054321289	45.09111153479503
474	(1.4702359287637135+0.144544633263345j)	0.28854799270629883	45.18643946615824
475	(1.441975026871603+0.1526004273948084j)	0.2994818687438965	45.28176739752144
476	(1.4126324245789132+0.15510743178974407j)	0.3155250549316406	45.37709532888464
477	(1.3837068897363884+0.1511903082482503j)	0.2693929672241211	45.47242326024785
478	(1.3555953759450476+0.14329624606890712j)	0.29457902908325195	45.56775119161105
479	(1.3295974260050825+0.12941366832347312j)	0.2875809669494629	45.66307912297425
480	(1.3069043390509583+0.11115822941553466j)	0.2904093265533447	45.75840705433746
481	(1.2880081775690235+0.08881335968238768j)	0.29151201248168945	45.85373498570066
482	(1.2738427300478108+0.06310987393504186j)	0.2899641990661621	45.94906291706386
483	(1.2645665179781744+0.03543048111750846j)	0.28982090950012207	46.044390848427064
484	(1.2607214707257355+0.0064132806390434505j)	0.2884712219238281	46.13971877979027
485	(1.262724697169373-0.02265279038784529j)	0.3578779697418213	46.23504671115347
486	(1.2699643131041354-0.05096303590796758j)	0.41402721405029297	46.330374642516674
487	(1.2824973375179076-0.07748419874858897j)	0.31012415885925293	46.42570257387988
488	(1.2997224195158372-0.10080197063274071j)	0.3092939853668213	46.52103050524308
489	(1.321111890950938-0.12061375410060193j)	0.31789684295654297	46.61635843660628
490	(1.3460702991031774-0.13600174560983186j)	0.38405418395996094	46.71168636796949
491	(1.373136158536761-0.1464087075084058j)	0.3955059051513672	46.80701429933269
492	(1.4017826417233938-0.15152290919169176j)	0.31356382369995117	46.90234223069589
493	(1.4309355784950089-0.15083375940052424j)	0.31176185607910156	46.997670162059094
494	(1.4593863399537907-0.14493442747778323j)	0.4248020648956299	47.0929980934223
495	(1.486294288286583-0.13375017113293627j)	0.3839712142944336	47.1883260247855
496	(1.5102773592261636-0.11753049818192228j)	0.38535094261169434	47.283653956148704
497	(1.5309565578219417-0.09714593932352775j)	0.3291041851043701	47.37898188751191
498	(1.547499382446376-0.0730748002623739j)	0.37210869789123535	47.47430981887511
499	(1.5589715107037037-0.04659918633666488j)	0.36222410202026367	47.569637750238314
500	(1.5653122139122913-0.018343262671262406j)	0.335284948348999	47.664965681601515
501	(1.5660276182018618+0.010806085076486338j)	0.3997650146484375	47.76029361296472
502	(1.5614254243301056+0.03932047466048072j)	0.4702153205871582	47.855621544327924
503	(1.5515352956586115+0.06651911773596919j)	0.7706241607666016	47.950949475691125
504	(1.536377615662679+0.09121132760687156j)	0.7836658954620361	48.04627740705433
505	(1.5170400674826714+0.11270238907078334j)	0.7111608982086182	48.141605338417534
506	(1.493944542509377+0.1302772902217778j)	0.6904318332672119	48.236933269780735
507	(1.4680254056351334+0.14281472747499202j)	0.7293548583984375	48.33226120114394
508	(1.4401806070733867+0.15037134998550328j)	0.7014081478118896	48.427589132507144
509	(1.411181921033776+0.1525309734165683j)	0.6249139308929443	48.522917063870345
510	(1.3826416054506079+0.14916512004028815j)	0.28870487213134766	48.618244995233546
511	(1.3551877895957296+0.1405243285832617j)	0.3333108425140381	48.713572926596754
512	(1.329791919567438+0.12654451425839486j)	0.31223106384277344	48.808900857959955
513	(1.3075583489206943+0.10828369897374623j)	0.3137967586517334	48.904228789323156
514	(1.2890754704930578+0.08618326648328478j)	0.3168027400970459	48.999556720686364
515	(1.2754210903984622+0.060831073319473794j)	0.350419282913208	49.094884652049565
516	(1.2666506238169775+0.033450237992695864j)	0.339008092880249	49.190212583412766
517	(1.2629705941116014+0.004813598731431834j)	0.30769801139831543	49.28554051477597
518	(1.2652239445566327-0.023819925551602728j)	0.39484596252441406	49.380868446139175
519	(1.2726439685648787-0.05150993200810672j)	0.29450106620788574	49.476196377502376
520	(1.2853216867612454-0.07752540696886934j)	0.30190587043762207	49.57152430886558
521	(1.3025028322537768-0.10043183440220305j)	0.3736450672149658	49.666852240228785
522	(1.3236338991494185-0.11973501413546134j)	0.388897180557251	49.762180171591986
523	(1.3483384672455392-0.13456169564302572j)	0.31113505363464355	49.85750810295519
524	(1.3751968174425-0.14452817680141467j)	0.3162848949432373	49.952836034318395
525	(1.4034270432058253-0.14939778026209935j)	0.31485509872436523	50.048163965681596
526	(1.4320829989065031-0.14849844815175253j)	0.29802799224853516	50.1434918970448
527	(1.4599942219340571-0.14232232501886719j)	0.2918410301208496	50.238819828408
528	(1.4864750842095416-0.13101465437922785j)	0.3127098083496094	50.334147759771206
529	(1.5100166091053335-0.11490357832362778j)	0.30740809440612793	50.42947569113441
530	(1.5301047932269076-0.09469944368016933j)	0.3057518005371094	50.52480362249761
531	(1.5461065960001672-0.07077589166273157j)	0.30148983001708984	50.620131553860816
532	(1.5572229493761753-0.04450020189200149j)	0.30663609504699707	50.71545948522402
533	(1.5632906360619905-0.0166786925175052j)	0.33172607421875	50.81078741658722
534	(1.5636877208992157+0.011951122099035594j)	0.31175780296325684	50.90611534795042
535	(1.5587838820451232+0.04003680772060764j)	0.30774998664855957	51.00144327931363
536	(1.5488310910777063+0.06682863166836639j)	0.3293120861053467	51.09677121067683
537	(1.5337736348837678+0.0909994631719343j)	0.3031470775604248	51.19209914204003
538	(1.5145066814529793+0.11187879252531285j)	0.2990279197692871	51.28742707340324
539	(1.49149988598117+0.12898676509709395j)	0.3095700740814209	51.38275500476644
540	(1.4658373787812258+0.1412081136351503j)	0.3173258304595947	51.47808293612964
541	(1.4384435671212525+0.14839934935115884j)	0.32685327529907227	51.573410867492846
542	(1.4098802249815585+0.15017023867546653j)	0.3365931510925293	51.66873879885605
543	(1.3816818781777092+0.14655773635127123j)	0.3152279853820801	51.76406673021925
544	(1.3546887319563843+0.13788261390709333j)	0.32360339164733887	51.85939466158245
545	(1.3298770088203502+0.12393098755434317j)	0.31429100036621094	51.95472259294566
546	(1.3081990398962087+0.10563709759245299j)	0.3332042694091797	52.05005052430886
547	(1.2901142923751505+0.08363897417982491j)	0.32318997383117676	52.14537845567206
548	(1.2768123778408682+0.058602706459798815j)	0.315640926361084	52.24070638703527
549	(1.2685003791514453+0.031613358632379907j)	0.34430909156799316	52.33603431839847
550	(1.2653230389158252+0.003255396006778377j)	0.33226776123046875	52.43136224976167
551	(1.2676450006532738-0.024982688262111252j)	0.32628870010375977	52.52669018112488
552	(1.2751247678721662-0.052144150381969345j)	0.3058629035949707	52.62201811248808
553	(1.2878827236456818-0.0775721796345652j)	0.32421088218688965	52.71734604385128
554	(1.305135299517751-0.10002265804181643j)	0.33548474311828613	52.81267397521448
555	(1.3261095212572906-0.1189417684163542j)	0.40769100189208984	52.90800190657769
556	(1.350491331689925-0.13332748259373106j)	0.31674909591674805	53.00332983794089
557	(1.3770637786717912-0.14279453402843054j)	0.3155357837677002	53.09865776930409
558	(1.405065335557359-0.14733291717142674j)	0.401287317276001	53.1939857006673
559	(1.433284295640928-0.14628569458907784j)	0.35267114639282227	53.2893136320305
560	(1.4606335377089241-0.13995484747249318j)	0.3353440761566162	53.3846415633937
561	(1.4865987838741315-0.12848271458700466j)	0.28902101516723633	53.4799694947569
562	(1.5097545128898224-0.11233258669360069j)	0.312345027923584	53.57529742612011
563	(1.5294099302074489-0.09232784045128059j)	0.44309306144714355	53.67062535748331
564	(1.5448896287694158-0.06866392297603519j)	0.30855798721313477	53.76595328884651
565	(1.5555400857946398-0.0425693641540818j)	0.2889130115509033	53.86128122020972
566	(1.561331238872418-0.015025790397650507j)	0.2902839183807373	53.95660915157292
567	(1.5615440363385287+0.013161134541744446j)	0.4887981414794922	54.05193708293612
568	(1.5563902205153703+0.04070341613191952j)	0.3228580951690674	54.14726501429933
569	(1.5462289695709215+0.06705057309816453j)	0.31320619583129883	54.24259294566253
570	(1.5312281521543327+0.0908641994368965j)	0.3624758720397949	54.33792087702573
571	(1.5121296320683162+0.11123047536006292j)	0.3822152614593506	54.43324880838893
572	(1.4892751175038763+0.1277921085224406j)	0.32981419563293457	54.52857673975214
573	(1.463749194183328+0.13962869681238443j)	0.30153989791870117	54.62390467111534
574	(1.4366889560125211+0.14656115216656418j)	0.29937005043029785	54.71923260247854
575	(1.4086116991070383+0.14805716730435958j)	0.29923009872436523	54.81456053384175
576	(1.3808496860122246+0.14412766121470244j)	0.28759312629699707	54.90988846520495
577	(1.3542155427192952+0.13531295837331403j)	0.28948402404785156	55.00521639656815
578	(1.3298412750683652+0.12143161545877523j)	0.29065895080566406	55.10054432793135
579	(1.3087270829203146+0.10321816640182457j)	0.43285703659057617	55.19587225929456
580	(1.29114264714422+0.08128051804294034j)	0.4176359176635742	55.29120019065776
581	(1.278157940413268+0.056413720921210886j)	0.36902880668640137	55.38652812202096
582	(1.2701574588037143+0.02979992318719593j)	0.41249728202819824	55.48185605338417
583	(1.267352374823147+0.0018778485689014968j)	0.3100898265838623	55.57718398474737
584	(1.2699706274575213-0.026028262455863094j)	0.307873010635376	55.67251191611057
585	(1.2775393325731206-0.05281948679890941j)	0.3020498752593994	55.76783984747378
586	(1.2901938230452308-0.07770507163777107j)	0.2979419231414795	55.86316777883698
587	(1.3074071771117541-0.09959231876460589j)	0.29506516456604004	55.95849571020018
588	(1.3284868111306276-0.11812907946224585j)	0.3007779121398926	56.05382364156338
589	(1.3526313989698509-0.13220165069922055j)	0.30782389640808105	56.14915157292659
590	(1.378836361809515-0.1412677648227471j)	0.316896915435791	56.24447950428979
591	(1.4065054124765701-0.14539183887981372j)	0.3036329746246338	56.33980743565299
592	(1.434439301091954-0.14411336630161609j)	0.3108952045440674	56.4351353670162
593	(1.4613602300138164-0.1377111579705009j)	0.3132059574127197	56.5304632983794
594	(1.4867633512173153-0.1261773181084176j)	0.3299448490142822	56.6257912297426
595	(1.5094518211927985-0.10993051252248354j)	0.3156001567840576	56.721119161105804
596	(1.5287423956151605-0.08998759592311867j)	0.40866684913635254	56.81644709246901
597	(1.5438432550956556-0.0666003131596748j)	0.32094907760620117	56.91177502383221
598	(1.5540237831935078-0.04079547558280011j)	0.2928929328918457	57.007102955195414
599	(1.559419403823385-0.013497157925314529j)	0.4327888488769531	57.10243088655862
600	(1.5594793038257333+0.014359308827189499j)	0.2951772212982178	57.19775881792182
601	(1.554191677404226+0.0414376519466223j)	0.30770277976989746	57.293086749285024
602	(1.543878754902038+0.06728031587812422j)	0.3088839054107666	57.38841468064823
603	(1.5287674794369512+0.09068811320421644j)	0.33005595207214355	57.48374261201143
604	(1.5097904620405944+0.11068682181563372j)	0.32410693168640137	57.579070543374634
605	(1.4871872701483653+0.1267761516166912j)	0.30703306198120117	57.674398474737835
606	(1.4618461986883704+0.13813931821414538j)	0.40779614448547363	57.76972640610104
607	(1.4349904169809937+0.14475302169761517j)	0.3064126968383789	57.865054337464244
608	(1.4072945250224391+0.1460805171582057j)	0.33089208602905273	57.960382268827445
609	(1.3800161654900784+0.1419353935911577j)	0.5738918781280518	58.05571020019065
610	(1.353826419439018+0.13289256788092352j)	0.33232688903808594	58.151038131553854
611	(1.3297858818966333+0.11900160318566788j)	0.3857722282409668	58.246366062917055
612	(1.309111602623545+0.1008993152478378j)	0.34772181510925293	58.341693994280256
613	(1.292055659601209+0.0791193508445216j)	0.3185698986053467	58.437021925643464
614	(1.2794887712918772+0.05436425004123657j)	0.3123321533203125	58.532349857006665
615	(1.2717542239917603+0.028000284649150053j)	0.4073519706726074	58.627677788369866
616	(1.2691861999214105+0.0004970440248658337j)	0.3083760738372803	58.723005719733074
617	(1.2720933099850535-0.026978451539087067j)	0.32396483421325684	58.818333651096275
618	(1.2798845823269989-0.05342093428829531j)	0.3145928382873535	58.913661582459476
619	(1.2925844929529553-0.07796062692543898j)	0.3085482120513916	59.008989513822684
620	(1.3097753948903164-0.09936485340294043j)	0.33081865310668945	59.104317445185885
621	(1.3306720924039466-0.11734434554372256j)	0.4146077632904053	59.199645376549086
622	(1.3547128771006305-0.131074924281906j)	0.3585700988769531	59.29497330791229
623	(1.380625487570363-0.1398685397640883j)	0.3664848804473877	59.390301239275495
624	(1.4078749745595955-0.14365480165367625j)	0.35422396659851074	59.485629170638695
625	(1.4354727232905131-0.14205162047088965j)	0.298267126083374	59.580957102001896
626	(1.462081595294732-0.13549775354752563j)	0.3430440425872803	59.676285033365104
627	(1.4870396006851168-0.12398595852540148j)	0.47054600715637207	59.771612964728305
628	(1.5092031335491771-0.107735800588874j)	0.32699012756347656	59.866940896091506
629	(1.5280511448670158-0.0877734461255201j)	0.35093212127685547	59.962268827454714
630	(1.5428473453536362-0.06454218427052799j)	0.30291199684143066	60.057596758817915
631	(1.5526889778979218-0.03905704548498384j)	0.29595518112182617	60.152924690181116
632	(1.5576842771279842-0.01209795753379328j)	0.31728100776672363	60.24825262154432
633	(1.557449394997871+0.015496466874548975j)	0.29091596603393555	60.343580552907525
634	(1.5520619221076404+0.04223388324336963j)	0.2951369285583496	60.438908484270726
635	(1.5417114406330823+0.06756397886278209j)	0.29745030403137207	60.53423641563393
636	(1.5265053773793096+0.09049358882231695j)	0.29213881492614746	60.629564346997135
637	(1.5075061577337485+0.11012830268779517j)	0.2964904308319092	60.724892278360336
638	(1.485113863236081+0.12588468266622843j)	0.29176807403564453	60.82022020972354
639	(1.4600595850281157+0.13682663196248646j)	0.29115796089172363	60.91554814108674
640	(1.4334377952727764+0.14302204686575892j)	0.31758904457092285	61.010876072449946
641	(1.4059950087498265+0.14413512561887665j)	0.3232870101928711	61.10620400381315
642	(1.3791210351239+0.13988140153334083j)	0.3196980953216553	61.20153193517635
643	(1.3534417308640379+0.13068946511648705j)	0.3365509510040283	61.296859866539556
644	(1.3298109614872953+0.11664357145125392j)	0.31653499603271484	61.39218779790276
645	(1.3094559346600265+0.09860240643849327j)	0.3850979804992676	61.48751572926596
646	(1.292814373317296+0.07704342482090487j)	0.294417142868042	61.582843660629166
647	(1.2807098118797953+0.052487169424241475j)	0.4068427085876465	61.67817159199237
648	(1.2733362622202424+0.026271217277471726j)	0.4098079204559326	61.77349952335557
649	(1.2709515676001795-0.0009164150268985427j)	0.35636091232299805	61.86882745471877
650	(1.2740467208273647-0.027946010825608325j)	0.4160730838775635	61.96415538608198
651	(1.2820579121656066-0.05394558631641522j)	0.38786888122558594	62.05948331744518
652	(1.2948627668023525-0.07814700185245005j)	0.450894832611084	62.15481124880838
653	(1.3119606670840256-0.09919191884545803j)	0.34098196029663086	62.25013918017159
654	(1.3327037215457693-0.11668424718688034j)	0.3130917549133301	62.34546711153479
655	(1.3566345330431178-0.12997398918673603j)	0.39548802375793457	62.44079504289799
656	(1.3823922919711664-0.13847625706391842j)	0.3948051929473877	62.53612297426119
657	(1.4092783174697356-0.14204834314802636j)	0.3211071491241455	62.6314509056244
658	(1.4364505485861498-0.14017816460949742j)	0.36475110054016113	62.7267788369876
659	(1.4627123068320804-0.13336542815830987j)	0.2915019989013672	62.8221067683508
660	(1.4873430549752846-0.12180664610547785j)	0.3314781188964844	62.91743469971401
661	(1.5090783187607613-0.10564718439369886j)	0.45467495918273926	63.01276263107721
662	(1.5274158216518283-0.08574125968149424j)	0.3050072193145752	63.10809056244041
663	(1.5418352308979772-0.06257164806803389j)	0.3832979202270508	63.20341849380362
664	(1.551422924784895-0.03729583496651506j)	0.31580400466918945	63.29874642516682
665	(1.556397802336272-0.010628091928325367j)	0.42044997215270996	63.39407435653002
666	(1.5555568318508803+0.01652456352271292j)	0.3046720027923584	63.48940228789322
667	(1.5499571699176173+0.04298415173113029j)	0.3543210029602051	63.58473021925643
668	(1.5395956835542712+0.0679409109271254j)	0.31078314781188965	63.68005815061963
669	(1.5244108228730044+0.09038394641056513j)	0.31476926803588867	63.77538608198283
670	(1.5053818264376189+0.10956077894116678j)	0.38930511474609375	63.87071401334604
671	(1.4830654078579912+0.12499758892778834j)	0.49311280250549316	63.96604194470924
672	(1.4582776174142027+0.13564922132273394j)	0.4316518306732178	64.06136987607245
673	(1.4319503342736155+0.14143939212205503j)	0.3509190082550049	64.15669780743565
674	(1.4048103207134284+0.14224959387325775j)	0.4552938938140869	64.25202573879885
675	(1.3782047365971577+0.13785043828856602j)	0.48534703254699707	64.34735367016206
676	(1.3529621747728413+0.12862254075243806j)	0.3904540538787842	64.44268160152527
677	(1.3298247638204619+0.11449880939616897j)	0.3805248737335205	64.53800953288847
678	(1.309932276032045+0.09650630344991451j)	0.3209850788116455	64.63333746425167
679	(1.2935126750177752+0.0749717829419616j)	0.32285404205322266	64.72866539561487
680	(1.28176975789088+0.050684446645258396j)	0.3163180351257324	64.82399332697807
681	(1.274820674810404+0.024703533409387024j)	0.29050111770629883	64.91932125834127
682	(1.2727101383960606-0.0022688008917682856j)	0.3249480724334717	65.01464918970449
683	(1.27592309618835-0.028952026561533672j)	0.29905009269714355	65.10997712106769
684	(1.2840543630543833-0.054496793689275014j)	0.2933189868927002	65.20530505243089
685	(1.2970041512207366-0.0782741302301857j)	0.3291950225830078	65.30063298379409
686	(1.3141363903800618-0.09900594838275284j)	0.2858700752258301	65.39596091515729
687	(1.3346999928764736-0.11614197287846195j)	0.30883193016052246	65.49128884652049
688	(1.3584190736074897-0.128993665662072j)	0.31411004066467285	65.58661677788369
689	(1.3840335301854025-0.13710462671048504j)	0.30881404876708984	65.6819447092469
690	(1.410689337483474-0.14045986781309572j)	0.32150816917419434	65.77727264061011
691	(1.4374734500771698-0.13844448227180006j)	0.3105919361114502	65.87260057197331
692	(1.463294453220341-0.1314139547970028j)	0.4665689468383789	65.96792850333651
693	(1.487580381811889-0.11970114985095436j)	0.3009202480316162	66.06325643469971
694	(1.509009739901543-0.10356708043571788j)	0.30112218856811523	66.15858436606291
695	(1.526913890238995-0.08380819858551886j)	0.37972402572631836	66.25391229742611
696	(1.5408739595203351-0.060758180227297176j)	0.31673407554626465	66.34924022878933
697	(1.5501452208996107-0.03559167967231741j)	0.3223080635070801	66.44456816015253
698	(1.5546346109546343-0.00929218632826806j)	0.3324449062347412	66.53989609151573
699	(1.5538416689150336+0.017536934125110426j)	0.30281925201416016	66.63522402287893
700	(1.5479759080512072+0.043640802266695145j)	0.2986259460449219	66.73055195424213
701	(1.5374207382081595+0.06826845013718175j)	0.30698704719543457	66.82587988560533
702	(1.5223751770016825+0.09038258887738015j)	0.42249512672424316	66.92120781696855
703	(1.5034101650724754+0.10907574175760781j)	0.35485005378723145	67.01653574833175
704	(1.4811417397408082+0.12409503412439848j)	0.3011949062347412	67.11186367969495
705	(1.4564885619726797+0.13449961271579647j)	0.3875303268432617	67.20719161105815
706	(1.4305197123548992+0.1400462980148116j)	0.3169717788696289	67.30251954242135
707	(1.4037100581714943+0.14052236227873105j)	0.29451799392700195	67.39784747378455
708	(1.3773741093821616+0.1358702048158209j)	0.34461092948913574	67.49317540514775
709	(1.3524147790205083+0.12658005952821183j)	0.7285816669464111	67.58850333651097
710	(1.3297382533727171+0.11249091118840882j)	0.6618821620941162	67.68383126787417
711	(1.3102235812097471+0.0943540821532235j)	0.708392858505249	67.77915919923737
712	(1.2942323569219945+0.0729489138248064j)	0.7321107387542725	67.87448713060057
713	(1.2827495643475095+0.04886614176021575j)	0.5478641986846924	67.96981506196377
714	(1.2761421748111121+0.023198385006974243j)	0.29546689987182617	68.06514299332697
715	(1.2744427519952113-0.0035276357309284023j)	0.30467987060546875	68.16047092469017
716	(1.277777962505446-0.029970446422255603j)	0.38007402420043945	68.25579885605339
717	(1.2859728171813114-0.05512938541128809j)	0.3053462505340576	68.35112678741659
718	(1.298969918329883-0.07843330130342308j)	0.2914602756500244	68.44645471877979
719	(1.3161926102849761-0.0987722274693768j)	0.30083584785461426	68.54178265014299
720	(1.3367046484099312-0.11561004745464043j)	0.32934117317199707	68.63711058150619
721	(1.3601807936791004-0.12814492725483503j)	0.6853010654449463	68.7324385128694
722	(1.385549405984622-0.13585300172706471j)	0.7241339683532715	68.8277664442326
723	(1.412009342437664-0.13888185275035592j)	0.2922239303588867	68.92309437559581
724	(1.4385348352503933-0.13673199792808804j)	0.30001306533813477	69.01842230695901
725	(1.46393880740847-0.12959796620846542j)	0.317594051361084	69.11375023832221
726	(1.4876029047228585-0.11762557646036066j)	0.4201052188873291	69.20907816968541
727	(1.5089252473824741-0.10152008670012785j)	0.29383134841918945	69.30440610104861
728	(1.5264904242757817-0.08187262933670975j)	0.2903568744659424	69.39973403241181
729	(1.5400532143540495-0.059043582669693895j)	0.3714029788970947	69.49506196377502
730	(1.5489233557587394-0.03401534004431539j)	0.29627418518066406	69.59038989513823
731	(1.5531415265301085-0.007891859108415944j)	0.33977198600769043	69.68571782650143
732	(1.5522175258149131+0.018610782732494502j)	0.3267858028411865	69.78104575786463
733	(1.5461478463184197+0.044310386602863794j)	0.380748987197876	69.87637368922783
734	(1.535483278994271+0.06859131582649791j)	0.4032282829284668	69.97170162059103
735	(1.520338419237865+0.09038977379824287j)	0.38716626167297363	70.06702955195423
736	(1.5014927423923121+0.10871465264208513j)	0.3664250373840332	70.16235748331745
737	(1.4793635175655906+0.12328941411793914j)	0.3332500457763672	70.25768541468065
738	(1.4547961290115023+0.13333639224423732j)	0.37413597106933594	70.35301334604385
739	(1.429029168930973+0.13867023373801757j)	0.5269460678100586	70.44834127740705
740	(1.4025909547498732+0.13894184150487177j)	0.43590402603149414	70.54366920877025
741	(1.3766218189330985+0.13402908758675536j)	0.45075201988220215	70.63899714013345
742	(1.3519828025835308+0.1245538172786852j)	0.5080339908599854	70.73432507149666
743	(1.32958341198688+0.11049653471669285j)	0.37557029724121094	70.82965300285987
744	(1.3104994967136128+0.09243893102352074j)	0.5800409317016602	70.92498093422307
745	(1.2949495506545037+0.07107732862516913j)	0.3079249858856201	71.02030886558627
746	(1.283746704417807+0.047075043487624924j)	0.501636266708374	71.11563679694947
747	(1.2773379581007627+0.021666318914657756j)	0.41283106803894043	71.21096472831267
748	(1.275886539049365-0.004689447668345004j)	0.510451078414917	71.30629265967588
749	(1.2795728008157246-0.030862312074223408j)	0.39909982681274414	71.40162059103908
750	(1.2878923304933132-0.05575979819240012j)	0.3566431999206543	71.49694852240229
751	(1.3008596618084578-0.0786889260468479j)	0.3087911605834961	71.59227645376549
752	(1.318087690307372-0.0985738745817461j)	0.3884401321411133	71.6876043851287
753	(1.3386181451446266-0.11503605883720905j)	0.3796379566192627	71.7829323164919
754	(1.3619614395461332-0.1273240458653172j)	0.3771350383758545	71.8782602478551
755	(1.3870520435320963-0.13473981935023047j)	0.34267115592956543	71.9735881792183
756	(1.4132255593616931-0.1374102166962415j)	0.32569003105163574	72.0689161105815
757	(1.439527339068494-0.1350232553644744j)	0.323455810546875	72.16424404194471
758	(1.464641571748491-0.12779761030662104j)	0.3869659900665283	72.25957197330791
759	(1.4880471546348577-0.11591748963319176j)	0.2996838092803955	72.35489990467111
760	(1.5087443774242593-0.09962128362650638j)	0.30591297149658203	72.45022783603432
761	(1.5260362882224112-0.07995489360607977j)	0.2957141399383545	72.54555576739752
762	(1.5393237254202632-0.0573132952580967j)	0.286358118057251	72.64088369876072
763	(1.547821087546083-0.03253688043357883j)	0.28561902046203613	72.73621163012393
764	(1.5516901596543822-0.006608583037887195j)	0.28864598274230957	72.83153956148713
765	(1.5505860209322289+0.019688039313547567j)	0.3185770511627197	72.92686749285033
766	(1.5443674554238631+0.04503168937430896j)	0.3469548225402832	73.02219542421354
767	(1.5336410164612522+0.06887215544207714j)	0.3618001937866211	73.11752335557674
768	(1.5183625202099136+0.09032507664399525j)	0.31819629669189453	73.21285128693994
769	(1.4995690649935454+0.10838441303573088j)	0.3371398448944092	73.30817921830314
770	(1.477631862052985+0.12260985834015692j)	0.4021487236022949	73.40350714966635
771	(1.4532345295116333+0.1322501267551779j)	0.3750450611114502	73.49883508102955
772	(1.4276082102949434+0.13727605202111692j)	0.3765900135040283	73.59416301239276
773	(1.4014281306695597+0.13740962685634184j)	0.38735318183898926	73.68949094375596
774	(1.3758393470146777+0.13233982793488042j)	0.3748359680175781	73.78481887511916
775	(1.3515942108063486+0.12266266909257062j)	0.3185279369354248	73.88014680648236
776	(1.329463550929229+0.10851763241199353j)	0.34131693840026855	73.97547473784556
777	(1.3106884829328873+0.0905393629376694j)	0.3229670524597168	74.07080266920877
778	(1.295563287854097+0.06932075939259974j)	0.3757150173187256	74.16613060057198
779	(1.284738569906105+0.045408391681265425j)	0.3215932846069336	74.26145853193518
780	(1.2786004347160187+0.02012824004508551j)	0.3963501453399658	74.35678646329838
781	(1.2773088684798428-0.005869434116998029j)	0.4045290946960449	74.45211439466158
782	(1.2812225745253345-0.03170907004644419j)	0.3326890468597412	74.54744232602478
783	(1.2897570771060314-0.0563125334039663j)	0.41109395027160645	74.64277025738798
784	(1.3027577484049107-0.07896284081912369j)	0.3321108818054199	74.7380981887512
785	(1.3199012173695799-0.09847339864585503j)	0.39920496940612793	74.8334261201144
786	(1.3404038885185972-0.1144829632453071j)	0.33695316314697266	74.9287540514776
787	(1.3636017505700326-0.12621762250562507j)	0.2785680294036865	75.0240819828408
788	(1.3885890456310706-0.1336676354278189j)	0.31516599655151367	75.119409914204
789	(1.4144178813963761-0.136089988532268j)	0.29166126251220703	75.2147378455672
790	(1.440430633876575-0.13342896790307496j)	0.2896561622619629	75.3100657769304
791	(1.4653072257776572-0.12601640161019909j)	0.399691104888916	75.40539370829362
792	(1.4884170926669218-0.1141236928409821j)	0.29334020614624023	75.50072163965682
793	(1.5086673834242923-0.0978475096113845j)	0.3441648483276367	75.59604957102002
794	(1.5255542204163086-0.07815083352260235j)	0.33452630043029785	75.69137750238322
795	(1.5385810138850438-0.05557762572272906j)	0.3800671100616455	75.78670543374642
796	(1.5468237137431275-0.031036409122335573j)	0.4119381904602051	75.88203336510962
797	(1.5503649393362386-0.0053965822377474715j)	0.3800849914550781	75.97736129647284
798	(1.5489822568518665+0.020673542740972994j)	0.3936030864715576	76.07268922783604
799	(1.5427115175403183+0.04577678981048394j)	0.36722302436828613	76.16801715919924
