	res_adaptive	time_adaptive	w
0	(0.9783956743632624-0.08076499803227466j)	0.4005551338195801	0.001
1	(1.2846332278956545-0.293556705194487j)	0.45478010177612305	0.09632793136320304
2	(1.4114751434942272-0.41744563381860966j)	0.354766845703125	0.19165586272640608
3	(1.5109310476789202-0.5136605926777333j)	0.4047839641571045	0.2869837940896091
4	(1.6081822589057817-0.5902620991151339j)	0.38699913024902344	0.38231172545281217
5	(1.6990940802779562-0.6526440058083357j)	0.37514710426330566	0.4776396568160152
6	(1.7845310705125277-0.7114830239357203j)	0.34613704681396484	0.5729675881792182
7	(1.8692594525239972-0.7597391349152872j)	0.31293725967407227	0.6682955195424213
8	(1.9499493637207594-0.7974071752654004j)	0.307574987411499	0.7636234509056243
9	(2.0319233938562533-0.8322404830094003j)	0.4284369945526123	0.8589513822688274
10	(2.114761172439669-0.8604565539750154j)	0.3213200569152832	0.9542793136320304
11	(2.1922178091868245-0.8828433396018174j)	0.37341809272766113	1.0496072449952334
12	(2.2704576754840593-0.9005488238899533j)	0.3645298480987549	1.1449351763584363
13	(2.3501384431880483-0.9102966895621105j)	0.35698485374450684	1.2402631077216395
14	(2.426958069396933-0.9174409702584081j)	0.5534982681274414	1.3355910390848424
15	(2.5032730613990837-0.9214296408773726j)	0.3175978660583496	1.4309189704480456
16	(2.579332980116945-0.9170421768347833j)	0.4030311107635498	1.5262469018112486
17	(2.6517658848545502-0.9092349209052963j)	0.560175895690918	1.6215748331744515
18	(2.7266980829426544-0.8981262173624818j)	0.5260860919952393	1.7169027645376547
19	(2.7980504014117495-0.8816320031091185j)	0.4929502010345459	1.8122306959008576
20	(2.8663592537122793-0.8620632620437707j)	0.7111170291900635	1.9075586272640608
21	(2.9356372183971344-0.8367307422315842j)	0.6872859001159668	2.0028865586272637
22	(3.0022346477525117-0.806990252066387j)	0.7473709583282471	2.098214489990467
23	(3.0664971866447592-0.7762633727957333j)	0.43957090377807617	2.19354242135367
24	(3.128917533142878-0.7399133451083382j)	0.3028569221496582	2.288870352716873
25	(3.187454683878044-0.6987204143478267j)	0.3024458885192871	2.384198284080076
26	(3.245474721426693-0.6558348314944568j)	0.349668025970459	2.479526215443279
27	(3.3012377480141692-0.6088675100195546j)	0.3513369560241699	2.574854146806482
28	(3.351486914302931-0.5591883323869353j)	0.33082103729248047	2.670182078169685
29	(3.400221629478379-0.5063935209053119j)	0.3229649066925049	2.765510009532888
30	(3.446610116849609-0.44889146146137654j)	0.4118328094482422	2.8608379408960913
31	(3.4887047892231324-0.3907760309744823j)	0.6907660961151123	2.956165872259294
32	(3.528152566694266-0.33057060574888086j)	0.4224131107330322	3.0514938036224972
33	(3.5629040487000325-0.2657370030475009j)	0.5410010814666748	3.1468217349857004
34	(3.5942718801219455-0.1998392376350196j)	0.35996007919311523	3.242149666348903
35	(3.623866609069834-0.13223810657248586j)	0.32335615158081055	3.3374775977121063
36	(3.6476057677606093-0.06251142273580107j)	0.5050811767578125	3.4328055290753094
37	(3.6669689802042726+0.00789960209486229j)	0.3356461524963379	3.5281334604385126
38	(3.6840262394737886+0.08132346120665074j)	0.38142895698547363	3.6234613918017153
39	(3.6961797554009648+0.15557941376351203j)	0.6066179275512695	3.7187893231649185
40	(3.704473127884014+0.22877150371558025j)	0.5288419723510742	3.8141172545281217
41	(3.708367949590833+0.30440372761174345j)	0.49228787422180176	3.9094451858913244
42	(3.7077955133359146+0.3809344159358895j)	0.788963794708252	4.004773117254528
43	(3.703404834891498+0.4564358262350677j)	0.6334400177001953	4.100101048617731
44	(3.695232477839455+0.5326702344923079j)	0.5762250423431396	4.195428979980934
45	(3.680991703516804+0.6078614989341632j)	0.4668891429901123	4.290756911344137
46	(3.66391749934338+0.6831317780330612j)	0.4670369625091553	4.386084842707341
47	(3.642746749226267+0.7589337246903525j)	0.30467700958251953	4.481412774070543
48	(3.6169612227679178+0.8318182152712402j)	0.31056714057922363	4.576740705433746
49	(3.587603465175363+0.903751118417027j)	0.30168819427490234	4.67206863679695
50	(3.5529001181406477+0.9758040684264597j)	0.30271196365356445	4.7673965681601524
51	(3.514937310674868+1.0452270412934181j)	0.3070650100708008	4.862724499523355
52	(3.4743885384495337+1.1130249450724916j)	0.3069570064544678	4.958052430886559
53	(3.4281623835933157+1.1786581972815542j)	0.31520795822143555	5.0533803622497615
54	(3.378388780157054+1.2414926475906136j)	0.30085206031799316	5.148708293612964
55	(3.3260848730676122+1.3035083314437723j)	0.3078310489654541	5.244036224976168
56	(3.2696402766627957+1.3621079187268954j)	0.3035130500793457	5.339364156339371
57	(3.210446017001597+1.416574612481175j)	0.3340458869934082	5.434692087702573
58	(3.1475049869660783+1.4696315364431038j)	0.31573009490966797	5.530020019065777
59	(3.0809498766878436+1.5193459446489515j)	0.3085930347442627	5.62534795042898
60	(3.013380369453699+1.5651932204014032j)	0.30448317527770996	5.720675881792183
61	(2.942449825659191+1.6079736361617412j)	0.30588817596435547	5.816003813155386
62	(2.8679062001969493+1.6461847727363645j)	0.31488704681396484	5.911331744518589
63	(2.7923441726927747+1.6815290298221899j)	0.3013291358947754	6.006659675881792
64	(2.714483557533308+1.713674369766677j)	0.3110649585723877	6.101987607244995
65	(2.6348049184852247+1.7399950304951877j)	0.31427001953125	6.197315538608198
66	(2.5537728676337483+1.7628146933141058j)	0.301746129989624	6.292643469971401
67	(2.4700948035199284+1.7823233529722957j)	0.3016629219055176	6.387971401334604
68	(2.3863218547659324+1.796712871790581j)	0.33489489555358887	6.483299332697807
69	(2.302363311994453+1.807170002226799j)	0.3496391773223877	6.57862726406101
70	(2.216051536582177+1.8127122422952782j)	0.3138267993927002	6.673955195424213
71	(2.1297763286427607+1.8136205163617491j)	0.33957505226135254	6.769283126787417
72	(2.0437931709916217+1.8115389489824403j)	0.3508899211883545	6.8646110581506194
73	(1.9573612896304775+1.803877687145303j)	0.36533617973327637	6.959938989513822
74	(1.871817780747341+1.7909991230187696j)	0.4703330993652344	7.055266920877026
75	(1.7858545108088835+1.7750031722720514j)	0.45847392082214355	7.1505948522402285
76	(1.7004312683611285+1.7541339665500826j)	0.44414210319519043	7.245922783603431
77	(1.6175538846718704+1.728776310235781j)	0.4873619079589844	7.341250714966635
78	(1.534869484352561+1.6992143180045878j)	0.3762998580932617	7.436578646329838
79	(1.4529974620495332+1.6644872508471555j)	0.47167205810546875	7.53190657769304
80	(1.3737583493154366+1.6267234234503114j)	0.36714601516723633	7.627234509056244
81	(1.2959921849052731+1.5850622492968511j)	0.3145148754119873	7.722562440419447
82	(1.220701669363658+1.5378483321583436j)	0.3899519443511963	7.817890371782649
83	(1.147661760292133+1.4875811121501146j)	0.48766112327575684	7.913218303145853
84	(1.0760593390040656+1.4339411725439115j)	0.49097180366516113	8.008546234509055
85	(1.0084758132589284+1.3760995826597933j)	0.6046180725097656	8.103874165872258
86	(0.944068327657011+1.315221629209265j)	0.506493091583252	8.19920209723546
87	(0.8814193720244545+1.2502168278296897j)	0.366595983505249	8.294530028598665
88	(0.8227250485549282+1.1822207831658367j)	0.33354902267456055	8.389857959961867
89	(0.767586286685503+1.1124514053351229j)	0.4779090881347656	8.48518589132507
90	(0.7158875806101341+1.0385887864265093j)	0.4245741367340088	8.580513822688273
91	(0.6685043171928238+0.961844049326237j)	0.3168148994445801	8.675841754051476
92	(0.6238937788032413+0.8837049982295441j)	0.3356180191040039	8.77116968541468
93	(0.5835107702643747+0.8028207174565716j)	0.5163998603820801	8.866497616777883
94	(0.5485156624170939+0.7201638795362487j)	0.45174336433410645	8.961825548141086
95	(0.516600298733479+0.6355416855941707j)	0.37485694885253906	9.057153479504288
96	(0.4888095780883871+0.548645215178262j)	0.32106494903564453	9.152481410867491
97	(0.4660538648622901+0.4617163835429605j)	0.31369709968566895	9.247809342230694
98	(0.4473331375359365+0.37347424265664686j)	0.3774869441986084	9.343137273593898
99	(0.4337175764821215+0.2831647990795242j)	0.36476683616638184	9.438465204957101
100	(0.4242348856226414+0.19314430053410897j)	0.3424499034881592	9.533793136320304
101	(0.4184932583873554+0.10275773225563978j)	0.4003019332885742	9.629121067683506
102	(0.4187112411879111+0.01196991361947547j)	0.5352110862731934	9.72444899904671
103	(0.4233570326559354-0.07837332029989512j)	0.5315029621124268	9.819776930409914
104	(0.43159027997255295-0.16933598227037802j)	0.3483920097351074	9.915104861773116
105	(0.4450677912419927-0.25920725264721317j)	0.29215192794799805	10.010432793136319
106	(0.4628835257029967-0.3473879438885922j)	0.3506901264190674	10.105760724499522
107	(0.4853218004109464-0.4358593237377224j)	0.3240082263946533	10.201088655862725
108	(0.5125513994725364-0.5229574908104659j)	0.2964010238647461	10.296416587225927
109	(0.5429339183865487-0.6079005805059441j)	0.47028088569641113	10.391744518589132
110	(0.5781452288444969-0.691620905187534j)	0.5335240364074707	10.487072449952334
111	(0.6184175095815956-0.772996377278529j)	0.3874630928039551	10.582400381315537
112	(0.6616090653143889-0.8527364836143333j)	0.4170830249786377	10.67772831267874
113	(0.708869008722377-0.930595054150742j)	0.3301098346710205	10.773056244041943
114	(0.7602446688264665-1.0046173410284165j)	0.4553990364074707	10.868384175405145
115	(0.8149932639181814-1.0764772889010388j)	0.35936999320983887	10.96371210676835
116	(0.8739670567559469-1.1462606201670456j)	0.46341586112976074	11.059040038131553
117	(0.9355873072896201-1.2121099770346895j)	0.4293098449707031	11.154367969494755
118	(0.9998984285369217-1.2749420485058947j)	0.3515169620513916	11.249695900857958
119	(1.068559568071569-1.3343153343198753j)	0.30284786224365234	11.34502383222116
120	(1.1395904561236476-1.3899868290912594j)	0.5085570812225342	11.440351763584365
121	(1.2126556292269843-1.4429468006910136j)	0.8673379421234131	11.535679694947568
122	(1.2887637529885543-1.4912830995036368j)	0.5279648303985596	11.63100762631077
123	(1.3667937950083568-1.535171332587113j)	0.31232380867004395	11.726335557673973
124	(1.4473202776974703-1.5762646818111488j)	0.41402268409729004	11.821663489037176
125	(1.5298141066105804-1.6128636841614195j)	0.32886481285095215	11.916991420400379
126	(1.612811181018147-1.6449368561587392j)	0.34061527252197266	12.012319351763583
127	(1.6980735317511515-1.6730610132546726j)	0.4754917621612549	12.107647283126786
128	(1.7850601247434286-1.6963621427559057j)	0.47518229484558105	12.202975214489989
129	(1.8720246050646538-1.71604051705081j)	0.4643261432647705	12.298303145853192
130	(1.9600765157860511-1.7314427895685083j)	0.3144972324371338	12.393631077216394
131	(2.0486614811352863-1.7412149571968778j)	0.3955199718475342	12.488959008579599
132	(2.1374718903845484-1.7473344883239856j)	0.38927602767944336	12.584286939942801
133	(2.227051373438367-1.7494584339579973j)	0.296612024307251	12.679614871306004
134	(2.3155345960731832-1.7464533402667897j)	0.33191823959350586	12.774942802669207
135	(2.4035134478816502-1.7393645692585258j)	0.34285497665405273	12.87027073403241
136	(2.492066409901804-1.727565160296484j)	0.35095977783203125	12.965598665395612
137	(2.5791483761861143-1.7115244296271395j)	0.3549158573150635	13.060926596758817
138	(2.6650002508779513-1.6916120881204155j)	0.30968785285949707	13.15625452812202
139	(2.7498747182434875-1.6673680452754733j)	0.35631394386291504	13.251582459485222
140	(2.833490538097161-1.6381442800283517j)	0.36693787574768066	13.346910390848425
141	(2.9151611491196507-1.6063241683565268j)	0.30243611335754395	13.442238322211628
142	(2.9953049619413146-1.5698083269552305j)	0.31122303009033203	13.537566253574832
143	(3.0724566882590203-1.5294035782329867j)	0.34819793701171875	13.632894184938035
144	(3.148413119464098-1.4853433394870272j)	0.32742977142333984	13.728222116301238
145	(3.22215628751022-1.4372150932429042j)	0.3337132930755615	13.82355004766444
146	(3.2925658380876124-1.3865234632460326j)	0.39107584953308105	13.918877979027643
147	(3.360663403568215-1.3322887986690053j)	0.4589271545410156	14.014205910390846
148	(3.4256497831260644-1.273863830602146j)	0.3212912082672119	14.10953384175405
149	(3.487796260611371-1.213303345929301j)	0.6347100734710693	14.204861773117253
150	(3.5473458538755627-1.149979002455528j)	0.326632022857666	14.300189704480456
151	(3.6025322581415704-1.0834708742591794j)	0.38019514083862305	14.395517635843659
152	(3.6544903437598073-1.0147462917978858j)	0.40215325355529785	14.490845567206861
153	(3.703852815830202-0.9431309819781317j)	0.37004709243774414	14.586173498570064
154	(3.748851569085873-0.8697007875256839j)	0.40583300590515137	14.681501429933268
155	(3.7901332141560005-0.7949373324492031j)	0.4423558712005615	14.776829361296471
156	(3.8277488099329995-0.7172472031638366j)	0.34510207176208496	14.872157292659674
157	(3.8611944986130027-0.6380912623495512j)	0.3481638431549072	14.967485224022877
158	(3.891486797878425-0.55827866128234j)	0.34204792976379395	15.06281315538608
159	(3.917311291856209-0.4767007360482225j)	0.35283398628234863	15.158141086749284
160	(3.9383707672543773-0.39427973583097j)	0.3451719284057617	15.253469018112487
161	(3.9564140784081823-0.3108597561290414j)	0.3185100555419922	15.34879694947569
162	(3.9702332388358745-0.2265141159391384j)	0.3463170528411865	15.444124880838892
163	(3.9794263768954297-0.14273660963528j)	0.34623217582702637	15.539452812202095
164	(3.984862387924606-0.05824252217531156j)	0.3270232677459717	15.634780743565297
165	(3.985793548453738+0.02699144737028636j)	0.4396240711212158	15.730108674928502
166	(3.9830661603822595+0.11113810620347175j)	0.3509378433227539	15.825436606291705
167	(3.976614021164596+0.19504354778141186j)	0.415740966796875	15.920764537654907
168	(3.9650264878555137+0.27858428280493364j)	0.425335168838501	16.016092469018112
169	(3.9499075351207837+0.36114536444419687j)	0.33056211471557617	16.111420400381316
170	(3.9311720026041335+0.4431959879891756j)	0.2924227714538574	16.206748331744517
171	(3.9084756714345628+0.523825619574924j)	0.3003702163696289	16.302076263107722
172	(3.8818495859045656+0.6025620256761266j)	0.32485079765319824	16.397404194470923
173	(3.8513696898117273+0.6808967934457053j)	0.3415098190307617	16.492732125834127
174	(3.8171150718752362+0.7571573340181159j)	0.292996883392334	16.588060057197332
175	(3.7801130806049446+0.8311050766126311j)	0.29889631271362305	16.683387988560533
176	(3.738932747579385+0.9035041455888204j)	0.29590916633605957	16.778715919923737
177	(3.693969918307472+0.9734417169716623j)	0.3593449592590332	16.874043851286938
178	(3.6467665348084317+1.0414841761559064j)	0.3098926544189453	16.969371782650143
179	(3.5961126943758193+1.1071522732361743j)	0.46760082244873047	17.064699714013347
180	(3.542234133106316+1.1692727030030543j)	0.30492615699768066	17.160027645376548
181	(3.485725326504828+1.2293945054048299j)	0.4606189727783203	17.255355576739753
182	(3.4263306850343254+1.2867951947180407j)	0.44412899017333984	17.350683508102954
183	(3.3644829503119995+1.3409923388282858j)	0.33841395378112793	17.446011439466158
184	(3.3005701978783515+1.392113863588197j)	0.35889482498168945	17.541339370829363
185	(3.233379190372993+1.4400089732616648j)	0.3756077289581299	17.636667302192564
186	(3.1647459563153433+1.4845940905291815j)	0.3375983238220215	17.731995233555768
187	(3.0945046831582514+1.5264087500001522j)	0.36298394203186035	17.82732316491897
188	(3.0219220330482783+1.563952612565868j)	0.34945011138916016	17.922651096282173
189	(2.9480076428214703+1.5978690428965703j)	0.32190585136413574	18.017979027645374
190	(2.8723130554578717+1.6291752463627465j)	0.37882328033447266	18.11330695900858
191	(2.7954495176388243+1.656279007194392j)	0.430286169052124	18.208634890371783
192	(2.718218409321672+1.6794984121866283j)	0.33680200576782227	18.303962821734984
193	(2.639171425981678+1.6992765341817964j)	0.3772730827331543	18.39929075309819
194	(2.5592478073135094+1.714975644784166j)	0.45785999298095703	18.49461868446139
195	(2.4795939173679726+1.727495724726112j)	0.35936689376831055	18.589946615824594
196	(2.399102076250945+1.7360419235817137j)	0.5091209411621094	18.6852745471878
197	(2.318399184477896+1.7399647627839687j)	0.4284639358520508	18.780602478551
198	(2.237682751001669+1.7409547699822194j)	0.35793018341064453	18.875930409914204
199	(2.156711499470253+1.7382755568406063j)	0.31549811363220215	18.971258341277405
200	(2.076927902129751+1.7312371701741731j)	0.3295121192932129	19.06658627264061
201	(1.9973114995088657+1.7207061269405792j)	0.47439002990722656	19.161914204003814
202	(1.9175783915171873+1.706257631441712j)	0.4107840061187744	19.257242135367015
203	(1.839444628016966+1.6883270181124879j)	0.8512318134307861	19.35257006673022
204	(1.7623799324037912+1.6672507531172385j)	0.682844877243042	19.44789799809342
205	(1.6861172183604827+1.641663179096208j)	0.4138829708099365	19.543225929456625
206	(1.6114491236111137+1.6127429645522293j)	0.45291924476623535	19.63855386081983
207	(1.5377740246557416+1.5811547275068454j)	0.37214207649230957	19.73388179218303
208	(1.4660853159961094+1.5455819456758486j)	0.44047999382019043	19.829209723546235
209	(1.3967487192698813+1.5067608080882213j)	0.7317562103271484	19.924537654909436
210	(1.3283757774963016+1.4648222197604932j)	0.8804581165313721	20.01986558627264
211	(1.2622250727909199+1.419546353913378j)	0.43343210220336914	20.11519351763584
212	(1.1989111324189476+1.37198741019235j)	0.5470037460327148	20.210521448999046
213	(1.137491596241938+1.3211104816396293j)	0.6254222393035889	20.30584938036225
214	(1.0787305519801076+1.266850461858716j)	0.8343019485473633	20.40117731172545
215	(1.0223683049374759+1.2108484860127782j)	0.3583838939666748	20.496505243088656
216	(0.9684642993073586+1.152193838599664j)	0.3634209632873535	20.591833174451857
217	(0.9182575065662392+1.0907391184250497j)	0.57029128074646	20.68716110581506
218	(0.8705269612172638+1.0273129985672944j)	0.5099189281463623	20.782489037178266
219	(0.8252186903179095+0.9613928617183911j)	0.4287259578704834	20.877816968541467
220	(0.7838000377097971+0.8939093492412827j)	0.5418119430541992	20.97314489990467
221	(0.7454499495482234+0.824880135189969j)	0.47121095657348633	21.068472831267872
222	(0.7102481063078151+0.7532040815214234j)	0.4545149803161621	21.163800762631077
223	(0.6785690039338539+0.680412640606142j)	0.4333357810974121	21.25912869399428
224	(0.6497526543361634+0.6067680137712136j)	0.3953850269317627	21.354456625357482
225	(0.6249907419805041+0.5313223271108866j)	0.5015420913696289	21.449784556720687
226	(0.6040942764721409+0.45500440130988007j)	0.4335179328918457	21.545112488083888
227	(0.585821019434294+0.3776437095178962j)	0.8129122257232666	21.640440419447092
228	(0.5715201444479326+0.2994642865452771j)	0.6529080867767334	21.735768350810293
229	(0.5612374447133526+0.22144360849657865j)	0.6468899250030518	21.831096282173498
230	(0.5542489504377408+0.14237296814992306j)	0.6476528644561768	21.926424213536702
231	(0.5509981780694966+0.06285262371629399j)	0.6761641502380371	22.021752144899903
232	(0.5514655292518559-0.016156462199901023j)	0.6103959083557129	22.117080076263107
233	(0.5553431972563956-0.09522022499987054j)	0.723214864730835	22.21240800762631
234	(0.5637366940633176-0.17417756547084065j)	0.7658188343048096	22.307735938989513
235	(0.5731495233391796-0.2518311387010642j)	0.6437339782714844	22.403063870352717
236	(0.5898313790578682-0.330668087167165j)	0.8324408531188965	22.49839180171592
237	(0.6088113234515724-0.40741879068745546j)	0.7124791145324707	22.593719733079123
238	(0.6310968469310486-0.48317193715551776j)	0.7345197200775146	22.689047664442324
239	(0.656982215514009-0.5587039232930379j)	0.6029331684112549	22.78437559580553
240	(0.6863336146333906-0.6323768967668537j)	0.6027407646179199	22.879703527168733
241	(0.7185578202803184-0.7043539696517177j)	0.5998599529266357	22.975031458531934
242	(0.7548728516645888-0.7752073176178039j)	0.6419582366943359	23.07035938989514
243	(0.7945317112687-0.844071061442625j)	0.6647799015045166	23.16568732125834
244	(0.8365342197551239-0.9113851241476685j)	0.5829298496246338	23.261015252621544
245	(0.8821308591035082-0.9765496741791577j)	0.6325588226318359	23.356343183984748
246	(0.9308721899197243-1.0388919845218814j)	0.5852279663085938	23.45167111534795
247	(0.9823008024588503-1.0997256092761802j)	0.5791049003601074	23.546999046711154
248	(1.0368116808217007-1.1582099529621623j)	0.6156680583953857	23.642326978074355
249	(1.0934377314470347-1.2134051145072755j)	0.6116652488708496	23.73765490943756
250	(1.1528066670574981-1.266293295496688j)	0.5969781875610352	23.83298284080076
251	(1.2153343874667444-1.316328898507914j)	0.39231085777282715	23.928310772163965
252	(1.2793956500096046-1.3634524135675448j)	0.38349199295043945	24.02363870352717
253	(1.3457964108594476-1.4081648150721735j)	0.5566689968109131	24.11896663489037
254	(1.4142364195880437-1.4484514036606804j)	0.30753087997436523	24.214294566253574
255	(1.4845217433320979-1.4859757485450857j)	0.32433199882507324	24.309622497616775
256	(1.5567911445701583-1.5209134359501577j)	0.30757570266723633	24.40495042897998
257	(1.630435054898553-1.5517748816053882j)	0.3035919666290283	24.500278360343184
258	(1.705074869614445-1.579124378664343j)	0.3101072311401367	24.595606291706385
259	(1.7818254220551852-1.6032159071426229j)	0.361713171005249	24.69093422306959
260	(1.859497455699917-1.6234769248814889j)	0.33768320083618164	24.78626215443279
261	(1.937434242659687-1.6405534681593972j)	0.3589498996734619	24.881590085795995
262	(2.016670267087359-1.6535957861973085j)	0.3773331642150879	24.9769180171592
263	(2.0964382639350063-1.6624117356613721j)	0.30793285369873047	25.0722459485224
264	(2.1765934647134504-1.6683377883895798j)	0.4352860450744629	25.167573879885605
265	(2.2571919164087006-1.6703391328167336j)	0.33304595947265625	25.262901811248806
266	(2.3371920149526986-1.668025482350255j)	0.3140389919281006	25.35822974261201
267	(2.4174830959386284-1.6623032717710424j)	0.368757963180542	25.45355767397521
268	(2.4980102714589174-1.652600804694247j)	0.3140850067138672	25.548885605338416
269	(2.5772558660114546-1.6393351010280008j)	0.2905008792877197	25.64421353670162
270	(2.655974685353006-1.6225301980526805j)	0.3548099994659424	25.73954146806482
271	(2.7341840277144778-1.6012012841468275j)	0.3281261920928955	25.834869399428026
272	(2.8111431347580593-1.5766040585191465j)	0.3013479709625244	25.930197330791227
273	(2.8872730944204372-1.548883994386308j)	0.30419492721557617	26.02552526215443
274	(2.961638404934882-1.51690054693985j)	0.29465818405151367	26.120853193517636
275	(3.0342286467385184-1.4815272961216628j)	0.3214247226715088	26.216181124880837
276	(3.105990247948596-1.442778553063965j)	0.29101109504699707	26.31150905624404
277	(3.1755069671626504-1.4005226483704738j)	0.30135321617126465	26.406836987607242
278	(3.2421376810377343-1.3551073765506232j)	0.3011898994445801	26.502164918970447
279	(3.3079386926710264-1.30673041639437j)	0.2816178798675537	26.59749285033365
280	(3.3706079640317985-1.2555438076235141j)	0.3001677989959717	26.692820781696852
281	(3.4313690611050562-1.2003003413135325j)	0.30411314964294434	26.788148713060057
282	(3.489373272554401-1.1428158778183803j)	0.31075119972229004	26.883476644423258
283	(3.543957926123409-1.0822793578591396j)	0.3021821975708008	26.978804575786462
284	(3.5961567640028456-1.0193422931044132j)	0.32331180572509766	27.074132507149667
285	(3.64585283976491-0.9538419530363671j)	0.3120992183685303	27.169460438512868
286	(3.691562977227706-0.8863174048871167j)	0.3102531433105469	27.264788369876072
287	(3.7343046892975256-0.8166366429734326j)	0.303987979888916	27.360116301239273
288	(3.7738110676326615-0.7441628022456104j)	0.28656625747680664	27.455444232602478
289	(3.8097477937111837-0.6704153240240751j)	0.297792911529541	27.55077216396568
290	(3.8425200092797205-0.5952475453427364j)	0.3674137592315674	27.646100095328883
291	(3.8710884182109-0.5179550552349561j)	0.3211362361907959	27.741428026692088
292	(3.8959215409769916-0.43953407396864086j)	0.3840360641479492	27.83675595805529
293	(3.9177842953824733-0.35981989080819066j)	0.36489009857177734	27.932083889418493
294	(3.9352855658384724-0.2791276602240109j)	0.3429288864135742	28.027411820781694
295	(3.9486966568123485-0.19810375271605807j)	0.36756396293640137	28.1227397521449
296	(3.958576977962033-0.11574351539241112j)	0.36477017402648926	28.218067683508103
297	(3.964278839546131-0.032883769728531576j)	0.31380581855773926	28.313395614871304
298	(3.966351825303778+0.04949032548776189j)	0.301926851272583	28.40872354623451
299	(3.9643123379300453+0.1323790347136704j)	0.29494309425354004	28.50405147759771
300	(3.9576993661157314+0.21524189112087155j)	0.3043849468231201	28.599379408960914
301	(3.947844775132955+0.2976271498159495j)	0.2989678382873535	28.69470734032412
302	(3.9343535730282606+0.3795594305513852j)	0.37795090675354004	28.79003527168732
303	(3.915780177026021+0.4606599220707097j)	0.2911520004272461	28.885363203050524
304	(3.8939076410329916+0.5408476630651267j)	0.2827169895172119	28.980691134413725
305	(3.86810589792678+0.6206030383151262j)	0.36463403701782227	29.07601906577693
306	(3.8385404077945706+0.6983872417095933j)	0.293914794921875	29.17134699714013
307	(3.8055430797512946+0.7746588655595705j)	0.3141350746154785	29.266674928503335
308	(3.76816836995079+0.8497364882702525j)	0.31595897674560547	29.36200285986654
309	(3.727387859496997+0.9227404817239926j)	0.3077998161315918	29.45733079122974
310	(3.683744423784238+0.9940133936911484j)	0.3210182189941406	29.552658722592945
311	(3.6360761611466677+1.0629096994934686j)	0.3060469627380371	29.647986653956146
312	(3.585082692895596+1.1290973366370216j)	0.3833611011505127	29.74331458531935
313	(3.531111818481679+1.1935845367641869j)	0.40515899658203125	29.838642516682555
314	(3.473863246951883+1.255257592309494j)	0.6277258396148682	29.933970448045756
315	(3.4141182681173903+1.3135599598647278j)	0.6004109382629395	30.02929837940896
316	(3.351228405172618+1.3694106633055756j)	0.42160487174987793	30.12462631077216
317	(3.285228349566908+1.4221215115660821j)	0.3538398742675781	30.219954242135366
318	(3.217505105675582+1.4716510978856772j)	0.37457990646362305	30.31528217349857
319	(3.147275902123829+1.5180418515612788j)	0.2901148796081543	30.41061010486177
320	(3.074402472990718+1.5603809426488446j)	0.28308701515197754	30.505938036224975
321	(2.9999292334602456+1.5997076388392153j)	0.5283167362213135	30.601265967588176
322	(2.923219644935205+1.6356084894980407j)	0.590660810470581	30.69659389895138
323	(2.8451569874544456+1.6671889136900617j)	0.6076009273529053	30.791921830314585
324	(2.765788782370728+1.6950927947930845j)	0.637321949005127	30.887249761677786
325	(2.6843740193810817+1.7193791957810385j)	0.6527221202850342	30.98257769304099
326	(2.6022410263784312+1.7395223932494623j)	0.6331629753112793	31.077905624404192
327	(2.519638911993998+1.7560176996634134j)	0.6644241809844971	31.173233555767396
328	(2.4357083568732625+1.7680728639165064j)	0.6542060375213623	31.268561487130597
329	(2.351384742306778+1.7758441468079513j)	0.6469581127166748	31.3638894184938
330	(2.2667629976131503+1.7803130157656923j)	0.6554110050201416	31.459217349857006
331	(2.181909182308903+1.7803130443849586j)	0.614753007888794	31.554545281220207
332	(2.094265588891986+1.7780261071004189j)	0.5917270183563232	31.64987321258341
333	(2.0130709342763153+1.767663694774424j)	0.35174012184143066	31.745201143946613
334	(1.9287470258149473+1.755238104587635j)	0.33342909812927246	31.840529075309817
335	(1.8458602188631668+1.738944868466883j)	0.35242295265197754	31.93585700667302
336	(1.7635294462336213+1.7186645733666315j)	0.4477410316467285	32.03118493803622
337	(1.682010639544869+1.6937880393152556j)	0.3151421546936035	32.12651286939942
338	(1.6020033811232022+1.6655584686384437j)	0.3032379150390625	32.22184080076263
339	(1.5231872673507054+1.6337348827599631j)	0.3418440818786621	32.31716873212583
340	(1.4464056841051849+1.5974566168028206j)	0.37199997901916504	32.41249666348903
341	(1.3714545767026984+1.5577378179222041j)	0.30129480361938477	32.50782459485224
342	(1.2978009484333684+1.5144850923698483j)	0.36951613426208496	32.60315252621544
343	(1.2268775181715375+1.4676425050909785j)	0.3004770278930664	32.69848045757864
344	(1.158539552356674+1.417760289033608j)	0.37834978103637695	32.79380838894184
345	(1.092189565686418+1.3640390967686733j)	0.2856099605560303	32.88913632030505
346	(1.0287266129856747+1.3071531489661048j)	0.29464006423950195	32.98446425166825
347	(0.9679453351997503+1.2479711069082415j)	0.43492698669433594	33.07979218303145
348	(0.9101735626764783+1.1854160748160505j)	0.2989349365234375	33.17512011439466
349	(0.8559549006178966+1.119957509129124j)	0.4094400405883789	33.27044804575786
350	(0.8043022656263537+1.0522484241582097j)	0.3719480037689209	33.36577597712106
351	(0.7559636464634182+0.9819107480609478j)	0.3808557987213135	33.46110390848427
352	(0.711754824535233+0.9096701289620389j)	0.46843600273132324	33.55643183984747
353	(0.6704658062164466+0.8354089639736577j)	0.389981746673584	33.65175977121067
354	(0.6332489600764859+0.7583177320138137j)	0.3030991554260254	33.74708770257387
355	(0.5996617926111225+0.6803956915764395j)	0.29956793785095215	33.84241563393708
356	(0.570099558517398+0.6006860237787119j)	0.2913069725036621	33.93774356530028
357	(0.5440817975271278+0.5196984238343586j)	0.2914133071899414	34.03307149666348
358	(0.5222710205672274+0.4375732118312362j)	0.28496313095092773	34.12839942802669
359	(0.5038768171879613+0.35440698096857354j)	0.3075520992279053	34.22372735938989
360	(0.49017827372388456+0.2705612437463625j)	0.2833840847015381	34.31905529075309
361	(0.4805963092697215+0.18645086305097935j)	0.2950398921966553	34.41438322211629
362	(0.47473535984485793+0.1013236343465258j)	0.3059248924255371	34.5097111534795
363	(0.47321732681543527+0.016235410961735003j)	0.31645798683166504	34.6050390848427
364	(0.4755470065103032-0.06822330646063729j)	0.3099551200866699	34.7003670162059
365	(0.482206940050048-0.15299278562678614j)	0.3168671131134033	34.79569494756911
366	(0.49330126278667386-0.23731199094889927j)	0.31571006774902344	34.89102287893231
367	(0.507716571702507-0.3208200957419342j)	0.33126091957092285	34.98635081029551
368	(0.526322800445836-0.40366750166822923j)	0.2848639488220215	35.08167874165872
369	(0.5494123082064636-0.4850426148481284j)	0.29468584060668945	35.17700667302192
370	(0.5759821952121454-0.5655264977682654j)	0.3093881607055664	35.27233460438512
371	(0.6064815299376054-0.6449999289881525j)	0.3256962299346924	35.36766253574832
372	(0.6407028302789871-0.722143496382067j)	0.318148136138916	35.46299046711153
373	(0.6784501997320433-0.7976572737325283j)	0.293597936630249	35.55831839847473
374	(0.7203775083411057-0.871604271039649j)	0.31961703300476074	35.65364632983793
375	(0.7654112755844606-0.9431318473499177j)	0.32082414627075195	35.74897426120114
376	(0.8133994115111634-1.0125710183425105j)	0.30015063285827637	35.84430219256434
377	(0.8653132446982025-1.079316308957848j)	0.3870530128479004	35.93963012392754
378	(0.9202332303894183-1.1432940561824927j)	0.35759401321411133	36.034958055290744
379	(0.9779496428926436-1.2052153965272465j)	0.2951240539550781	36.13028598665395
380	(1.0387033494641709-1.2638645434789926j)	0.3808891773223877	36.22561391801715
381	(1.1018423192590567-1.319087159125129j)	0.30527400970458984	36.320941849380354
382	(1.1679509721829318-1.3717017633225574j)	0.2990238666534424	36.41626978074356
383	(1.2366616040727179-1.420911198818242j)	0.3056797981262207	36.51159771210676
384	(1.306886476906123-1.466744336921511j)	0.3123281002044678	36.606925643469964
385	(1.3795390357122916-1.5091770627510557j)	0.29775190353393555	36.70225357483317
386	(1.4544291841124375-1.547568936045537j)	0.315748929977417	36.79758150619637
387	(1.5306702341163514-1.5828085030958778j)	0.28408312797546387	36.892909437559574
388	(1.6087513260396862-1.6145967305668718j)	0.40061497688293457	36.988237368922775
389	(1.6877695127116503-1.6417598143302772j)	0.28858494758605957	37.08356530028598
390	(1.7680622927234273-1.665422766319915j)	0.2836799621582031	37.178893231649184
391	(1.8499306182907034-1.6853856209181537j)	0.2919440269470215	37.274221163012385
392	(1.9320601888350177-1.7011927054173999j)	0.27910876274108887	37.36954909437559
393	(2.0145734959007844-1.7132739321187804j)	0.3301811218261719	37.464877025738794
394	(2.098112627782744-1.7209598887683724j)	0.30146098136901855	37.560204957101995
395	(2.1816355419404037-1.724644048808104j)	0.28048205375671387	37.655532888465196
396	(2.265437400051981-1.7248163238757361j)	0.27379798889160156	37.750860819828404
397	(2.3485692340740534-1.720769623560321j)	0.2862379550933838	37.846188751191605
398	(2.431295748894744-1.712377375986044j)	0.2970421314239502	37.941516682554806
399	(2.5140249856058094-1.700480865184257j)	0.28194189071655273	38.036844613918014
400	(2.596023963632255-1.684449648235827j)	0.2873811721801758	38.132172545281215
401	(2.676445121853809-1.6646911682345715j)	0.39406704902648926	38.227500476644416
402	(2.756230139572756-1.641032260080447j)	0.28124189376831055	38.322828408007624
403	(2.834875691480481-1.6131754536182674j)	0.30686426162719727	38.418156339370825
404	(2.911792348808889-1.5822484878861525j)	0.3587210178375244	38.513484270734025
405	(2.987279970795657-1.5477169468705803j)	0.4580059051513672	38.608812202097226
406	(3.0606211483439187-1.5090438324693862j)	0.31993603706359863	38.704140133460434
407	(3.1321515331460095-1.467306640030234j)	0.3184199333190918	38.799468064823635
408	(3.2020603946223205-1.4222648038037635j)	0.38801002502441406	38.894795996186836
409	(3.2690428895872943-1.373913119034396j)	0.3521409034729004	38.990123927550044
410	(3.3335687648586227-1.3226720026416232j)	0.36509203910827637	39.085451858913245
411	(3.3960118420201124-1.2679255309944304j)	0.39402318000793457	39.180779790276446
412	(3.455460103293478-1.210509739201913j)	0.3686940670013428	39.276107721639654
413	(3.512177976600131-1.1509080562006602j)	0.398345947265625	39.371435653002855
414	(3.5658207325658364-1.0881110238527945j)	0.34631991386413574	39.466763584366056
415	(3.6164493355502154-1.022969726962789j)	0.4031071662902832	39.56209151572926
416	(3.6638954492104925-0.9556438102616349j)	0.2976949214935303	39.657419447092465
417	(3.708161944219507-0.8860816402491531j)	0.34288597106933594	39.752747378455666
418	(3.7485143782972936-0.8148164927903498j)	0.4176928997039795	39.84807530981887
419	(3.7859078209951056-0.7415036079717394j)	0.3864309787750244	39.943403241182075
420	(3.819730274943764-0.6662272185155628j)	0.7555439472198486	40.038731172545276
421	(3.849809971806022-0.5901739868312788j)	0.4781830310821533	40.13405910390848
422	(3.876370696065241-0.5126521098018955j)	0.5005004405975342	40.22938703527168
423	(3.8987606998173727-0.43355052324891574j)	0.43769073486328125	40.324714966634886
424	(3.917708607301867-0.3539006919376354j)	0.421522855758667	40.42004289799809
425	(3.933088252119909-0.2733566406906939j)	0.3813130855560303	40.51537082936129
426	(3.9441834061451746-0.192387892205509j)	0.30887818336486816	40.610698760724496
427	(3.9514447508972124-0.11112558742571244j)	0.3132660388946533	40.7060266920877
428	(3.955166907064069-0.029086814146992657j)	0.39604783058166504	40.8013546234509
429	(3.9547538315754487+0.05260560308959539j)	0.43538999557495117	40.896682554814106
430	(3.950677962656539+0.1337590852525612j)	0.38474106788635254	40.99201048617731
431	(3.9424896211889084+0.215186537016002j)	0.35009193420410156	41.08733841754051
432	(3.9303263631655025+0.29596394607823906j)	0.49209094047546387	41.18266634890371
433	(3.9150201929669346+0.3758810911578452j)	0.41487789154052734	41.27799428026692
434	(3.8955930913238737+0.4550914582676008j)	0.3212311267852783	41.37332221163012
435	(3.8720829639997785+0.532876460490332j)	0.3773810863494873	41.46865014299332
436	(3.845414172018152+0.6098648041446926j)	0.5649440288543701	41.56397807435653
437	(3.814882868733548+0.6850784249991198j)	0.42464327812194824	41.65930600571973
438	(3.781133380361067+0.7591543639271099j)	0.7139148712158203	41.75463393708293
439	(3.7438670090017436+0.8312919348854226j)	0.42696118354797363	41.84996186844613
440	(3.702798368220086+0.9018385620076995j)	0.36899614334106445	41.94528979980934
441	(3.658962505901275+0.9700192624715652j)	0.5103628635406494	42.04061773117254
442	(3.6118459742801328+1.0358495435607815j)	0.33473920822143555	42.13594566253574
443	(3.561665192177158+1.0998225415171712j)	0.324505090713501	42.23127359389895
444	(3.5085140338780074+1.1609845407137687j)	0.4179990291595459	42.32660152526215
445	(3.452714191211641+1.2201027687353867j)	0.3138620853424072	42.42192945662535
446	(3.3940521715084473+1.2759749789361718j)	0.3683152198791504	42.51725738798856
447	(3.333076785901394+1.328804873790392j)	0.462252140045166	42.61258531935176
448	(3.2692817508694314+1.3792253990575936j)	0.4685478210449219	42.70791325071496
449	(3.203230749674057+1.4263478064811563j)	0.42244625091552734	42.80324118207816
450	(3.135660530521575+1.4702944072621058j)	0.4127318859100342	42.89856911344137
451	(3.065615782129709+1.5110031272912172j)	0.46709704399108887	42.99389704480457
452	(2.9935749973657058+1.5480370474009666j)	0.4491851329803467	43.08922497616777
453	(2.9202760157979357+1.5821689431883712j)	0.39965391159057617	43.18455290753098
454	(2.845845260297184+1.6126561735195974j)	0.39582324028015137	43.27988083889418
455	(2.769126489793381+1.6392118486141827j)	0.4342222213745117	43.37520877025738
456	(2.691718340282046+1.6624495695916068j)	0.40508174896240234	43.47053670162058
457	(2.612911748123374+1.6821226044193394j)	0.446552038192749	43.56586463298379
458	(2.5338879116814215+1.697850302952229j)	0.4566638469696045	43.66119256434699
459	(2.4542203042575927+1.7100166725204784j)	0.37332892417907715	43.75652049571019
460	(2.373530759295365+1.718055797957187j)	0.4762248992919922	43.8518484270734
461	(2.29289880871497+1.7224662068203815j)	0.5249528884887695	43.9471763584366
462	(2.212161944139067+1.7235448771574287j)	0.32635498046875	44.0425042897998
463	(2.1314431187614424+1.720207709705846j)	0.6013228893280029	44.13783222116301
464	(2.051176500595991+1.7130628438711828j)	0.3938319683074951	44.23316015252621
465	(1.9708254280744337+1.7025737098978386j)	0.3758199214935303	44.32848808388941
466	(1.8912685668646003+1.6880710890476847j)	0.6276910305023193	44.42381601525261
467	(1.8129808893552832+1.6699602977930172j)	0.3957371711730957	44.51914394661582
468	(1.7350720008744935+1.6480492666821274j)	0.4183948040008545	44.61447187797902
469	(1.6582736574446153+1.6222505738039585j)	0.46668100357055664	44.70979980934222
470	(1.5830330866160054+1.593479304868973j)	0.9885871410369873	44.80512774070543
471	(1.5090525894272504+1.560992461545722j)	0.45961689949035645	44.90045567206863
472	(1.4369596570974115+1.5245755810634676j)	0.5690851211547852	44.99578360343183
473	(1.3663877855540842+1.4852630341016626j)	0.5138900279998779	45.09111153479503
474	(1.297443595095522+1.4426319345988992j)	0.8100829124450684	45.18643946615824
475	(1.2312339298742014+1.3967246437205683j)	0.8826560974121094	45.28176739752144
476	(1.1670733455740427+1.3478684149244489j)	0.6317229270935059	45.37709532888464
477	(1.1048693054435037+1.2956071041423693j)	0.6587588787078857	45.47242326024785
478	(1.04552418285959+1.2408105226751716j)	0.5942866802215576	45.56775119161105
479	(0.9887077084260039+1.183602193794591j)	0.6038427352905273	45.66307912297425
480	(0.9347581056349459+1.12313060300495j)	0.5949318408966064	45.75840705433746
481	(0.883814648952052+1.060317556135334j)	0.6046850681304932	45.85373498570066
482	(0.8353255885832582+0.9954377738483215j)	0.672835111618042	45.94906291706386
483	(0.7903121475563684+0.928116658125892j)	0.6444227695465088	46.044390848427064
484	(0.7488572593865764+0.8589397420758065j)	0.6562860012054443	46.13971877979027
485	(0.7101429221775926+0.7875852612026188j)	0.6491129398345947	46.23504671115347
486	(0.6749530021762954+0.7143324518247967j)	0.6778240203857422	46.330374642516674
487	(0.6433608089638079+0.6401131746608815j)	0.674393892288208	46.42570257387988
488	(0.6151955268815436+0.5641023390208552j)	0.6486499309539795	46.52103050524308
489	(0.5909650501929381+0.48650773713617484j)	0.39928388595581055	46.61635843660628
490	(0.5697838950659861+0.40820100726923747j)	0.30295491218566895	46.71168636796949
491	(0.5526058712704088+0.3289423623802291j)	0.2900521755218506	46.80701429933269
492	(0.5396131636300637+0.24894227488792323j)	0.37308597564697266	46.90234223069589
493	(0.5300923133094623+0.1684069926752373j)	0.2927827835083008	46.997670162059094
494	(0.52414046911066+0.08704413109596801j)	0.28795385360717773	47.0929980934223
495	(0.5223166987102628+0.005948196043874768j)	0.2919619083404541	47.1883260247855
496	(0.5241588244565185-0.07501082016672163j)	0.2890481948852539	47.283653956148704
497	(0.5300854748264878-0.15642192905554675j)	0.2953939437866211	47.37898188751191
498	(0.5398294384420785-0.23723519244233884j)	0.3008430004119873	47.47430981887511
499	(0.552863419554136-0.3174077643483517j)	0.3265111446380615	47.569637750238314
500	(0.570187820847093-0.3970308297978222j)	0.34235119819641113	47.664965681601515
501	(0.5914399149008944-0.47554992117304795j)	0.31368398666381836	47.76029361296472
502	(0.6159025978991984-0.5534260293709012j)	0.29249095916748047	47.855621544327924
503	(0.6442449463923986-0.6300487984289204j)	0.30330801010131836	47.950949475691125
504	(0.6761679635800543-0.7047047853780063j)	0.3662078380584717	48.04627740705433
505	(0.7116244889888105-0.7782713552793717j)	0.3031952381134033	48.141605338417534
506	(0.7508509858491306-0.8502557226140923j)	0.38979601860046387	48.236933269780735
507	(0.792935202108753-0.9199889954402697j)	0.29350924491882324	48.33226120114394
508	(0.8383330754064127-0.9878565068307279j)	0.2960188388824463	48.427589132507144
509	(0.8874877481638812-1.0533259844912166j)	0.3096730709075928	48.522917063870345
510	(0.9393155206364256-1.116543998395619j)	0.31691431999206543	48.618244995233546
511	(0.9940278690922315-1.1776439688186704j)	0.31612110137939453	48.713572926596754
512	(1.051778653635926-1.2355203260487653j)	0.3128938674926758	48.808900857959955
513	(1.1120745381776964-1.290631180056417j)	0.3317272663116455	48.904228789323156
514	(1.1753170696212385-1.343342198468491j)	0.33688879013061523	48.999556720686364
515	(1.2408375849910647-1.392700049111101j)	0.320343017578125	49.094884652049565
516	(1.3082238936017025-1.4389273907245692j)	0.31276798248291016	49.190212583412766
517	(1.3783509106017948-1.481917845659313j)	0.3174130916595459	49.28554051477597
518	(1.450478382245021-1.5213566609289955j)	0.31580686569213867	49.380868446139175
519	(1.524058963030596-1.5578411246925357j)	0.3106529712677002	49.476196377502376
520	(1.599557025551821-1.590586849972665j)	0.40212392807006836	49.57152430886558
521	(1.6764236000532278-1.6192530840320936j)	0.28512072563171387	49.666852240228785
522	(1.7547662320967878-1.6447652760733504j)	0.2849569320678711	49.762180171591986
523	(1.8345035824227462-1.6665192388470527j)	0.3614168167114258	49.85750810295519
524	(1.9146347490981905-1.6842376253940752j)	0.2907590866088867	49.952836034318395
525	(1.995765818088443-1.6982786821590503j)	0.2898988723754883	50.048163965681596
526	(2.077955648581264-1.7081537877919049j)	0.29230284690856934	50.1434918970448
527	(2.160138122798297-1.7143760953550748j)	0.2849111557006836	50.238819828408
528	(2.2426136874833267-1.7169444481329146j)	0.2979741096496582	50.334147759771206
529	(2.3251980154339877-1.7149457732190458j)	0.2920341491699219	50.42947569113441
530	(2.4075259235822104-1.7091816194377112j)	0.2927417755126953	50.52480362249761
531	(2.489949452246619-1.6998514011580454j)	0.2859032154083252	50.620131553860816
532	(2.5715285731794877-1.6862819205969188j)	0.2913820743560791	50.71545948522402
533	(2.652099575076546-1.6689379551732868j)	0.29509401321411133	50.81078741658722
534	(2.732388962056462-1.6476111794110204j)	0.28394007682800293	50.90611534795042
535	(2.8114583811326312-1.622365111517072j)	0.28922581672668457	51.00144327931363
536	(2.889028895698442-1.5938857373466746j)	0.2859001159667969	51.09677121067683
537	(2.9653700017314457-1.561344715263293j)	0.30422210693359375	51.19209914204003
538	(3.039889555323947-1.5248562111536133j)	0.2891080379486084	51.28742707340324
539	(3.112910520731014-1.4853406644698741j)	0.2900118827819824	51.38275500476644
540	(3.184090684235264-1.4422254495129794j)	0.3724660873413086	51.47808293612964
541	(3.2527449849561654-1.3956630152668341j)	0.31705808639526367	51.573410867492846
542	(3.31909796272209-1.34590657811454j)	0.30935072898864746	51.66873879885605
543	(3.383334892273593-1.2926945099790168j)	0.35501694679260254	51.76406673021925
544	(3.4448939117862714-1.2368327708313458j)	0.3146209716796875	51.85939466158245
545	(3.5037101391329317-1.1781974087733242j)	0.3739609718322754	51.95472259294566
546	(3.5595723761105216-1.116177291716049j)	0.31099987030029297	52.05005052430886
547	(3.612417285025987-1.0518271719571342j)	0.30883121490478516	52.14537845567206
548	(3.662558628343499-0.985197805427319j)	0.3147299289703369	52.24070638703527
549	(3.708984358787298-0.9159383771399912j)	0.30170130729675293	52.33603431839847
550	(3.7526097623980212-0.8446826409461341j)	0.29441308975219727	52.43136224976167
551	(3.791934814354133-0.771173538748281j)	0.31613612174987793	52.52669018112488
552	(3.8281539989538027-0.6958736926194606j)	0.3254208564758301	52.62201811248808
553	(3.860631046270838-0.6193556752952566j)	0.3085339069366455	52.71734604385128
554	(3.8894988541638127-0.5408500086445587j)	0.3206441402435303	52.81267397521448
555	(3.9143481428039824-0.46087193883405536j)	0.30645132064819336	52.90800190657769
556	(3.9357506364003596-0.3802144189847962j)	0.3147008419036865	53.00332983794089
557	(3.9532043966314854-0.2983970411057806j)	0.31055307388305664	53.09865776930409
558	(3.9661699152099157-0.2158631904818576j)	0.2851839065551758	53.1939857006673
559	(3.9756068990707556-0.13273747304366956j)	0.29834604263305664	53.2893136320305
560	(3.9811609781927455-0.04893435880286001j)	0.302401065826416	53.3846415633937
561	(3.9823692330929963+0.03454337237059213j)	0.29605603218078613	53.4799694947569
562	(3.979738302452566+0.11805140238684386j)	0.3000221252441406	53.57529742612011
563	(3.9735569052000597+0.20195811705493327j)	0.2928776741027832	53.67062535748331
564	(3.9621138614310074+0.28493294672872105j)	0.45832395553588867	53.76595328884651
565	(3.9477338707254113+0.36732743866093537j)	0.31693434715270996	53.86128122020972
566	(3.928835295908224+0.4490904408822904j)	0.30786609649658203	53.95660915157292
567	(3.9060441706385816+0.5297102446993353j)	0.40064477920532227	54.05193708293612
568	(3.879851821951903+0.6095255893151743j)	0.3210411071777344	54.14726501429933
569	(3.8495505752057717+0.6878077021933278j)	0.37746214866638184	54.24259294566253
570	(3.815545110222309+0.7641412121491533j)	0.3688356876373291	54.33792087702573
571	(3.777868430518438+0.8393192912750964j)	0.3906748294830322	54.43324880838893
572	(3.7364329618544216+0.9125935604038908j)	0.3098609447479248	54.52857673975214
573	(3.6920049235737644+0.9834652576895047j)	0.32059526443481445	54.62390467111534
574	(3.643992822272506+1.0523314114251754j)	0.3133268356323242	54.71923260247854
575	(3.5922833808588956+1.1186561224001064j)	0.3048248291015625	54.81456053384175
576	(3.537928124700018+1.1825969180369726j)	0.304502010345459	54.90988846520495
577	(3.4805284073535243+1.2440664921045048j)	0.3606107234954834	55.00521639656815
578	(3.420047527849373+1.302132128506782j)	0.31220006942749023	55.10054432793135
579	(3.3569730313667723+1.3574290599072214j)	0.3043088912963867	55.19587225929456
580	(3.291011682512308+1.4100315374248025j)	0.44682908058166504	55.29120019065776
581	(3.222872178914058+1.459003967761979j)	0.30811381340026855	55.38652812202096
582	(3.1527059736536645+1.504684986276796j)	0.2727208137512207	55.48185605338417
583	(3.079813961278493+1.5469744987092136j)	0.3929562568664551	55.57718398474737
584	(3.0051490915789376+1.5855972938699163j)	0.3029360771179199	55.67251191611057
585	(2.9290346063277353+1.6209990427334549j)	0.31178998947143555	55.76783984747378
586	(2.851026643891592+1.65234946219875j)	0.301023006439209	55.86316777883698
587	(2.7717253122315255+1.6796245327121155j)	0.30384302139282227	55.95849571020018
588	(2.691042353831023+1.7036150726979962j)	0.29996705055236816	56.05382364156338
589	(2.6092214258607425+1.7235454302346067j)	0.3099799156188965	56.14915157292659
590	(2.5270563565537505+1.739310548242426j)	0.2921409606933594	56.24447950428979
591	(2.4438701410631194+1.7512610558430308j)	0.38870787620544434	56.33980743565299
592	(2.359923869912221+1.7589777117617036j)	0.36652302742004395	56.4351353670162
593	(2.276189054007585+1.7629543523124758j)	0.2896149158477783	56.5304632983794
594	(2.192238161298155+1.7629830192241807j)	0.4180638790130615	56.6257912297426
595	(2.108343522776325+1.7584012603066848j)	0.3913280963897705	56.721119161105804
596	(2.0248345117800763+1.7501298102448997j)	0.3273751735687256	56.81644709246901
597	(1.941514245176468+1.7381049323719713j)	0.30051088333129883	56.91177502383221
598	(1.8592942023603314+1.7217339118123804j)	0.31784701347351074	57.007102955195414
599	(1.7780761967465177+1.7015647450880516j)	0.2924048900604248	57.10243088655862
600	(1.6973630164230515+1.6773945310456837j)	0.2981860637664795	57.19775881792182
601	(1.6182125271982244+1.6493907916897013j)	0.3119010925292969	57.293086749285024
602	(1.5406927423619583+1.6180300771958496j)	0.3002309799194336	57.38841468064823
603	(1.464574029453854+1.5825170627671752j)	0.2972450256347656	57.48374261201143
604	(1.3904305928888188+1.5432679474381654j)	0.2958691120147705	57.579070543374634
605	(1.317991831367167+1.501026841896231j)	0.31664299964904785	57.674398474737835
606	(1.247736420359804+1.4551266299637169j)	0.2956669330596924	57.76972640610104
607	(1.1802641138887489+1.4058495316523256j)	0.29694581031799316	57.865054337464244
608	(1.1147809047937502+1.353468601730333j)	0.3048281669616699	57.960382268827445
609	(1.0517786171784629+1.2977971059018998j)	0.2950868606567383	58.05571020019065
610	(0.9919468007752437+1.239601004758552j)	0.3152031898498535	58.151038131553854
611	(0.934808194505226+1.1785502463316713j)	0.3313741683959961	58.246366062917055
612	(0.8807565812190611+1.1143339008923028j)	0.3164408206939697	58.341693994280256
613	(0.8298080454309653+1.0480476803508496j)	0.3099331855773926	58.437021925643464
614	(0.7818296375837448+0.9795142772456912j)	0.33327317237854004	58.532349857006665
615	(0.7377184462633294+0.9085130148959362j)	0.3500640392303467	58.627677788369866
616	(0.6970236661851416+0.8356563547355716j)	0.3866109848022461	58.723005719733074
617	(0.6593909424597545+0.7607276783262109j)	0.40529298782348633	58.818333651096275
618	(0.6257646950911571+0.6842555978236132j)	0.3049647808074951	58.913661582459476
619	(0.595894210747926+0.606632803764185j)	0.2998220920562744	59.008989513822684
620	(0.5696821607939855+0.5271472403921467j)	0.391160249710083	59.104317445185885
621	(0.5474663248487304+0.44656070806513365j)	0.30248498916625977	59.199645376549086
622	(0.5287724714795335+0.3654513701070639j)	0.3934338092803955	59.29497330791229
623	(0.5141935685745856+0.2832970244568504j)	0.3955667018890381	59.390301239275495
624	(0.5039615685073323+0.20062320542894246j)	0.309877872467041	59.485629170638695
625	(0.49717100905634404+0.11753318408143107j)	0.300795316696167	59.580957102001896
626	(0.49439121921805573+0.034079698644292j)	0.28662586212158203	59.676285033365104
627	(0.4959089648220878-0.048892099558358854j)	0.3185741901397705	59.771612964728305
628	(0.5012045605182225-0.13188243699847638j)	0.2958509922027588	59.866940896091506
629	(0.5106306763366182-0.21489299254801217j)	0.3250741958618164	59.962268827454714
630	(0.5238206101203183-0.29685774805813003j)	0.3046138286590576	60.057596758817915
631	(0.5407088613126325-0.3780973653982527j)	0.31429290771484375	60.152924690181116
632	(0.5620095982842774-0.4585518820747182j)	0.3400230407714844	60.24825262154432
633	(0.5869142699446447-0.5377411468066151j)	0.31187915802001953	60.343580552907525
634	(0.6151928466734771-0.6159125026449548j)	0.3129158020019531	60.438908484270726
635	(0.6475267972351075-0.6923211185291727j)	0.38268613815307617	60.53423641563393
636	(0.6833886939992337-0.7668304237611683j)	0.2801370620727539	60.629564346997135
637	(0.7227696407551119-0.8400819353758194j)	0.28778600692749023	60.724892278360336
638	(0.7656652107191146-0.9111648868613849j)	0.35886216163635254	60.82022020972354
639	(0.8114713778161804-0.9797968346224474j)	0.2815098762512207	60.91554814108674
640	(0.8608236658069159-1.0463872146763116j)	0.29480814933776855	61.010876072449946
641	(0.9135440449564654-1.1104126285504723j)	0.2896099090576172	61.10620400381315
642	(0.9686798319849232-1.1719521228537912j)	0.28769493103027344	61.20153193517635
643	(1.0268202555808787-1.230859050964012j)	0.36162400245666504	61.296859866539556
644	(1.087845225041073-1.2864009123995577j)	0.28287696838378906	61.39218779790276
645	(1.1512833796513686-1.339304703923664j)	0.2968471050262451	61.48751572926596
646	(1.2175776957790605-1.3889399057807688j)	0.2700960636138916	61.582843660629166
647	(1.2853973794885452-1.4357549017712337j)	0.28870296478271484	61.67817159199237
648	(1.355462425184803-1.4789607845837125j)	0.2943711280822754	61.77349952335557
649	(1.428022300783772-1.5187887067474022j)	0.29218626022338867	61.86882745471877
650	(1.502031185635191-1.5550593981658485j)	0.35097599029541016	61.96415538608198
651	(1.5774234315399736-1.5880640962302155j)	0.2817800045013428	62.05948331744518
652	(1.6545898389756062-1.617018986637815j)	0.2977299690246582	62.15481124880838
653	(1.7328780377158797-1.642166413579679j)	0.37415099143981934	62.25013918017159
654	(1.8123813836122435-1.6640939867996598j)	0.3022730350494385	62.34546711153479
655	(1.892773881716356-1.6819259606464376j)	0.3164973258972168	62.44079504289799
656	(1.973491200877056-1.6957582537602813j)	0.3039870262145996	62.53612297426119
657	(2.0552004690473247-1.7059165537859977j)	0.314511775970459	62.6314509056244
658	(2.1373754312960274-1.7120147081894745j)	0.30773401260375977	62.7267788369876
659	(2.2192325861134568-1.7144952510837894j)	0.3027169704437256	62.8221067683508
660	(2.301308944686143-1.7130198885282573j)	0.31043577194213867	62.91743469971401
661	(2.3832301275301377-1.7071896986317292j)	0.3304402828216553	63.01276263107721
662	(2.4647077277119767-1.6979375347917625j)	0.29123592376708984	63.10809056244041
663	(2.545835358032801-1.684942474054941j)	0.30687880516052246	63.20341849380362
664	(2.6258056397553267-1.6677437249838722j)	0.2925729751586914	63.29874642516682
665	(2.7049140127885676-1.6469558685158732j)	0.3809936046600342	63.39407435653002
666	(2.7834014406890786-1.6223511960648476j)	0.28806114196777344	63.48940228789322
667	(2.8601189344706155-1.593968820481467j)	0.284466028213501	63.58473021925643
668	(2.9354521589190377-1.5625966192547858j)	0.45721006393432617	63.68005815061963
669	(3.009339358400851-1.5270355758693506j)	0.290740966796875	63.77538608198283
670	(3.0812861471200375-1.4880866544216578j)	0.30312609672546387	63.87071401334604
671	(3.151522621597877-1.4462442236378468j)	0.32042503356933594	63.96604194470924
672	(3.2195140510279874-1.4007954013825819j)	0.2878100872039795	64.06136987607245
673	(3.2849237749376554-1.3521699337202548j)	0.2962789535522461	64.15669780743565
674	(3.348468103542105-1.3005920456840008j)	0.3003098964691162	64.25202573879885
675	(3.4094352435470565-1.2459382207398675j)	0.30417585372924805	64.34735367016206
676	(3.4673454316367165-1.188849704748472j)	0.29420900344848633	64.44268160152527
677	(3.5227247895036857-1.1288890406364191j)	0.2893822193145752	64.53800953288847
678	(3.57511959031774-1.066020976907743j)	0.2920570373535156	64.63333746425167
679	(3.6245422914550796-1.0012681173714169j)	0.30722880363464355	64.72866539561487
680	(3.6709885350653835-0.934230825600159j)	0.45682477951049805	64.82399332697807
681	(3.7137201064797924-0.8648214210667327j)	0.4089078903198242	64.91932125834127
682	(3.7533324250540305-0.793655763630092j)	0.31743407249450684	65.01464918970449
683	(3.7898996744330598-0.7205296649903248j)	0.3059861660003662	65.10997712106769
684	(3.822515368743999-0.6459784755966222j)	0.2980341911315918	65.20530505243089
685	(3.85161257168453-0.5701638560831133j)	0.3997008800506592	65.30063298379409
686	(3.877200834985328-0.49253327803405367j)	0.29978418350219727	65.39596091515729
687	(3.898974109963216-0.41400283670667726j)	0.28534984588623047	65.49128884652049
688	(3.917306810473177-0.3348811342119655j)	0.36893582344055176	65.58661677788369
689	(3.9315789755452606-0.2546523466660129j)	0.29418325424194336	65.6819447092469
690	(3.9418200670524746-0.17392949410886005j)	0.28232884407043457	65.77727264061011
691	(3.948527627529574-0.09278388043102437j)	0.29193711280822754	65.87260057197331
692	(3.9517184280560698-0.0113303582833586j)	0.2958090305328369	65.96792850333651
693	(3.9505437600409103+0.06974812837123223j)	0.3174557685852051	66.06325643469971
694	(3.9457633430747374+0.1510176769540994j)	0.35097694396972656	66.15858436606291
695	(3.9370086182126394+0.23220430237562284j)	0.4108607769012451	66.25391229742611
696	(3.9246239291103935+0.3123754966135057j)	0.4028952121734619	66.34924022878933
697	(3.908518539668683+0.3920146162706106j)	0.3042168617248535	66.44456816015253
698	(3.8881797801888016+0.4709376784214967j)	0.38141894340515137	66.53989609151573
699	(3.8644859772600695+0.5486933148970683j)	0.44475698471069336	66.63522402287893
700	(3.8373812873483035+0.625460250982335j)	0.4195740222930908	66.73055195424213
701	(3.806265395861696+0.7005325973735286j)	0.538510799407959	66.82587988560533
702	(3.7717662949803947+0.7739883755849735j)	0.37113404273986816	66.92120781696855
703	(3.7338264481013193+0.846256787133743j)	0.34165287017822266	67.01653574833175
704	(3.692490882065598+0.9163284406628013j)	0.3113398551940918	67.11186367969495
705	(3.648196593600403+0.9841703292083571j)	0.3837897777557373	67.20719161105815
706	(3.600329886598825+1.0501352721684456j)	0.46283888816833496	67.30251954242135
707	(3.5493168958756094+1.1136336242986078j)	0.3014540672302246	67.39784747378455
708	(3.495447705389852+1.1745603728817304j)	0.42992734909057617	67.49317540514775
709	(3.439309797583791+1.233357660269487j)	0.38970279693603516	67.58850333651097
710	(3.379871243300083+1.2887761175346026j)	0.29848289489746094	67.68383126787417
711	(3.3181163318596507+1.341789137817911j)	0.3698759078979492	67.77915919923737
712	(3.2537132491191345+1.3919164734879323j)	0.4920330047607422	67.87448713060057
713	(3.1873077484616985+1.4384985479582484j)	0.33406901359558105	67.96981506196377
714	(3.11876724028851+1.4819832286124688j)	0.28667688369750977	68.06514299332697
715	(3.0476319409430856+1.522450927364249j)	0.39121413230895996	68.16047092469017
716	(2.975263091662842+1.559422193572567j)	0.28159117698669434	68.25579885605339
717	(2.9011424897056677+1.593034765510426j)	0.38123297691345215	68.35112678741659
718	(2.825243964349808+1.6227431336111087j)	0.4632728099822998	68.44645471877979
719	(2.748179515040722+1.6489152233683544j)	0.34981703758239746	68.54178265014299
720	(2.669834067652946+1.6718739477462903j)	0.3796570301055908	68.63711058150619
721	(2.590568111774184+1.6907082887576568j)	0.3878321647644043	68.7324385128694
722	(2.510746981001399+1.7057095955964372j)	0.2983570098876953	68.8277664442326
723	(2.4302378910253832+1.7174114027986562j)	0.28214406967163086	68.92309437559581
724	(2.3484479004695067+1.724548980991215j)	0.2831439971923828	69.01842230695901
725	(2.2672489700663596+1.7283709168997134j)	0.2886371612548828	69.11375023832221
726	(2.1856206521400163+1.7281705112077494j)	0.2838120460510254	69.20907816968541
727	(2.104069150803121+1.723787247260321j)	0.2879641056060791	69.30440610104861
728	(2.0228456184088164+1.716060841351554j)	0.30318593978881836	69.39973403241181
729	(1.9420235163379482+1.7045053577986644j)	0.2933042049407959	69.49506196377502
730	(1.861832187883683+1.6885228632751546j)	0.31229496002197266	69.59038989513823
731	(1.782683499445906+1.6693056140921048j)	0.3094809055328369	69.68571782650143
732	(1.7039963093901258+1.6461418891283834j)	0.3819570541381836	69.78104575786463
733	(1.6269596655267466+1.6193640530698366j)	0.3705558776855469	69.87637368922783
734	(1.5512142497306431+1.5890999242765624j)	0.3435781002044678	69.97170162059103
735	(1.4767326628046997+1.5547966482535571j)	0.4562361240386963	70.06702955195423
736	(1.4040952347734768+1.517213601987093j)	0.6523571014404297	70.16235748331745
737	(1.333108919941167+1.4765646682971945j)	0.5107331275939941	70.25768541468065
738	(1.2643271140673944+1.4321644365436739j)	0.5246322154998779	70.35301334604385
739	(1.1978815041496502+1.3845878931592415j)	0.49625706672668457	70.44834127740705
740	(1.1332225423806948+1.333982325875991j)	0.4407830238342285	70.54366920877025
741	(1.0712257545603197+1.2802549273834518j)	0.35674500465393066	70.63899714013345
742	(1.0121397794072635+1.2239277789544638j)	0.32635998725891113	70.73432507149666
743	(0.9554597805367419+1.1645363673403073j)	0.3224210739135742	70.82965300285987
744	(0.9017324951812469+1.102294939536489j)	0.4531257152557373	70.92498093422307
745	(0.8509359386568759+1.0380755760120053j)	0.3820321559906006	71.02030886558627
746	(0.8031765473239799+0.9713146662200641j)	0.44257283210754395	71.11563679694947
747	(0.7590299775046242+0.9021066713346622j)	0.4610469341278076	71.21096472831267
748	(0.7178628512826601+0.8310560842758261j)	0.5321872234344482	71.30629265967588
749	(0.6802199270125376+0.7580273711560694j)	0.4023399353027344	71.40162059103908
750	(0.6458882535984991+0.6833236203548798j)	0.35814499855041504	71.49694852240229
751	(0.6153220759471236+0.6071717425894986j)	0.5883119106292725	71.59227645376549
752	(0.5882916726252407+0.5291496986311018j)	0.6899330615997314	71.6876043851287
753	(0.5650889224681235+0.4502477129347652j)	0.39454102516174316	71.7829323164919
754	(0.5454394112894749+0.3705175960037368j)	0.5719010829925537	71.8782602478551
755	(0.5299334716453699+0.2895285625031085j)	0.4875457286834717	71.9735881792183
756	(0.5183460017626479+0.20799173218412273j)	0.37137508392333984	72.0689161105815
757	(0.5101468030998948+0.12593743676100616j)	0.40404415130615234	72.16424404194471
758	(0.5061788405524535+0.04354969478930734j)	0.3369717597961426	72.25957197330791
759	(0.506315382706388-0.03866028345727668j)	0.37914013862609863	72.35489990467111
760	(0.5101090972937474-0.12121297526710306j)	0.5320382118225098	72.45022783603432
761	(0.5179672032394104-0.20358714492804736j)	0.3536980152130127	72.54555576739752
762	(0.5295697592190289-0.2850375304960865j)	0.4635460376739502	72.64088369876072
763	(0.5451033470130386-0.36613627344849187j)	0.4303441047668457	72.73621163012393
764	(0.5648698606514946-0.44653126903405244j)	0.5142679214477539	72.83153956148713
765	(0.5880130612480071-0.5257946818241037j)	0.4850800037384033	72.92686749285033
766	(0.614841634239707-0.6040503010101063j)	0.3932352066040039	73.02219542421354
767	(0.6458016399093147-0.6806497566565267j)	0.2938988208770752	73.11752335557674
768	(0.6801865151945482-0.755798036894843j)	0.6786119937896729	73.21285128693994
769	(0.7181366211526131-0.8296697488925141j)	0.7152009010314941	73.30817921830314
770	(0.7595843878922011-0.9012394694051623j)	0.6487390995025635	73.40350714966635
771	(0.8042142814505285-0.970697790128205j)	0.6940569877624512	73.49883508102955
772	(0.8525479556907591-1.0382759326577833j)	0.7083380222320557	73.59416301239276
773	(0.9039807331145513-1.1033313884925888j)	0.666496992111206	73.68949094375596
774	(0.9580465218117673-1.166006157721704j)	0.629741907119751	73.78481887511916
775	(1.0154436499845212-1.2259371026479269j)	0.667686939239502	73.88014680648236
776	(1.075706302268727-1.282820478512983j)	0.6225028038024902	73.97547473784556
777	(1.138467110025227-1.3372595554326052j)	0.6231257915496826	74.07080266920877
778	(1.2037980728711448-1.3884534434701645j)	0.6244268417358398	74.16613060057198
779	(1.271491119579856-1.4363155661028384j)	0.6104700565338135	74.26145853193518
780	(1.3414840331188866-1.4810861257924273j)	0.6429882049560547	74.35678646329838
781	(1.4138624486734963-1.5224591951107558j)	0.7062530517578125	74.45211439466158
782	(1.4876581198572931-1.5603078970944946j)	0.6613068580627441	74.54744232602478
783	(1.5632634152540903-1.5947142391670681j)	0.7746000289916992	74.64277025738798
784	(1.6407500419345296-1.6250714684792558j)	0.7631559371948242	74.7380981887512
785	(1.7194484705899484-1.651957792705528j)	0.730705976486206	74.8334261201144
786	(1.7994395560856664-1.6753601712328754j)	0.31032872200012207	74.9287540514776
787	(1.880365012029537-1.6944441511831925j)	0.2958500385284424	75.0240819828408
788	(1.9619971414223127-1.7096856573584047j)	0.2881309986114502	75.119409914204
789	(2.044751686145305-1.7212055749723507j)	0.46396708488464355	75.2147378455672
790	(2.1277558626807527-1.7286103491811984j)	0.3018810749053955	75.3100657769304
791	(2.2107128056611822-1.7322282926119235j)	0.2900991439819336	75.40539370829362
792	(2.294160121247403-1.7316377736681952j)	0.3788275718688965	75.50072163965682
793	(2.377441727737448-1.7268856301869144j)	0.2984950542449951	75.59604957102002
794	(2.460357568418633-1.7186571156596941j)	0.2893102169036865	75.69137750238322
795	(2.542878565734606-1.7062493641604024j)	0.2914698123931885	75.78670543374642
796	(2.6244230426261463-1.689614235455198j)	0.2909839153289795	75.88203336510962
797	(2.7053994581655214-1.6693769199616337j)	0.37531495094299316	75.97736129647284
798	(2.78551654176995-1.6451816167033666j)	0.6165738105773926	76.07268922783604
799	(2.86389062331508-1.6172578532553765j)	0.6196010112762451	76.16801715919924
800	(2.941024770425896-1.585643909172219j)	0.6130578517913818	76.26334509056244
801	(3.0167673670239754-1.5499643533123493j)	0.6804571151733398	76.35867302192564
802	(3.090542684141225-1.5110311502371367j)	0.665144681930542	76.45400095328884
803	(3.1625241672450066-1.4688017503113349j)	0.6399540901184082	76.54932888465204
804	(3.2321786116822886-1.4227101464625718j)	0.6563029289245605	76.64465681601526
805	(3.2995171528845466-1.373468328834697j)	0.6824700832366943	76.73998474737846
806	(3.3648876201131284-1.321133773388374j)	0.630526065826416	76.83531267874166
807	(3.4273347984524416-1.2656400019695708j)	0.66298508644104	76.93064061010486
808	(3.4868583393520294-1.2074295285513237j)	0.6232969760894775	77.02596854146806
809	(3.543880952927845-1.1460838387902554j)	0.6489500999450684	77.12129647283126
810	(3.597770487793378-1.0820283542984295j)	0.6297252178192139	77.21662440419446
811	(3.6485784592487427-1.015939092157087j)	0.6086981296539307	77.31195233555768
812	(3.6961481644487444-0.9471754103214978j)	0.5982818603515625	77.40728026692088
813	(3.7400666267054135-0.876048800594234j)	0.6281919479370117	77.50260819828408
814	(3.7810394364517768-0.8030054514336542j)	0.6572558879852295	77.59793612964728
815	(3.818308258020041-0.7281942565332444j)	0.6229052543640137	77.69326406101048
816	(3.8523191710262297-0.6508889148738548j)	0.5811259746551514	77.78859199237368
817	(3.8815232332026914-0.5735769583495189j)	0.6086370944976807	77.88391992373688
818	(3.9075312766657717-0.49397300003109956j)	0.6232728958129883	77.9792478551001
819	(3.9296951905404844-0.4135075282356391j)	0.6129810810089111	78.0745757864633
820	(3.948125742709533-0.3321362869625042j)	0.622197151184082	78.1699037178265
821	(3.962307224356361-0.24958619938115634j)	0.6254158020019531	78.2652316491897
822	(3.9726060520601703-0.1666491974517288j)	0.6111240386962891	78.3605595805529
823	(3.9793155913155047-0.0832949864883572j)	0.6225271224975586	78.4558875119161
824	(3.9816043853650176+0.00026521564453596547j)	0.6264410018920898	78.55121544327932
825	(3.9798178978116177+0.0836372209707208j)	0.3247499465942383	78.64654337464252
826	(3.9743090445813736+0.16724322685630244j)	0.2920410633087158	78.74187130600572
827	(3.9646448470871833+0.2503848956422381j)	0.2888791561126709	78.83719923736892
828	(3.9511485218842113+0.33254966614689097j)	0.36637210845947266	78.93252716873212
829	(3.933602185874486+0.4143253614394198j)	0.2845609188079834	79.02785510009532
830	(3.9119077180817894+0.4951970555870373j)	0.31779980659484863	79.12318303145852
831	(3.8868365658066297+0.5747799140136811j)	0.35027003288269043	79.21851096282174
832	(3.857894475434995+0.6531810737473271j)	0.28510499000549316	79.31383889418494
833	(3.8247668833804047+0.7298940160584708j)	0.4588589668273926	79.40916682554814
834	(3.7884659041404527+0.804981908673088j)	0.630424976348877	79.50449475691134
835	(3.7484938466944215+0.8785853674212465j)	0.644909143447876	79.59982268827454
836	(3.705040989883648+0.9496915756100128j)	0.6617693901062012	79.69515061963774
837	(3.6583488622126734+1.0186898762847727j)	0.7025308609008789	79.79047855100094
838	(3.6080297328657247+1.0856511918945568j)	0.7432389259338379	79.88580648236416
839	(3.55479330629322+1.1499116675752838j)	0.7262909412384033	79.98113441372736
840	(3.4988569573478228+1.2116433219193623j)	0.7027690410614014	80.07646234509056
841	(3.4395888749050307+1.2704784826808455j)	0.6396849155426025	80.17179027645376
842	(3.3776369139869393+1.3262692797943447j)	0.6642429828643799	80.26711820781696
843	(3.3132688122085856+1.3794745444403063j)	0.6432650089263916	80.36244613918016
844	(3.2463126314138933+1.4292950573546894j)	0.6209001541137695	80.45777407054337
845	(3.177264770809626+1.4755366771581708j)	0.6330280303955078	80.55310200190658
846	(3.1058537606950227+1.5187782615743695j)	0.6501600742340088	80.64842993326978
847	(3.032317505061206+1.5584732308561744j)	0.6647439002990723	80.74375786463298
848	(2.9574756864592744+1.594557952694871j)	0.6882481575012207	80.83908579599618
849	(2.8807998283331004+1.6270746315966498j)	0.6811583042144775	80.93441372735938
850	(2.802398848961672+1.6555810388596452j)	0.3132781982421875	81.02974165872259
851	(2.723052721897128+1.6806477008003124j)	0.45830392837524414	81.12506959008579
852	(2.642481296498681+1.701944676423468j)	0.4530050754547119	81.220397521449
853	(2.561121868451762+1.7189330269165783j)	0.3285229206085205	81.3157254528122
854	(2.479093431547382+1.7321802940511897j)	0.36113810539245605	81.4110533841754
855	(2.3961542902203545+1.7416603699223852j)	0.46856689453125	81.5063813155386
856	(2.3132219556089018+1.7470000921962345j)	0.3530771732330322	81.6017092469018
857	(2.230338471211189+1.7485187371745552j)	0.3709580898284912	81.697037178265
858	(2.147073086970379+1.7458303761935947j)	0.33762216567993164	81.79236510962822
859	(2.0641992310749933+1.7391440904675546j)	0.3181741237640381	81.88769304099142
860	(1.9818234015954133+1.728953508278513j)	0.30721306800842285	81.98302097235462
861	(1.8999959690414165+1.7145040229989426j)	0.4070262908935547	82.07834890371782
862	(1.819196848617766+1.695988446342472j)	0.4163787364959717	82.17367683508103
863	(1.7390530387605367+1.6739687048556784j)	0.31798386573791504	82.26900476644423
864	(1.6600478273223696+1.6480255892054043j)	0.30763697624206543	82.36433269780743
865	(1.5828599530294227+1.6184166797332518j)	0.3140852451324463	82.45966062917064
866	(1.5069166438899977+1.5851266192893052j)	0.3034689426422119	82.55498856053384
867	(1.4324995826709501+1.5479877857843756j)	0.30699610710144043	82.65031649189704
868	(1.3601905954269413+1.507748892797585j)	0.30043601989746094	82.74564442326025
869	(1.2897778730515705+1.4641592648635813j)	0.2958850860595703	82.84097235462345
870	(1.221754323398303+1.416837057006199j)	0.3016650676727295	82.93630028598665
871	(1.155935076635596+1.366466400020631j)	0.2877829074859619	83.03162821734985
872	(1.0923967699118702+1.313323738079363j)	0.3058590888977051	83.12695614871306
873	(1.0318485640426058+1.257031888788675j)	0.3083369731903076	83.22228408007626
874	(0.9741250475502468+1.1980842417190667j)	0.3297700881958008	83.31761201143946
875	(0.918933852262224+1.136142222260172j)	0.3076591491699219	83.41293994280267
876	(0.8669981739718069+1.0717951635186809j)	0.30527424812316895	83.50826787416587
877	(0.818097081511165+1.005392212609715j)	0.3325047492980957	83.60359580552907
878	(0.7725028377706326+0.9363836219244881j)	0.29810500144958496	83.69892373689227
879	(0.730453850408475+0.8652557093098554j)	0.3160877227783203	83.79425166825548
880	(0.6914344280122661+0.7924786023395829j)	0.31826305389404297	83.88957959961868
881	(0.6560432820107499+0.7178077877336886j)	0.3310720920562744	83.98490753098189
882	(0.6246475180364247+0.6417166905572468j)	0.3334050178527832	84.08023546234509
883	(0.5965749664197187+0.5641074879269805j)	0.39016294479370117	84.17556339370829
884	(0.5722167701265731+0.4850366648931649j)	0.3997828960418701	84.27089132507149
885	(0.5517761160313+0.4053911871330439j)	0.2951087951660156	84.3662192564347
886	(0.5350411712726149+0.3247930043883759j)	0.37134218215942383	84.4615471877979
887	(0.5223872162820714+0.24313219269678593j)	0.3899977207183838	84.5568751191611
888	(0.5135399392102821+0.16133155990303916j)	0.4334108829498291	84.6522030505243
889	(0.5082687233430855+0.07915041552361418j)	0.3225719928741455	84.74753098188751
890	(0.5073828915744258-0.003141208275081936j)	0.33994603157043457	84.84285891325071
891	(0.5103376598969152-0.08525213843098114j)	0.3622567653656006	84.93818684461391
892	(0.5169262390532164-0.16748430866701064j)	0.4178781509399414	85.03351477597712
893	(0.5275987469140392-0.24905287474709015j)	0.44422292709350586	85.12884270734033
894	(0.5420152278742292-0.3297071794837692j)	0.4377901554107666	85.22417063870353
895	(0.5603924818770782-0.40998873084288445j)	0.29734277725219727	85.31949857006673
896	(0.5826742518579914-0.4892195425666689j)	0.308272123336792	85.41482650142993
897	(0.6082367403549687-0.5671317838814786j)	0.33788585662841797	85.51015443279313
898	(0.6376926480201194-0.6438304063078364j)	0.31609296798706055	85.60548236415633
899	(0.6710350956472589-0.7188124811299728j)	0.39452624320983887	85.70081029551955
900	(0.7075402661365565-0.7923580553863723j)	0.39719700813293457	85.79613822688275
901	(0.7475590795663511-0.8642075974520081j)	0.4745340347290039	85.89146615824595
902	(0.7909442278714363-0.9335782398773989j)	0.4413459300994873	85.98679408960915
903	(0.8375080157006173-1.0010005997670794j)	0.38867807388305664	86.08212202097235
904	(0.8875127715596753-1.0663564205772258j)	0.32465314865112305	86.17744995233555
905	(0.940233514670423-1.1290024962648664j)	0.3235151767730713	86.27277788369875
906	(0.9956918742703518-1.1891668476699317j)	0.32486605644226074	86.36810581506197
907	(1.0543925103268492-1.246490133778372j)	0.32335901260375977	86.46343374642517
908	(1.115558345896504-1.3009321954181123j)	0.3908097743988037	86.55876167778837
909	(1.1790719400267062-1.3527859463508225j)	0.5037429332733154	86.65408960915157
910	(1.245097974252865-1.401215883276596j)	0.45918893814086914	86.74941754051477
911	(1.3131768554014214-1.4462789807597236j)	0.3746528625488281	86.84474547187797
912	(1.3835533744204667-1.4884572115205597j)	0.3202240467071533	86.94007340324117
913	(1.4558500439195563-1.5271008137080884j)	0.4649500846862793	87.03540133460439
914	(1.5294460944429757-1.5622283726452062j)	0.38867902755737305	87.13072926596759
915	(1.6049424361350761-1.593861188460831j)	0.36240696907043457	87.22605719733079
916	(1.6819988681248876-1.6216541983574357j)	0.33423829078674316	87.32138512869399
917	(1.7599653444538395-1.646108730567187j)	0.33284687995910645	87.41671306005719
918	(1.8391174380088329-1.6668566251903565j)	0.5802438259124756	87.51204099142039
919	(1.9190612149044377-1.6833814166307577j)	0.3741440773010254	87.6073689227836
920	(1.999726124146492-1.6963891853547302j)	0.29534006118774414	87.70269685414681
921	(2.0811943163623745-1.7056739922484798j)	0.3423800468444824	87.79802478551001
922	(2.162592948909148-1.7109039086606743j)	0.3957991600036621	87.89335271687321
923	(2.2441055557800906-1.7123979827575342j)	0.3228108882904053	87.98868064823641
924	(2.3260005571243774-1.7098096808478092j)	0.3082611560821533	88.08400857959961
925	(2.407435290468671-1.7034358985748221j)	0.39664387702941895	88.17933651096281
926	(2.4884277741784073-1.6935569597418638j)	0.395906925201416	88.27466444232603
927	(2.568912213467371-1.6794342552540944j)	0.29065537452697754	88.36999237368923
928	(2.6487430321461205-1.6608160323908554j)	0.3624091148376465	88.46532030505243
929	(2.7274411843424624-1.6401048306656205j)	0.30099010467529297	88.56064823641563
930	(2.8051813352149018-1.6148420027752324j)	0.3285648822784424	88.65597616777883
931	(2.881257352194218-1.5859830136553672j)	0.39733028411865234	88.75130409914203
932	(2.9562716621455754-1.5534988922645245j)	0.29641103744506836	88.84663203050523
933	(3.0296942148080586-1.5173146839898184j)	0.292003870010376	88.94195996186845
934	(3.101138065537173-1.477869026159744j)	0.33983397483825684	89.03728789323165
935	(3.1706889214065805-1.4354635012377672j)	0.3520042896270752	89.13261582459485
936	(3.2380138527761027-1.3891973236749835j)	0.2918581962585449	89.22794375595805
937	(3.3032206846426986-1.3401279510353936j)	0.28885889053344727	89.32327168732125
938	(3.3662580180256545-1.2880306667534334j)	0.2984919548034668	89.41859961868445
939	(3.4262980995746997-1.2329128185512523j)	0.29144716262817383	89.51392755004765
940	(3.483758018350065-1.1751171912421536j)	0.29083895683288574	89.60925548141087
941	(3.5387409495633633-1.1143798148222768j)	0.2952558994293213	89.70458341277407
942	(3.590538861632873-1.0513139839417875j)	0.28653812408447266	89.79991134413727
943	(3.639332473312717-0.9861268523562625j)	0.35157322883605957	89.89523927550047
944	(3.6849500490170772-0.9182413426677978j)	0.33124518394470215	89.99056720686367
945	(3.7272056529874815-0.8483459829278931j)	0.31038737297058105	90.08589513822687
946	(3.7664838481552723-0.7767624228606663j)	0.5147519111633301	90.18122306959008
947	(3.802093932098766-0.7032212778552162j)	1.0020670890808105	90.27655100095329
948	(3.8339057667453695-0.6281983972637225j)	1.010469913482666	90.37187893231649
949	(3.8602859346386733-0.5508472836811945j)	0.7102611064910889	90.46720686367969
