	res_adaptive	time_adaptive	w
0	(1.0144929940613605-0.01698688680175634j)	0.5259628295898438	0.001
1	(1.2894412939975035-0.23420979184914875j)	0.3103311061859131	0.09632793136320304
2	(1.4248717027312634-0.2906862115484256j)	0.31745100021362305	0.19165586272640608
3	(1.53395101057037-0.30947390734235125j)	0.4585988521575928	0.2869837940896091
4	(1.6270413464239684-0.30597514957517224j)	0.3048577308654785	0.38231172545281217
5	(1.7080627540696351-0.2864430223406121j)	0.4016129970550537	0.4776396568160152
6	(1.7784229658139725-0.2538077280999715j)	0.3375399112701416	0.5729675881792182
7	(1.837877756984567-0.21009317124953764j)	0.30826807022094727	0.6682955195424213
8	(1.885609641193649-0.1576830734309871j)	0.3673129081726074	0.7636234509056243
9	(1.921318939666394-0.09932897925303319j)	0.3586859703063965	0.8589513822688274
10	(1.9455158285117156-0.037403880652876254j)	0.45517802238464355	0.9542793136320304
11	(1.9589291586884197+0.026569495795668918j)	0.4764871597290039	1.0496072449952334
12	(1.961826010898399+0.09155993644497529j)	0.4302704334259033	1.1449351763584363
13	(1.9540314949467963+0.15627298458148642j)	0.3547172546386719	1.2402631077216395
14	(1.935589819029654+0.21885482063969658j)	0.5783560276031494	1.3355910390848424
15	(1.9072941912594288+0.2773522935345619j)	0.7820689678192139	1.4309189704480456
16	(1.8705035285723624+0.33037336576839266j)	0.6909141540527344	1.5262469018112486
17	(1.82649311899188+0.3772085740023188j)	0.6762270927429199	1.6215748331744515
18	(1.776087892826828+0.41732728463107444j)	0.6551370620727539	1.7169027645376547
19	(1.7199595314641156+0.44987040596134703j)	0.6295280456542969	1.8122306959008576
20	(1.6591940261790734+0.4737292873094133j)	0.675994873046875	1.9075586272640608
21	(1.595446971217628+0.48810193787063116j)	0.6868159770965576	2.0028865586272637
22	(1.5305070029162353+0.49287811674907417j)	0.673778772354126	2.098214489990467
23	(1.4657671820099092+0.4884279452876397j)	0.6630828380584717	2.19354242135367
24	(1.4021867052053807+0.4750672091049261j)	0.7689032554626465	2.288870352716873
25	(1.340736466784996+0.45282462276857766j)	0.7443063259124756	2.384198284080076
26	(1.2827687894097823+0.42176144144468564j)	0.8398358821868896	2.479526215443279
27	(1.2298627344713293+0.3824444746360019j)	0.7458751201629639	2.574854146806482
28	(1.1833166239940054+0.3360104710933116j)	0.6903300285339355	2.670182078169685
29	(1.1438624308885563+0.28374722070150493j)	0.6804459095001221	2.765510009532888
30	(1.111900140479996+0.22667305655859377j)	0.5412781238555908	2.8608379408960913
31	(1.087944469170901+0.16557802838527247j)	0.4661879539489746	2.956165872259294
32	(1.0727435268313252+0.10143962723822258j)	0.3822951316833496	3.0514938036224972
33	(1.0669307665007182+0.035692076151141006j)	0.29498291015625	3.1468217349857004
34	(1.0706172671785195-0.029984231465909672j)	0.3234250545501709	3.242149666348903
35	(1.0833939678901279-0.09412494888860623j)	0.33008265495300293	3.3374775977121063
36	(1.1047258505666537-0.155681894962869j)	0.296464204788208	3.4328055290753094
37	(1.1342735445914849-0.21376616844548219j)	0.372189998626709	3.5281334604385126
38	(1.171776641486314-0.26727412263782546j)	0.33693385124206543	3.6234613918017153
39	(1.2166571923280785-0.3148615826779702j)	0.39523792266845703	3.7187893231649185
40	(1.2678249744636718-0.35531201955881386j)	0.4981260299682617	3.8141172545281217
41	(1.3239232404676124-0.387885073856602j)	0.4289369583129883	3.9094451858913244
42	(1.3837388548351863-0.4122609854644249j)	0.5552430152893066	4.004773117254528
43	(1.4463186790548044-0.42817376478734437j)	0.3369600772857666	4.100101048617731
44	(1.5106905776617823-0.43518105293307946j)	0.33378124237060547	4.195428979980934
45	(1.5755496858902074-0.4328458999336469j)	0.4395020008087158	4.290756911344137
46	(1.6393055321571417-0.4211159021396196j)	0.42221498489379883	4.386084842707341
47	(1.7004558132175236-0.40045525915560054j)	0.5075509548187256	4.481412774070543
48	(1.7578745768559063-0.37158055999873774j)	0.4996988773345947	4.576740705433746
49	(1.8107091611881878-0.33511019691102895j)	0.4393799304962158	4.67206863679695
50	(1.8580439102723125-0.29152746903892995j)	0.36447930335998535	4.7673965681601524
51	(1.8985195473017304-0.24055923729803036j)	0.45905303955078125	4.862724499523355
52	(1.9317310421066272-0.1860499542539759j)	0.47324299812316895	4.958052430886559
53	(1.9562601937811437-0.12663656602650517j)	0.3147108554840088	5.0533803622497615
54	(1.9720787820407413-0.06460970562546955j)	0.43930697441101074	5.148708293612964
55	(1.9791157142967648-0.0010802381951831308j)	0.3634371757507324	5.244036224976168
56	(1.9772031427699521+0.06295032420533686j)	0.3115088939666748	5.339364156339371
57	(1.9661162304614093+0.1262801143614684j)	0.31887388229370117	5.434692087702573
58	(1.9458904721936188+0.1874301723918113j)	0.4786531925201416	5.530020019065777
59	(1.9170395640417246+0.24491431679774475j)	0.3774898052215576	5.62534795042898
60	(1.8804159311343935+0.2975657841967619j)	0.5189802646636963	5.720675881792183
61	(1.8368735920382593+0.34456340639664995j)	0.6139168739318848	5.816003813155386
62	(1.787117583850105+0.38516031796449j)	0.4399878978729248	5.911331744518589
63	(1.7318957269769095+0.41846116194720684j)	0.3666210174560547	6.006659675881792
64	(1.6722821456201435+0.4435287668980281j)	0.7168228626251221	6.101987607244995
65	(1.609697502248581+0.45971060427518773j)	0.9315190315246582	6.197315538608198
66	(1.5456192440150893+0.4668134456807421j)	0.9695289134979248	6.292643469971401
67	(1.48129865114841+0.4649383694195569j)	0.4450490474700928	6.387971401334604
68	(1.4177869084240482+0.4541798160265438j)	0.485349178314209	6.483299332697807
69	(1.3562039462416915+0.4345489451457828j)	0.5954537391662598	6.57862726406101
70	(1.2979029714746737+0.4062055069170028j)	0.7787759304046631	6.673955195424213
71	(1.244309212354836+0.36971839374307386j)	0.6983261108398438	6.769283126787417
72	(1.196598188905908+0.32604143942638764j)	0.804650068283081	6.8646110581506194
73	(1.1555646729587983+0.2762222281396852j)	0.797731876373291	6.959938989513822
74	(1.1218087363776648+0.2211746651819139j)	0.6528162956237793	7.055266920877026
75	(1.0959940537311326+0.16175856242431896j)	0.7502751350402832	7.1505948522402285
76	(1.0790041219083972+0.0987524604080241j)	0.7438371181488037	7.245922783603431
77	(1.0709343442087529+0.03444242976580891j)	0.6623439788818359	7.341250714966635
78	(1.0723452630954171-0.030526868496509152j)	0.6291930675506592	7.436578646329838
79	(1.082834776016037-0.09450548462209751j)	0.6914849281311035	7.53190657769304
80	(1.1020601445971683-0.15639421866081232j)	0.7518489360809326	7.627234509056244
81	(1.1297564571693917-0.21514743228033112j)	0.3525869846343994	7.722562440419447
82	(1.1656025395568608-0.2695563472725123j)	0.33803796768188477	7.817890371782649
83	(1.2089565341403983-0.31830319811266183j)	0.4891388416290283	7.913218303145853
84	(1.2587837352759523-0.3602457084059657j)	0.41345715522766113	8.008546234509055
85	(1.3138772744959273-0.39462116014426246j)	0.30742812156677246	8.103874165872258
86	(1.3731269353194326-0.42095641204911627j)	0.30155229568481445	8.19920209723546
87	(1.4355459126802126-0.4388113069034715j)	0.30722999572753906	8.294530028598665
88	(1.500050533958828-0.44767523350062877j)	0.3080861568450928	8.389857959961867
89	(1.565282298464937-0.44714957313417425j)	0.30814266204833984	8.48518589132507
90	(1.6297094951452196-0.43720688782391404j)	0.30744028091430664	8.580513822688273
91	(1.6919156160310593-0.4182266900302306j)	0.3292562961578369	8.675841754051476
92	(1.7507648319455156-0.39076887816539463j)	0.8538670539855957	8.77116968541468
93	(1.8052821032352682-0.3553479328511132j)	0.3911268711090088	8.866497616777883
94	(1.8544200225851197-0.3124660308065922j)	0.4583249092102051	8.961825548141086
95	(1.897015881674037-0.26284891087077766j)	0.34512782096862793	9.057153479504288
96	(1.9320121732872235-0.20759019337704243j)	0.32433414459228516	9.152481410867491
97	(1.9587025930155288-0.14801562596927254j)	0.3094968795776367	9.247809342230694
98	(1.9767348309469548-0.0854065468042573j)	0.3023037910461426	9.343137273593898
99	(1.9858871062186516-0.020881190036584285j)	0.37838101387023926	9.438465204957101
100	(1.9858937055718462+0.04445344869945678j)	0.40514588356018066	9.533793136320304
101	(1.9765359843232537+0.10929309267155074j)	0.38515520095825195	9.629121067683506
102	(1.9578914823520115+0.17214416230694563j)	0.3238649368286133	9.72444899904671
103	(1.9304488562514364+0.23156841264778083j)	0.5645999908447266	9.819776930409914
104	(1.8949524650793421+0.28640542640521416j)	0.6211550235748291	9.915104861773116
105	(1.8521500685575951+0.33574145932198685j)	0.6665060520172119	10.010432793136319
106	(1.8027329114793147+0.3786916890929763j)	0.6590671539306641	10.105760724499522
107	(1.7475177396065882+0.4142794424727602j)	0.6116511821746826	10.201088655862725
108	(1.687631744480922+0.44157770586701073j)	0.621877908706665	10.296416587225927
109	(1.624473030020003+0.45996131456958805j)	0.6807358264923096	10.391744518589132
110	(1.5594497495577837+0.46919535425323516j)	0.6753158569335938	10.487072449952334
111	(1.493431454735041+0.4693489282191734j)	0.6759569644927979	10.582400381315537
112	(1.4286461983020997+0.46016186646857155j)	0.48413801193237305	10.67772831267874
113	(1.365232087645417+0.44188081646578226j)	0.3110172748565674	10.773056244041943
114	(1.3049681388757206+0.41463108719516184j)	0.3032679557800293	10.868384175405145
115	(1.2492659209660963+0.3790063481102456j)	0.3800530433654785	10.96371210676835
116	(1.1992857998986552+0.3359082730097939j)	0.30507707595825195	11.059040038131553
117	(1.1558836048034868+0.28630059765488663j)	0.30295586585998535	11.154367969494755
118	(1.1197862993510594+0.2310704406304213j)	0.3292520046234131	11.249695900857958
119	(1.0917651528480101+0.1711370543530592j)	0.3231511116027832	11.34502383222116
120	(1.0725818347322598+0.10765581670792332j)	0.3188819885253906	11.440351763584365
121	(1.0627552444617205+0.04205208808609685j)	0.31565022468566895	11.535679694947568
122	(1.0624103961411067-0.02418292418113563j)	0.3154318332672119	11.63100762631077
123	(1.0713769780858495-0.0897201427621234j)	0.3121650218963623	11.726335557673973
124	(1.0894147038494875-0.15340899478145734j)	0.3125128746032715	11.821663489037176
125	(1.1162983876842838-0.2140944111463455j)	0.3059217929840088	11.916991420400379
126	(1.1516683752067398-0.2704829674611179j)	0.30806422233581543	12.012319351763583
127	(1.1948319513142662-0.3212442237923944j)	0.3969109058380127	12.107647283126786
128	(1.2447611416409337-0.36525621376792994j)	0.4190700054168701	12.202975214489989
129	(1.3003054721345433-0.40173144186362725j)	0.3950059413909912	12.298303145853192
130	(1.360387041202171-0.4301008150356984j)	0.3260469436645508	12.393631077216394
131	(1.4238801909401761-0.45038230426480064j)	0.3868248462677002	12.488959008579599
132	(1.4898838620097283-0.46031715322909506j)	0.40038514137268066	12.584286939942801
133	(1.5566966580795567-0.46122509407931844j)	0.2986330986022949	12.679614871306004
134	(1.6228794565464792-0.4525275597164742j)	0.3743600845336914	12.774942802669207
135	(1.6870351440602882-0.43455948265482314j)	0.29946088790893555	12.87027073403241
136	(1.7479945197356799-0.4077934942195398j)	0.4239838123321533	12.965598665395612
137	(1.8046832538035904-0.3726898765786443j)	0.34665489196777344	13.060926596758817
138	(1.8559509139732546-0.3297718136829578j)	0.3069920539855957	13.15625452812202
139	(1.9005927603289021-0.2798247942796638j)	0.307847261428833	13.251582459485222
140	(1.9375636957250661-0.22396813466824428j)	0.32691097259521484	13.346910390848425
141	(1.966156344837573-0.16349602393691776j)	0.30772900581359863	13.442238322211628
142	(1.9859557765086726-0.09965330812332851j)	0.31437015533447266	13.537566253574832
143	(1.9966429674810167-0.03358282834911319j)	0.285534143447876	13.632894184938035
144	(1.9978937500356935+0.0335212162069225j)	0.30290699005126953	13.728222116301238
145	(1.9895017512729387+0.10026942109583525j)	0.3216261863708496	13.82355004766444
146	(1.9715790063226235+0.16513595597859243j)	0.3093588352203369	13.918877979027643
147	(1.9446141298201622+0.22669603560383556j)	0.29897189140319824	14.014205910390846
148	(1.909294000658751+0.2837718469369027j)	0.30310797691345215	14.10953384175405
149	(1.8663154096208625+0.3353696599657817j)	0.28296589851379395	14.204861773117253
150	(1.816380669792987+0.38049622249010373j)	0.3102231025695801	14.300189704480456
151	(1.7603711407101215+0.41810792127694696j)	0.36301088333129883	14.395517635843659
152	(1.6994723320558989+0.44727217288396715j)	0.35790014266967773	14.490845567206861
153	(1.6350605281117558+0.46734569553343797j)	0.32604002952575684	14.586173498570064
154	(1.5685750186835485+0.47814124047973416j)	0.3191039562225342	14.681501429933268
155	(1.5012000233711096+0.47947688834583724j)	0.31121110916137695	14.776829361296471
156	(1.4341573417517466+0.4713032546669168j)	0.3052198886871338	14.872157292659674
157	(1.368775292695168+0.4536108824167091j)	0.3429250717163086	14.967485224022877
158	(1.3065178156648105+0.42665154442586184j)	0.29047393798828125	15.06281315538608
159	(1.2487944826724997+0.3910453336567199j)	0.30764222145080566	15.158141086749284
160	(1.1967641039792594+0.3476683241126853j)	0.2961118221282959	15.253469018112487
161	(1.1513336844184874+0.29744161811018627j)	0.32776403427124023	15.34879694947569
162	(1.1133247479585162+0.24125445592178335j)	0.2976670265197754	15.444124880838892
163	(1.0835850512323097+0.1800902852212548j)	0.3106720447540283	15.539452812202095
164	(1.0629451071416827+0.11534318557431705j)	0.3310713768005371	15.634780743565297
165	(1.0517490877981912+0.04799211241164797j)	0.316864013671875	15.730108674928502
166	(1.0502866021000759-0.019999410672112056j)	0.30942487716674805	15.825436606291705
167	(1.058394487678027-0.08746044046993154j)	0.3169679641723633	15.920764537654907
168	(1.0759010398507611-0.15318163112384817j)	0.3315281867980957	16.016092469018112
169	(1.1026006830380701-0.21591175508439672j)	0.3001420497894287	16.111420400381316
170	(1.1380960168629652-0.2742848327391122j)	0.39352893829345703	16.206748331744517
171	(1.1816502673991478-0.32695487608712615j)	0.30562615394592285	16.302076263107722
172	(1.2322349471942016-0.3728077761912224j)	0.2827761173248291	16.397404194470923
173	(1.2887333883095078-0.41103008011318326j)	0.43860507011413574	16.492732125834127
174	(1.350078183765414-0.4409778619301513j)	0.3246331214904785	16.588060057197332
175	(1.4151862854729125-0.462025093465079j)	0.3043828010559082	16.683387988560533
176	(1.4827955386651266-0.4735876555937531j)	0.2875378131866455	16.778715919923737
177	(1.5514243969036965-0.4753082085610318j)	0.3056762218475342	16.874043851286938
178	(1.6195324420192536-0.46719494724463684j)	0.3089320659637451	16.969371782650143
179	(1.6860836717903265-0.4500962279526426j)	0.3059558868408203	17.064699714013347
180	(1.7487895845702077-0.4228115891803047j)	0.3785250186920166	17.160027645376548
181	(1.8075637781342928-0.3873968825666869j)	0.2859382629394531	17.255355576739753
182	(1.8608101059961575-0.34387032129024464j)	0.29872918128967285	17.350683508102954
183	(1.9072875567508094-0.2930770119027036j)	0.3541550636291504	17.446011439466158
184	(1.9455754998714978-0.23625127250418115j)	0.2866170406341553	17.541339370829363
185	(1.976096323707959-0.17441622870410428j)	0.2911040782928467	17.636667302192564
186	(1.9972398323126683-0.10905774048351158j)	0.2872037887573242	17.731995233555768
187	(2.0089906922131817-0.041268100451429146j)	0.35825300216674805	17.82732316491897
188	(2.0109853676145413+0.02767945175915476j)	0.43015193939208984	17.922651096282173
189	(2.003033610672778+0.09632321317752768j)	0.3106091022491455	18.017979027645374
190	(1.9853054041613813+0.16313125470773082j)	0.3048586845397949	18.11330695900858
191	(1.9582278668661162+0.22663616573363043j)	0.2944960594177246	18.208634890371783
192	(1.9225131253503394+0.28568670716696054j)	0.2942478656768799	18.303962821734984
193	(1.8788127653383375+0.33920420604591406j)	0.32311511039733887	18.39929075309819
194	(1.8278575674527384+0.38611055621862117j)	0.2853701114654541	18.49461868446139
195	(1.7705978364106456+0.4253146317252189j)	0.3087730407714844	18.589946615824594
196	(1.7082750284681831+0.4558855936681878j)	0.30324602127075195	18.6852745471878
197	(1.6422963147829404+0.47721631560694155j)	0.3073389530181885	18.780602478551
198	(1.5740338707637043+0.48900368384158943j)	0.3813760280609131	18.875930409914204
199	(1.5047561886545344+0.4910853365232001j)	0.2839069366455078	18.971258341277405
200	(1.4357397857200993+0.4833366279287456j)	0.31375789642333984	19.06658627264061
201	(1.3683966431241559+0.46575470790053264j)	0.3038341999053955	19.161914204003814
202	(1.3042350668063887+0.4386320585003161j)	0.2869138717651367	19.257242135367015
203	(1.2446624604452778+0.40261506300042316j)	0.5204319953918457	19.35257006673022
204	(1.1908526183690282+0.3585499296754207j)	0.40639185905456543	19.44789799809342
205	(1.1437522417784096+0.30734114820172526j)	0.342418909072876	19.543225929456625
206	(1.1042612642232723+0.2498902577167858j)	0.46464991569519043	19.63855386081983
207	(1.0732822489727103+0.18724389569247923j)	0.5110161304473877	19.73388179218303
208	(1.0515953830598606+0.1207057384152116j)	0.4626281261444092	19.829209723546235
209	(1.0396784250736384+0.051767038965662426j)	0.40424180030822754	19.924537654909436
210	(1.03766717481493-0.018090840817905074j)	0.4483342170715332	20.01986558627264
211	(1.04549261660872-0.0875217471190991j)	0.44782114028930664	20.11519351763584
212	(1.0630260712858899-0.15525390015274437j)	0.47796010971069336	20.210521448999046
213	(1.0900600346590552-0.21994845037811522j)	0.45391011238098145	20.30584938036225
214	(1.12615105684985-0.2801778032819486j)	0.33112192153930664	20.40117731172545
215	(1.170517967296811-0.3345814268077034j)	0.32224297523498535	20.496505243088656
216	(1.2221275641268567-0.38204599213366613j)	0.45902085304260254	20.591833174451857
217	(1.2798824557461739-0.42172665475344534j)	0.48601603507995605	20.68716110581506
218	(1.34271005079336-0.4529123642273327j)	0.330294132232666	20.782489037178266
219	(1.4094734258280393-0.474915807866065j)	0.3069450855255127	20.877816968541467
220	(1.4788352945229868-0.48713946793202834j)	0.30969715118408203	20.97314489990467
221	(1.5492674324192441-0.48925219895879846j)	0.4147038459777832	21.068472831267872
222	(1.6192234409074673-0.4812802257220246j)	0.4691650867462158	21.163800762631077
223	(1.687304985209973-0.4635119209077101j)	0.3679947853088379	21.25912869399428
224	(1.752259422916797-0.4363307012505118j)	0.3408989906311035	21.354456625357482
225	(1.8128448839665854-0.400169899629642j)	0.43751096725463867	21.449784556720687
226	(1.8677532470125173-0.3556324527459188j)	0.45456790924072266	21.545112488083888
227	(1.9156522662847804-0.30361210632830726j)	0.5129668712615967	21.640440419447092
228	(1.9557349371309354-0.24533364350038783j)	0.4650280475616455	21.735768350810293
229	(1.9870402561962917-0.18202663626654436j)	0.3063349723815918	21.831096282173498
230	(2.009126301126387-0.11494015010488579j)	0.30808591842651367	21.926424213536702
231	(2.0215383911219167-0.04529840719676981j)	0.3296079635620117	22.021752144899903
232	(2.023889301140942+0.02554626721752004j)	0.3277733325958252	22.117080076263107
233	(2.016011667421209+0.0960680292122556j)	0.3161470890045166	22.21240800762631
234	(1.9980869480830283+0.16469924971726574j)	0.36109209060668945	22.307735938989513
235	(1.9706016187163964+0.230017651266829j)	0.3204009532928467	22.403063870352717
236	(1.9341797187567704+0.2908022092946694j)	0.4167287349700928	22.49839180171592
237	(1.889481446390515+0.34592549507726833j)	0.6775298118591309	22.593719733079123
238	(1.837273466688013+0.39424076861611496j)	0.34381103515625	22.689047664442324
239	(1.7785722726916808+0.4346272607590981j)	0.35277485847473145	22.78437559580553
240	(1.7146682432086002+0.4661651778324962j)	0.33510899543762207	22.879703527168733
241	(1.6469792744700082+0.48825824368593373j)	0.33084702491760254	22.975031458531934
242	(1.576879384900924+0.5005785844205517j)	0.31760311126708984	23.07035938989514
243	(1.5056716166353596+0.5029166344929902j)	0.35898518562316895	23.16568732125834
244	(1.4347076402746464+0.4951223721868497j)	0.42598915100097656	23.261015252621544
245	(1.3654753861089435+0.47721479131939737j)	0.5980930328369141	23.356343183984748
246	(1.2995199954225634+0.4495317645732533j)	0.6044049263000488	23.45167111534795
247	(1.2382564969078638+0.41273804888070326j)	0.48664283752441406	23.546999046711154
248	(1.182861934814389+0.3676794427576458j)	0.6363542079925537	23.642326978074355
249	(1.1343425253882236+0.3152368485151026j)	0.37998390197753906	23.73765490943756
250	(1.0936647731192701+0.2563405008140536j)	0.5120058059692383	23.83298284080076
251	(1.0617709016558523+0.1921019428392879j)	0.4219379425048828	23.928310772163965
252	(1.0394355813503062+0.12388525398764433j)	0.5319132804870605	24.02363870352717
253	(1.027114557219014+0.05320582678514152j)	0.5464348793029785	24.11896663489037
254	(1.0249467239321892-0.018455388563346276j)	0.36330699920654297	24.214294566253574
255	(1.0328964022732936-0.08973322339846507j)	0.33213210105895996	24.309622497616775
256	(1.0508606068448079-0.1592957330112027j)	0.33666491508483887	24.40495042897998
257	(1.0786137609476736-0.2257290191419163j)	0.6166360378265381	24.500278360343184
258	(1.1156595600315327-0.2875592957427208j)	0.41288208961486816	24.595606291706385
259	(1.1611717661079852-0.34341993610961397j)	0.31195783615112305	24.69093422306959
260	(1.2141074749902747-0.3921982710806049j)	0.30982494354248047	24.78626215443279
261	(1.2733752645990677-0.4330176745602849j)	0.41353607177734375	24.881590085795995
262	(1.3378819497637275-0.46510796708437097j)	0.3389928340911865	24.9769180171592
263	(1.4063947207432408-0.4877678237214396j)	0.31156396865844727	25.0722459485224
264	(1.4776037465462568-0.5003013019583924j)	0.32308363914489746	25.167573879885605
265	(1.5498393215957196-0.5025008108797658j)	0.30753612518310547	25.262901811248806
266	(1.6215819427825489-0.49437401169795825j)	0.39597487449645996	25.35822974261201
267	(1.6914238172882006-0.47619026478642146j)	0.3200359344482422	25.45355767397521
268	(1.7580672503753754-0.44830640800472643j)	0.4921600818634033	25.548885605338416
269	(1.8202011189728768-0.4111636200981772j)	0.7749249935150146	25.64421353670162
270	(1.8764681149801181-0.3654157659496341j)	0.7408881187438965	25.73954146806482
271	(1.9255956497544289-0.31202676343803937j)	0.7027709484100342	25.834869399428026
272	(1.9665615652544397-0.2522029133389915j)	0.665827751159668	25.930197330791227
273	(1.9986306564983005-0.18722097533078863j)	0.6133990287780762	26.02552526215443
274	(2.0212412407541662-0.11832748632085743j)	0.7179861068725586	26.120853193517636
275	(2.0338960338222964-0.046800499489146j)	0.7138159275054932	26.216181124880837
276	(2.036203106457368+0.02593044323691196j)	0.8444387912750244	26.31150905624404
277	(2.028027934020093+0.09828288024319032j)	0.7177281379699707	26.406836987607242
278	(2.0095845281573808+0.16867080502256104j)	0.668471097946167	26.502164918970447
279	(1.9813614351314153+0.23566656494959093j)	0.650022029876709	26.59749285033365
280	(1.9439632797029267+0.29801709012862565j)	0.30207300186157227	26.692820781696852
281	(1.8980515909030253+0.3545313528259294j)	0.2963278293609619	26.788148713060057
282	(1.8444372724823828+0.4040038050161753j)	0.3930668830871582	26.883476644423258
283	(1.7841996430746114+0.4452943781197605j)	0.2980070114135742	26.978804575786462
284	(1.7186503224613585+0.47741781332264877j)	0.39467787742614746	27.074132507149667
285	(1.64927296934418+0.5000250663314162j)	0.31185007095336914	27.169460438512868
286	(1.5773878023342043+0.5125264589612759j)	0.3212921619415283	27.264788369876072
287	(1.5043563161082074+0.514755515004891j)	0.3339989185333252	27.360116301239273
288	(1.4315997752596927+0.506553460420893j)	0.29564404487609863	27.455444232602478
289	(1.3606687607205648+0.4879734169667381j)	0.29430413246154785	27.55077216396568
290	(1.2931338996972337+0.4594007895051608j)	0.31471705436706543	27.646100095328883
291	(1.2304105803457799+0.42152525348987685j)	0.2894880771636963	27.741428026692088
292	(1.1736911576481206+0.37518754990472153j)	0.2955591678619385	27.83675595805529
293	(1.1238909342906982+0.3213164662185283j)	0.3027682304382324	27.932083889418493
294	(1.0824543215092721+0.26074394384909105j)	0.29463911056518555	28.027411820781694
295	(1.049931462309126+0.19478790300693502j)	0.28769922256469727	28.1227397521449
296	(1.027224753265642+0.1248236056913998j)	0.3168528079986572	28.218067683508103
297	(1.0147698262576421+0.05238729601496999j)	0.40479302406311035	28.313395614871304
298	(1.0127123480470974-0.021035738559371298j)	0.4661428928375244	28.40872354623451
299	(1.0210462955721002-0.09405438852883227j)	0.377971887588501	28.50405147759771
300	(1.0396837649358466-0.16527673984929822j)	0.4777531623840332	28.599379408960914
301	(1.0683728198786253-0.23322431176255576j)	0.2927401065826416	28.69470734032412
302	(1.1065640762776794-0.2963904039172599j)	0.2938051223754883	28.79003527168732
303	(1.1533916390279435-0.3534112104172481j)	0.2964470386505127	28.885363203050524
304	(1.2078045032804383-0.4031757791999834j)	0.2855532169342041	28.980691134413725
305	(1.2687110953515255-0.44477973671932625j)	0.2930450439453125	29.07601906577693
306	(1.334985069732233-0.4774051174967021j)	0.48471999168395996	29.17134699714013
307	(1.4053625414581483-0.5002893663160419j)	0.30831074714660645	29.266674928503335
308	(1.4783650050746817-0.5128454446401913j)	0.3235609531402588	29.36200285986654
309	(1.5523660810064617-0.5147572867274406j)	0.3487069606781006	29.45733079122974
310	(1.6258656592204344-0.5062131644471307j)	0.3481462001800537	29.552658722592945
311	(1.6973773108730597-0.48733309790918256j)	0.3832578659057617	29.647986653956146
312	(1.7655393815336424-0.4585228893676735j)	0.6000168323516846	29.74331458531935
313	(1.8290772494713283-0.42018555405885016j)	0.6890811920166016	29.838642516682555
314	(1.886488612299448-0.37308631658796654j)	0.72865891456604	29.933970448045756
315	(1.9365319032723392-0.3182210910117369j)	0.731687068939209	30.02929837940896
316	(1.9781963936221574-0.2568168724597215j)	0.6944518089294434	30.12462631077216
317	(2.0107367341235585-0.19015062307179742j)	0.6503901481628418	30.219954242135366
318	(2.0335542210548105-0.11948795231824194j)	0.6062130928039551	30.31528217349857
319	(2.0461227018562265-0.04616241429633883j)	0.3708007335662842	30.41061010486177
320	(2.048059474685905+0.028327881480486372j)	0.3725249767303467	30.505938036224975
321	(2.0392704716537318+0.10235560321230219j)	0.39731526374816895	30.601265967588176
322	(2.020004165332151+0.17432421079510818j)	0.36795687675476074	30.69659389895138
323	(1.990960617106484+0.2425999046876397j)	0.33218812942504883	30.791921830314585
324	(1.952112932287215+0.30649442060763976j)	0.334644079208374	30.887249761677786
325	(1.9047633100883663+0.36415886021966426j)	0.3355062007904053	30.98257769304099
326	(1.8495682569169027+0.41453975221143835j)	0.3699178695678711	31.077905624404192
327	(1.787670853887316+0.45648776943242697j)	0.45746302604675293	31.173233555767396
328	(1.7204387712419134+0.48911382548090143j)	0.3571507930755615	31.268561487130597
329	(1.649307886941475+0.511832844174091j)	0.33756399154663086	31.3638894184938
330	(1.5756665637255978+0.5242712536145532j)	0.378126859664917	31.459217349857006
331	(1.5009016388011518+0.5261528592576902j)	0.3699500560760498	31.554545281220207
332	(1.4265007876631053+0.5173201815430666j)	0.3120861053466797	31.64987321258341
333	(1.354065962221597+0.4978651136890937j)	0.2860550880432129	31.745201143946613
334	(1.2851823799459694+0.46821845537973383j)	0.3099801540374756	31.840529075309817
335	(1.221260762068968+0.42908713824326483j)	0.3115537166595459	31.93585700667302
336	(1.163512609068647+0.3813169052586711j)	0.2974410057067871	32.03118493803622
337	(1.1130325880545862+0.3257949519101895j)	0.28877711296081543	32.12651286939942
338	(1.0708912049438681+0.2635416656038797j)	0.2910299301147461	32.22184080076263
339	(1.0380695441740972+0.19580528828833232j)	0.291672945022583	32.31716873212583
340	(1.0153084880667576+0.12405942132641551j)	0.29281091690063477	32.41249666348903
341	(1.0030219489393593+0.04985976662682873j)	0.2898530960083008	32.50782459485224
342	(1.0013602184303445-0.025298739447973895j)	0.30006909370422363	32.60315252621544
343	(1.0103402376525523-0.09999065896081372j)	0.32539892196655273	32.69848045757864
344	(1.0298765599485753-0.17276130279389906j)	0.3364741802215576	32.79380838894184
345	(1.0596823226627214-0.24207371127258537j)	0.3183279037475586	32.88913632030505
346	(1.0991552943199807-0.3063972260793259j)	0.30969691276550293	32.98446425166825
347	(1.1473961850689571-0.3643724194185072j)	0.28916311264038086	33.07979218303145
348	(1.2033488744951892-0.41488698228458304j)	0.29740071296691895	33.17512011439466
349	(1.265915581084575-0.45700785713357545j)	0.2927680015563965	33.27044804575786
350	(1.333936162181397-0.48987651385410824j)	0.2995331287384033	33.36577597712106
351	(1.406080440262753-0.5127164939127178j)	0.2924160957336426	33.46110390848427
352	(1.4808121028093268-0.5249630743452515j)	0.29932308197021484	33.55643183984747
353	(1.5564986791015496-0.5263815158014272j)	0.30414485931396484	33.65175977121067
354	(1.6315726859648205-0.5170408865246817j)	0.3011939525604248	33.74708770257387
355	(1.704588744186072-0.4971866686584867j)	0.3154900074005127	33.84241563393708
356	(1.7741486938026372-0.46715889309471625j)	0.2996997833251953	33.93774356530028
357	(1.8388158445021234-0.42745164086036375j)	0.4692831039428711	34.03307149666348
358	(1.8971597078372955-0.3788314467314444j)	0.40806007385253906	34.12839942802669
359	(1.9479070159184384-0.32236355004868944j)	0.5547218322753906	34.22372735938989
360	(1.9900566621749645-0.2592939901274246j)	0.3828859329223633	34.31905529075309
361	(2.0228481712309465-0.1909058952474027j)	0.3637998104095459	34.41438322211629
362	(2.045649278476243-0.1184914542737967j)	0.47742176055908203	34.5097111534795
363	(2.057913160671498-0.04344261137387129j)	0.6437497138977051	34.6050390848427
364	(2.059275077888023+0.032680639976437664j)	0.39568614959716797	34.7003670162059
365	(2.049681933593191+0.10821705840264073j)	0.4702479839324951	34.79569494756911
366	(2.0294119713610352+0.18156524419572917j)	0.3782463073730469	34.89102287893231
367	(1.998959807492192+0.251285809484884j)	0.3036460876464844	34.98635081029551
368	(1.9589215186190059+0.31605778730909445j)	0.5521278381347656	35.08167874165872
369	(1.9100011742333014+0.37458093989043934j)	0.34975385665893555	35.17700667302192
370	(1.8531228881993351+0.42556934503327526j)	0.45415186882019043	35.27233460438512
371	(1.789490723697759+0.4678774893635871j)	0.33063292503356934	35.36766253574832
372	(1.7205066128745425+0.5006362764315148j)	0.32068300247192383	35.46299046711153
373	(1.6479536527652632+0.5234876691817756j)	0.334287166595459	35.55831839847473
374	(1.572221646796038+0.5353761477911707j)	0.3195798397064209	35.65364632983793
375	(1.495780130434315+0.5366656571838075j)	0.3984088897705078	35.74897426120114
376	(1.419825562565265+0.5269914995705266j)	0.308413028717041	35.84430219256434
377	(1.3460127841106035+0.5064918936076522j)	0.2931220531463623	35.93963012392754
378	(1.2759340166843438+0.4756364754817131j)	0.357774019241333	36.034958055290744
379	(1.2110004513771184+0.43515017350140045j)	0.2926828861236572	36.13028598665395
380	(1.1524382577505727+0.38587160228064177j)	0.3232569694519043	36.22561391801715
381	(1.1013879709235779+0.32871192271770605j)	0.3195221424102783	36.320941849380354
382	(1.058951755885594+0.2647400247168326j)	0.3141498565673828	36.41626978074356
383	(1.0261418100860018+0.19530326813577253j)	0.3097658157348633	36.51159771210676
384	(1.0035761218896386+0.12181214902004861j)	0.3482229709625244	36.606925643469964
385	(0.9917391895322252+0.04594115203440047j)	0.37076711654663086	36.70225357483317
386	(0.9907538217769589-0.030839019297806247j)	0.3790159225463867	36.79758150619637
387	(1.0006491279291279-0.10706522945229141j)	0.32603001594543457	36.892909437559574
388	(1.0213279610053592-0.18122242002930028j)	0.30814170837402344	36.988237368922775
389	(1.0524577914824937-0.25172404445689645j)	0.31386280059814453	37.08356530028598
390	(1.093381956910569-0.31702374964884616j)	0.307736873626709	37.178893231649184
391	(1.143169264383645-0.37576909843706585j)	0.3464350700378418	37.274221163012385
392	(1.2007555945009256-0.4268412688994754j)	0.3451409339904785	37.36954909437559
393	(1.2650307840472002-0.4692772467845692j)	0.3326907157897949	37.464877025738794
394	(1.3347914123659552-0.5021835445585515j)	0.3234291076660156	37.560204957101995
395	(1.4086441748336098-0.5247769988231245j)	0.3202388286590576	37.655532888465196
396	(1.4850004014066867-0.5365240890948255j)	0.2900710105895996	37.750860819828404
397	(1.5622118017761557-0.5372208435770628j)	0.3229818344116211	37.846188751191605
398	(1.6387064537698561-0.5269486864061917j)	0.4056410789489746	37.941516682554806
399	(1.7130178702826755-0.5059474778923142j)	0.29053282737731934	38.036844613918014
400	(1.783699432806133-0.474561376629985j)	0.46584010124206543	38.132172545281215
401	(1.8492672128514323-0.43332917116983677j)	0.292341947555542	38.227500476644416
402	(1.9082739458708209-0.38307870732699356j)	0.291348934173584	38.322828408007624
403	(1.9594563382290273-0.3249192427202773j)	0.3146932125091553	38.418156339370825
404	(2.0018260565048402-0.26011702768979494j)	0.37506794929504395	38.513484270734025
405	(2.034608702074136-0.18996642141804435j)	0.35344481468200684	38.608812202097226
406	(2.0571438389383854-0.11579617454840181j)	0.33464598655700684	38.704140133460434
407	(2.068876772201148-0.03905935588969692j)	0.3529489040374756	38.799468064823635
408	(2.0694688245045016+0.038624673570198234j)	0.4229140281677246	38.894795996186836
409	(2.058908983652479+0.11556688327609427j)	0.327686071395874	38.990123927550044
410	(2.037501447830711+0.1901630058012971j)	0.29340624809265137	39.085451858913245
411	(2.0057412557802166+0.26096312669374333j)	0.4037458896636963	39.180779790276446
412	(1.9642270015980683+0.32661134516825124j)	0.36402201652526855	39.276107721639654
413	(1.9136962870985899+0.3857615197996435j)	0.326509952545166	39.371435653002855
414	(1.8551318860155952+0.4371070545135375j)	0.4030430316925049	39.466763584366056
415	(1.789791688981904+0.4795153395394499j)	0.3716621398925781	39.56209151572926
416	(1.7191034440393345+0.5121425460069524j)	0.48600006103515625	39.657419447092465
417	(1.6445207186714386+0.5344147265856269j)	0.456434965133667	39.752747378455666
418	(1.567478678306851+0.5459208818664436j)	0.36383581161499023	39.84807530981887
419	(1.4894671978275555+0.5463592758774409j)	0.6745069026947021	39.943403241182075
420	(1.4120519388695392+0.5357681977995392j)	0.6022279262542725	40.038731172545276
421	(1.3370557627676385+0.5138625973654763j)	0.4570329189300537	40.13405910390848
422	(1.2659369284395676+0.4816276692392411j)	0.3614802360534668	40.22938703527168
423	(1.2001535944154185+0.439645546107914j)	0.2950420379638672	40.324714966634886
424	(1.1409542800821575+0.3887595555493863j)	0.312391996383667	40.42004289799809
425	(1.0895205767154623+0.3299076603093918j)	0.3738827705383301	40.51537082936129
426	(1.0469807735869752+0.2642136781372367j)	0.34322404861450195	40.610698760724496
427	(1.0143068797734558+0.19305010463806246j)	0.42430806159973145	40.7060266920877
428	(0.9921807945501798+0.11796688805051081j)	0.45742106437683105	40.8013546234509
429	(0.9809743818606337+0.040541593424667066j)	0.5157420635223389	40.896682554814106
430	(0.9808466115473687-0.03770728550728225j)	0.6968920230865479	40.99201048617731
431	(0.9918324928913529-0.11527818943847934j)	0.5928299427032471	41.08733841754051
432	(1.0138144001263658-0.19060274175704878j)	0.7560570240020752	41.18266634890371
433	(1.046407828309879-0.2620567583983912j)	1.0129189491271973	41.27799428026692
434	(1.088902414128318-0.3280905740141795j)	1.1768798828125	41.37332221163012
435	(1.1403389065989187-0.3873611867902291j)	1.134902000427246	41.46865014299332
436	(1.199641435311439-0.43874583667387695j)	0.6407010555267334	41.56397807435653
437	(1.2656788376460515-0.4812529926665888j)	0.3067920207977295	41.65930600571973
438	(1.3371966365318821-0.5139641331557767j)	0.3076028823852539	41.75463393708293
439	(1.4127360801244062-0.5361026860396104j)	0.3405189514160156	41.84996186844613
440	(1.4906659447271475-0.5471657013846587j)	0.3403127193450928	41.94528979980934
441	(1.5693206321448674-0.5469836333294021j)	0.29201197624206543	42.04061773117254
442	(1.6471226601658011-0.5356448819792718j)	0.3041038513183594	42.13594566253574
443	(1.7225793387161945-0.5133831874910525j)	0.3158547878265381	42.23127359389895
444	(1.7941966562818719-0.48055978371339614j)	0.3271360397338867	42.32660152526215
445	(1.8604519078359179-0.4377572083466639j)	0.32551002502441406	42.42192945662535
446	(1.9198896066572684-0.38586014792906564j)	0.33987903594970703	42.51725738798856
447	(1.9712663989252999-0.3260197895843756j)	0.307222843170166	42.61258531935176
448	(2.013603814137827-0.2595120086426502j)	0.3121371269226074	42.70791325071496
449	(2.0461155263591477-0.18764767225135093j)	0.3153979778289795	42.80324118207816
450	(2.0681232525678706-0.11179533706297484j)	0.4019489288330078	42.89856911344137
451	(2.0790762684627118-0.03346892807760282j)	0.28687381744384766	42.99389704480457
452	(2.0790017351876613+0.045503392690629973j)	0.31427621841430664	43.08922497616777
453	(2.066949450768483+0.12388418026740111j)	0.38291501998901367	43.18455290753098
454	(2.044231863436578+0.1995953413402587j)	0.2988250255584717	43.27988083889418
455	(2.0110208196374466+0.27132903492668714j)	0.39407896995544434	43.37520877025738
456	(1.967925763668592+0.33769120413967624j)	0.3749711513519287	43.47053670162058
457	(1.9156674794203905+0.3971156745711616j)	0.3113079071044922	43.56586463298379
458	(1.855463714606432+0.4488229011355708j)	0.4065577983856201	43.66119256434699
459	(1.7884217061590726+0.49103427098399705j)	0.36601901054382324	43.75652049571019
460	(1.7161168037319585+0.5234781312626455j)	0.3902101516723633	43.8518484270734
461	(1.6399345001049603+0.5452136231743763j)	0.32105207443237305	43.9471763584366
462	(1.5613819879043263+0.5559342954536088j)	0.31455516815185547	44.0425042897998
463	(1.4819775818305843+0.5553461126340449j)	0.4190831184387207	44.13783222116301
464	(1.4033933266094711+0.5433622840652892j)	0.37540507316589355	44.23316015252621
465	(1.3273330196061894+0.520221915201848j)	0.4860069751739502	44.32848808388941
466	(1.2553933705816285+0.4864781482634495j)	0.3070368766784668	44.42381601525261
467	(1.188985100026295+0.4428852434059205j)	0.352337121963501	44.51914394661582
468	(1.1293790760746278+0.3902978955435385j)	0.4040350914001465	44.61447187797902
469	(1.0777910397336945+0.329689488796782j)	0.3123130798339844	44.70979980934222
470	(1.0353642938344592+0.26224546011056316j)	0.3393118381500244	44.80512774070543
471	(1.0030535787900585+0.18939557870961837j)	0.31542205810546875	44.90045567206863
472	(0.9815159711840896+0.11272571214951937j)	0.3324730396270752	44.99578360343183
473	(0.9710884597142795+0.03380359687437702j)	0.32978391647338867	45.09111153479503
474	(0.9719551712136362-0.04581556418517041j)	0.32601308822631836	45.18643946615824
475	(0.9841453124565184-0.12459439220269997j)	0.3054656982421875	45.28176739752144
476	(1.007514036312479-0.20091494253829711j)	0.322437047958374	45.37709532888464
477	(1.0416244250379514-0.2731254442502632j)	0.318317174911499	45.47242326024785
478	(1.0857177936159434-0.339679964804976j)	0.31151509284973145	45.56775119161105
479	(1.138811814409753-0.39924877710146434j)	0.32564783096313477	45.66307912297425
480	(1.19982152862804-0.4507035174872334j)	0.31853222846984863	45.75840705433746
481	(1.2675895961584973-0.4930290906763726j)	0.3419511318206787	45.85373498570066
482	(1.3408072186591842-0.5252933353248181j)	0.3003559112548828	45.94906291706386
483	(1.417955988566349-0.5467383576111516j)	0.2879190444946289	46.044390848427064
484	(1.4973662692024479-0.5569013135758272j)	0.3001258373260498	46.13971877979027
485	(1.5773625325261498-0.5556445901119706j)	0.2882118225097656	46.23504671115347
486	(1.6563583123074648-0.5430659071472022j)	0.2882349491119385	46.330374642516674
487	(1.7328284829646519-0.5193990837939305j)	0.2840268611907959	46.42570257387988
488	(1.8052344188868985-0.48503076285671576j)	0.3014810085296631	46.52103050524308
489	(1.8721331494010833-0.4403246134975629j)	0.29213905334472656	46.61635843660628
490	(1.93172833717335-0.38703090392731987j)	0.29238390922546387	46.71168636796949
491	(1.983135561995827-0.3255229812876852j)	0.3118870258331299	46.80701429933269
492	(2.025270573382336-0.2573583285504458j)	0.47167110443115234	46.90234223069589
493	(2.057334501853747-0.18386489649147053j)	0.33298611640930176	46.997670162059094
494	(2.07863464156819-0.10645178632947394j)	0.33712315559387207	47.0929980934223
495	(2.088635055223243-0.026690789281053062j)	0.3325340747833252	47.1883260247855
496	(2.087077507404995+0.0537075259462223j)	0.2961878776550293	47.283653956148704
497	(2.0740402627347647+0.13302284288701927j)	0.42873096466064453	47.37898188751191
498	(2.049874466134384+0.20964944139585628j)	0.3704390525817871	47.47430981887511
499	(2.01508738292376+0.28210829314278574j)	0.42950916290283203	47.569637750238314
500	(1.9703093837493713+0.3489693701403209j)	0.49591994285583496	47.664965681601515
501	(1.916368572360577+0.40881499066172255j)	0.3721160888671875	47.76029361296472
502	(1.8543079509473976+0.4602451874021014j)	0.34673213958740234	47.855621544327924
503	(1.7856639355938975+0.5024003912786136j)	0.2866950035095215	47.950949475691125
504	(1.71171481262478+0.5342469020666888j)	0.3921012878417969	48.04627740705433
505	(1.633997539460928+0.5552887988782854j)	0.3688199520111084	48.141605338417534
506	(1.554006612994596+0.5650907529962744j)	0.4662778377532959	48.236933269780735
507	(1.4733340455053243+0.5633621509175812j)	0.3684558868408203	48.33226120114394
508	(1.393690767244387+0.550056637540292j)	0.4207179546356201	48.427589132507144
509	(1.3167931284048815+0.5254643162908789j)	0.3730959892272949	48.522917063870345
510	(1.2442305198553092+0.49017082105895216j)	0.5698139667510986	48.618244995233546
511	(1.1774137369884428+0.44494165707795996j)	0.46991896629333496	48.713572926596754
512	(1.1176355432720326+0.3906465489652263j)	0.4789772033691406	48.808900857959955
513	(1.0661363739840999+0.3282998189026658j)	0.45917201042175293	48.904228789323156
514	(1.0240633403849226+0.25914749411300464j)	0.34831905364990234	48.999556720686364
515	(0.9923437417052615+0.1846699899084459j)	0.5035490989685059	49.094884652049565
516	(0.9715930585008222+0.10647127557106217j)	0.5056231021881104	49.190212583412766
517	(0.9621530688454565+0.02614718718797815j)	0.41120409965515137	49.28554051477597
518	(0.9641890707451247-0.054743504678638005j)	0.42084407806396484	49.380868446139175
519	(0.9777301167849891-0.13461237312330837j)	0.4113888740539551	49.476196377502376
520	(1.0025931174263245-0.21179577849519404j)	0.5225830078125	49.57152430886558
521	(1.038565590555703-0.2844615665260327j)	0.5267961025238037	49.666852240228785
522	(1.084010423878896-0.3515486068149414j)	0.3192780017852783	49.762180171591986
523	(1.1387611740353032-0.41126074401300605j)	0.42818212509155273	49.85750810295519
524	(1.2014443476820567-0.46261970566779287j)	0.3989131450653076	49.952836034318395
525	(1.2708717889446988-0.5045886174312572j)	0.40570902824401855	50.048163965681596
526	(1.3456813058263943-0.5362297901556929j)	0.34275269508361816	50.1434918970448
527	(1.4243019428345394-0.5568110716080487j)	0.2944369316101074	50.238819828408
528	(1.5050372831930963-0.5659126964682385j)	0.5662362575531006	50.334147759771206
529	(1.5862060803393092-0.5634274719830485j)	0.4027402400970459	50.42947569113441
530	(1.666214028787383-0.5494604533341081j)	0.3550398349761963	50.52480362249761
531	(1.7435056011414352-0.5242563583384915j)	0.31999897956848145	50.620131553860816
532	(1.8164990626275284-0.4882356626017423j)	0.3993091583251953	50.71545948522402
533	(1.8836163304168057-0.4420877069587587j)	0.7916247844696045	50.81078741658722
534	(1.9434107445627307-0.38680871577721915j)	0.6270489692687988	50.90611534795042
535	(1.9946774383480366-0.3236095958148176j)	0.49488401412963867	51.00144327931363
536	(2.036449413501996-0.25379344527772657j)	0.477492094039917	51.09677121067683
537	(2.0679134621271813-0.17870872950078354j)	0.4147768020629883	51.19209914204003
538	(2.088370981474871-0.09981209371989341j)	0.47114014625549316	51.28742707340324
539	(2.097306510111329-0.01872958183536999j)	0.5291478633880615	51.38275500476644
540	(2.0945059782026734+0.0627950388219417j)	0.5095260143280029	51.47808293612964
541	(2.080088023660283+0.1430384542070008j)	0.6311440467834473	51.573410867492846
542	(2.0544201770273123+0.22039521033113174j)	0.5308029651641846	51.66873879885605
543	(2.0180189005148446+0.29337205186902215j)	0.6840970516204834	51.76406673021925
544	(1.9715400616884275+0.36050617001577784j)	0.6729238033294678	51.85939466158245
545	(1.9158641098052358+0.42035934876440273j)	0.7319839000701904	51.95472259294566
546	(1.852155361955402+0.4716180803990326j)	0.6849548816680908	52.05005052430886
547	(1.7818019996730177+0.5132205908770806j)	0.6090939044952393	52.14537845567206
548	(1.7062832146027214+0.5443860244669094j)	0.3750581741333008	52.24070638703527
549	(1.6270891326831325+0.5645414747277455j)	0.38474130630493164	52.33603431839847
550	(1.5457526951419247+0.5732480033387779j)	0.4939100742340088	52.43136224976167
551	(1.4639192082943893+0.5702331739243547j)	0.3941681385040283	52.52669018112488
552	(1.3833353878540162+0.5554982836604077j)	0.4504690170288086	52.62201811248808
553	(1.3057277758140224+0.5293819244956319j)	0.6467888355255127	52.71734604385128
554	(1.2326765880280395+0.4924975886015623j)	0.3763430118560791	52.81267397521448
555	(1.165601290051875+0.44562036637833474j)	0.41729283332824707	52.90800190657769
556	(1.1058132554263576+0.389640880983778j)	0.3000521659851074	53.00332983794089
557	(1.0545753938282771+0.3256163322264955j)	0.30686402320861816	53.09865776930409
558	(1.0129967370328448+0.25475044893594595j)	0.297482967376709	53.1939857006673
559	(0.9820206598415816+0.17881135158385397j)	0.30533313751220703	53.2893136320305
560	(0.962273681185244+0.0992787547023421j)	0.3088808059692383	53.3846415633937
561	(0.953974823332896+0.01769656096287814j)	0.40797901153564453	53.4799694947569
562	(0.9573572811613553-0.06431700307472249j)	0.4579339027404785	53.57529742612011
563	(0.9723627757492338-0.14507919055973306j)	0.399655818939209	53.67062535748331
564	(0.9988337226442038-0.2229395916862953j)	0.3200371265411377	53.76595328884651
565	(1.036197312228848-0.29619787051551366j)	0.30864477157592773	53.86128122020972
566	(1.0836112858709035-0.3633291749334308j)	0.3336019515991211	53.95660915157292
567	(1.1400556402968374-0.4230226022240944j)	0.3339557647705078	54.05193708293612
568	(1.2044189978486668-0.47412811386926623j)	0.3048698902130127	54.14726501429933
569	(1.2754764461343668-0.515591932584868j)	0.326185941696167	54.24259294566253
570	(1.3518105830782845-0.5464786931595688j)	0.3040049076080322	54.33792087702573
571	(1.4318022113061406-0.5660862999984583j)	0.30388498306274414	54.43324880838893
572	(1.5137353481865392-0.5740362449071101j)	0.3047182559967041	54.52857673975214
573	(1.595927471865495-0.5702453591642991j)	0.31456995010375977	54.62390467111534
574	(1.676772618749758-0.5548264155473214j)	0.3408219814300537	54.71923260247854
575	(1.7549252320507944-0.5281096701672017j)	0.3303248882293701	54.81456053384175
576	(1.8280510276518707-0.4903358203455808j)	0.3453030586242676	54.90988846520495
577	(1.8952801288912782-0.44246975261481997j)	0.33594322204589844	55.00521639656815
578	(1.954943499217766-0.3854848059265221j)	0.2955489158630371	55.10054432793135
579	(2.005857474369696-0.32061841287033327j)	0.3330056667327881	55.19587225929456
580	(2.047061558539571-0.24918431622163006j)	0.33241772651672363	55.29120019065776
581	(2.077733712496368-0.1725596242847643j)	0.33294105529785156	55.38652812202096
582	(2.097122206707076-0.0922490177149915j)	0.32346677780151367	55.48185605338417
583	(2.104905172371056-0.009943264285283082j)	0.43038105964660645	55.57718398474737
584	(2.1007523570135316+0.0726042538874322j)	0.6946675777435303	55.67251191611057
585	(2.084873973550633+0.1536586360663245j)	0.39959096908569336	55.76783984747378
586	(2.057655461685288+0.23162030702607866j)	0.40058088302612305	55.86316777883698
587	(2.019784933676983+0.3049764835108921j)	0.42028117179870605	55.95849571020018
588	(1.9714538161574422+0.372220342228673j)	0.49697113037109375	56.05382364156338
589	(1.9140940770325474+0.431913314192506j)	0.3124501705169678	56.14915157292659
590	(1.8487711620375988+0.4827590510482438j)	0.35058093070983887	56.24447950428979
591	(1.7768560491362455+0.5237183257507425j)	0.34275293350219727	56.33980743565299
592	(1.6998849463239383+0.5540364420866625j)	0.3228001594543457	56.4351353670162
593	(1.6193505494114235+0.5731391222687551j)	0.3095400333404541	56.5304632983794
594	(1.5368215815392636+0.5805925054170817j)	0.3214278221130371	56.6257912297426
595	(1.4539919527846665+0.576151415245065j)	0.3323850631713867	56.721119161105804
596	(1.372636541424777+0.559870186550583j)	0.30240488052368164	56.81644709246901
597	(1.2944838845020779+0.5321354401260584j)	0.31191515922546387	56.91177502383221
598	(1.2210216542449277+0.49355712212233993j)	0.3114950656890869	57.007102955195414
599	(1.1539260499630015+0.4450153785456473j)	0.30631399154663086	57.10243088655862
600	(1.0942798291636309+0.38733547713140504j)	0.37858080863952637	57.19775881792182
601	(1.0434454875784391+0.321653508926091j)	0.28739213943481445	57.293086749285024
602	(1.0025524549099634+0.24932958918772713j)	0.29254913330078125	57.38841468064823
603	(0.9724574418567302+0.17192379374826552j)	0.3587348461151123	57.48374261201143
604	(0.9537161278218377+0.09106476651164491j)	0.2857651710510254	57.579070543374634
605	(0.9466437039557379+0.008363306262592962j)	0.2887558937072754	57.674398474737835
606	(0.9513999939595099-0.07457303474149185j)	0.28383302688598633	57.76972640610104
607	(0.96797381027785-0.15607366367290176j)	0.29045605659484863	57.865054337464244
608	(0.9960890209184892-0.23440669648041584j)	0.3027520179748535	57.960382268827445
609	(1.0351405626916221-0.30789013051798225j)	0.2834351062774658	58.05571020019065
610	(1.0842499323020571-0.3750162255480646j)	0.2869570255279541	58.151038131553854
611	(1.1423826564910464-0.4344853468634097j)	0.2902829647064209	58.246366062917055
612	(1.208406256738517-0.48513756068577j)	0.2933037281036377	58.341693994280256
613	(1.2810521539622264-0.5259062290266181j)	0.28884387016296387	58.437021925643464
614	(1.358849541995197-0.5558721654354004j)	0.28238415718078613	58.532349857006665
615	(1.4401343190763551-0.5743662690768363j)	0.293550968170166	58.627677788369866
616	(1.5231754997745686-0.5810537570573477j)	0.280163049697876	58.723005719733074
617	(1.606287888878385-0.5758729860912264j)	0.284268856048584	58.818333651096275
618	(1.687850734541918-0.5589441328833936j)	0.2905089855194092	58.913661582459476
619	(1.7662471186050959-0.5305410258449964j)	0.2938199043273926	59.008989513822684
620	(1.8398312013035039-0.49116598143525925j)	0.33429503440856934	59.104317445185885
621	(1.907012090883672-0.4416226258912236j)	0.46041321754455566	59.199645376549086
622	(1.966381831250923-0.38299940015309564j)	0.2827568054199219	59.29497330791229
623	(2.0167793690103477-0.31654663347184997j)	0.2973630428314209	59.390301239275495
624	(2.0572454727592002-0.24359893432110813j)	0.3742029666900635	59.485629170638695
625	(2.086956362053265-0.16555765185694837j)	0.2853968143463135	59.580957102001896
626	(2.105223909590768-0.08398344355377241j)	0.30512309074401855	59.676285033365104
627	(2.1116031046403854-0.0005944443390465404j)	0.30391883850097656	59.771612964728305
628	(2.1059765344136094+0.08281943781137424j)	0.314877986907959	59.866940896091506
629	(2.0885374191444313+0.1645421749476247j)	0.30000805854797363	59.962268827454714
630	(2.0596840153896583+0.24295710939727322j)	0.4556763172149658	60.057596758817915
631	(2.01995694162145+0.31653166990894255j)	0.33052992820739746	60.152924690181116
632	(1.970082580811571+0.38374940428726745j)	0.3771240711212158	60.24825262154432
633	(1.911051063858463+0.4431475504406779j)	0.2872641086578369	60.343580552907525
634	(1.844130611467809+0.49345302083606535j)	0.4075038433074951	60.438908484270726
635	(1.7707628943581017+0.5336647533350838j)	0.653350830078125	60.53423641563393
636	(1.6924449140740103+0.5630327184597832j)	0.6443150043487549	60.629564346997135
637	(1.6106900850195092+0.5809931360413718j)	0.6587331295013428	60.724892278360336
638	(1.5271262507936694+0.5871116693838948j)	0.6351737976074219	60.82022020972354
639	(1.4434754188246037+0.5811800197639272j)	0.5578560829162598	60.91554814108674
640	(1.3615476601743879+0.5633083194527364j)	0.29625916481018066	61.010876072449946
641	(1.2830461816942897+0.533923508023981j)	0.3063087463378906	61.10620400381315
642	(1.2095392490077586+0.4936907186943067j)	0.38254809379577637	61.20153193517635
643	(1.142451334402572+0.44341446030077303j)	0.29945898056030273	61.296859866539556
644	(1.083148137208464+0.38404326683778245j)	0.3148188591003418	61.39218779790276
645	(1.0329010504061988+0.31673329867315336j)	0.33446407318115234	61.48751572926596
646	(0.9928245300365666+0.24290405897211145j)	0.3599081039428711	61.582843660629166
647	(0.9636393303774443+0.16425122792652902j)	0.2998831272125244	61.67817159199237
648	(0.946155288074664+0.08208466778193178j)	0.3468201160430908	61.77349952335557
649	(0.9404022595130569-0.0016436708318365995j)	0.3405177593231201	61.86882745471877
650	(0.9466200209569668-0.08540621456341027j)	0.3232460021972656	61.96415538608198
651	(0.9647724460284481-0.16749439952947043j)	0.3189690113067627	62.05948331744518
652	(0.9945307617443979-0.24615406257734226j)	0.3199012279510498	62.15481124880838
653	(1.0352410601096904-0.31971022564425955j)	0.3146378993988037	62.25013918017159
654	(1.085993857003507-0.3866745103785434j)	0.44878292083740234	62.34546711153479
655	(1.145747370734232-0.4457538062807286j)	0.376209020614624	62.44079504289799
656	(1.2133419859041468-0.4957787953633868j)	0.36582088470458984	62.53612297426119
657	(1.2874670421041579-0.5356840266558418j)	0.6774351596832275	62.6314509056244
658	(1.3665991864707339-0.56456556330364j)	0.43551087379455566	62.7267788369876
659	(1.4490421014127837-0.5818037632016451j)	0.47627806663513184	62.8221067683508
660	(1.5330545886374507-0.5871025476549354j)	0.5268011093139648	62.91743469971401
661	(1.616950958231444-0.5804209846973337j)	0.4350600242614746	63.01276263107721
662	(1.6990923927446002-0.5618907424643621j)	0.4344751834869385	63.10809056244041
663	(1.7778286162070245-0.5318121830174647j)	0.46625709533691406	63.20341849380362
664	(1.8514926444987472-0.49073520879806265j)	0.5320460796356201	63.29874642516682
665	(1.9184953146796002-0.4395210202839198j)	0.46298885345458984	63.39407435653002
666	(1.977452020362703-0.37929288928463867j)	0.3709540367126465	63.48940228789322
667	(2.027223542636099-0.3113199664562305j)	0.47963905334472656	63.58473021925643
668	(2.0668907210699876-0.23700123222086j)	0.6347410678863525	63.68005815061963
669	(2.0955007531428067-0.1576093316283661j)	0.40915822982788086	63.77538608198283
670	(2.112508437135114-0.07491410740293492j)	0.3416149616241455	63.87071401334604
671	(2.117464876258217+0.009381228357901561j)	0.4509849548339844	63.96604194470924
672	(2.1103174553910997+0.09348938114273042j)	0.3719348907470703	64.06136987607245
673	(2.0912724349088316+0.17568625000506377j)	0.45280885696411133	64.15669780743565
674	(2.0607485535725005+0.2543656637197319j)	0.47622179985046387	64.25202573879885
675	(2.01931015308062+0.3279707340150866j)	0.4685068130493164	64.34735367016206
676	(1.9677246176372722+0.3949621973919023j)	0.43170809745788574	64.44268160152527
677	(1.9070438421382172+0.4538870771326622j)	0.46037793159484863	64.53800953288847
678	(1.8385762433272435+0.5034992517810036j)	0.5189082622528076	64.63333746425167
679	(1.76378306033117+0.542822776780249j)	0.5655081272125244	64.72866539561487
680	(1.6841742432184068+0.5711307685875928j)	0.45147228240966797	64.82399332697807
681	(1.601355982858664+0.5879325109584185j)	0.7061619758605957	64.91932125834127
682	(1.516808136487375+0.592564612025084j)	0.5539028644561768	65.01464918970449
683	(1.4324732729315282+0.5851079251047806j)	0.4236180782318115	65.10997712106769
684	(1.3501017878477102+0.5656399594274659j)	0.4508960247039795	65.20530505243089
685	(1.2713961948867862+0.5346190850198143j)	0.42245912551879883	65.30063298379409
686	(1.1979149592213079+0.4927386029373732j)	0.4930589199066162	65.39596091515729
687	(1.131093492366198+0.4408155815802032j)	0.3889138698577881	65.49128884652049
688	(1.0722987402757833+0.37983000707792147j)	0.3738081455230713	65.58661677788369
689	(1.0228132769823706+0.3109932720004568j)	0.4102311134338379	65.6819447092469
690	(0.9837095136354947+0.23576834397562785j)	0.4278442859649658	65.77727264061011
691	(0.9557692065607788+0.15576681976098072j)	0.3750748634338379	65.87260057197331
692	(0.9394890011438791+0.07263523304902059j)	0.42415404319763184	65.96792850333651
693	(0.9351688981089575-0.011994203686551047j)	0.3854241371154785	66.06325643469971
694	(0.9429458242629908-0.09645152455315242j)	0.33825016021728516	66.15858436606291
695	(0.9627428467315604-0.17899302346147858j)	0.44843006134033203	66.25391229742611
696	(0.9941795862307917-0.25784172466198796j)	0.3386359214782715	66.34924022878933
697	(1.0365504944633201-0.3313542267372493j)	0.3064689636230469	66.44456816015253
698	(1.0889268069521523-0.39804166205909075j)	0.34744811058044434	66.53989609151573
699	(1.1502456807276478-0.45661965596941767j)	0.501060962677002	66.63522402287893
700	(1.219329476989899-0.5059126945255595j)	0.39165806770324707	66.73055195424213
701	(1.2947479761012448-0.5447837114136741j)	0.33373069763183594	66.82587988560533
702	(1.3751267305580441-0.5725631546047567j)	0.27694201469421387	66.92120781696855
703	(1.458593218213518-0.5884702744149786j)	0.3365671634674072	67.01653574833175
704	(1.5434096965018875-0.5923163553749171j)	0.3901402950286865	67.11186367969495
705	(1.627912556499569-0.5840777320334278j)	0.39806699752807617	67.20719161105815
706	(1.7104471224189315-0.5639003629926839j)	0.34929513931274414	67.30251954242135
707	(1.7893348043068975-0.5321147023397687j)	0.4708280563354492	67.39784747378455
708	(1.8629028589022185-0.48932574921543137j)	0.6776368618011475	67.49317540514775
709	(1.9295447454802221-0.43644837873906406j)	0.5620920658111572	67.58850333651097
710	(1.9879411016673276-0.374639643167061j)	0.3904740810394287	67.68383126787417
711	(2.0369491283070307-0.3051828835143545j)	0.4095292091369629	67.77915919923737
712	(2.075617080881009-0.22943713662347753j)	0.38346123695373535	67.87448713060057
713	(2.1031101526103373-0.14888444032690962j)	0.31951904296875	67.96981506196377
714	(2.118788602265135-0.06516359943964245j)	0.41315197944641113	68.06514299332697
715	(2.1222906036751055+0.01991855347459015j)	0.4299499988555908	68.16047092469017
716	(2.1135965545691873+0.10458409413092595j)	0.4867088794708252	68.25579885605339
717	(2.0929491021834923+0.1871148646852009j)	0.4720571041107178	68.35112678741659
718	(2.0607826191554732+0.2659067508160686j)	0.3194730281829834	68.44645471877979
719	(2.0176781035715967+0.3393743919012466j)	0.3900752067565918	68.54178265014299
720	(1.9644501846033935+0.40597094322699834j)	0.31788206100463867	68.63711058150619
721	(1.9022051198569745+0.4642539501637738j)	0.35408520698547363	68.7324385128694
722	(1.8322886371438045+0.5130109162460581j)	0.34224891662597656	68.8277664442326
723	(1.7561776151486077+0.5513022434112398j)	0.4142489433288574	68.92309437559581
724	(1.6753920729578562+0.578406752856963j)	0.38117194175720215	69.01842230695901
725	(1.5915035798662036+0.5937630963217748j)	0.33488893508911133	69.11375023832221
726	(1.5062111796217041+0.5969740176993689j)	0.34180212020874023	69.20907816968541
727	(1.421316523069822+0.587925835046299j)	0.3207850456237793	69.30440610104861
728	(1.3386174475491566+0.5668104847801294j)	0.2997279167175293	69.39973403241181
729	(1.260168848513479+0.5344350363924719j)	0.3937520980834961	69.49506196377502
730	(1.1864843864368932+0.49063498728161486j)	0.3320279121398926	69.59038989513823
731	(1.1200370619060953+0.43710523319978434j)	0.32346272468566895	69.68571782650143
732	(1.0618708297692494+0.37457626471374744j)	0.3896181583404541	69.78104575786463
733	(1.0132412987287687+0.3043193395636408j)	0.374053955078125	69.87637368922783
734	(0.975203503833618+0.2278285628480493j)	0.33500218391418457	69.97170162059103
735	(0.9485108593013905+0.14675405787018347j)	0.3719973564147949	70.06702955195423
736	(0.9335844214639417+0.06268206033674412j)	0.42501139640808105	70.16235748331745
737	(0.9307656827182513-0.022679793700691286j)	0.4037201404571533	70.25768541468065
738	(0.940158312289642-0.10765295612382803j)	0.32772088050842285	70.35301334604385
739	(0.9616385082741112-0.19046353650786663j)	0.31456708908081055	70.44834127740705
740	(0.9947701239226518-0.26933945850143964j)	0.32750797271728516	70.54366920877025
741	(1.038804106826844-0.3426340466002441j)	0.30251502990722656	70.63899714013345
742	(1.0927952775114267-0.40889573245244315j)	0.30482006072998047	70.73432507149666
743	(1.1556560809824192-0.46683747487194516j)	0.3007009029388428	70.82965300285987
744	(1.226182594666795-0.5152763154977639j)	0.3030250072479248	70.92498093422307
745	(1.3029796209989164-0.5531465774765888j)	0.30602288246154785	71.02030886558627
746	(1.3843994318832553-0.5796203848975168j)	0.3073899745941162	71.11563679694947
747	(1.4687368200857083-0.5941523665411593j)	0.3656339645385742	71.21096472831267
748	(1.5542354365526287-0.5965231821988949j)	0.3293328285217285	71.30629265967588
749	(1.6392080212201066-0.5867226170752182j)	0.3201611042022705	71.40162059103908
750	(1.7219828175635843-0.5649109616659866j)	0.3201570510864258	71.49694852240229
751	(1.8008577600015845-0.5314539449662016j)	0.37261080741882324	71.59227645376549
752	(1.8741400544975522-0.4870127833812913j)	0.29851818084716797	71.6876043851287
753	(1.9402820907477503-0.43254773699527066j)	0.3367910385131836	71.7829323164919
754	(1.9979549947008526-0.3692558460192699j)	0.2989950180053711	71.8782602478551
755	(2.0460480508010144-0.2983886522244673j)	0.3070337772369385	71.9735881792183
756	(2.0836128872253137-0.22136624216909032j)	0.37372779846191406	72.0689161105815
757	(2.1098222552577033-0.13970411020855572j)	0.31262898445129395	72.16424404194471
758	(2.1240663722643953-0.055086374347623424j)	0.3357210159301758	72.25957197330791
759	(2.1260371761925567+0.030677555901025944j)	0.2996711730957031	72.35489990467111
760	(2.1157576842523858+0.11579154164167517j)	0.2904689311981201	72.45022783603432
761	(2.0934878117831+0.1985522130059976j)	0.29360485076904297	72.54555576739752
762	(2.0596779282459607+0.27733955046603237j)	0.2918839454650879	72.64088369876072
763	(2.0149371664613973+0.3505573166500441j)	0.3005530834197998	72.73621163012393
764	(1.960137149739067+0.4166475978902271j)	0.2967827320098877	72.83153956148713
765	(1.8964241318358683+0.4741855189572174j)	0.29108715057373047	72.92686749285033
766	(1.8251623543036457+0.521995290045269j)	0.30088090896606445	73.02219542421354
767	(1.747879767900235+0.5591671285138424j)	0.30027222633361816	73.11752335557674
768	(1.6660600107156383+0.5849864607651221j)	0.30150699615478516	73.21285128693994
769	(1.5813220638232472+0.5988995471818181j)	0.2895488739013672	73.30817921830314
770	(1.4953989657589304+0.6005473590915484j)	0.28786134719848633	73.40350714966635
771	(1.4101108093274157+0.5898504166514603j)	0.2915611267089844	73.49883508102955
772	(1.327264316140698+0.5670736600598478j)	0.2886691093444824	73.59416301239276
773	(1.2485425228753262+0.5327515709445623j)	0.30588483810424805	73.68949094375596
774	(1.175483728255319+0.4875985051918096j)	0.30518412590026855	73.78481887511916
775	(1.10954946569097+0.4324826721520463j)	0.29125499725341797	73.88014680648236
776	(1.0521171532424196+0.3684556146936058j)	0.29410290718078613	73.97547473784556
777	(1.0044525643512365+0.29683824816799165j)	0.29302310943603516	74.07080266920877
778	(0.9675513490421246+0.21916557284497654j)	0.29819416999816895	74.16613060057198
779	(0.9421213912737061+0.13707551938496737j)	0.29726481437683105	74.26145853193518
780	(0.9286163299646164+0.052219340273898796j)	0.2981290817260742	74.35678646329838
781	(0.9273164599805364-0.033741334316292615j)	0.2980067729949951	74.45211439466158
782	(0.9383160817124647-0.11907951509531073j)	0.28632020950317383	74.54744232602478
783	(0.9614524823293953-0.20199880378531404j)	0.3287079334259033	74.64277025738798
784	(0.9962329773087677-0.28073091624973684j)	0.5017757415771484	74.7380981887512
785	(1.041874542055722-0.35365079139582906j)	0.7817761898040771	74.8334261201144
786	(1.0974075302802337-0.4193308575714348j)	0.43485212326049805	74.9287540514776
787	(1.1617352885560306-0.47648053353360814j)	0.4516289234161377	75.0240819828408
788	(1.2336160317125304-0.523916769185147j)	0.40694570541381836	75.119409914204
789	(1.3115957315856999-0.5606006449479586j)	0.39351797103881836	75.2147378455672
790	(1.3940194854657622-0.5857477736178449j)	0.5343108177185059	75.3100657769304
791	(1.479148111650397-0.5988038469251091j)	0.44150400161743164	75.40539370829362
792	(1.5652285731018238-0.5996428163630332j)	0.3938608169555664	75.50072163965682
793	(1.6505652099087036-0.588259291989031j)	0.44315505027770996	75.59604957102002
794	(1.733472158738622-0.5648002317123977j)	0.4453911781311035	75.69137750238322
795	(1.8122175649898125-0.5297053621587107j)	0.3429267406463623	75.78670543374642
796	(1.885120352206393-0.48366838727204076j)	0.35140180587768555	75.88203336510962
797	(1.950650103220005-0.427694972493312j)	0.31358814239501953	75.97736129647284
798	(2.00750290999782-0.36299712767054737j)	0.31818222999572754	76.07268922783604
799	(2.054596307570989-0.29087602627107556j)	0.3059041500091553	76.16801715919924
800	(2.0909585896410356-0.21271900611485173j)	0.30895328521728516	76.26334509056244
801	(2.1157997470968204-0.13009994412459291j)	0.467526912689209	76.35867302192564
802	(2.128540974738687-0.04474177928882128j)	0.32543301582336426	76.45400095328884
803	(2.1289283993538204+0.0415365006619518j)	0.3058309555053711	76.54932888465204
804	(2.1170158507155854+0.12693992027190915j)	0.2888357639312744	76.64465681601526
805	(2.0931005343081903+0.20977816668677207j)	0.29387331008911133	76.73998474737846
806	(2.0576369722394157+0.2884171173157215j)	0.28774595260620117	76.83531267874166
807	(2.0112772565922374+0.3612522688040737j)	0.29178285598754883	76.93064061010486
808	(1.954932139684051+0.42671905819620215j)	0.28563594818115234	77.02596854146806
809	(1.8898085692457014+0.48341797448147444j)	0.30636119842529297	77.12129647283126
810	(1.8172978212034159+0.5302487938049103j)	0.32768988609313965	77.21662440419446
811	(1.7389096973020928+0.5662025505613857j)	0.3242669105529785	77.31195233555768
812	(1.656169758698178+0.5906960972760402j)	0.34154391288757324	77.40728026692088
813	(1.5707143651057276+0.6031485285197902j)	0.4523148536682129	77.50260819828408
814	(1.4843063854607736+0.6032249716960728j)	0.3303217887878418	77.59793612964728
815	(1.3987846195134+0.5909049769053556j)	0.42274999618530273	77.69326406101048
816	(1.3159442539895885+0.5664966443113829j)	0.5102720260620117	77.78859199237368
817	(1.2374496369166128+0.5305607623832178j)	0.4092428684234619	77.88391992373688
818	(1.1642125094222062+0.4840869556165512j)	0.3757288455963135	77.9792478551001
819	(1.0995664726153498+0.4271828581471981j)	0.37195801734924316	78.0745757864633
820	(1.0430290928341373+0.3617383735191075j)	0.29755067825317383	78.1699037178265
821	(0.9964487957488383+0.288851621471673j)	0.29817795753479004	78.2652316491897
822	(0.9607902076465633+0.2100892267974083j)	0.29325175285339355	78.3605595805529
823	(0.9367229966730087+0.1270972893639027j)	0.3006129264831543	78.4558875119161
824	(0.9246837946863654+0.041532192685294955j)	0.3006129264831543	78.55121544327932
825	(0.9249378459578378-0.044924932760764494j)	0.29106712341308594	78.64654337464252
826	(0.937689805017607-0.13056050362018407j)	0.30101776123046875	78.74187130600572
827	(0.9623238250640099-0.21343518564548788j)	0.296436071395874	78.83719923736892
828	(0.9987008209177382-0.29192008543599585j)	0.2988150119781494	78.93252716873212
829	(1.045876017360975-0.3643677021468623j)	0.29425811767578125	79.02785510009532
830	(1.1028559484478544-0.4293598316819762j)	0.29507899284362793	79.12318303145852
831	(1.1685313516947144-0.48562056715468954j)	0.35141992568969727	79.21851096282174
832	(1.2416410731165342-0.5319593389327346j)	0.3089320659637451	79.31383889418494
833	(1.3206801988651546-0.5673644851913344j)	0.36406517028808594	79.40916682554814
834	(1.4039438675832518-0.5910604752012683j)	0.39669299125671387	79.50449475691134
835	(1.489709679149036-0.6026234206870285j)	0.3977179527282715	79.59982268827454
836	(1.5762135378900854-0.6018869386141701j)	0.3332250118255615	79.69515061963774
837	(1.6617865141851609-0.5888689389205622j)	0.3764650821685791	79.79047855100094
838	(1.7446640948519985-0.5637532818121787j)	0.40257883071899414	79.88580648236416
839	(1.823153969077141-0.5270182114591683j)	0.3386368751525879	79.98113441372736
840	(1.8953840561641797-0.4795703883140131j)	0.49381566047668457	80.07646234509056
841	(1.9603801159889214-0.42199385352023144j)	0.39910078048706055	80.17179027645376
842	(2.0163402138962-0.355962570335415j)	0.3792839050292969	80.26711820781696
843	(2.0623573169870846-0.2826444871487652j)	0.4700310230255127	80.36244613918016
844	(2.097490288297021-0.20346884783488906j)	0.31858110427856445	80.45777407054337
845	(2.120927688197059-0.12001598481020481j)	0.2889859676361084	80.55310200190658
846	(2.1321608424789558-0.03406191241099821j)	0.3741147518157959	80.64842993326978
847	(2.130972437018861+0.05257537927481937j)	0.3261561393737793	80.74375786463298
848	(2.1174555665064285+0.13811592682315066j)	0.3595917224884033	80.83908579599618
849	(2.091925546515843+0.22087163898780882j)	0.42714691162109375	80.93441372735938
