	res_adaptive	time_adaptive	w
0	(1.0677552563534982-0.059739866363168075j)	0.688633918762207	0.001
1	(1.282878419305391-0.2788915838257658j)	0.5525627136230469	0.09633
2	(1.403526622234839-0.3885767986407781j)	0.5478148460388184	0.19166
3	(1.5093428344648865-0.46957656494811434j)	0.5090658664703369	0.28698
4	(1.601652571395627-0.5345977427630731j)	0.6524908542633057	0.38231
5	(1.6856471507392718-0.5835192098145167j)	0.6094131469726562	0.47764
6	(1.7639508699175375-0.6237780424620396j)	0.34308886528015137	0.57297
7	(1.8415393017620547-0.6586869848985919j)	0.35042691230773926	0.6683
8	(1.9162092672112694-0.6881957871260567j)	0.6492350101470947	0.76362
9	(1.9882998158253637-0.7080601908915877j)	0.4825878143310547	0.85895
10	(2.0574096915086253-0.7226477553781911j)	0.31505799293518066	0.95428
11	(2.1256224509598485-0.7349510268069783j)	0.3523859977722168	1.04961
12	(2.1933023999594945-0.7428995815671909j)	0.42403197288513184	1.14494
13	(2.2566975575705985-0.7448133194421885j)	0.2873561382293701	1.24026
14	(2.3196299632418365-0.7419714576675689j)	0.3356201648712158	1.33559
15	(2.380512729174397-0.7376839995752342j)	0.31078004837036133	1.43092
16	(2.440489867826359-0.7303573866501005j)	0.28637170791625977	1.52625
17	(2.497563993921535-0.7171378109566111j)	0.2904202938079834	1.62157
18	(2.553984354888927-0.700743602849506j)	0.28658628463745117	1.7169
19	(2.6072715477671986-0.6829396701352006j)	0.2865259647369385	1.81223
20	(2.6590670981318274-0.6628875496822301j)	0.286484956741333	1.90756
21	(2.7091942163312006-0.6382387297903263j)	0.2889227867126465	2.00289
22	(2.7579003327746214-0.6103026889534026j)	0.28499388694763184	2.09821
23	(2.8028097570516866-0.5812761480030817j)	0.2873969078063965	2.19354
24	(2.8481872322723323-0.5490367699938254j)	0.2920510768890381	2.28887
25	(2.887330092480271-0.5162674118943978j)	0.2854888439178467	2.3842
26	(2.9263393354184464-0.479214696124658j)	0.2817521095275879	2.47953
27	(2.963189624631944-0.4416819188890604j)	0.28843212127685547	2.57485
28	(2.9963016848337127-0.40234081404423544j)	0.29258203506469727	2.67018
29	(3.0286182933974244-0.3606595310931751j)	0.28575897216796875	2.76551
30	(3.0584795299755005-0.3165943738791818j)	0.3008759021759033	2.86084
31	(3.0848656847779554-0.27213762803104197j)	0.30817699432373047	2.95617
32	(3.1078469925281933-0.2269785045708363j)	0.2888920307159424	3.05149
33	(3.129787547829774-0.1801579806475097j)	0.28578901290893555	3.14682
34	(3.149498450406926-0.1317277964875368j)	0.2888481616973877	3.24215
35	(3.1652726828197064-0.08288777211146503j)	0.2896120548248291	3.33748
36	(3.1779780321802202-0.03427127158774518j)	0.2861361503601074	3.43281
37	(3.1885719735834246+0.016451579692914664j)	0.2929956912994385	3.52813
38	(3.1974875236888836+0.06701719355576463j)	0.28785181045532227	3.62346
39	(3.202390185024282+0.11808897122338569j)	0.2910640239715576	3.71879
40	(3.2038922123163736+0.16873904938903167j)	0.2905590534210205	3.81412
41	(3.2036867974058327+0.21973935536027744j)	0.29291701316833496	3.90945
42	(3.1998959176664346+0.27067302013394146j)	0.2769029140472412	4.00477
43	(3.195941880818186+0.32218192811902124j)	0.2844548225402832	4.1001
44	(3.1866488145522043+0.3727899767655256j)	0.28678393363952637	4.19543
45	(3.175761189303791+0.4227248307699891j)	0.29171204566955566	4.29076
46	(3.1632221805534666+0.47184101332292905j)	0.28432512283325195	4.38608
47	(3.147088392274141+0.5209957555162199j)	0.29085826873779297	4.48141
48	(3.12774781046181+0.5694480576456852j)	0.29378628730773926	4.57674
49	(3.1068114811807654+0.6162886227585566j)	0.29156994819641113	4.67207
50	(3.084373352793551+0.6621802297227151j)	0.28681397438049316	4.7674
51	(3.0584028322077517+0.7065589757782037j)	0.29685091972351074	4.86272
52	(3.0300310424055423+0.7507881361274761j)	0.3015730381011963	4.95805
53	(2.999881440893158+0.7926518510162538j)	0.3077998161315918	5.05338
54	(2.9684591551879196+0.8327211293561816j)	0.296191930770874	5.14871
55	(2.934439473305879+0.8717560823614148j)	0.29091405868530273	5.24404
56	(2.8975988788860887+0.9096437267522013j)	0.30062103271484375	5.33936
57	(2.859471875330204+0.9449118431081089j)	0.2924199104309082	5.43469
58	(2.8201420866671167+0.9777251083926664j)	0.29327893257141113	5.53002
59	(2.7788977058809845+1.009371085772019j)	0.28556108474731445	5.62535
60	(2.7351861052648534+1.0393857690032104j)	0.29885387420654297	5.72068
61	(2.6910508358145124+1.0671831623896528j)	0.2880709171295166	5.816
62	(2.645274584305388+1.0916602008451286j)	0.2928628921508789	5.91133
63	(2.5983972848216523+1.1147426141513215j)	0.29624199867248535	6.00666
64	(2.5498193379347533+1.1362691928087585j)	0.30098700523376465	6.10199
65	(2.500324832596865+1.1548657767558026j)	0.3100161552429199	6.19732
66	(2.4506080471804768+1.170201345622102j)	0.46159791946411133	6.29264
67	(2.3998935142693387+1.1838604736808809j)	0.46106505393981934	6.38797
68	(2.3483629859360327+1.1959184994647845j)	0.3170030117034912	6.4833
69	(2.2961090723714306+1.2048952597277158j)	0.49245214462280273	6.57863
70	(2.2440151041165426+1.2105626892667039j)	0.42722606658935547	6.67396
71	(2.1909084000673626+1.2140615704491984j)	0.2997870445251465	6.76928
72	(2.1383379990133764+1.2160121739514451j)	0.29970407485961914	6.86461
73	(2.0852631395806247+1.2149575458057211j)	0.30538296699523926	6.95994
74	(2.032375937632333+1.2104407457422304j)	0.28795409202575684	7.05527
75	(1.9792483684978126+1.2041159255059983j)	0.28620386123657227	7.15059
76	(1.9274866642437196+1.1957265163777007j)	0.29082179069519043	7.24592
77	(1.875515063602861+1.1846232323245538j)	0.28534817695617676	7.34125
78	(1.823774803857301+1.1702278700716018j)	0.28724002838134766	7.43658
79	(1.773096094101636+1.1536676975490607j)	0.28321194648742676	7.53191
80	(1.723512782452226+1.1357547853868228j)	0.2947218418121338	7.62723
81	(1.674506833996065+1.1149832525131955j)	0.29004716873168945	7.72256
82	(1.6258747417300323+1.0913591062091343j)	0.3004329204559326	7.81789
83	(1.5788572605644238+1.065564905666671j)	0.3066551685333252	7.91322
84	(1.5334452863863328+1.0384428481624417j)	0.36838817596435547	8.00855
85	(1.489534894332112+1.0085815907399491j)	0.31638002395629883	8.10387
86	(1.4459053168023102+0.9766589291982215j)	0.3988649845123291	8.1992
87	(1.4043117962781566+0.942596999844594j)	0.30933308601379395	8.29453
88	(1.3650538519601014+0.9071776478333029j)	0.2946748733520508	8.38986
89	(1.3271701545804269+0.8700015724607038j)	0.3087449073791504	8.48519
90	(1.2903969346948032+0.8302238230024299j)	0.3095438480377197	8.58051
91	(1.2557851609770325+0.7891189023696297j)	0.3177649974822998	8.67584
92	(1.2239829661618116+0.7465901781824495j)	0.3111848831176758	8.77117
93	(1.1939058742515598+0.7027955921638045j)	0.30411601066589355	8.8665
94	(1.1651836021487747+0.6570830677022111j)	0.29234933853149414	8.96183
95	(1.1385890837699302+0.6105690914655209j)	0.2877199649810791	9.05715
96	(1.1152376038542449+0.5624350772835143j)	0.29023075103759766	9.15248
97	(1.0939428515997913+0.5135693137694012j)	0.28958725929260254	9.24781
98	(1.0740792990673147+0.4636313861859313j)	0.2864539623260498	9.34314
99	(1.0566757466462342+0.4125783460066002j)	0.2889437675476074	9.43847
100	(1.0426312600090681+0.3613146260019483j)	0.28597402572631836	9.53379
101	(1.0307831218019432+0.3091485938913653j)	0.28707408905029297	9.62912
102	(1.020576785076524+0.2567926552255908j)	0.3019089698791504	9.72445
103	(1.012851228606836+0.20376673799149053j)	0.3036010265350342	9.81978
104	(1.008666676150137+0.15043004422993145j)	0.294421911239624	9.9151
105	(1.0066152050046828+0.09687566589706981j)	0.28688597679138184	10.01043
106	(1.0065150824909987+0.043930723064323496j)	0.29507994651794434	10.10576
107	(1.0088207648361769-0.009205193565205716j)	0.298145055770874	10.20109
108	(1.0144068287101276-0.06245629913194284j)	0.2933030128479004	10.29642
109	(1.0222371886981803-0.11567241455391652j)	0.2897207736968994	10.39174
110	(1.0322966143569023-0.1674175770588639j)	0.3016977310180664	10.48707
111	(1.0445933408865715-0.2188481408317548j)	0.403217077255249	10.5824
112	(1.05981948011171-0.2702568313447275j)	0.330888032913208	10.67773
113	(1.0776501192808727-0.3207140524792733j)	0.299177885055542	10.77306
114	(1.0968736858391135-0.36980853894531907j)	0.3274240493774414	10.86838
115	(1.1187159298240419-0.4178083890682068j)	0.29709291458129883	10.96371
116	(1.1429339488802002-0.4655045187297125j)	0.29929304122924805	11.05904
117	(1.1695848756669436-0.5119131853660972j)	0.38479113578796387	11.15437
118	(1.1978559676620693-0.5563636332757074j)	0.30310893058776855	11.2497
119	(1.2283485876392133-0.5991171023691211j)	0.5295631885528564	11.34502
120	(1.2606283787972723-0.6413398502022148j)	0.37462830543518066	11.44035
121	(1.2950693030325657-0.6819789610684903j)	0.31519103050231934	11.53568
122	(1.331206355325207-0.7201395901442784j)	0.33541202545166016	11.63101
123	(1.3687447383026776-0.7564320049549129j)	0.3128650188446045	11.72634
124	(1.4085677979049818-0.7916209424420393j)	0.2896728515625	11.82166
125	(1.4495504873486151-0.8249806694373879j)	0.2912101745605469	11.91699
126	(1.4922650682076364-0.855598175605611j)	0.2896230220794678	12.01232
127	(1.5361039284887958-0.8839560785194572j)	0.28662800788879395	12.10765
128	(1.5812994326175935-0.9109183925359885j)	0.287945032119751	12.20298
129	(1.6274610688064415-0.9360126143998381j)	0.28587985038757324	12.2983
130	(1.675198621220197-0.958122054259765j)	0.3417038917541504	12.39363
131	(1.7237493832516158-0.9777051773889589j)	0.381483793258667	12.48896
132	(1.7728753428477495-0.9956554633104874j)	0.4163670539855957	12.58429
133	(1.8224109836670448-1.0113623080655636j)	0.3004109859466553	12.67961
134	(1.8734034929768715-1.0242979501139706j)	0.2958028316497803	12.77494
135	(1.9248609602021687-1.0345625118090398j)	0.45212697982788086	12.87027
136	(1.9761551294251158-1.0428663257739232j)	0.36679911613464355	12.9656
137	(2.0277590872311038-1.049120307228038j)	0.2874138355255127	13.06093
138	(2.0797474126446343-1.0520230659536112j)	0.43831777572631836	13.15625
139	(2.1321751918641723-1.0527163129750416j)	0.30603718757629395	13.25158
140	(2.183808984487986-1.0511031153339505j)	0.30806684494018555	13.34691
141	(2.23515254348604-1.0473762750152429j)	0.3126559257507324	13.44224
142	(2.286718637601198-1.040810267671757j)	0.40337204933166504	13.53757
143	(2.338262763360119-1.0317244098023721j)	0.3048558235168457	13.63289
144	(2.3884583976492118-1.0202771680598075j)	0.35265612602233887	13.72822
145	(2.4378052868407947-1.006705804076963j)	0.3883368968963623	13.82355
146	(2.487063468519838-0.9906956516297374j)	0.2899630069732666	13.91888
147	(2.5356933108204704-0.9719954739109883j)	0.3284420967102051	14.01421
148	(2.5828500333481976-0.9517247997952204j)	0.4038562774658203	14.10953
149	(2.6285692393381224-0.9288472196470072j)	0.30955076217651367	14.20486
150	(2.6737592102153194-0.9040489002667078j)	0.3639791011810303	14.30019
151	(2.7180331654909544-0.8769352950716806j)	0.5043010711669922	14.39552
152	(2.760369362367612-0.847866686507869j)	0.4829590320587158	14.49085
153	(2.800735939643115-0.8168658245945581j)	0.6469588279724121	14.58617
154	(2.8402361531038487-0.7842308637936592j)	0.32591915130615234	14.6815
155	(2.8784876997073994-0.7497461196412589j)	0.4793858528137207	14.77683
156	(2.914473665183298-0.7133240796543712j)	0.5953700542449951	14.87216
157	(2.946308670452188-0.6756385117648325j)	0.40123796463012695	14.96749
158	(2.9806674253825722-0.6357548950415046j)	0.4329700469970703	15.06281
159	(3.011462716314451-0.5951380276460891j)	0.2874000072479248	15.15814
160	(3.0398638488838996-0.5526977794473722j)	0.28873491287231445	15.25347
161	(3.0657047303607703-0.5089819757370344j)	0.2941310405731201	15.3488
162	(3.0901824647013827-0.46411377442104373j)	0.29064178466796875	15.44412
163	(3.112398974487471-0.41876881712625624j)	0.31827497482299805	15.53945
164	(3.13226901267804-0.37186309550058816j)	0.3152749538421631	15.63478
165	(3.1494761703922376-0.3238858566914895j)	0.30918002128601074	15.73011
166	(3.16468308113775-0.2755729901626256j)	0.30028700828552246	15.82544
167	(3.17792612080723-0.22704960033182364j)	0.2936370372772217	15.92076
168	(3.188631851439698-0.17739648550654774j)	0.4458179473876953	16.01609
169	(3.19672526397888-0.12698231886284783j)	0.3480188846588135	16.11142
170	(3.202509141300279-0.07678792412759061j)	0.5132763385772705	16.20675
171	(3.206357595228538-0.02672150627274794j)	0.40530991554260254	16.30208
172	(3.207199238407809+0.02365843703182713j)	0.32100415229797363	16.3974
173	(3.20597408061911+0.07458224414279613j)	0.341904878616333	16.49273
174	(3.2021797431646872+0.12483954995975899j)	0.42519402503967285	16.58806
175	(3.1962534222594163+0.17436426161046037j)	0.3502650260925293	16.68339
176	(3.1879565986454006+0.22391369556430663j)	0.3399317264556885	16.77872
177	(3.177095337822688+0.27355303068585046j)	0.32012295722961426	16.87404
178	(3.163904178113719+0.32207623902352367j)	0.3225739002227783	16.96937
179	(3.1484397235493287+0.36939536567842013j)	0.31098389625549316	17.0647
180	(3.1309197563560396+0.4162866493830357j)	0.32901525497436523	17.16003
181	(3.110956450733455+0.4627980933910687j)	0.345440149307251	17.25536
182	(3.0892503890569216+0.5079103346942577j)	0.31752586364746094	17.35068
183	(3.0648798129438726+0.5514523196495964j)	0.32926392555236816	17.44601
184	(3.0388289085539384+0.5940509521678958j)	0.30704307556152344	17.54134
185	(3.0129104811833836+0.6363913489902742j)	0.4649629592895508	17.63667
186	(2.9807436008487636+0.6761001682807679j)	0.7216231822967529	17.732
187	(2.948807734717417+0.714106248110969j)	0.46225690841674805	17.82732
188	(2.9152267603462643+0.7509262217029533j)	0.3341329097747803	17.92265
189	(2.880243433423818+0.7865517947626974j)	0.334500789642334	18.01798
190	(2.8433526688713426+0.8202827075793282j)	0.3131740093231201	18.11331
191	(2.804596438071257+0.8516425362714188j)	0.32274699211120605	18.20863
192	(2.7647463702471597+0.8813986894212247j)	0.3546440601348877	18.30396
193	(2.724001513145212+0.9094760907729923j)	0.32991576194763184	18.39929
194	(2.680894029065243+0.9352090547288907j)	0.3032112121582031	18.49462
195	(2.6377970407951823+0.9590522809361564j)	0.3511769771575928	18.58995
196	(2.5929305686303583+0.9809231276904069j)	0.35716795921325684	18.68527
197	(2.547817763730277+1.0004523288453013j)	0.3085019588470459	18.7806
198	(2.5015046938328562+1.0179476746665128j)	0.31605100631713867	18.87593
199	(2.453934128639898+1.0329496907606923j)	0.3395552635192871	18.97126
200	(2.4059812285141726+1.0456280457286136j)	0.3212931156158447	19.06659
201	(2.3580799632711327+1.0564367795271894j)	0.3199491500854492	19.16191
202	(2.3094558131882716+1.0647957302553932j)	0.34281492233276367	19.25724
203	(2.259965401765833+1.0708458752506709j)	0.331496000289917	19.35257
204	(2.2105003563048147+1.0743937459184165j)	0.3193957805633545	19.4479
205	(2.1615046828957216+1.075866405364668j)	0.2959427833557129	19.54323
206	(2.1124276234891144+1.0746604000799156j)	0.3167910575866699	19.63855
207	(2.0628902140265937+1.0715914693433417j)	0.3128321170806885	19.73388
208	(2.0137396769325093+1.065936766670702j)	0.31943392753601074	19.82921
209	(1.9655420749167247+1.0579447243492561j)	0.3127570152282715	19.92454
210	(1.9177244922921892+1.0478619355079837j)	0.2988762855529785	20.01987
211	(1.8697666942866786+1.0353596219587564j)	0.30071187019348145	20.11519
212	(1.8227216825486776+1.0207341871871414j)	0.3035242557525635	20.21052
213	(1.776952454084038+1.0036138445915186j)	0.29639697074890137	20.30585
214	(1.7320499258212012+0.9845644081823592j)	0.30013394355773926	20.40118
215	(1.68752362827832+0.963468991688615j)	0.31989097595214844	20.49651
216	(1.644196344133394+0.9405787362480389j)	0.30263185501098633	20.59183
217	(1.6023953622192308+0.9150338606534311j)	0.3039360046386719	20.68716
218	(1.5619276453767519+0.8877749939648012j)	0.3182499408721924	20.78249
219	(1.5223146457294785+0.8589775905412966j)	0.3182520866394043	20.87782
220	(1.4844102632077227+0.8285168714252102j)	0.3163299560546875	20.97314
221	(1.4479939764916072+0.7955820568563453j)	0.3080141544342041	21.06847
222	(1.4133375665392198+0.7611834109897656j)	0.33385324478149414	21.1638
223	(1.3800821960681855+0.7257304840759891j)	0.32947206497192383	21.25913
224	(1.3484190092650445+0.688666017419068j)	0.2951030731201172	21.35446
225	(1.3191234807439807+0.6497180204766693j)	0.30262303352355957	21.44978
226	(1.2914697914352757+0.609503344642792j)	0.2989330291748047	21.54511
227	(1.265760279978244+0.5686403243498424j)	0.30016613006591797	21.64044
228	(1.241859740488016+0.5265817163063985j)	0.30921196937561035	21.73577
229	(1.2202593810803606+0.4829596759016842j)	0.3035750389099121	21.8311
230	(1.2005330831712562+0.4382918876543377j)	0.2998032569885254	21.92642
231	(1.1832465012151665+0.3934310268808488j)	0.3025190830230713	22.02175
232	(1.1679251762025653+0.3478352319670657j)	0.308610200881958	22.11708
233	(1.1547752000191032+0.3010238073468213j)	0.3033430576324463	22.21241
234	(1.1440556786871674+0.25361344270464614j)	0.30234694480895996	22.30774
235	(1.1352667920652326+0.20643431624395225j)	0.3193321228027344	22.40306
236	(1.128508247843142+0.15810392297364267j)	0.30251598358154297	22.49839
237	(1.1246912365771076+0.11062281124149087j)	0.30050206184387207	22.59372
238	(1.122820605856637+0.062133493902339854j)	0.30404210090637207	22.68905
239	(1.123261307743752+0.014201862656776143j)	0.2993168830871582	22.78438
240	(1.1261791917202741-0.033482982481168655j)	0.3013949394226074	22.8797
241	(1.1308369877771531-0.08140280553677226j)	0.3036978244781494	22.97503
242	(1.137837506454805-0.12915969702999736j)	0.31401586532592773	23.07036
243	(1.1473606154789266-0.17601462135780205j)	0.3910338878631592	23.16569
244	(1.158958345355785-0.22208331097619638j)	0.37009501457214355	23.26102
245	(1.1727513953040933-0.2681980697386311j)	0.6624619960784912	23.35634
246	(1.1883657988946645-0.3134723147945991j)	0.8689749240875244	23.45167
247	(1.2065636670144204-0.3576348550793454j)	1.0562961101531982	23.547
248	(1.2268028961596908-0.400606230149391j)	1.000655174255371	23.64233
249	(1.2487110796536474-0.44314813012751086j)	0.9669930934906006	23.73765
250	(1.272393940196118-0.4843247897215916j)	0.9496641159057617	23.83298
251	(1.2996709659025716-0.5248957375376608j)	0.8906149864196777	23.92831
252	(1.3265765178507667-0.5627176968608237j)	0.9113099575042725	24.02364
253	(1.3559314883310583-0.600001762550896j)	0.7993378639221191	24.11897
254	(1.3867112065821627-0.6357735776659212j)	0.9098870754241943	24.21429
255	(1.41974640270122-0.6701480000262363j)	0.9991929531097412	24.30962
256	(1.4544730591947697-0.7027497181325785j)	0.664910078048706	24.40495
257	(1.490144706625148-0.7336491146048237j)	0.6690678596496582	24.50028
258	(1.5270746442413352-0.7631391231785694j)	0.8745548725128174	24.59561
259	(1.5654296022341008-0.7904813049218554j)	0.529425859451294	24.69093
260	(1.6053631706656124-0.8156692819555484j)	0.30028486251831055	24.78626
261	(1.64642489903768-0.8392910157684116j)	0.30057787895202637	24.88159
262	(1.6878954124770156-0.860886234965494j)	0.4032621383666992	24.97692
263	(1.7307591421074768-0.8804923110488465j)	0.3361079692840576	25.07225
264	(1.7747772476557115-0.8981387555255981j)	0.32557106018066406	25.16757
265	(1.8190606331709562-0.9133521712151121j)	0.3318319320678711	25.2629
266	(1.863715506555013-0.9264427918032232j)	0.36019182205200195	25.35823
267	(1.9093050343452205-0.9376330826575673j)	0.49588465690612793	25.45356
268	(1.955682180829732-0.946542175458484j)	0.6018860340118408	25.54889
269	(2.0018043237834355-0.9534187077188424j)	0.6614651679992676	25.64421
270	(2.0481016398483716-0.9576478205406677j)	1.5142762660980225	25.73954
271	(2.0947565125542638-0.9600920263255448j)	0.47959089279174805	25.83487
272	(2.1417658671940747-0.960390847807881j)	0.4397139549255371	25.9302
273	(2.1883603999732966-0.958246745843566j)	0.30697107315063477	26.02553
274	(2.2344072557370964-0.9536753590762608j)	0.3197288513183594	26.12085
275	(2.2804354248915097-0.9473450045363546j)	0.6072039604187012	26.21618
276	(2.326318574907766-0.9390453398134215j)	0.842512845993042	26.31151
277	(2.3715142021585303-0.9282297285911825j)	0.9638779163360596	26.40684
278	(2.4159490552005893-0.9149489885170109j)	0.7961809635162354	26.50216
279	(2.459697876676599-0.9001133593906785j)	0.7483987808227539	26.59749
280	(2.5027806153536822-0.883501381387694j)	0.32610106468200684	26.69282
281	(2.5449815991172224-0.8644559799907773j)	0.3150031566619873	26.78815
282	(2.585905843492567-0.843175624259714j)	0.3609600067138672	26.88348
283	(2.626177898314594-0.820330382815618j)	0.49684977531433105	26.9788
284	(2.665112892714391-0.7955072995676321j)	0.38582301139831543	27.07413
285	(2.7026754903369277-0.7694412197921506j)	0.30827808380126953	27.16946
286	(2.7389571909076302-0.7408200205532475j)	0.330718994140625	27.26479
287	(2.7737824334568195-0.7108868876506512j)	0.4160609245300293	27.36012
288	(2.8071541529638653-0.6798210840484862j)	0.480327844619751	27.45544
289	(2.8391166320654015-0.6468135499447434j)	0.655623197555542	27.55077
290	(2.869505314731557-0.6120140638864423j)	0.8720211982727051	27.6461
291	(2.89799145908936-0.5761602538801739j)	0.9429457187652588	27.74143
292	(2.924830320904879-0.5394627188145613j)	0.7828359603881836	27.83676
293	(2.9496138760612887-0.5011737419738422j)	0.9507849216461182	27.93208
294	(2.9730349404161522-0.4615639425693647j)	0.97743821144104	28.02741
295	(2.994201427538065-0.421123980671179j)	0.8484249114990234	28.12274
296	(3.0133070886054463-0.3801775303693953j)	0.8658921718597412	28.21807
297	(3.030610511864012-0.33819902338658037j)	1.0316879749298096	28.3134
298	(3.0460230421712913-0.2949982940130089j)	0.863001823425293	28.40872
299	(3.0591569060565797-0.2514497028269921j)	0.7383737564086914	28.50405
300	(3.0699315796395172-0.2076694768771935j)	0.6922309398651123	28.59938
301	(3.0788813182052777-0.16334809505062597j)	0.6741921901702881	28.69471
302	(3.0858471909522627-0.11823758064797829j)	0.7022688388824463	28.79004
303	(3.0907555352534652-0.07328019716762069j)	0.6735217571258545	28.88536
304	(3.0929390678691635-0.028195495290178063j)	0.6691651344299316	28.98069
305	(3.0932996943409745+0.016884951572517903j)	0.7483921051025391	29.07602
306	(3.0918479266018037+0.062217720747323124j)	0.8427798748016357	29.17135
307	(3.088702364389374+0.10698469582252546j)	0.9067482948303223	29.26667
308	(3.081775941702845+0.15177082675109332j)	0.7866759300231934	29.362
309	(3.073620295039311+0.19599624256314097j)	0.770683765411377	29.45733
310	(3.0638109370918176+0.23987422350798826j)	0.8008420467376709	29.55266
311	(3.051721782797539+0.28325618772630046j)	0.8458738327026367	29.64799
312	(3.037103485950226+0.3257755651123614j)	0.7129108905792236	29.74331
313	(3.0208007357415596+0.36756159406604605j)	1.2211909294128418	29.83864
314	(3.0029693118552476+0.4084072570904633j)	0.9615182876586914	29.93397
315	(2.983046893946396+0.44848384181871337j)	1.0304410457611084	30.0293
316	(2.960800203032444+0.4874115522347372j)	1.00974702835083	30.12463
317	(2.9369571894093585+0.5254782507943249j)	0.9575469493865967	30.21995
318	(2.9117217643084707+0.5618740221942623j)	0.837864875793457	30.31528
319	(2.884699667245741+0.5972454084955663j)	0.7576577663421631	30.41061
320	(2.855617544612509+0.6314679560199326j)	0.8113532066345215	30.50594
321	(2.8250226508993608+0.6639104724748794j)	0.7162318229675293	30.60127
322	(2.793543501731375+0.6949199679964144j)	0.7624969482421875	30.69659
323	(2.760417056560241+0.7243796240746507j)	0.8503670692443848	30.79192
324	(2.7256221907476137+0.7525180451747673j)	0.8062160015106201	30.88725
325	(2.6895876275573256+0.7787668976925344j)	0.8854999542236328	30.98258
326	(2.652855186069064+0.8031295695936074j)	0.7974059581756592	31.07791
327	(2.6148750143968438+0.8255195261667851j)	0.8190901279449463	31.17323
328	(2.5757001117108826+0.8466601709544787j)	0.8730199337005615	31.26856
329	(2.5355728145965566+0.8657037299745902j)	0.7887208461761475	31.36389
330	(2.4949739319889375+0.8824762438720959j)	0.9491009712219238	31.45922
331	(2.4537349077267203+0.8974204338886493j)	0.8327741622924805	31.55455
332	(2.411332308380062+0.9106195100677025j)	1.0006210803985596	31.64987
333	(2.3685920661967867+0.9217899199841766j)	0.9991941452026367	31.7452
334	(2.3255531824029654+0.9304627421919691j)	1.0207440853118896	31.84053
335	(2.282722017362602+0.9364717899102006j)	0.48915791511535645	31.93586
336	(2.238482524052686+0.9423147340912594j)	0.5356662273406982	32.03118
337	(2.1946683900329673+0.9452312211072567j)	0.9138953685760498	32.12651
338	(2.1507168860003385+0.9456116032977593j)	0.9544699192047119	32.22184
339	(2.1069778983915435+0.9439750273752527j)	0.7552189826965332	32.31717
340	(2.0632674948635796+0.9407336943446504j)	0.9485130310058594	32.4125
341	(2.020028134683969+0.9354312916294806j)	1.0599379539489746	32.50782
342	(1.9767455661777484+0.927631983902308j)	0.902001142501831	32.60315
343	(1.9340865996378938+0.9178123674372726j)	1.33353590965271	32.69848
344	(1.8920778024317126+0.9064622357685996j)	1.1387879848480225	32.79381
345	(1.8505449428016296+0.8931950347057804j)	0.7844340801239014	32.88914
346	(1.8098511598102087+0.8774153244083296j)	0.3474247455596924	32.98446
347	(1.7698122151991327+0.8598649089720862j)	0.3605649471282959	33.07979
348	(1.730992175701222+0.8408155281405019j)	0.4774041175842285	33.17512
349	(1.6930349053912441+0.8200538862505442j)	0.5036659240722656	33.27045
350	(1.6562319215313746+0.7967340303521753j)	0.9463269710540771	33.36578
351	(1.6199825981853992+0.7724133250621537j)	1.063194990158081	33.4611
352	(1.5856847954722644+0.7463502445308239j)	1.4449148178100586	33.55643
353	(1.5526048700590014+0.7188325869377754j)	1.378288984298706	33.65176
354	(1.5205797730556827+0.6894595120735763j)	0.4528992176055908	33.74709
355	(1.490077344191873+0.6584507717757461j)	0.5444350242614746	33.84242
356	(1.461215921004046+0.6266362542942846j)	0.407609224319458	33.93774
357	(1.434109067399917+0.5933598256901562j)	0.5612258911132812	34.03307
358	(1.4081892288147198+0.5587139669178482j)	0.5669219493865967	34.1284
359	(1.383954914307494+0.5227385036264847j)	0.5399391651153564	34.22373
360	(1.3617713700336735+0.4860126334560047j)	0.3586759567260742	34.31906
361	(1.3415932478710453+0.44831520643002803j)	0.42740797996520996	34.41438
362	(1.3226951611820372+0.40969863203060963j)	0.3692901134490967	34.50971
363	(1.3055998655357006+0.37012050848914496j)	0.3861989974975586	34.60504
364	(1.2908314082757475+0.3299520883147713j)	0.3919851779937744	34.70037
365	(1.278161930711924+0.28905014596962947j)	0.5150928497314453	34.79569
366	(1.2669567987240602+0.24787326409082494j)	0.5162191390991211	34.89102
367	(1.2576224372360256+0.20614260933729997j)	0.5789151191711426	34.98635
368	(1.2507202559274149+0.16397411926464775j)	0.7036232948303223	35.08168
369	(1.2459871262836428+0.12172453693166987j)	0.3795349597930908	35.17701
370	(1.242753030463105+0.07910637200801628j)	0.4955010414123535	35.27233
371	(1.2415142351165824+0.036705115577456024j)	0.3960440158843994	35.36766
372	(1.2426322405533623-0.005952640387571904j)	0.5518929958343506	35.46299
373	(1.2459574159842404-0.04839972957618292j)	1.3581957817077637	35.55832
374	(1.2508854252292052-0.09051367770422479j)	1.3148269653320312	35.65365
375	(1.257599329345888-0.1321403974301305j)	1.4851980209350586	35.74897
376	(1.2666013807644894-0.17375072065885677j)	0.5649440288543701	35.8443
377	(1.277736153528085-0.21486172259890718j)	0.45244288444519043	35.93963
378	(1.290476544220573-0.2550878631498379j)	0.7690322399139404	36.03496
379	(1.3048129411490628-0.29466335784782427j)	1.0288162231445312	36.13029
380	(1.321513507952769-0.3334544348183366j)	0.6201250553131104	36.22561
381	(1.3399531153616373-0.37172360843617047j)	0.5188488960266113	36.32094
382	(1.3600125354194124-0.40864396162745664j)	0.5781230926513672	36.41627
383	(1.38153122248141-0.44445196155318833j)	0.385267972946167	36.5116
384	(1.4049569533133797-0.479416109598924j)	0.3477141857147217	36.60693
385	(1.4301753845882152-0.5134426661441014j)	0.3659069538116455	36.70225
386	(1.456803590396101-0.5457808215480022j)	0.37720489501953125	36.79758
387	(1.4847372150356004-0.5766222212374222j)	0.36079907417297363	36.89291
388	(1.5141868196417176-0.6064322592136504j)	0.35436081886291504	36.98824
389	(1.5452805023678953-0.6349339454858793j)	0.3489110469818115	37.08357
390	(1.5772045513672817-0.6617374776237902j)	0.3443257808685303	37.17889
391	(1.610531199832372-0.686619308543283j)	0.3657560348510742	37.27422
392	(1.6448976536174627-0.7102521237222402j)	0.3623800277709961	37.36955
393	(1.680491492766128-0.7324614752885872j)	0.557013988494873	37.46488
394	(1.716751378271286-0.7525535425136176j)	0.4226648807525635	37.5602
395	(1.7542267350958942-0.7707043796499866j)	0.3467679023742676	37.65553
396	(1.7922350569561267-0.7873554714389215j)	0.3872559070587158	37.75086
397	(1.8309951035394552-0.8024610758784982j)	0.38847899436950684	37.84619
398	(1.870462958210645-0.8153884625428078j)	0.4766879081726074	37.94152
399	(1.910528205015306-0.8260776975714003j)	0.4356050491333008	38.03684
400	(1.9507929142070002-0.8351905781634821j)	0.5358641147613525	38.13217
401	(1.991318475169872-0.8426357380167577j)	0.3840601444244385	38.2275
402	(2.0323337049040973-0.8478947443658307j)	0.3972642421722412	38.32283
403	(2.073486510848214-0.8508463148426119j)	0.3959369659423828	38.41816
404	(2.114812447729072-0.8522618772101774j)	0.41535377502441406	38.51348
405	(2.1556868621784577-0.8517823797341466j)	0.4130871295928955	38.60881
406	(2.1967810789633027-0.8492458490508652j)	0.3786602020263672	38.70414
407	(2.2378058425577567-0.8444609145997148j)	0.5356879234313965	38.79947
408	(2.278321495135946-0.8379227867729588j)	0.690748929977417	38.8948
409	(2.3182237343759255-0.8298294967843844j)	0.7754099369049072	38.99012
410	(2.35793309181606-0.8196566368694542j)	0.8942019939422607	39.08545
411	(2.397327718604844-0.8074282692961812j)	0.3989109992980957	39.18078
412	(2.4357869052891696-0.7934361857699966j)	0.3533639907836914	39.27611
413	(2.4733226751914152-0.778000488494802j)	0.3579599857330322	39.37144
414	(2.5100665514649303-0.7604504184652796j)	0.49440717697143555	39.46676
415	(2.546372960060261-0.7413080274268844j)	0.4330720901489258	39.56209
416	(2.5811663980822406-0.7208873550339409j)	0.5956549644470215	39.65742
417	(2.615057631263846-0.6981427363918542j)	0.40605807304382324	39.75275
418	(2.6477920759748774-0.6742965873738568j)	0.413377046585083	39.84808
419	(2.6796852303519483-0.6486766721335685j)	0.3774111270904541	39.9434
420	(2.7100474515376383-0.6216999080841163j)	0.3488199710845947	40.03873
421	(2.738708583029472-0.5933818275843279j)	0.3446969985961914	40.13406
422	(2.7661778304226816-0.563845887976202j)	0.3632020950317383	40.22939
423	(2.7926209798058483-0.5330294920266634j)	0.34360504150390625	40.32471
424	(2.817263234801195-0.5009609386498705j)	0.3501448631286621	40.42004
425	(2.8400149697005417-0.46766455760361825j)	0.36418795585632324	40.51537
426	(2.8613079789430182-0.4335378862680791j)	0.46596813201904297	40.6107
427	(2.881341637640113-0.39844778107134227j)	0.3683912754058838	40.70603
428	(2.8994033245314346-0.3626761849328958j)	0.4428870677947998	40.80135
429	(2.915540807401363-0.32566341427591294j)	0.364516019821167	40.89668
430	(2.92996678607506-0.28821378898153405j)	0.32373809814453125	40.99201
431	(2.9429440206042647-0.2503230649561049j)	0.35112500190734863	41.08734
432	(2.9540204839640163-0.21174672963683938j)	0.3473820686340332	41.18267
433	(2.9627875646775266-0.1726000195064672j)	0.43082499504089355	41.27799
434	(2.969893953642868-0.13321069665514862j)	0.5000820159912109	41.37332
435	(2.975346618574468-0.09387052770411752j)	0.4246821403503418	41.46865
436	(2.978911393144592-0.054168388558150204j)	1.1431560516357422	41.56398
437	(2.980213201840104-0.014195904645570745j)	1.0275990962982178	41.65931
438	(2.979862326170626+0.02584113809976074j)	0.6108670234680176	41.75463
439	(2.977615305282662+0.06526632700762758j)	0.9833872318267822	41.84996
440	(2.973576266363109+0.10469318756122648j)	0.8526589870452881	41.94529
441	(2.967442095706366+0.14418192971840904j)	0.8225288391113281	42.04062
442	(2.9593793777077173+0.18321899955672538j)	0.9582839012145996	42.13595
443	(2.94990622720115+0.22143280063221005j)	0.8460688591003418	42.23127
444	(2.9384648546217993+0.2591681700292109j)	0.8408913612365723	42.3266
445	(2.9252097172442006+0.2967221792555116j)	0.8913490772247314	42.42193
446	(2.91010443380604+0.3334685689737661j)	1.0054559707641602	42.51726
447	(2.8935229721491846+0.36907364755372896j)	0.8623800277709961	42.61259
448	(2.8760883986682404+0.40408741066566833j)	0.818364143371582	42.70791
449	(2.8552568521003554+0.43800511676259557j)	0.9158759117126465	42.80324
450	(2.8337024824526273+0.47116279911247727j)	0.8766090869903564	42.89857
451	(2.8106590548073114+0.5028151122630267j)	0.9297809600830078	42.9939
452	(2.7859676221269734+0.5333994182979771j)	0.816673755645752	43.08922
453	(2.7602932473144746+0.5630557539824463j)	0.5157880783081055	43.18455
454	(2.733099227567381+0.591426585496735j)	0.6350460052490234	43.27988
455	(2.7044535081582173+0.6180718991610858j)	0.5552380084991455	43.37521
456	(2.674726617127216+0.64327568428575j)	0.3046388626098633	43.47054
457	(2.6438945505575124+0.6675232492301849j)	0.5681068897247314	43.56586
458	(2.612049795923139+0.690102916738604j)	0.7618529796600342	43.66119
459	(2.57888053855373+0.710877759882226j)	0.38962411880493164	43.75652
460	(2.5449036321072285+0.7299736075942567j)	0.3829190731048584	43.85185
461	(2.5102646592628988+0.7477938967593034j)	0.5024368762969971	43.94718
462	(2.475017593151777+0.7638526144026676j)	0.3469722270965576	44.0425
463	(2.4385828788085298+0.7780984223219581j)	0.33916711807250977	44.13783
464	(2.401634033427796+0.7904905010195201j)	0.3337419033050537	44.23316
465	(2.3645049224177765+0.8013522563393003j)	0.3472168445587158	44.32849
466	(2.3265593091007237+0.8104209130961959j)	0.3333308696746826	44.42382
467	(2.2886986008026002+0.817532639916023j)	0.33201098442077637	44.51914
468	(2.2501654270976097+0.822846754325359j)	0.4275379180908203	44.61447
469	(2.2118662085436647+0.8263817754097981j)	0.3243238925933838	44.7098
470	(2.1733230494099374+0.8281554369904808j)	0.33946681022644043	44.80513
471	(2.1347671164024224+0.8280324666421562j)	0.41365790367126465	44.90046
472	(2.0959838235828534+0.8260742970887349j)	0.3281099796295166	44.99578
473	(2.0578500785767746+0.8221967579614385j)	0.48008108139038086	45.09111
474	(2.0200214785895936+0.8166399390600791j)	0.3604447841644287	45.18644
475	(1.9821396175518415+0.8092581216430593j)	0.3181929588317871	45.28177
476	(1.944600946315583+0.7999276460351507j)	0.8203849792480469	45.3771
477	(1.907959564748122+0.7891668211869403j)	0.8729846477508545	45.47242
478	(1.8719798666755545+0.7764634205513736j)	0.8455841541290283	45.56775
479	(1.8363047017354779+0.7622325700768156j)	0.8366429805755615	45.66308
480	(1.8012437315265721+0.7462336234344595j)	0.7119302749633789	45.75841
481	(1.767506977409485+0.7286972084467235j)	1.015890121459961	45.85373
482	(1.7341537079619647+0.7091406539369762j)	0.8622169494628906	45.94906
483	(1.7024282298465307+0.6888655576467646j)	0.9128270149230957	46.04439
484	(1.671140702929351+0.6668226072455284j)	0.8276307582855225	46.13972
485	(1.641302501283016+0.6431956492154405j)	0.8489327430725098	46.23505
486	(1.612735134844058+0.6180327163711158j)	0.7599999904632568	46.33037
487	(1.5852124475009057+0.591985369815792j)	0.5774412155151367	46.4257
488	(1.5588391408903366+0.564702935382517j)	0.5433130264282227	46.52103
489	(1.534045813315181+0.535930927289969j)	0.7485380172729492	46.61636
490	(1.5108859908893495+0.5060422696465483j)	0.5510408878326416	46.71169
491	(1.4887267091526286+0.475230714520948j)	0.3859751224517822	46.80701
492	(1.468201293576257+0.44367457215846123j)	0.4293179512023926	46.90234
493	(1.449276614579825+0.41083388621236j)	0.31101226806640625	46.99767
494	(1.4321256963077076+0.37707633836553417j)	0.3135640621185303	47.093
495	(1.4164104730612368+0.3428508586017005j)	0.30449724197387695	47.18833
496	(1.402273358337097+0.3081907322416862j)	0.3216671943664551	47.28365
497	(1.3898306988252132+0.27250849580961733j)	0.32555079460144043	47.37898
498	(1.3792161185170142+0.23616879096310517j)	0.32970714569091797	47.47431
499	(1.3702976941269451+0.19974797507704312j)	0.33412599563598633	47.56964
500	(1.3629048683326366+0.16313954109836537j)	0.3149149417877197	47.66497
501	(1.3576191745128572+0.1260046857432926j)	0.298569917678833	47.76029
502	(1.3538630622467145+0.08846293059382959j)	0.44907116889953613	47.85562
503	(1.3520172823796373+0.051156680515917596j)	0.7746129035949707	47.95095
504	(1.3518280536897607+0.01406461307352369j)	0.5400681495666504	48.04628
505	(1.3534148121475833-0.02325066971877987j)	0.3484358787536621	48.14161
506	(1.3567791956457889-0.06070802230264627j)	0.50034499168396	48.23693
507	(1.3620225414361948-0.09757692203744628j)	0.37897396087646484	48.33226
508	(1.3689988692278279-0.13388823852196252j)	0.29968905448913574	48.42759
509	(1.3775545427162266-0.17007351891487377j)	0.2954118251800537	48.52292
510	(1.3876625519413217-0.206014637370734j)	0.32568812370300293	48.61824
511	(1.3997457384399898-0.24115278307798282j)	0.2895078659057617	48.71357
512	(1.4135599060323412-0.27545370662857316j)	0.3188512325286865	48.8089
513	(1.4287167209021183-0.30922613976302715j)	0.31774210929870605	48.90423
514	(1.4454056261692287-0.34250084453807006j)	0.3074369430541992	48.99956
515	(1.4636245644884114-0.3745016835708429j)	0.29857802391052246	49.09488
516	(1.4836804414639146-0.4056241301347222j)	0.3820149898529053	49.19021
517	(1.504839906082658-0.43578944087549243j)	0.29114294052124023	49.28554
518	(1.527226350067807-0.46511822375840517j)	0.31932711601257324	49.38087
519	(1.5511692676689721-0.49318139985367015j)	0.36356401443481445	49.4762
520	(1.5766343755342769-0.5198259964088906j)	0.5227110385894775	49.57152
521	(1.6029966613731217-0.5453260647849464j)	0.4647040367126465	49.66685
522	(1.6302811039630667-0.5696471695908288j)	0.36152219772338867	49.76218
523	(1.6589316912375187-0.5925958883591996j)	0.33267998695373535	49.85751
524	(1.6888105977046692-0.6138802031445763j)	0.3362128734588623	49.95284
525	(1.7195058767233191-0.6340395826403862j)	0.3164999485015869	50.04816
526	(1.7507360097259135-0.6525080220577597j)	0.3239002227783203	50.14349
527	(1.7830441119380074-0.6695660764301453j)	0.32645201683044434	50.23882
528	(1.8163784765634918-0.6849307431060586j)	0.3051931858062744	50.33415
529	(1.850159813920142-0.6986776858858704j)	0.3151381015777588	50.42948
530	(1.8841610042456056-0.710935237385585j)	0.3325080871582031	50.5248
531	(1.91894564429989-0.7215470341124757j)	0.3721611499786377	50.62013
532	(1.9543419425552742-0.7306105326689338j)	0.31254029273986816	50.71546
533	(1.990119158282495-0.7376679979153918j)	0.29801297187805176	50.81079
534	(2.025710568157274-0.7432500810827013j)	0.29288291931152344	50.90612
535	(2.061878569767536-0.7471294805308631j)	0.2954089641571045	51.00144
536	(2.098018898334364-0.7491847088406935j)	0.30496811866760254	51.09677
537	(2.1342515901254666-0.7495445742335894j)	0.3230111598968506	51.1921
538	(2.1700804850822593-0.7481446545196351j)	0.32016515731811523	51.28743
539	(2.2058587769417763-0.7451318936302682j)	0.2930166721343994	51.38276
540	(2.241884554897891-0.7404857225439795j)	0.3377571105957031	51.47808
541	(2.2773786110958216-0.7340773380518256j)	0.3305480480194092	51.57341
542	(2.312220783695534-0.7258080987405329j)	0.32452988624572754	51.66874
543	(2.3466662809369883-0.716067121574188j)	0.30963897705078125	51.76407
544	(2.3809182024867503-0.704928215029202j)	0.28798532485961914	51.85939
545	(2.4144097979975507-0.6920225044426855j)	0.2903017997741699	51.95472
546	(2.4470762036701563-0.6772703314440367j)	0.28717684745788574	52.05005
547	(2.4789683787958574-0.6611941286839806j)	0.2918062210083008	52.14538
548	(2.5103205035405383-0.6438640636947448j)	0.289154052734375	52.24071
549	(2.5405199280323503-0.625091796403689j)	0.30506300926208496	52.33603
550	(2.5698844367443425-0.6044920993452071j)	0.3230419158935547	52.43136
551	(2.5981149663891987-0.5827302245274688j)	0.31721997261047363	52.52669
552	(2.625399191343372-0.560004170499973j)	0.31387782096862793	52.62202
553	(2.6515998927403173-0.535912362758193j)	0.3180270195007324	52.71735
554	(2.6763427753895-0.5102831663430927j)	0.3153419494628906	52.81267
555	(2.699928686832229-0.4836824107098008j)	0.32202816009521484	52.908
556	(2.7221765280137764-0.45636814007890525j)	0.3509349822998047	53.00333
557	(2.743184956478784-0.42795572874426835j)	0.38484716415405273	53.09866
558	(2.7626579755709244-0.39826221539919104j)	0.6392178535461426	53.19399
559	(2.78088369989735-0.367754880332964j)	0.658210039138794	53.28931
560	(2.7973420931646746-0.33680972093579564j)	0.8218631744384766	53.38464
561	(2.8124466176250094-0.3050903454238356j)	0.8409090042114258	53.47997
562	(2.8260547111672807-0.27235564039837556j)	0.7478249073028564	53.5753
563	(2.837972058158953-0.23906451507165127j)	0.8897459506988525	53.67063
564	(2.8483916365799478-0.20572435739414363j)	0.8732788562774658	53.76595
565	(2.857115497385388-0.17183113955553986j)	0.9153861999511719	53.86128
566	(2.864421676656893-0.13729734372807312j)	0.8527250289916992	53.95661
567	(2.869962533250827-0.10247442707271648j)	1.1431679725646973	54.05194
568	(2.8737936885651427-0.06783118533626986j)	0.8780229091644287	54.14727
569	(2.8758144716941763-0.03303964009492355j)	1.0406899452209473	54.24259
570	(2.876585308342227+0.0019988168649709426j)	1.1117219924926758	54.33792
571	(2.8755861205768416+0.037054889448384865j)	1.0952448844909668	54.43325
572	(2.87249651679392+0.07143004468941805j)	0.9660441875457764	54.52858
573	(2.8680956462442335+0.10625261762653526j)	1.1961967945098877	54.6239
574	(2.8623117048238322+0.14051117176095773j)	1.0855369567871094	54.71923
575	(2.8548280205805465+0.17451927259140887j)	0.9651021957397461	54.81456
576	(2.8454147597699304+0.2079431508191809j)	1.0760371685028076	54.90989
577	(2.834480229859845+0.24074015617576894j)	0.8478548526763916	55.00522
578	(2.8223122524835453+0.2732921172802685j)	0.42682600021362305	55.10054
579	(2.8086240614641858+0.3050417793053932j)	0.8078672885894775	55.19587
580	(2.7930978455458804+0.33609358634975384j)	0.8881630897521973	55.2912
581	(2.77613723985112+0.3662337270957323j)	1.0786750316619873	55.38653
582	(2.7583623148587444+0.39598384854625235j)	1.0072667598724365	55.48186
583	(2.7387871351659623+0.42397077870895084j)	1.054297924041748	55.57718
584	(2.717863458737412+0.45160866586886295j)	0.5062839984893799	55.67251
585	(2.69555294400815+0.4780651202965218j)	0.605802059173584	55.76784
586	(2.6724247749101115+0.5033621114228597j)	0.40088891983032227	55.86317
587	(2.6482229719990507+0.5276371518665308j)	0.3920609951019287	55.9585
588	(2.6223497335227526+0.5507406907108823j)	0.8095178604125977	56.05382
589	(2.5957931346369763+0.5723181297774211j)	0.9289708137512207	56.14915
590	(2.5683951226429427+0.592611392791967j)	0.9718208312988281	56.24448
591	(2.540201214380848+0.6116445719709788j)	1.1790692806243896	56.33981
592	(2.5108260924296575+0.6293389934533933j)	0.8421521186828613	56.43514
593	(2.4805706171199153+0.6457364808189078j)	0.8074438571929932	56.53046
594	(2.4498813806926147+0.6603506510373897j)	0.8343608379364014	56.62579
595	(2.4186829569200192+0.673514670753794j)	1.0567779541015625	56.72112
596	(2.3866410012284813+0.6853699277433377j)	1.1327240467071533	56.81645
597	(2.3542936656951703+0.695380019003999j)	0.8161180019378662	56.91178
598	(2.321225650437074+0.7043287840806634j)	0.9505600929260254	57.0071
599	(2.2881238895576166+0.7112335313192335j)	0.7624351978302002	57.10243
600	(2.254605861905232+0.716869530623819j)	0.6275508403778076	57.19776
601	(2.2207180100185377+0.7209290458296215j)	0.5042858123779297	57.29309
602	(2.1871008745632854+0.7231679591916096j)	0.6860439777374268	57.38841
603	(2.1532800669505834+0.7236643710403838j)	0.40175890922546387	57.48374
604	(2.119517226895699+0.7229118665092723j)	0.7778949737548828	57.57907
605	(2.0857266702405015+0.7206464465834949j)	0.8393251895904541	57.6744
606	(2.0522495860978642+0.7164946286078476j)	0.7872231006622314	57.76973
607	(2.0190306724449987+0.7105719839543599j)	0.8627657890319824	57.86505
608	(1.9862422861709939+0.7034799276759163j)	0.3457648754119873	57.96038
609	(1.9537777684008812+0.694968853805781j)	0.3246300220489502	58.05571
610	(1.9217644983647466+0.6846100784729773j)	0.4324951171875	58.15104
611	(1.8904645565022435+0.6726025625206401j)	0.45809006690979004	58.24637
612	(1.8595405566071093+0.6594609080263583j)	0.31641387939453125	58.34169
613	(1.8295430371921344+0.6450048898378375j)	0.3267350196838379	58.43702
614	(1.80011723310429+0.6288730425691378j)	0.3972318172454834	58.53235
615	(1.771581988031195+0.6111900839597743j)	0.7345840930938721	58.62768
616	(1.7439748953569256+0.5924775309731266j)	0.8328409194946289	58.72301
617	(1.7173797873137273+0.5727344733589579j)	0.5134129524230957	58.81833
618	(1.6915725931489543+0.5514728954535569j)	0.30676913261413574	58.91366
619	(1.6668025464956+0.5288501612769947j)	0.30083465576171875	59.00899
620	(1.6431321570243647+0.5049824800729946j)	0.4134988784790039	59.10432
621	(1.6209553787595814+0.4810397302510594j)	0.3333132266998291	59.19965
622	(1.5998982470779406+0.455361507696626j)	0.3577840328216553	59.29497
623	(1.5797805384000942+0.42869472921454366j)	0.4335899353027344	59.3903
624	(1.56123988219185+0.40127481824630684j)	0.3374137878417969	59.48563
625	(1.5441057476223272+0.37326977567468633j)	0.47411108016967773	59.58096
626	(1.5281809948076819+0.34432238588910813j)	0.3471238613128662	59.67629
627	(1.5135032777220545+0.31443753356087645j)	0.2959468364715576	59.77161
628	(1.5005231566622532+0.28409983725115506j)	0.9091272354125977	59.86694
629	(1.4891644802547577+0.2533776682488674j)	0.9867188930511475	59.96227
630	(1.4790483807220556+0.22207896430711427j)	0.9844419956207275	60.0576
631	(1.4701866898913623+0.19025594644825616j)	0.5489060878753662	60.15292
632	(1.4631757473907638+0.1580978955337029j)	0.3317248821258545	60.24825
633	(1.4579024428322305+0.12574812019623538j)	0.35057497024536133	60.34358
634	(1.4539017397577663+0.09323594684392245j)	0.3779261112213135	60.43891
635	(1.4512372061614494+0.06041740486767144j)	0.5328567028045654	60.53424
636	(1.4503388648657696+0.0278282851811269j)	0.5211648941040039	60.62956
637	(1.4512326677648117-0.00498110331415158j)	0.5136141777038574	60.72489
638	(1.4534372462031022-0.03752999506370008j)	0.4318840503692627	60.82022
639	(1.4569175523164368-0.0699669984862365j)	0.3358757495880127	60.91555
640	(1.462136160622964-0.10220606594049936j)	0.44793701171875	61.01088
641	(1.4691905625315629-0.1340946731980654j)	0.44632697105407715	61.1062
642	(1.477475012616561-0.16550994588900914j)	0.3627469539642334	61.20153
643	(1.4869834581557329-0.19640334133632015j)	0.5651109218597412	61.29686
644	(1.4981166168599185-0.22691662042212474j)	0.5053339004516602	61.39219
645	(1.510976543999239-0.25678275782919674j)	0.5208768844604492	61.48752
646	(1.5249695888475954-0.28613851195016343j)	0.3601410388946533	61.58284
647	(1.5401707536094043-0.31442023265053853j)	0.30870699882507324	61.67817
648	(1.5567834828573066-0.34213975826231235j)	0.35750770568847656	61.7735
649	(1.5749581657736662-0.3691058435628346j)	0.3095250129699707	61.86883
650	(1.5942565940088016-0.3950301112143343j)	0.38320183753967285	61.96416
651	(1.6143890259265656-0.41988560320335266j)	0.31357407569885254	62.05948
652	(1.6358456878236969-0.4438528870811757j)	0.3552517890930176	62.15481
653	(1.658590507847842-0.4669604041929403j)	0.43619394302368164	62.25014
654	(1.682325671665487-0.4887672214488156j)	0.5104138851165771	62.34547
655	(1.706731700842206-0.5092887405413851j)	0.37882494926452637	62.4408
656	(1.732293199162204-0.528542106623732j)	0.6780297756195068	62.53612
657	(1.7587215487663905-0.5469539044026417j)	0.3971829414367676	62.63145
658	(1.7859944173019933-0.5638795202183398j)	0.38671278953552246	62.72678
659	(1.8137969516439914-0.5792341345303939j)	0.5253372192382812	62.82211
660	(1.8425157697419343-0.5933183488521828j)	0.5164680480957031	62.91743
661	(1.8716435935583033-0.6063590094197611j)	0.31999897956848145	63.01276
662	(1.9014480234383297-0.6178188829751597j)	0.31923818588256836	63.10809
663	(1.9316614331822999-0.6275361309803723j)	0.32275819778442383	63.20342
664	(1.9622119578038066-0.6359288016013914j)	0.2976539134979248	63.29875
665	(1.9932284626924641-0.6432119143174759j)	0.3360459804534912	63.39407
666	(2.0244862752093877-0.6488269356612614j)	0.4958069324493408	63.4894
667	(2.0560232779071344-0.6526559530613545j)	0.3492751121520996	63.58473
668	(2.087560094226294-0.6550857768028521j)	0.33850789070129395	63.68006
669	(2.1192091338872885-0.6563472875783766j)	0.3864729404449463	63.77539
670	(2.150667511688695-0.6559910565392878j)	0.5961270332336426	63.87071
671	(2.1823759219671706-0.6538946618438514j)	0.5334217548370361	63.96604
672	(2.213743368258133-0.6507783632245175j)	0.3879070281982422	64.06137
673	(2.244814463064674-0.6456556094947463j)	0.5290179252624512	64.1567
674	(2.275665273944856-0.6394530172560604j)	0.33821892738342285	64.25203
675	(2.3061735488311594-0.6314078349820118j)	0.35891008377075195	64.34735
676	(2.3362606124674903-0.6220851839606426j)	0.6013169288635254	64.44268
677	(2.3656072976036993-0.6115827637046758j)	0.6282570362091064	64.53801
678	(2.3945091667785516-0.5997244473191187j)	0.3962082862854004	64.63334
679	(2.422895549414831-0.5862002071764115j)	0.6169450283050537	64.72867
680	(2.4506627411945763-0.5714648725060099j)	0.4917900562286377	64.82399
681	(2.477346427380477-0.5555611435461675j)	0.7180778980255127	64.91932
682	(2.503292048202731-0.5384779244432033j)	0.7902069091796875	65.01465
683	(2.5286209921664997-0.5199729039272253j)	0.7070491313934326	65.10998
684	(2.5529466264694345-0.5002318380883436j)	0.7218949794769287	65.20531
685	(2.5761088592610726-0.47976232691197945j)	0.7521462440490723	65.30063
686	(2.598225291507655-0.4580946763710797j)	0.8781907558441162	65.39596
687	(2.61959146799167-0.435344532505287j)	0.7335071563720703	65.49129
688	(2.639791953944365-0.4115396666999657j)	0.7755379676818848	65.58662
689	(2.6584779327755745-0.38706460281504473j)	0.7676799297332764	65.68194
690	(2.676035552008424-0.36162963683870086j)	1.04718017578125	65.77727
691	(2.6926699969732906-0.33550075469604246j)	1.076692819595337	65.8726
692	(2.7080172746965867-0.3085371808808486j)	0.7779347896575928	65.96793
693	(2.7217260211229988-0.2809787637655864j)	1.022946834564209	66.06326
694	(2.734076019053497-0.252687186861918j)	0.988523006439209	66.15858
695	(2.7453781116765628-0.22413576885159434j)	0.8114688396453857	66.25391
696	(2.7553217131588847-0.1950054701536935j)	1.0877289772033691	66.34924
697	(2.7635409726504916-0.16537428032624435j)	1.04917311668396	66.44457
698	(2.7702753287962554-0.13551684180766221j)	0.7634000778198242	66.5399
699	(2.776004636099326-0.10532894621012606j)	0.9399387836456299	66.63522
700	(2.7801843176089123-0.07506746449554674j)	0.8662247657775879	66.73055
701	(2.7826991501733986-0.04444005881802254j)	0.8322639465332031	66.82588
702	(2.7836714293822085-0.013825753965747534j)	0.8291587829589844	66.92121
703	(2.783498544941959+0.016673002508745705j)	0.7880990505218506	67.01654
704	(2.7819100693830934+0.04695283394808775j)	0.9417741298675537	67.11186
705	(2.7787096750964353+0.07745349366564863j)	0.840144157409668	67.20719
706	(2.7739734593868053+0.10770292901140532j)	0.8803970813751221	67.30252
707	(2.7680419751622893+0.13742994464583785j)	1.1146879196166992	67.39785
708	(2.760864753391954+0.16684249126954587j)	0.687049150466919	67.49318
709	(2.7519114029251863+0.1959329892638027j)	0.3283112049102783	67.5885
710	(2.7417078224182876+0.22470224322421178j)	0.32732176780700684	67.68383
711	(2.7302518927101227+0.2526096266068997j)	0.30953288078308105	67.77916
712	(2.717633751608019+0.2798842478117193j)	0.31455111503601074	67.87449
713	(2.7035482752369937+0.3067246831652365j)	0.3265106678009033	67.96982
714	(2.688193150490491+0.3330081184014827j)	0.3414268493652344	68.06514
715	(2.6716501344053074+0.35813638218893395j)	0.3961508274078369	68.16047
716	(2.654054955080811+0.38235427172931236j)	0.374068021774292	68.2558
717	(2.6352749128604693+0.40598467965217405j)	0.792492151260376	68.35113
718	(2.6154923617147334+0.4288140233814297j)	0.3843381404876709	68.44645
719	(2.594492791845645+0.45031872301504966j)	0.34029102325439453	68.54178
720	(2.572582888725777+0.47068645315990604j)	0.7352488040924072	68.63711
721	(2.5498313852815087+0.4902760049487549j)	0.7280750274658203	68.73244
722	(2.5260929738300706+0.5088887467322768j)	0.8241569995880127	68.82777
723	(2.5016872020709253+0.5259763116526774j)	0.8539578914642334	68.92309
724	(2.4762957862607116+0.5418406725212945j)	0.9096479415893555	69.01842
725	(2.450427276252911+0.5567013135590217j)	0.9960198402404785	69.11375
726	(2.4238753093369354+0.5704652792959849j)	0.8738648891448975	69.20908
727	(2.3966473961131953+0.5826740699658651j)	0.8930959701538086	69.30441
728	(2.36878672983754+0.5934032759305607j)	0.8117268085479736	69.39973
729	(2.3407402294914963+0.603019012418696j)	0.95011305809021	69.49506
730	(2.3123327894821686+0.6114304790129078j)	0.7782909870147705	69.59039
731	(2.28338316769716+0.618274003607864j)	0.9968070983886719	69.68572
732	(2.254177708192785+0.6235122889544163j)	0.5920131206512451	69.78105
733	(2.2247713073495103+0.6277223720516453j)	0.481809139251709	69.87637
734	(2.195510404690434+0.630488334481267j)	0.3389170169830322	69.9717
735	(2.165888089496628+0.6317768302911311j)	0.3083949089050293	70.06703
736	(2.136180532881207+0.631474222741039j)	0.32630395889282227	70.16236
737	(2.106732859102487+0.6299280235134481j)	0.3225867748260498	70.25769
738	(2.0773973818139058+0.6271104873523361j)	0.3097069263458252	70.35301
739	(2.0483915736910414+0.6228919467071946j)	0.3112640380859375	70.44834
740	(2.019284265710557+0.6171443071624827j)	0.329301118850708	70.54367
741	(1.990759798656713+0.6100917721669762j)	0.3183150291442871	70.639
742	(1.9627616279209583+0.6019210198615158j)	0.3187398910522461	70.73433
743	(1.9350974154423959+0.5921327284992245j)	0.30977582931518555	70.82965
744	(1.9076775324959072+0.5812061351751054j)	0.4145529270172119	70.92498
745	(1.88109236863022+0.5689388408781985j)	0.3104829788208008	71.02031
746	(1.8553518402415687+0.555562881183108j)	0.3415389060974121	71.11564
747	(1.8295419041192136+0.5407562235930101j)	0.8049211502075195	71.21096
748	(1.8053179576220244+0.5251022410642758j)	0.8166868686676025	71.30629
749	(1.78160442920234+0.5080951703362542j)	0.7674658298492432	71.40162
750	(1.758973989880338+0.4900139751232873j)	0.7211780548095703	71.49695
751	(1.7370418503368452+0.4709706706953359j)	0.7931268215179443	71.59228
752	(1.7157908742556551+0.45098371316749997j)	0.3885219097137451	71.6876
753	(1.6957645391841096+0.42988006437184717j)	0.6051950454711914	71.78293
754	(1.6769749461961134+0.407785628872006j)	0.36595869064331055	71.87826
755	(1.6591126877504978+0.3850161127020964j)	0.3990790843963623	71.97359
756	(1.6420940391840833+0.36145175927616946j)	0.32631397247314453	72.06892
757	(1.6265173739696657+0.3372217310039549j)	0.3321499824523926	72.16424
758	(1.6121680750287322+0.3119701235772099j)	0.33203983306884766	72.25957
759	(1.5989777520967519+0.28632626700701636j)	0.33367419242858887	72.3549
760	(1.5868008176993638+0.2602383183626104j)	0.43045592308044434	72.45023
761	(1.575989028948669+0.23348695537849423j)	0.32951903343200684	72.54556
762	(1.5667376919166998+0.20611937163901442j)	0.30616283416748047	72.64088
763	(1.558656099263781+0.17854769171500615j)	0.3421750068664551	72.73621
764	(1.551760263324438+0.15086027976088634j)	0.35876893997192383	72.83154
765	(1.5462229523907514+0.12271891829960266j)	0.3135838508605957	72.92687
766	(1.5422824121448517+0.0942207618938839j)	0.328571081161499	73.0222
767	(1.5394462500177286+0.06561200340440146j)	0.3181588649749756	73.11752
768	(1.5380589092877552+0.03728174694735917j)	0.3259758949279785	73.21285
769	(1.5379571090705064+0.008751899410795766j)	0.3260660171508789	73.30818
770	(1.539349980486785-0.019969897151403487j)	0.3331420421600342	73.40351
771	(1.5420677221589756-0.048171094486409965j)	0.4622230529785156	73.49884
772	(1.5460022882297506-0.0764128188339635j)	0.36015915870666504	73.59416
773	(1.5512907562678142-0.10432107692771347j)	0.3715059757232666	73.68949
774	(1.5578998016717542-0.1321960837773859j)	0.35107922554016113	73.78482
775	(1.5658846600730307-0.15956723396351874j)	0.35361790657043457	73.88015
776	(1.5751147146597482-0.18616314465965883j)	0.3684351444244385	73.97547
777	(1.5855530545572787-0.21246238892870373j)	0.3672490119934082	74.0708
778	(1.5970966744670179-0.2384507761334828j)	0.4477701187133789	74.16613
779	(1.6099767705929224-0.26373979930305874j)	0.4485487937927246	74.26146
780	(1.6240263274788496-0.28805900135877727j)	0.41164112091064453	74.35679
781	(1.6393305008546244-0.31183376342600283j)	0.349977970123291	74.45211
782	(1.6553802850699493-0.33497704745474605j)	0.5480148792266846	74.54744
783	(1.672664691815918-0.35727775470839157j)	0.46623682975769043	74.64277
784	(1.6911102605867623-0.37844918549892204j)	0.3087947368621826	74.7381
785	(1.7104095871522607-0.3987319630041036j)	0.333798885345459	74.83343
786	(1.7305228454196782-0.4184035267734944j)	0.3215007781982422	74.92875
787	(1.7515737880929465-0.436933895582477j)	0.2980332374572754	75.02408
788	(1.7737008941267915-0.4542687432332413j)	0.3074789047241211	75.11941
789	(1.7964773669367256-0.47050455570321625j)	0.32013392448425293	75.21474
790	(1.819817380822113-0.4858985619424818j)	0.4386141300201416	75.31007
791	(1.843759328428797-0.4999926108765175j)	0.35021376609802246	75.40539
792	(1.8687076137810628-0.5129299548153212j)	0.5842339992523193	75.50072
793	(1.8940950800535905-0.5245910004569359j)	0.4472239017486572	75.59605
794	(1.9197157246583554-0.5351859929294569j)	0.35819482803344727	75.69138
795	(1.9458535167741238-0.5446070076050347j)	0.37079715728759766	75.78671
796	(1.972619551357516-0.5524744731903323j)	0.38932204246520996	75.88203
797	(1.9996626160372197-0.5591851052703232j)	0.4369809627532959	75.97736
798	(2.026659362589414-0.5646153143938748j)	0.4553380012512207	76.07269
799	(2.0539044513845193-0.5688387430037276j)	0.3315701484680176	76.16802
800	(2.081561263984006-0.5716056636176099j)	0.3312971591949463	76.26335
801	(2.109335756258035-0.5731882725778454j)	0.3089756965637207	76.35867
802	(2.136773188463149-0.573294898757543j)	0.49162912368774414	76.454
803	(2.1641503077589155-0.5722109397364481j)	0.4046008586883545	76.54933
804	(2.1917832318665336-0.5698065654944527j)	0.32439494132995605	76.64466
805	(2.2191660351147973-0.5662509077199696j)	0.30451416969299316	76.73998
806	(2.2461198499563313-0.5611168721411602j)	0.37999725341796875	76.83531
807	(2.272716150520729-0.5547720976647086j)	0.32008886337280273	76.93064
808	(2.299251148090011-0.5473512285581945j)	0.33426499366760254	77.02597
809	(2.3254259958189922-0.5386037955984219j)	0.30098891258239746	77.1213
810	(2.350741478886414-0.5286282204467208j)	0.3159983158111572	77.21662
811	(2.375646116632514-0.5173647027864436j)	0.3779771327972412	77.31195
812	(2.4001348165769376-0.5052168302172443j)	0.36461496353149414	77.40728
813	(2.4240650738693605-0.4918718256572573j)	0.40729188919067383	77.50261
814	(2.4470421685985144-0.47727629150238393j)	0.3689079284667969	77.59794
815	(2.46931456441067-0.4614991234354622j)	0.33468174934387207	77.69326
816	(2.4908713384848986-0.4450707556680672j)	0.32546567916870117	77.78859
817	(2.511687868220609-0.4276178212842656j)	0.3174281120300293	77.88392
818	(2.5314650303092465-0.40895796212848434j)	0.3262979984283447	77.97925
819	(2.5501925012855438-0.3894175070159691j)	0.33168888092041016	78.07458
820	(2.568546269722126-0.3691065130631286j)	0.3347911834716797	78.1699
821	(2.5852646868528932-0.3482680051316248j)	0.3518552780151367	78.26523
822	(2.6011829456907307-0.32626278354389204j)	0.41754913330078125	78.36056
823	(2.6159157546733205-0.3035227168004504j)	0.6578249931335449	78.45589
824	(2.629689320703751-0.2803812750637066j)	0.3410792350769043	78.55122
825	(2.642302944316469-0.25677672190126133j)	0.3310871124267578	78.64654
826	(2.6538311463011723-0.23227233719511042j)	0.3383653163909912	78.74187
827	(2.664094526561223-0.20721334547448889j)	0.28876399993896484	78.8372
828	(2.67316235578341-0.18201711625269734j)	0.34884214401245117	78.93253
829	(2.681149183102836-0.15653549885613094j)	0.35222816467285156	79.02786
830	(2.6876715036941166-0.1304506489597258j)	0.31267690658569336	79.12318
831	(2.6931308453926976-0.10403200241772348j)	0.2996208667755127	79.21851
832	(2.6971970426958487-0.07768135037333068j)	0.3484349250793457	79.31384
833	(2.7000795596946743-0.05132127817850174j)	0.3693721294403076	79.40917
834	(2.7016463782171676-0.02451494215008876j)	0.32880091667175293	79.50449
835	(2.7021229732658236+0.002272826503404879j)	0.3394749164581299	79.59982
836	(2.7010831556554042+0.02884862824023715j)	0.3164079189300537	79.69515
837	(2.698800599983612+0.0551853939868614j)	0.3324730396270752	79.79048
838	(2.6954009162185364+0.0816003736381481j)	0.3493947982788086	79.88581
839	(2.690895023442963+0.10788280251997029j)	0.5334100723266602	79.98113
840	(2.6848428777013242+0.13375293618321948j)	0.3631479740142822	80.07646
841	(2.677542292651507+0.15916501619678503j)	0.36168503761291504	80.17179
842	(2.669285547102371+0.18433419234418957j)	0.4861159324645996	80.26712
843	(2.6598767575400015+0.20924080952967616j)	0.5749750137329102	80.36245
844	(2.6492244300317793+0.23330059231372557j)	0.8776679039001465	80.45777
845	(2.637248279089751+0.2569090991852261j)	0.9932229518890381	80.5531
846	(2.624464503446399+0.27992771977985564j)	0.5794839859008789	80.64843
847	(2.61071149256756+0.3024330221576551j)	0.3114659786224365	80.74376
848	(2.595712174199065+0.3241103489995595j)	0.30699801445007324	80.83909
849	(2.579528118081607+0.34495397020369656j)	0.6129870414733887	80.93441
850	(2.5626975034195065+0.36500497587820757j)	1.0750370025634766	81.02974
851	(2.545087375073529+0.38429489047259746j)	0.9594008922576904	81.12507
852	(2.5263444376947066+0.4026931406843818j)	0.48343396186828613	81.2204
853	(2.506629370121757+0.41999982607441877j)	0.588120698928833	81.31573
854	(2.4863283727065433+0.436596133917874j)	0.8078598976135254	81.41105
855	(2.4654741855528695+0.4520027866403732j)	1.0060060024261475	81.50638
856	(2.4436954207160735+0.4664995472716753j)	0.7451848983764648	81.60171
857	(2.4210837041997664+0.4798572967174942j)	0.6595280170440674	81.69704
858	(2.3980980872691435+0.49211144740433665j)	0.708897590637207	81.79237
859	(2.3748317040844684+0.5032685854394832j)	0.45140695571899414	81.88769
860	(2.3508275089109447+0.513379452471821j)	0.33310580253601074	81.98302
861	(2.3261005233040284+0.5225189100161328j)	0.3311190605163574	82.07835
862	(2.301402572732071+0.5300313208134828j)	0.6915888786315918	82.17368
863	(2.276498668533186+0.5364082566993936j)	0.7706129550933838	82.269
864	(2.251158788254495+0.5418060281231298j)	1.1119999885559082	82.36433
865	(2.2254671227998712+0.5460888189193546j)	0.8936922550201416	82.45966
866	(2.1997564789990065+0.5489510841682376j)	0.8043971061706543	82.55499
867	(2.174200556153459+0.550543148128449j)	1.0436670780181885	82.65032
868	(2.148324918721067+0.5509168462235253j)	0.8512837886810303	82.74564
869	(2.1225233562637267+0.5503566977368584j)	1.0414361953735352	82.84097
870	(2.0968287947794613+0.5483331388337764j)	0.913297176361084	82.9363
871	(2.0714618176184665+0.544953400438256j)	0.9893369674682617	83.03163
872	(2.0462237742429616+0.5405431975823635j)	0.4030787944793701	83.12696
873	(2.0211729709782564+0.5348690023066736j)	0.4152951240539551	83.22228
874	(1.9962973419954761+0.5283503148380552j)	0.8454461097717285	83.31761
875	(1.97199138199618+0.5201960537273204j)	0.9124460220336914	83.41294
876	(1.948121041623695+0.5111056347088121j)	1.081117868423462	83.50827
877	(1.9245354378693482+0.5010832185798143j)	0.9654028415679932	83.6036
878	(1.901723729870081+0.4898764263372891j)	0.9084899425506592	83.69892
879	(1.8793292182062045+0.47732709712855603j)	1.0411899089813232	83.79425
880	(1.8576711063835551+0.4639228003973176j)	0.8530247211456299	83.88958
881	(1.8366061931185023+0.44978018231323413j)	0.8737208843231201	83.98491
882	(1.8162342956033246+0.4345169363383582j)	0.6279900074005127	84.08024
883	(1.796745367872457+0.41803493968613614j)	0.3652360439300537	84.17556
884	(1.7780597787538235+0.40085712342131696j)	0.4312152862548828	84.27089
885	(1.7602649413357656+0.3830706891325135j)	0.4614689350128174	84.36622
886	(1.743380981940884+0.3640986683074292j)	0.34064388275146484	84.46155
887	(1.7272629040640919+0.3445942841628612j)	0.6784448623657227	84.55688
888	(1.7120668314602745+0.3242570689584834j)	0.5535721778869629	84.6522
889	(1.6981396637485366+0.303457449483851j)	0.521615743637085	84.74753
890	(1.6850784930375227+0.28195996686217195j)	0.3496592044830322	84.84286
891	(1.6730100374196049+0.2596178293370648j)	0.45192503929138184	84.93819
892	(1.6619511041103439+0.23697228532772074j)	0.34000205993652344	85.03351
893	(1.6523264838352718+0.21389150355274766j)	0.47103118896484375	85.12884
894	(1.6436310627677857+0.19039679425799272j)	0.4483981132507324	85.22417
895	(1.6358961069129294+0.16633263606479465j)	0.34342288970947266	85.3195
896	(1.6294347272340617+0.14198415565398126j)	0.5048437118530273	85.41483
897	(1.6243147035534022+0.11766232721981174j)	0.50868821144104	85.51015
898	(1.6201966843346667+0.09298061520528089j)	0.3737177848815918	85.60548
899	(1.6171151654809002+0.06814941265050978j)	0.4259190559387207	85.70081
