	res_adaptive	time_adaptive	w
0	(1.067753675807021-0.059813385093668646j)	0.6899230480194092	0.001
1	(1.283882219547665-0.28513622868219346j)	0.3568379878997803	0.09633
2	(1.4067838623530773-0.40029296841958395j)	0.3384518623352051	0.19166
3	(1.5158477642198236-0.48628426267204333j)	0.40689778327941895	0.28698
4	(1.6122652334075789-0.5556645173796247j)	0.3424339294433594	0.38231
5	(1.7012929099533771-0.6082458011930919j)	0.3393740653991699	0.47764
6	(1.7853626517531478-0.6514012241033446j)	0.3478279113769531	0.57297
7	(1.8692729749067878-0.6885500213973733j)	0.437180757522583	0.6683
8	(1.9507553255481547-0.719491211150808j)	0.3635697364807129	0.76362
9	(2.0303520700140436-0.7399343432969554j)	0.3673739433288574	0.85895
10	(2.1066884195774183-0.7539526404879957j)	0.3537609577178955	0.95428
11	(2.183701928700455-0.7652193752809052j)	0.33675384521484375	1.04961
12	(2.259682183393859-0.771082234382735j)	0.35437607765197754	1.14494
13	(2.3316850022366595-0.7697341471586916j)	0.39616823196411133	1.24026
14	(2.403373149261276-0.7627433506480148j)	0.48564815521240234	1.33559
15	(2.472777366451078-0.7532587648866909j)	0.38886523246765137	1.43092
16	(2.5410941162352065-0.7398073446438908j)	0.3589131832122803	1.52625
17	(2.6065869613557355-0.7193472133732123j)	0.6140809059143066	1.62157
18	(2.6711422528648767-0.6948455317772333j)	0.3252139091491699	1.7169
19	(2.7320002064494036-0.6677795012510603j)	0.5147368907928467	1.81223
20	(2.790803189839016-0.6375407707413536j)	0.32898402214050293	1.90756
21	(2.8476297155940653-0.6018229883440287j)	0.500330924987793	2.00289
22	(2.9025007256478523-0.5620152596112546j)	0.335665225982666	2.09821
23	(2.95267733926231-0.5199785153387417j)	0.6495528221130371	2.19354
24	(2.9998892395014787-0.4754212692366737j)	0.5004730224609375	2.28887
25	(3.045254721315851-0.42670606794669486j)	0.3416481018066406	2.3842
26	(3.0872849295403983-0.3741897933140673j)	0.3208167552947998	2.47953
27	(3.1256046302258302-0.32109543943395547j)	0.2966468334197998	2.57485
28	(3.1592958960099398-0.2650937581971402j)	0.3260457515716553	2.67018
29	(3.191081655101261-0.20652981017351907j)	0.3378129005432129	2.76551
30	(3.2194179953746227-0.14519213019880317j)	0.3262350559234619	2.86084
31	(3.242851091039908-0.08289939276663111j)	0.30228209495544434	2.95617
32	(3.261484531113059-0.01944053233882964j)	0.30232977867126465	3.05149
33	(3.277815444921331+0.04551627676160114j)	0.3148469924926758	3.14682
34	(3.2906758465062618+0.11205375814662405j)	0.3128669261932373	3.24215
35	(3.2981376608161797+0.17929174521598212j)	0.30695581436157227	3.33748
36	(3.300897661405413+0.24632504445411285j)	0.30772829055786133	3.43281
37	(3.300468020557929+0.3150730861784158j)	0.30345654487609863	3.52813
38	(3.296737846840851+0.3831127787872002j)	0.3044149875640869	3.62346
39	(3.287647845591061+0.4515668376221993j)	0.30309200286865234	3.71879
40	(3.273592031500696+0.5192928762660177j)	0.7218291759490967	3.81412
41	(3.257312279944067+0.5866280164459665j)	0.6751389503479004	3.90945
42	(3.2362981898686396+0.6529106082203453j)	0.3080451488494873	4.00477
43	(3.210888166819557+0.7187529286264478j)	0.3058030605316162	4.1001
44	(3.1806873347622027+0.7833501655564101j)	0.31899595260620117	4.19543
45	(3.147501378845968+0.845951474192318j)	0.3079521656036377	4.29076
46	(3.1113164911564692+0.9063211743414363j)	0.3374142646789551	4.38608
47	(3.0690786873336027+0.973403936701466j)	0.3350200653076172	4.48141
48	(3.025725884693573+1.0234260030325681j)	0.3274381160736084	4.57674
49	(2.977890260035968+1.0778136297135208j)	0.6397347450256348	4.67207
50	(2.9276522040222934+1.1294344322061385j)	0.501291036605835	4.7674
51	(2.872928491229697+1.1783765115135048j)	0.36686205863952637	4.86272
52	(2.8154146040144936+1.2254859646115694j)	0.471771240234375	4.95805
53	(2.755078608195756+1.2684098280245106j)	0.4464108943939209	5.05338
54	(2.6927201730733965+1.3074523976047137j)	0.40397191047668457	5.14871
55	(2.6275213559239265+1.3437532176927232j)	0.4374058246612549	5.24404
56	(2.5594065890213993+1.3772693303564765j)	0.3053109645843506	5.33936
57	(2.489404205020334+1.4060459398935758j)	0.3011140823364258	5.43469
58	(2.4178012578761763+1.4301885205950056j)	0.29871106147766113	5.53002
59	(2.3445941427429293+1.4511526023270114j)	0.2984578609466553	5.62535
60	(2.269274820286651+1.4687380837924897j)	0.30406785011291504	5.72068
61	(2.1936650764580694+1.481619753666715j)	0.40503668785095215	5.816
62	(2.1163516845056254+1.4892930966366529j)	1.0148909091949463	5.91133
63	(2.0379950055381744+1.493232740186548j)	0.8302881717681885	6.00666
64	(1.960528700964431+1.4939127385566366j)	0.8481500148773193	6.10199
65	(1.8818998251161987+1.4894920536766834j)	0.7170860767364502	6.19732
66	(1.8035373457694255+1.4795591894292222j)	0.3407762050628662	6.29264
67	(1.7255774870540073+1.4659455501041927j)	0.40209484100341797	6.38797
68	(1.648399435280338+1.4487314419206707j)	0.4241757392883301	6.4833
69	(1.571541491518505+1.4266369710438325j)	0.32047533988952637	6.57863
70	(1.495934993963087+1.3992083303836875j)	0.29407477378845215	6.67396
71	(1.4211984107362037+1.3681258859771301j)	0.30319905281066895	6.76928
72	(1.3490468718677004+1.3333095640333852j)	0.5831868648529053	6.86461
73	(1.2780736354151927+1.2941167732404417j)	0.7244069576263428	6.95994
74	(1.2087930103031173+1.2499794375741913j)	0.993884801864624	7.05527
75	(1.1417484928757071+1.2027268554832913j)	0.7398250102996826	7.15059
76	(1.0783404085877772+1.1515006686719806j)	1.0272436141967773	7.24592
77	(1.0169876220451104+1.0966903767383078j)	1.2723050117492676	7.34125
78	(0.9578804139498351+1.0377762468940794j)	1.0277140140533447	7.43658
79	(0.902388032921299+0.975511892827738j)	0.9764268398284912	7.53191
80	(0.8510398976485115+0.9107761979359756j)	0.8308367729187012	7.62723
81	(0.8026909876289042+0.8427350319928686j)	1.1510429382324219	7.72256
82	(0.7572245118749921+0.7717362249217188j)	0.9309136867523193	7.81789
83	(0.7160978738879369+0.6979304934427617j)	0.834277868270874	7.91322
84	(0.679789779949229+0.6222478415878776j)	0.7888710498809814	8.00855
85	(0.6474721294617881+0.5437859888653367j)	0.9374759197235107	8.10387
86	(0.6185029593442046+0.46400533991104237j)	0.759434700012207	8.1992
87	(0.5943032102198871+0.3821264377723078j)	0.9378056526184082	8.29453
88	(0.5755302003192025+0.29885577177929845j)	0.79905104637146	8.38986
89	(0.5611542101377843+0.21464026994868068j)	0.757850170135498	8.48519
90	(0.5504133504562468+0.1291861656205313j)	0.7898898124694824	8.58051
91	(0.5448531236751044+0.04316958692036316j)	0.564033031463623	8.67584
92	(0.5448708306445009-0.04362842005958237j)	0.6919441223144531	8.77117
93	(0.5495899328903676-0.13021889815756243j)	0.31606292724609375	8.8665
94	(0.5582325992923332-0.21666649761099138j)	0.31082606315612793	8.96183
95	(0.5719685069061617-0.3022892160480117j)	0.2930920124053955	9.05715
96	(0.5910802525328648-0.38820706624250334j)	0.30350780487060547	9.15248
97	(0.615008338635679-0.4727736338136106j)	0.2969322204589844	9.24781
98	(0.6429050251187434-0.5556542090398452j)	0.2942769527435303	9.34314
99	(0.6753897518274654-0.6372998464069098j)	0.29975199699401855	9.43847
100	(0.7135364120424009-0.7173643758585038j)	0.3262169361114502	9.53379
101	(0.7558280439185343-0.7954842272985275j)	0.2969508171081543	9.62912
102	(0.8020795976296006-0.8705601721854692j)	0.2946608066558838	9.72445
103	(0.8524223739404232-0.9433169971734812j)	0.28483080863952637	9.81978
104	(0.9076539448205715-1.0140000785652625j)	0.28499794006347656	9.9151
105	(0.9665387537981307-1.0814866890962267j)	0.2922191619873047	10.01043
106	(1.0292319432622898-1.1448844115887256j)	0.3059272766113281	10.10576
107	(1.095300719988571-1.2049650291670093j)	0.28407788276672363	10.20109
108	(1.1651271859055492-1.262162243302528j)	0.29368090629577637	10.29642
109	(1.2378922139848862-1.315498813255592j)	0.2872939109802246	10.39174
110	(1.3141557573398401-1.3638907409714496j)	0.5444433689117432	10.48707
111	(1.3928988748129423-1.4080989229949987j)	0.3531482219696045	10.5824
112	(1.4741252671303788-1.4487491018032683j)	0.41754817962646484	10.67773
113	(1.557930759836378-1.4849038659367333j)	0.3963301181793213	10.77306
114	(1.6434229314299025-1.515403067608059j)	0.4365270137786865	10.86838
115	(1.731017180049558-1.5412806417324623j)	0.5012810230255127	10.96371
116	(1.8196571139539968-1.5629359443539026j)	0.5106661319732666	11.05904
117	(1.9097607702764774-1.5797353927375535j)	0.3298988342285156	11.15437
118	(2.0009315461328807-1.5906735682667432j)	0.38347601890563965	11.2497
119	(2.093089572135532-1.5964310782987057j)	0.5000870227813721	11.34502
120	(2.1848002083066227-1.5975618012820871j)	0.3386979103088379	11.44035
121	(2.276760451072011-1.5937032731630438j)	0.455125093460083	11.53568
122	(2.3690075036095966-1.5840202106734025j)	0.3293731212615967	11.63101
123	(2.4606035580188736-1.568838843175754j)	0.3270711898803711	11.72634
124	(2.5512658176979537-1.5494747376536262j)	0.4048161506652832	11.82166
125	(2.640507478252723-1.524744985827593j)	0.5354220867156982	11.91699
126	(2.729105974910682-1.494660338789774j)	0.6071088314056396	12.01232
127	(2.816031100002802-1.4592791574838178j)	0.7597739696502686	12.10765
128	(2.90051260821523-1.4195431328165597j)	0.5556848049163818	12.20298
129	(2.9824452438162545-1.3750386366321765j)	0.6545889377593994	12.2983
130	(3.0626828354544404-1.3258413885362246j)	0.7836611270904541	12.39363
131	(3.140314809354634-1.2718244933439302j)	0.9401731491088867	12.48896
132	(3.2142229302401732-1.2136603481056338j)	0.8613507747650146	12.58429
133	(3.2845670867430403-1.1511175457988645j)	0.7539541721343994	12.67961
134	(3.352226171942041-1.0849624790169763j)	1.0199999809265137	12.77494
135	(3.4163243048540677-1.0147985995652027j)	0.9803462028503418	12.87027
136	(3.475745273701663-0.9408652374876405j)	0.6234879493713379	12.9656
137	(3.530728208917462-0.8638095041760134j)	0.7513260841369629	13.06093
138	(3.5821971478000956-0.7832517554140155j)	0.5199809074401855	13.15625
139	(3.6291663912291874-0.7002417555568596j)	0.5520579814910889	13.25158
140	(3.6708903651226565-0.6140811425854877j)	0.4943079948425293	13.34691
141	(3.7074321337087026-0.5256377002078083j)	0.4755821228027344	13.44224
142	(3.7396178097376778-0.43527513671463636j)	0.47334790229797363	13.53757
143	(3.767001904935808-0.3433637364725317j)	0.4517507553100586	13.63289
144	(3.788684074706379-0.24923929189799288j)	0.45517396926879883	13.72822
145	(3.8047540685932653-0.1538253589300198j)	0.5323240756988525	13.82355
146	(3.815908846920384-0.057954158648595655j)	0.9724740982055664	13.91888
147	(3.8220954733808217+0.03858065860928561j)	0.9701907634735107	14.01421
148	(3.8219788763666442+0.13549855509781872j)	0.8339560031890869	14.10953
149	(3.8165270753324814+0.23298919476361646j)	0.895806074142456	14.20486
150	(3.805742811110825+0.3295341563957721j)	0.9719607830047607	14.30019
151	(3.789867331653114+0.42530042662169665j)	0.7845900058746338	14.39552
152	(3.7682018283211267+0.5206141310904489j)	0.7119731903076172	14.49085
153	(3.740884553713882+0.6151327652172023j)	0.31502199172973633	14.58617
154	(3.7083771157448187+0.7074343195313049j)	0.6193931102752686	14.6815
155	(3.6708662474309888+0.7976046420776952j)	0.39463090896606445	14.77683
156	(3.628138354505015+0.8862400279130398j)	0.32320380210876465	14.87216
157	(3.5801369528179747+0.9729082418073249j)	0.33365917205810547	14.96749
158	(3.5275626653281655+1.0562248194029833j)	0.5286178588867188	15.06281
159	(3.4700296456166804+1.1362160143762492j)	0.37892675399780273	15.15814
160	(3.4081612972743844+1.2135316550214523j)	0.8525660037994385	15.25347
161	(3.341704698443623+1.2877962454476477j)	0.7544529438018799	15.3488
162	(3.2714244036652484+1.3576307253803646j)	0.8255620002746582	15.44412
163	(3.196602952171061+1.4233094971584592j)	0.8423252105712891	15.53945
164	(3.118525559484749+1.485169137843945j)	0.842400074005127	15.63478
165	(3.0369737732977704+1.5430707142363558j)	0.4159708023071289	15.73011
166	(2.951938444184968+1.5959155928329274j)	0.4459240436553955	15.82544
167	(2.8637021399324403+1.643453620912357j)	0.4266481399536133	15.92076
168	(2.7734746172284375+1.686689875563033j)	0.3309330940246582	16.01609
169	(2.6805022988552056+1.7246970546971978j)	0.35761308670043945	16.11142
170	(2.5852180361121038+1.7573977926683573j)	0.31790709495544434	16.20675
171	(2.487988167465166+1.7841739592160921j)	0.3279988765716553	16.30208
172	(2.3892163803435533+1.8061232622758325j)	0.3110380172729492	16.3974
173	(2.2898746047939267+1.8224252126040672j)	0.32736897468566895	16.49273
174	(2.189084309793264+1.8330535287785814j)	0.3028419017791748	16.58806
175	(2.087365958441501+1.8375908289136496j)	0.3280479907989502	16.68339
176	(1.9857503964298036+1.836566579307776j)	0.41240620613098145	16.77872
177	(1.8846662755525383+1.8302287327835518j)	0.3034498691558838	16.87404
178	(1.7834647782392623+1.8179837243754084j)	0.4252631664276123	16.96937
179	(1.6825096965921384+1.7998531367020159j)	0.444303035736084	17.0647
180	(1.58301255965599+1.7760172687348863j)	0.3295433521270752	17.16003
181	(1.485293582479251+1.7469845713174585j)	0.3165469169616699	17.25536
182	(1.3890393892440056+1.71191446914394j)	0.3942220211029053	17.35068
183	(1.2941457296756775+1.671793056186388j)	0.38995909690856934	17.44601
184	(1.2019206198831014+1.6260996760807027j)	0.3764760494232178	17.54134
185	(1.1128397710506257+1.5753552014127423j)	0.3717958927154541	17.63667
186	(1.02634721032636+1.519664558608354j)	0.3532838821411133	17.732
187	(0.9423736748631186+1.458899135756843j)	0.3558690547943115	17.82732
188	(0.8622444111105794+1.393426419549138j)	0.3718540668487549	17.92265
189	(0.7863527913425197+1.3233081581938084j)	0.32804036140441895	18.01798
190	(0.714189056136513+1.249137774812937j)	0.34507107734680176	18.11331
191	(0.6456088205412424+1.1710933102413448j)	0.33652210235595703	18.20863
192	(0.5818115036084486+1.0889602116487438j)	0.3501451015472412	18.30396
193	(0.5230346538524955+1.0028906145669199j)	0.3601560592651367	18.39929
194	(0.46900251789414266+0.9138590196486047j)	0.33669376373291016	18.49462
195	(0.4194476073395045+0.8220050691797711j)	0.3554868698120117	18.58995
196	(0.37556884561245574+0.7275049934931127j)	0.3287789821624756	18.68527
197	(0.3370273330776587+0.6298133305160442j)	0.342879056930542	18.7806
198	(0.30405552757397086+0.5303586951199912j)	0.41167306900024414	18.87593
199	(0.2763327939669088+0.4295203581932267j)	0.3410468101501465	18.97126
200	(0.25432555601695833+0.32691516009972743j)	0.36308789253234863	19.06659
201	(0.23864918090218074+0.22266244206543656j)	0.34747982025146484	19.16191
202	(0.2286335932928407+0.11780603314405858j)	0.3438258171081543	19.25724
203	(0.22443821370746794+0.012977470269339986j)	0.3203740119934082	19.35257
204	(0.22606340481411863-0.092287290001008j)	0.34845519065856934	19.4479
205	(0.2339957488919563-0.1979010948109977j)	0.3878622055053711	19.54323
206	(0.24750421741736892-0.302967737747616j)	0.328035831451416	19.63855
207	(0.26728450282789673-0.406561417562194j)	0.3311498165130615	19.73388
208	(0.29268828260758184-0.509180994252026j)	0.4057168960571289	19.82921
209	(0.323940995858505-0.6109071527455865j)	0.6106929779052734	19.92454
210	(0.36106970889940815-0.7107071673149956j)	0.6800251007080078	20.01987
211	(0.40352753245046763-0.8076734817147739j)	0.33669304847717285	20.11519
212	(0.4516017445234109-0.9024204630832138j)	0.3133687973022461	20.21052
213	(0.5047657970890493-0.9949329210954625j)	0.387296199798584	20.30585
214	(0.5633119873146608-1.0843372377133849j)	0.31931400299072266	20.40118
215	(0.6268393508051252-1.169776807720699j)	0.2964749336242676	20.49651
216	(0.695429657195028-1.2516587098102387j)	0.38332319259643555	20.59183
217	(0.7680033385542302-1.3300613653746645j)	0.37846875190734863	20.68716
218	(0.8451711303011846-1.4043396306991633j)	0.626190185546875	20.78249
219	(0.9267583556431581-1.4736775636912305j)	0.4895150661468506	20.87782
220	(1.0123758984848157-1.5386198078616506j)	0.30612874031066895	20.97314
221	(1.1008768384712642-1.598730093937982j)	0.4314398765563965	21.06847
222	(1.1929157223512858-1.6539167543453839j)	0.3144948482513428	21.1638
223	(1.2885070482919971-1.7035462326010846j)	0.3285179138183594	21.25913
224	(1.3867242903082233-1.7476093913708541j)	0.9199199676513672	21.35446
225	(1.4869179922384985-1.7866668168837125j)	0.9114181995391846	21.44978
226	(1.5892898791703964-1.8197822761493396j)	1.042963981628418	21.54511
227	(1.694038694655692-1.847062063593716j)	0.8414111137390137	21.64044
228	(1.8001883701905246-1.8682433819986495j)	0.8920290470123291	21.73577
229	(1.9069475222260897-1.8836933033494407j)	0.3325190544128418	21.8311
230	(2.014369838741323-1.8928647416792719j)	0.3159048557281494	21.92642
231	(2.1228994870528903-1.8962466242141107j)	0.385300874710083	22.02175
232	(2.231527639375355-1.893313182721394j)	0.2995729446411133	22.11708
233	(2.339324346799786-1.8842304360466189j)	0.3012816905975342	22.21241
234	(2.4464500204186197-1.8692490800001809j)	0.3095409870147705	22.30774
235	(2.5532770796505746-1.847907329674025j)	0.29101085662841797	22.40306
236	(2.6587692194217376-1.8208187842984016j)	0.30251598358154297	22.49839
237	(2.762150074872094-1.7874871717947893j)	0.2953627109527588	22.59372
238	(2.863436227856416-1.7484709814400803j)	0.3117680549621582	22.68905
239	(2.962981019954916-1.7038005989658171j)	0.2963871955871582	22.78438
240	(3.0600180030491306-1.6537712793727821j)	0.29517698287963867	22.8797
241	(3.1537204133377887-1.5977617443698997j)	0.300523042678833	22.97503
242	(3.2440233041272464-1.5365760085609919j)	0.3025047779083252	23.07036
243	(3.33124436380908-1.4706486695198633j)	0.3258702754974365	23.16569
244	(3.4149100059007873-1.3997526093328703j)	0.3061959743499756	23.26102
245	(3.4937911433970883-1.3241821119006743j)	0.3198740482330322	23.35634
246	(3.568470561058138-1.2438839585133992j)	0.3215930461883545	23.45167
247	(3.63877795561155-1.15993447572692j)	0.307373046875	23.547
248	(3.70451010174763-1.0721052299486296j)	0.3065221309661865	23.64233
249	(3.7646919978649294-0.9801472994164732j)	0.3035888671875	23.73765
250	(3.8197775270858534-0.8849285622001513j)	0.2944800853729248	23.83298
251	(3.869432891115161-0.7871141169922611j)	0.30464696884155273	23.92831
252	(3.9136912748459176-0.6866870831917717j)	0.30220723152160645	24.02364
253	(3.9520388318396034-0.5833676713824658j)	0.3057548999786377	24.11897
254	(3.9845916132335324-0.4777233596402657j)	0.29457902908325195	24.21429
255	(4.010922021267774-0.3709220147805188j)	0.3019282817840576	24.30962
256	(4.031295630494228-0.26288503469225777j)	0.3191721439361572	24.40495
257	(4.045614829626035-0.15327937797927538j)	0.30301785469055176	24.50028
258	(4.053519275091067-0.04273407490920533j)	0.5266978740692139	24.59561
259	(4.055485915658286+0.0675732709104444j)	0.3183910846710205	24.69093
260	(4.050827246601718+0.17780672344671644j)	0.33145594596862793	24.78626
261	(4.040265201979635+0.2880830169386359j)	0.44046902656555176	24.88159
262	(4.023409349625396+0.3979261883712113j)	0.432753324508667	24.97692
263	(4.0002478561687465+0.5062620755351699j)	0.3123292922973633	25.07225
264	(3.9708024669041366+0.6128818965958363j)	0.44054698944091797	25.16757
265	(3.9357604138052618+0.7181434684145498j)	0.4704279899597168	25.2629
266	(3.8948550316375146+0.8215617337794359j)	0.3590049743652344	25.35823
267	(3.847813986105073+0.9222171765016838j)	0.3784608840942383	25.45356
268	(3.79513390229381+1.019743568346773j)	0.37880492210388184	25.54889
269	(3.736958074304892+1.1147840858989497j)	0.3742830753326416	25.64421
270	(3.6739130489473726+1.2063852414727236j)	0.32207369804382324	25.73954
271	(3.6052843825099705+1.2941835929331498j)	0.31401586532592773	25.83487
272	(3.531601263607468+1.3777061549393177j)	0.4307129383087158	25.9302
273	(3.453563347129248+1.4572342738639672j)	0.3313627243041992	26.02553
274	(3.3714316872709587+1.5325190099836268j)	0.33182311058044434	26.12085
275	(3.284643429894934+1.60292229493505j)	0.3331761360168457	26.21618
276	(3.193701767509543+1.6681638214182257j)	0.4504098892211914	26.31151
277	(3.0995678793209303+1.7282765415420034j)	0.48718881607055664	26.40684
278	(3.0025214421988613+1.7830253587069362j)	0.361447811126709	26.50216
279	(2.901965405482787+1.8323596394847508j)	0.5632519721984863	26.59749
280	(2.798438210411068+1.8759192324429428j)	0.5406079292297363	26.69282
281	(2.6930025963414255+1.913539928103808j)	0.7983002662658691	26.78815
282	(2.5858432177926014+1.9451394804636581j)	0.6668171882629395	26.88348
283	(2.4765979269223344+1.9704230420622397j)	0.49740099906921387	26.9788
284	(2.3658209108479284+1.9899521132310052j)	0.474776029586792	27.07413
285	(2.2543611954857803+2.0028667293451674j)	0.40953993797302246	27.16946
286	(2.1426677403975543+2.0094415001724744j)	0.38667774200439453	27.26479
287	(2.0304127269039887+2.00983471213476j)	0.3418600559234619	27.36012
288	(1.917842487447909+2.0040116719734895j)	0.32278919219970703	27.45544
289	(1.8060630605642878+1.9915546316353185j)	0.3249998092651367	27.55077
290	(1.6954096958528284+1.972600819046186j)	0.3359529972076416	27.6461
291	(1.5857393367400343+1.9477094650767324j)	0.35244083404541016	27.74143
292	(1.4771640831350838+1.9167136837985397j)	0.35687780380249023	27.83676
293	(1.3709525550149373+1.8796984784498967j)	0.36076807975769043	27.93208
294	(1.2669451753279521+1.8361669049251832j)	0.36949992179870605	28.02741
295	(1.1654733883426966+1.7871858384736998j)	0.3881568908691406	28.12274
296	(1.066561658740265+1.7327918473264368j)	0.35592079162597656	28.21807
297	(0.9709635995414299+1.6726250549326414j)	0.3708930015563965	28.3134
298	(0.8792753197337562+1.6067968086535385j)	0.3137359619140625	28.40872
299	(0.7912265759862334+1.5361659994785757j)	0.32328200340270996	28.50405
300	(0.7071309899493055+1.461017942586763j)	0.34418416023254395	28.59938
301	(0.6273778077138257+1.3809127821873954j)	0.30962395668029785	28.69471
302	(0.5525948226541677+1.2960695638527784j)	0.3304581642150879	28.79004
303	(0.48231674703642724+1.2072066574795166j)	0.3165900707244873	28.88536
304	(0.4174019923331684+1.1149990377693022j)	0.36707401275634766	28.98069
305	(0.3576232832234748+1.0189642905498986j)	0.3358299732208252	29.07602
306	(0.30340322169001305+0.9189516523105666j)	0.3588128089904785	29.17135
307	(0.25475615634330445+0.8168897909874361j)	0.3545660972595215	29.26667
308	(0.21236409406516757+0.7122035917950694j)	0.4403369426727295	29.362
309	(0.17565701583631702+0.6050842370295303j)	0.3150980472564697	29.45733
310	(0.1449473416319701+0.4955983577247478j)	0.5018341541290283	29.55266
311	(0.12062176465776295+0.38468183743558304j)	0.37734508514404297	29.64799
312	(0.1026881467408415+0.2730762394335738j)	0.35658788681030273	29.74331
313	(0.0909668338738457+0.16031210468223248j)	0.3702552318572998	29.83864
314	(0.08534149435493807+0.04672697050159395j)	0.33605480194091797	29.93397
315	(0.08637489828229104-0.06694158138389418j)	0.3283557891845703	30.0293
316	(0.09397789968483507-0.1799393552896279j)	0.4364349842071533	30.12463
317	(0.10808004501254437-0.29266355750780193j)	0.33940696716308594	30.21995
318	(0.12794179310851894-0.4044960572090627j)	0.3377869129180908	30.31528
319	(0.1543607541998443-0.5150879155132575j)	0.3859279155731201	30.41061
320	(0.18734241714589622-0.6237191314392084j)	0.32516026496887207	30.50594
321	(0.22625080856242866-0.7303212204795307j)	0.3588721752166748	30.60127
322	(0.2707902074987142-0.8350294031908778j)	0.35451698303222656	30.69659
323	(0.3213238379772362-0.9368846028760605j)	0.4497239589691162	30.79192
324	(0.37798910950338865-1.03564500515493j)	0.3272068500518799	30.88725
325	(0.4399932822319212-1.1309780844267348j)	0.3640708923339844	30.98258
326	(0.5069127535547773-1.2229752197353017j)	0.4277949333190918	31.07791
327	(0.5789020701359882-1.3107794370771204j)	0.36683082580566406	31.17323
328	(0.6563164663233626-1.3946273709446206j)	0.6478030681610107	31.26856
329	(0.738233056282563-1.4738204620241342j)	0.8432221412658691	31.36389
330	(0.8240274275737203-1.5483380534252043j)	0.9268920421600342	31.45922
331	(0.9139595003925994-1.6180277973447657j)	1.0118491649627686	31.55455
332	(1.0082122492154855-1.6822522163386378j)	0.678307294845581	31.64987
333	(1.1058373036499547-1.7412290368779748j)	0.8444743156433105	31.7452
334	(1.2062092049893667-1.7944240929810875j)	0.78619384765625	31.84053
335	(1.3094452770160965-1.8420094404526977j)	0.7286670207977295	31.93586
336	(1.4157823085105745-1.8837356643645737j)	1.1475672721862793	32.03118
337	(1.5241187316583107-1.9194346275392895j)	0.9318571090698242	32.12651
338	(1.6340217199816962-1.9485904888701855j)	0.8940229415893555	32.22184
339	(1.7453625879680685-1.9716347586283234j)	1.1482138633728027	32.31717
340	(1.8582695470198645-1.9885578922223128j)	0.7350997924804688	32.4125
341	(1.971790506413824-1.9992423964273378j)	0.38829517364501953	32.50782
342	(2.0856682543506215-2.002906634375604j)	0.39050960540771484	32.60315
343	(2.199475538773873-2.00025841538013j)	0.38222575187683105	32.69848
344	(2.3132269839201554-1.991576180227024j)	0.3202810287475586	32.79381
345	(2.426440129288799-1.9764108331554127j)	0.4355030059814453	32.88914
346	(2.5381070779283164-1.9545613447874015j)	0.3285839557647705	32.98446
347	(2.648586634191043-1.9263961736347777j)	0.30010008811950684	33.07979
348	(2.7573345686143713-1.8925035638102299j)	0.4283287525177002	33.17512
349	(2.8641310164664775-1.8524993973884207j)	0.3261749744415283	33.27045
350	(2.9682582722248902-1.8061233970587742j)	0.31023693084716797	33.36578
351	(3.069732881344853-1.753799517525808j)	0.38872599601745605	33.4611
352	(3.167912332820776-1.6963638159165315j)	0.46915578842163086	33.55643
353	(3.2628209274505924-1.6334965088086086j)	0.4197821617126465	33.65176
354	(3.354016479068924-1.5648995923342595j)	0.3162388801574707	33.74709
355	(3.441019707676676-1.491179255192928j)	0.3290107250213623	33.84242
356	(3.5240056827505533-1.4131507667107936j)	0.6908771991729736	33.93774
357	(3.602198877578919-1.3305701136294794j)	0.8862788677215576	34.03307
358	(3.675825993836572-1.2432978815110731j)	0.8395590782165527	34.1284
359	(3.7442130058161607-1.1518712616072826j)	0.9897332191467285	34.22373
360	(3.807461777928088-1.0571657574191904j)	0.7663228511810303	34.31906
361	(3.864998212763222-0.9592037127749039j)	0.7528393268585205	34.41438
362	(3.917295180185944-0.8577627619249633j)	0.48621320724487305	34.50971
363	(3.9637312107557636-0.7533869041554102j)	0.4409210681915283	34.60504
364	(4.003949395121172-0.6469318773616215j)	0.3772711753845215	34.70037
365	(4.037871019044042-0.538398760262282j)	0.3444998264312744	34.79569
366	(4.066143521488781-0.428007031460327j)	0.3310661315917969	34.89102
367	(4.08814304465056-0.3160629282861593j)	0.33870697021484375	34.98635
368	(4.10337986234156-0.2032671407355225j)	0.3220200538635254	35.08168
369	(4.112178635577855-0.09002110357766666j)	0.45867085456848145	35.17701
370	(4.114830571005852+0.024010910208774043j)	0.41805195808410645	35.27233
371	(4.111225896053568+0.1377897679361124j)	0.3173389434814453	35.36766
372	(4.100747521060373+0.25119724323845694j)	0.36613988876342773	35.46299
373	(4.083760552856292+0.3636551479400794j)	0.4169197082519531	35.55832
374	(4.06082304787403+0.47511718324714053j)	0.39621710777282715	35.65365
375	(4.031882130942414+0.585050885745055j)	0.381072998046875	35.74897
376	(3.9962869057595283+0.6932988480483759j)	0.47518110275268555	35.8443
377	(3.9544789571560766+0.7992615583860425j)	0.4653491973876953	35.93963
378	(3.9071701478992553+0.9026257803042401j)	0.4480459690093994	36.03496
379	(3.8543206395249934+1.00331382060806j)	0.48731493949890137	36.13029
380	(3.7954501440126776+1.100528960296254j)	0.4896271228790283	36.22561
381	(3.731054072350556+1.1945871678850075j)	0.6994929313659668	36.32094
382	(3.661796497248245+1.2845860094706998j)	0.5018911361694336	36.41627
383	(3.587830134034959+1.3705634069541137j)	0.38513827323913574	36.5116
384	(3.508788261397344+1.4522865972030017j)	0.5596139430999756	36.60693
385	(3.424991981335456+1.5295119277799247j)	0.39873480796813965	36.70225
386	(3.337318821567334+1.6015829669978476j)	0.5396473407745361	36.79758
387	(3.2457711020630806+1.668490755835489j)	0.3959181308746338	36.89291
388	(3.1507045153242257+1.7304012247696159j)	0.3132772445678711	36.98824
389	(3.051797341142508+1.7867937117852526j)	0.4095458984375	37.08357
390	(2.9503693174353103+1.8375674898589396j)	0.4040398597717285	37.17889
391	(2.846238957861667+1.88211509237272j)	0.5422770977020264	37.27422
392	(2.739333357845135+1.9209680802607583j)	0.31561994552612305	37.36955
393	(2.6308021124048024+1.9540756284297767j)	0.2931969165802002	37.46488
394	(2.5207397821272584+1.9806727137204834j)	0.45075297355651855	37.5602
395	(2.4091436917280835+2.0006910981616497j)	0.3341948986053467	37.65553
396	(2.2967016270586704+2.014761858514496j)	0.3075559139251709	37.75086
397	(2.1835110075950492+2.0227000993507582j)	0.36278200149536133	37.84619
398	(2.07015130908184+2.0239223015555448j)	0.3391270637512207	37.94152
399	(1.957019218587397+2.0184046793551986j)	0.31287693977355957	38.03684
400	(1.8444558100962705+2.0069143849836513j)	0.3307149410247803	38.13217
401	(1.7327242708533341+1.9893712481276828j)	0.33795809745788574	38.2275
402	(1.6220981588965935+1.9652126980022204j)	0.4213998317718506	38.32283
403	(1.5132014239364107+1.9345511051100421j)	0.3298959732055664	38.41816
404	(1.405967645253407+1.898142186859473j)	0.47520875930786133	38.51348
405	(1.301358914092954+1.855974527087564j)	0.5663230419158936	38.60881
406	(1.1990732707422402+1.8077429219484287j)	0.5565321445465088	38.70414
407	(1.0996869561562872+1.7534969580507314j)	0.3200337886810303	38.79947
408	(1.0036626778068298+1.6939840113756122j)	0.6587121486663818	38.8948
409	(0.911263013996004+1.6295756211843742j)	0.3125030994415283	38.99012
410	(0.822489282315999+1.5597808347327635j)	0.3278999328613281	39.08545
411	(0.7376543315186121+1.484843884347414j)	0.30745410919189453	39.18078
412	(0.6573035397704958+1.4061003301877548j)	0.27736401557922363	39.27611
413	(0.5819067759828351+1.3220404155728047j)	0.412416934967041	39.37144
414	(0.5113385117817877+1.234197900555135j)	0.30775880813598633	39.46676
415	(0.4453738948893643+1.1424944913785464j)	0.42564988136291504	39.56209
416	(0.3850058755609137+1.0472896359754595j)	0.31441497802734375	39.65742
417	(0.33000801212778474+0.9495562937077597j)	0.27733421325683594	39.75275
418	(0.28115875839700133+0.8480718028395196j)	0.3447549343109131	39.84808
419	(0.2375009161445201+0.7440463826724082j)	0.39235568046569824	39.9434
420	(0.199999894032216+0.6379300194982899j)	0.42560315132141113	40.03873
421	(0.16888939852607243+0.5300478295144853j)	0.316878080368042	40.13406
422	(0.14370082602052653+0.4206413464760041j)	0.43492794036865234	40.22939
423	(0.12432790827454117+0.30988685591569476j)	0.48328590393066406	40.32471
424	(0.11152817562618844+0.19827290588565952j)	0.4170410633087158	40.42004
425	(0.10538603205755495+0.08611897233887618j)	0.34332919120788574	40.51537
426	(0.10537140531911156-0.026029795914078398j)	0.4749579429626465	40.6107
427	(0.11129417167483974-0.13807397001932417j)	0.39599108695983887	40.70603
428	(0.12373180061123264-0.2492926459353121j)	0.3385181427001953	40.80135
429	(0.1427070146468316-0.35999611859554814j)	0.3417048454284668	40.89668
430	(0.16774908122223875-0.4691803881379764j)	0.30737900733947754	40.99201
431	(0.19851003158467356-0.5766454571167334j)	0.3627147674560547	41.08734
432	(0.23537227508479427-0.6822804761595423j)	0.4468729496002197	41.18267
433	(0.2785785555398785-0.7856432758151651j)	0.3562490940093994	41.27799
434	(0.32723819558422157-0.8861264308361881j)	0.49129199981689453	41.37332
435	(0.3813056300185448-0.9837894329895782j)	0.4076690673828125	41.46865
436	(0.4407433538924467-1.078186878213406j)	0.37665891647338867	41.56398
437	(0.5057753936977144-1.1691533362969266j)	0.41899585723876953	41.65931
438	(0.5755602345655432-1.2563898510514209j)	0.4272310733795166	41.75463
439	(0.6500349858634848-1.3390106753996949j)	0.3884921073913574	41.84996
440	(0.728970182268857-1.4174591885472383j)	0.308927059173584	41.94529
441	(0.8124400866712362-1.4915902169744897j)	0.2943289279937744	42.04062
442	(0.8999425678267561-1.5607390076749796j)	0.32033681869506836	42.13595
443	(0.9911212545275209-1.6244202383573516j)	0.4374370574951172	42.23127
444	(1.08507098840211-1.6831760174519386j)	0.5975282192230225	42.3266
445	(1.1826222738837353-1.7367528086512334j)	0.4767460823059082	42.42193
446	(1.283062006155736-1.7846095588401576j)	0.4538156986236572	42.51726
447	(1.385708803016701-1.8263856786982557j)	0.474384069442749	42.61259
448	(1.4906730383352227-1.8622217246130313j)	0.611102819442749	42.70791
449	(1.5972818046909996-1.8925666310593703j)	0.4467010498046875	42.80324
450	(1.7054944296619263-1.9167639244458752j)	0.4291541576385498	42.89857
451	(1.8147610271850185-1.934404218847748j)	0.3676321506500244	42.9939
452	(1.9249827483852795-1.945938073597837j)	0.3291950225830078	43.08922
453	(2.0352217825508205-1.9515569240257888j)	0.33640503883361816	43.18455
454	(2.145700842018252-1.9509419159143222j)	0.3378927707672119	43.27988
455	(2.2560436406221664-1.9437210171270065j)	0.487454891204834	43.37521
456	(2.3656177536079728-1.9302813455011583j)	0.45127296447753906	43.47054
457	(2.474179049039236-1.9112111255325415j)	0.34888601303100586	43.56586
458	(2.5813510059557374-1.8859109720155394j)	0.36490797996520996	43.66119
459	(2.6871729881110396-1.8543754535915493j)	0.452714204788208	43.75652
460	(2.790877977727778-1.8168944040366917j)	0.338392972946167	43.85185
461	(2.8920754686531214-1.7740359973447997j)	0.3372170925140381	43.94718
462	(2.990459005698141-1.725498569269888j)	0.3919060230255127	44.0425
463	(3.086394261586649-1.6714139775232977j)	0.3111109733581543	44.13783
464	(3.178985790409576-1.61195783974589j)	0.3137030601501465	44.23316
465	(3.2676891825069707-1.5476669557082456j)	0.31324195861816406	44.32849
466	(3.352615270989447-1.4786662375447015j)	0.3330671787261963	44.42382
467	(3.4336882084817435-1.404598325170976j)	0.3105587959289551	44.51914
468	(3.51050119023542-1.32631050576031j)	0.3177626132965088	44.61447
469	(3.5823259815498125-1.2439212404841897j)	0.3101990222930908	44.7098
470	(3.6493401557443033-1.1578084321575095j)	0.36907482147216797	44.80513
471	(3.7116863904005557-1.0679118159652565j)	0.3133261203765869	44.90046
472	(3.768984452420675-0.9748104200442562j)	0.3741309642791748	44.99578
473	(3.8204452167110468-0.8785731205754086j)	0.2915499210357666	45.09111
474	(3.866323045164206-0.7797729530818744j)	0.28917598724365234	45.18644
475	(3.9069333922064278-0.6786041193523877j)	0.2980160713195801	45.28177
476	(3.941859285416325-0.5752274573389793j)	0.31071901321411133	45.3771
477	(3.9704845222491985-0.4704288695567693j)	0.3000349998474121	45.47242
478	(3.993093973887448-0.36401304045415817j)	0.29341721534729004	45.56775
479	(4.009862983155293-0.2576527328058571j)	0.29491519927978516	45.66308
480	(4.021017272812659-0.148718964366934j)	0.3315410614013672	45.75841
481	(4.025415916549767-0.04035175121278067j)	0.30670690536499023	45.85373
482	(4.023801067011534+0.06822714380161132j)	0.3096919059753418	45.94906
483	(4.016298284815587+0.17611969346319611j)	0.3154280185699463	46.04439
484	(4.002897504475886+0.2833545225569516j)	0.29634904861450195	46.13972
485	(3.9831828369711264+0.38977740871345423j)	0.33411192893981934	46.23505
486	(3.957479060278925+0.4950186218634145j)	0.4647359848022461	46.33037
487	(3.9260510920510985+0.5981330640675577j)	0.48715901374816895	46.4257
488	(3.8890338066623276+0.6991982673364296j)	0.3588988780975342	46.52103
489	(3.8462434485615042+0.7982749944714966j)	0.335374116897583	46.61636
490	(3.7977737826174076+0.8947565272443642j)	0.3307511806488037	46.71169
491	(3.7444413117113426+0.9880831584339237j)	0.3326289653778076	46.80701
492	(3.6858064345062322+1.07798364308502j)	0.3216569423675537	46.90234
493	(3.622272013433993+1.1647578091738553j)	0.3264119625091553	46.99767
494	(3.553861507132925+1.2478801839336806j)	0.3943169116973877	47.093
495	(3.481082213680141+1.3266512116497022j)	0.728471040725708	47.18833
496	(3.404081239630847+1.4008918153365146j)	0.38907909393310547	47.28365
497	(3.323155252057327+1.4710506859341588j)	0.37586474418640137	47.37898
498	(3.2384118805026363+1.536658744298758j)	0.3094370365142822	47.47431
499	(3.1501543563406837+1.5970023155083055j)	0.49898600578308105	47.56964
500	(3.0588899405503867+1.6520349709327944j)	0.6335060596466064	47.66497
501	(2.9644831654252872+1.7021428807354355j)	0.38314294815063477	47.76029
502	(2.8677771699666224+1.7469933443064338j)	0.38893604278564453	47.85562
503	(2.7685809951210842+1.7860148625041528j)	0.5068719387054443	47.95095
504	(2.6674820684765272+1.8191270355841243j)	1.0625531673431396	48.04628
505	(2.56483083064809+1.8467683789864537j)	0.917747974395752	48.14161
506	(2.4600501914631483+1.8677579422419022j)	0.8098430633544922	48.23693
507	(2.3558972167775654+1.8847780279694435j)	1.113853931427002	48.33226
508	(2.250124328212936+1.8945341381876306j)	0.7617409229278564	48.42759
509	(2.1442669616217267+1.8985612671029324j)	1.1070740222930908	48.52292
510	(2.038668563001684+1.8968201075650954j)	0.7239851951599121	48.61824
511	(1.9330624614856113+1.889011447163126j)	0.7573912143707275	48.71357
512	(1.8280066237588177+1.8751504658772793j)	0.8931708335876465	48.8089
513	(1.7242921309643784+1.855536874993389j)	1.159052848815918	48.90423
514	(1.6220701523525813+1.8304151047042787j)	0.8951959609985352	48.99956
515	(1.5213918806718474+1.7992362244602775j)	0.8845419883728027	49.09488
516	(1.422384650098743+1.7626595917896886j)	0.79815673828125	49.19021
517	(1.3260042925504918+1.7205637491076093j)	1.0187630653381348	49.28554
518	(1.2324498868234528+1.6733328512655241j)	0.9970672130584717	49.38087
519	(1.1415444300156907+1.6209002876927285j)	0.7545089721679688	49.4762
520	(1.0534982549991139+1.563408972881779j)	0.7295248508453369	49.57152
521	(0.9692213558352275+1.5011118577163156j)	0.6543259620666504	49.66685
522	(0.8889091538057667+1.4342710559385243j)	0.8343658447265625	49.76218
523	(0.8122865907256587+1.3631765819469108j)	0.6548352241516113	49.85751
524	(0.7395546095497672+1.2878165676478708j)	0.7266240119934082	49.95284
525	(0.6714900230247179+1.2088429392657312j)	0.772878885269165	50.04816
526	(0.608262952070379+1.1259222347432238j)	0.6870570182800293	50.14349
527	(0.5496437664852497+1.0398784773964345j)	0.38550591468811035	50.23882
528	(0.4956827877616169+0.9507835913161933j)	0.34020209312438965	50.33415
529	(0.4470386161226523+0.8588046285257089j)	0.3195328712463379	50.42948
530	(0.4040564520414364+0.7643191634632184j)	0.33011937141418457	50.5248
531	(0.3662247930632185+0.6677689211952146j)	0.3119168281555176	50.62013
532	(0.3336441205240188+0.5695084168523915j)	0.3054981231689453	50.71546
533	(0.3067824257875273+0.46949887091810494j)	0.37029600143432617	50.81079
534	(0.28594515148357447+0.36820628156420065j)	0.49098920822143555	50.90612
535	(0.27055586637025514+0.2659046445400679j)	0.5648560523986816	51.00144
536	(0.26085380774699624+0.16343280363927304j)	0.3224220275878906	51.09677
537	(0.2569449961066949+0.06045026646723259j)	0.4993760585784912	51.1921
538	(0.2590889039217156-0.04268430315431801j)	0.330780029296875	51.28743
539	(0.2669486931375863-0.14527738285409214j)	0.33717989921569824	51.38276
540	(0.28016618978381186-0.2469379962232575j)	0.6314198970794678	51.47808
541	(0.2992058594130292-0.3477364915642253j)	0.8345131874084473	51.57341
542	(0.32396887491753396-0.4475060703735473j)	0.6892271041870117	51.66874
543	(0.3542705793244343-0.5454554315787199j)	0.9091808795928955	51.76407
544	(0.3897784386073464-0.6410706794703817j)	0.8241679668426514	51.85939
545	(0.4306015607626589-0.7346822488815706j)	0.7317368984222412	51.95472
546	(0.4765163303776657-0.8260764932048608j)	0.8962287902832031	52.05005
547	(0.5275231230844932-0.9144973061894383j)	0.7988770008087158	52.14538
548	(0.5832165100099249-0.9994819884215577j)	0.34091639518737793	52.24071
549	(0.6437295972810011-1.081254630397727j)	0.5746350288391113	52.33603
550	(0.7083188223481331-1.1597266115172493j)	0.3035891056060791	52.43136
551	(0.7772997323019558-1.2342719965317783j)	0.3190591335296631	52.52669
552	(0.8503267633376874-1.3044064456432272j)	0.3153409957885742	52.62202
553	(0.9269687451724946-1.3703370837627031j)	0.3154911994934082	52.71735
554	(1.0070853484919333-1.4322305351623725j)	0.33066582679748535	52.81267
555	(1.0904459696060287-1.4892973139244157j)	0.339047908782959	52.908
556	(1.1769946790779913-1.5412849435386968j)	0.3533942699432373	53.00333
557	(1.266071173719418-1.5883171586183356j)	0.41134190559387207	53.09866
558	(1.3574386897647301-1.6306034503762799j)	0.3525729179382324	53.19399
559	(1.4507677050005656-1.6675059305551172j)	0.3848710060119629	53.28931
560	(1.546357903192094-1.6989806226053168j)	0.3810429573059082	53.38464
561	(1.6432903818718685-1.724988551714073j)	0.5017616748809814	53.47997
562	(1.7411475724259515-1.7457718736311558j)	0.36652588844299316	53.5753
563	(1.839986856336068-1.7610832993494792j)	0.4694488048553467	53.67063
564	(1.9395927139145124-1.7704228460167712j)	0.3229649066925049	53.76595
565	(2.039448687410456-1.7743337762675455j)	0.331679105758667	53.86128
566	(2.138889425096123-1.7727547214598618j)	0.3034629821777344	53.95661
567	(2.23803873565875-1.7657082794407575j)	0.31540489196777344	54.05194
568	(2.336791809833107-1.7528971567729519j)	0.32047009468078613	54.14727
569	(2.434634635340001-1.7347536799105139j)	0.30182981491088867	54.24259
570	(2.5307514467610015-1.711095534376053j)	0.29621124267578125	54.33792
571	(2.625354659684162-1.6822767294934147j)	0.30726122856140137	54.43325
572	(2.718373926824487-1.6481281519756925j)	0.29357481002807617	54.52858
573	(2.809228693681124-1.6090941395278446j)	0.38048601150512695	54.6239
574	(2.897333474371865-1.5647712111656105j)	0.3836963176727295	54.71923
575	(2.98271563574414-1.5157850973170202j)	0.32637524604797363	54.81456
576	(3.0654779102428975-1.462297120116944j)	0.3345680236816406	54.90989
577	(3.1450528048353563-1.4042307153785663j)	0.3126037120819092	55.00522
578	(3.2207072991898684-1.3419402672070029j)	0.34602904319763184	55.10054
579	(3.2927953754933776-1.2754835691953381j)	0.3320188522338867	55.19587
580	(3.361211225011608-1.2054720634660665j)	0.33436012268066406	55.2912
581	(3.425600270588363-1.1317676709447113j)	0.340576171875	55.38653
582	(3.485360154949246-1.0545488497979176j)	0.5693149566650391	55.48186
583	(3.540665352362969-0.9740724445662876j)	0.5579559803009033	55.57718
584	(3.5914673356120947-0.8911615680301139j)	0.3112199306488037	55.67251
585	(3.6375937893289505-0.8056082603759283j)	0.33086085319519043	55.76784
586	(3.678596342077118-0.7174435215117416j)	0.48218488693237305	55.86317
587	(3.71442321082641-0.6272735347418374j)	0.3214449882507324	55.9585
588	(3.745624302891316-0.5356119497249738j)	0.31903624534606934	56.05382
589	(3.771296515087859-0.4424692676226183j)	0.31560301780700684	56.14915
590	(3.791747304249464-0.3478632670345163j)	0.3203301429748535	56.24448
591	(3.806710399459959-0.25233989428773573j)	0.32098388671875	56.33981
592	(3.8165629714648768-0.15658493481880087j)	0.30992889404296875	56.43514
593	(3.8209825789440712-0.06071916809771838j)	0.31385183334350586	56.53046
594	(3.820116533645585+0.035541456864539356j)	0.3503296375274658	56.62579
595	(3.813721256750676+0.1314297580303183j)	0.5245728492736816	56.72112
596	(3.802174588089438+0.22656517359244188j)	0.3284432888031006	56.81645
597	(3.785451225646256+0.3205528203437926j)	0.39685773849487305	56.91178
598	(3.7632630400593357+0.4136538359933679j)	0.35755109786987305	57.0071
599	(3.7361806724776834+0.5053516932295476j)	0.30048394203186035	57.10243
600	(3.7039201087192035+0.5949571663268813j)	0.36499929428100586	57.19776
601	(3.6668493351420737+0.682350859073491j)	0.3226349353790283	57.29309
602	(3.624966069454439+0.7678509494417014j)	0.513200044631958	57.38841
603	(3.578666963299036+0.8507263694173535j)	0.44060230255126953	57.48374
604	(3.527599249520695+0.9305851924828739j)	0.3615562915802002	57.57907
605	(3.4722457122110963+1.007211059238063j)	0.3334980010986328	57.6744
606	(3.412956224519231+1.080808075786803j)	0.36073899269104004	57.76973
607	(3.350086266793632+1.1512437950895147j)	0.3086659908294678	57.86505
608	(3.2828088777944995+1.2172948024763939j)	0.35410594940185547	57.96038
609	(3.212296131318916+1.279520527988166j)	0.34279918670654297	58.05571
610	(3.1385206973012982+1.337862684456225j)	0.30033206939697266	58.15104
611	(3.061923647685051+1.3921175704829611j)	0.29941606521606445	58.24637
612	(2.982417614675363+1.4415545087983372j)	0.29160332679748535	58.34169
613	(2.9001600592977654+1.4865774050313985j)	0.2977921962738037	58.43702
614	(2.815983366107302+1.526894265589549j)	0.29436206817626953	58.53235
615	(2.729951287498255+1.5625656929475293j)	0.3005030155181885	58.62768
616	(2.6419417000254475+1.5932312834318354j)	0.29902195930480957	58.72301
617	(2.5522655648476658+1.6188572349444457j)	0.3071150779724121	58.81833
618	(2.461785309409613+1.6394066698082885j)	0.39926791191101074	58.91366
619	(2.3706088251786195+1.6549367818413032j)	0.3878660202026367	59.00899
620	(2.2785505823000385+1.6653842633092875j)	0.3482980728149414	59.10432
621	(2.185990173662759+1.6705276656750696j)	0.3262460231781006	59.19965
622	(2.0937025568409835+1.6707908783339116j)	0.35123181343078613	59.29497
623	(2.001858142096431+1.6656692632085748j)	0.3379662036895752	59.3903
624	(1.9103240341797898+1.6556421266944739j)	0.3289029598236084	59.48563
625	(1.8193845052091948+1.6405261423518167j)	0.3092679977416992	59.58096
626	(1.7297982041419055+1.6203659160089166j)	0.3271799087524414	59.67629
627	(1.641902844617344+1.5952676121701215j)	0.5009260177612305	59.77161
628	(1.555384546286188+1.5655162309209192j)	0.5609691143035889	59.86694
629	(1.4705643992396586+1.531133570314665j)	0.3065509796142578	59.96227
630	(1.3881044063094286+1.4919881276668812j)	0.30609631538391113	60.0576
631	(1.308281549428126+1.4482183644018463j)	0.3098621368408203	60.15292
632	(1.2309650061317543+1.400441905988406j)	0.2928650379180908	60.24825
633	(1.1563900449560887+1.3486844733900025j)	0.2969508171081543	60.34358
634	(1.0850043895686052+1.2927025261255596j)	0.29978013038635254	60.43891
635	(1.0169018520844095+1.233000494644373j)	0.3057880401611328	60.53424
636	(0.9525671318892329+1.1694472166945737j)	0.31133198738098145	60.62956
637	(0.8917194907823979+1.1028752087550333j)	0.29151082038879395	60.72489
638	(0.8348095097200967+1.0331385399389221j)	0.34156084060668945	60.82022
639	(0.7820349081151585+0.9601083645176239j)	0.33080291748046875	60.91555
640	(0.7334204701694556+0.8845911472427616j)	0.3314821720123291	61.01088
641	(0.6889982969506999+0.8069152080338968j)	0.3228306770324707	61.1062
642	(0.649032805549465+0.7267422585819207j)	0.3024270534515381	61.20153
643	(0.6136476591674478+0.6443565772187693j)	0.30223894119262695	61.29686
644	(0.5829932244885081+0.5604877249061757j)	0.30125999450683594	61.39219
645	(0.5569207826964919+0.4754564111598365j)	0.30645108222961426	61.48752
646	(0.5358733484266662+0.38907373344468155j)	0.3804159164428711	61.58284
647	(0.5193788909949095+0.3015311612459782j)	0.36473894119262695	61.67817
648	(0.5079448339785562+0.21352042903620178j)	0.29213905334472656	61.7735
649	(0.5014149094963685+0.12545241330138945j)	0.2868630886077881	61.86883
650	(0.49969934092988105+0.037152561061938066j)	0.28960490226745605	61.96416
651	(0.5028569584912927-0.0513132099390967j)	0.28486013412475586	62.05948
652	(0.510953777346759-0.13912286258334505j)	0.2847900390625	62.15481
653	(0.5240209264708401-0.22596251292722014j)	0.28675389289855957	62.25014
654	(0.5416925598697386-0.31190833765677567j)	0.2894470691680908	62.34547
655	(0.5640236888010661-0.39693670831071026j)	0.28443074226379395	62.4408
656	(0.590846648359804-0.48024011049701054j)	0.2876400947570801	62.53612
657	(0.6225794296606133-0.5616991138839726j)	0.28634190559387207	62.63145
658	(0.6585128032673621-0.6411716567792973j)	0.290067195892334	62.72678
659	(0.6985307881244676-0.718673530689251j)	0.2898290157318115	62.82211
660	(0.7427110127379551-0.7934479388425707j)	0.2863469123840332	62.91743
661	(0.7912620190564956-0.8656734490294742j)	0.3051180839538574	63.01276
662	(0.8434463208765182-0.9349142057484389j)	0.3230278491973877	63.10809
663	(0.8989952898462239-1.0012009739601009j)	0.3294658660888672	63.20342
664	(0.9581594048539478-1.064217922744637j)	0.3024308681488037	63.29875
665	(1.0209222579345814-1.1235755875142766j)	0.2975029945373535	63.39407
666	(1.0865910425729246-1.1793678300198613j)	0.2910289764404297	63.4894
667	(1.1548217894986341-1.2313378683714067j)	0.30841803550720215	63.58473
668	(1.2258189681929332-1.2794718742500915j)	0.31101202964782715	63.68006
669	(1.2995549306712209-1.3234208302303365j)	0.29634523391723633	63.77539
670	(1.3753826935011084-1.3633628975622827j)	0.29564690589904785	63.87071
671	(1.4528750213844988-1.3987176575949676j)	0.28850412368774414	63.96604
672	(1.532141539057053-1.4298392374441298j)	0.2987692356109619	64.06137
673	(1.6131939175326293-1.4565509298312052j)	0.29808998107910156	64.1567
674	(1.6954164709046249-1.478619443453098j)	0.29110288619995117	64.25203
675	(1.778178572916115-1.4961333466215727j)	0.2900102138519287	64.34735
676	(1.861795625617506-1.5089946668912533j)	0.28749895095825195	64.44268
677	(1.946101535130757-1.5174210714587821j)	0.29137110710144043	64.53801
678	(2.030596544376332-1.5210707554584817j)	0.3017752170562744	64.63334
679	(2.114688835693853-1.519987241251255j)	0.32103610038757324	64.72867
680	(2.198543466472021-1.5141459524687273j)	0.31125593185424805	64.82399
681	(2.281952624769511-1.5041108758823933j)	0.28623199462890625	64.91932
682	(2.3645860627539905-1.4894076735320378j)	0.2894139289855957	65.01465
683	(2.445896942301095-1.4699812245887347j)	0.28604626655578613	65.10998
684	(2.525809660214942-1.4462229986749313j)	0.2871108055114746	65.20531
685	(2.604540042206771-1.4183034591183281j)	0.3371469974517822	65.30063
686	(2.68134779677645-1.3861854099665396j)	0.40830492973327637	65.39596
687	(2.756046387601695-1.3496329051933076j)	0.577800989151001	65.49129
688	(2.828410966498485-1.3091427435244225j)	0.751460075378418	65.58662
689	(2.8985580921258345-1.265146867605206j)	0.8090991973876953	65.68194
690	(2.96590424915775-1.2173669187063259j)	0.7654869556427002	65.77727
691	(3.0305544541618796-1.1657347096100872j)	0.982370138168335	65.8726
692	(3.0920328949681926-1.1107343529115306j)	0.731330156326294	65.96793
693	(3.1503719671622425-1.0528656466648407j)	0.9093067646026611	66.06326
694	(3.205193389300976-0.992012642706307j)	0.8487701416015625	66.15858
695	(3.2567750710658085-0.9280281927438094j)	0.7358908653259277	66.25391
696	(3.3045806455337012-0.8614049736407555j)	0.8264660835266113	66.34924
697	(3.3484808220135798-0.7926977782234061j)	0.8766908645629883	66.44457
698	(3.3885690549532437-0.7218726215093981j)	0.8565661907196045	66.5399
699	(3.4245734002193697-0.6486788429713151j)	0.8138408660888672	66.63522
700	(3.4565960648307033-0.5738214986866585j)	0.63236403465271	66.73055
701	(3.4841698199514024-0.49768043697378644j)	0.3686861991882324	66.82588
702	(3.5075435526174754-0.4203634542366543j)	0.36351513862609863	66.92121
703	(3.526720654125049-0.3417157988328232j)	0.3551509380340576	67.01654
704	(3.541675255067753-0.2622646524006305j)	0.41385698318481445	67.11186
705	(3.563023292990962-0.18371219044046827j)	0.34180688858032227	67.20719
706	(3.5576771199853-0.10232802693370113j)	0.3989081382751465	67.30252
707	(3.559565133782254-0.022017193323208728j)	0.5453124046325684	67.39785
708	(3.5565923316417014+0.058323448808124456j)	0.3250269889831543	67.49318
709	(3.549338510809767+0.13783157924786665j)	0.3030219078063965	67.5885
710	(3.5376088129413024+0.21682530119011778j)	0.39946508407592773	67.68383
711	(3.5219236124455255+0.2949730635858487j)	0.3105800151824951	67.77916
712	(3.5020658034966385+0.3721392754789052j)	0.3173179626464844	67.87449
713	(3.4778122803422082+0.44779790152912125j)	0.32455992698669434	67.96982
714	(3.449333720182651+0.5218731492381514j)	0.297044038772583	68.06514
715	(3.417271284852975+0.5941373959910627j)	0.3088500499725342	68.16047
716	(3.381453541432165+0.6645041561037878j)	0.31064414978027344	68.2558
717	(3.341604776022704+0.7326588078583425j)	0.3023700714111328	68.35113
718	(3.298042880579308+0.7985101417769231j)	0.30616188049316406	68.44645
719	(3.251330239617571+0.8615500590412756j)	0.3143491744995117	68.54178
720	(3.2014328560052703+0.9218803819530055j)	0.31407999992370605	68.63711
721	(3.148121078460603+0.9794230270730039j)	0.3069338798522949	68.73244
722	(3.0916855555028904+1.0337972656317194j)	0.3013877868652344	68.82777
723	(3.0328523448179645+1.085002679656654j)	0.3074219226837158	68.92309
724	(2.9714003308424526+1.132613696783918j)	0.3091139793395996	69.01842
725	(2.907367075297152+1.1769800157515702j)	0.3076291084289551	69.11375
726	(2.8409616174638077+1.217720446542373j)	0.3274869918823242	69.20908
727	(2.7727948383374232+1.2545767723350192j)	0.31030821800231934	69.30441
728	(2.7029701903420564+1.2870266270266877j)	0.2994849681854248	69.39973
729	(2.6314276262005696+1.3167238621008197j)	0.3044469356536865	69.49506
730	(2.558385034452978+1.3420810528122813j)	0.30860209465026855	69.59039
731	(2.4843464289764547+1.3631346719050124j)	0.31012892723083496	69.68572
732	(2.4095064954707337+1.3798094475162497j)	0.518747091293335	69.78105
733	(2.3338512066509987+1.3929093539140691j)	0.6141140460968018	69.87637
734	(2.257735647950941+1.401866879252571j)	0.6376519203186035	69.9717
735	(2.1813857912902006+1.4063604016671982j)	0.6708269119262695	70.06703
736	(2.1051868243166827+1.4065518793922975j)	0.6480040550231934	70.16236
737	(2.029116076699552+1.4028202985259492j)	0.6367969512939453	70.25769
738	(1.9534082753697484+1.3951956199824849j)	0.8510420322418213	70.35301
739	(1.8783598343297634+1.383172673620198j)	0.783919095993042	70.44834
740	(1.8042673629016364+1.3669343077357552j)	0.6969699859619141	70.54367
741	(1.7313098949199381+1.3469791685751364j)	0.35736584663391113	70.639
742	(1.659506882018656+1.3233221927441159j)	0.31818127632141113	70.73433
743	(1.589481508177438+1.2956359178535393j)	0.3125040531158447	70.82965
744	(1.5209385028316247+1.2640257960797374j)	0.3017089366912842	70.92498
745	(1.4544750031393898+1.2290200876352195j)	0.32338881492614746	71.02031
746	(1.390079215743094+1.1907574976180557j)	0.3246042728424072	71.11564
747	(1.328078423704671+1.148789395162955j)	0.33121204376220703	71.21096
748	(1.2682370487365624+1.10357099926436j)	0.30516910552978516	71.30629
749	(1.2112877868806713+1.0553656498184263j)	0.30848002433776855	71.40162
750	(1.1572056707759333+1.0044412722780043j)	0.32671689987182617	71.49695
751	(1.1059134226079983+0.9505829506030201j)	0.3172111511230469	71.59228
752	(1.0575528576728699+0.893896589537407j)	0.30928683280944824	71.6876
753	(1.0126384197376466+0.8349226335834585j)	0.30205702781677246	71.78293
754	(0.9712167369401421+0.7738454733317846j)	0.31006693840026855	71.87826
755	(0.9330162356066257+0.710638727433479j)	0.40659618377685547	71.97359
756	(0.8982423302289114+0.6453166781023288j)	0.30024290084838867	72.06892
757	(0.8671538219880753+0.5786227760299346j)	0.30918312072753906	72.16424
758	(0.8400895752474528+0.5103605115265846j)	0.5049619674682617	72.25957
759	(0.8165632866745274+0.44088107502849877j)	0.7263100147247314	72.3549
760	(0.7966545901839647+0.37019681703462065j)	0.8204460144042969	72.45023
761	(0.7808000697043556+0.2986917986902915j)	0.9225740432739258	72.54556
762	(0.7691275359368671+0.22672742510657792j)	0.9108490943908691	72.64088
763	(0.7611552055080226+0.15429849300908016j)	0.7316060066223145	72.73621
764	(0.7570533548890532+0.08166518282634817j)	0.7859210968017578	72.83154
765	(0.7567078272873936+0.008922752805182774j)	0.7940201759338379	72.92687
766	(0.7607247174500144-0.06342857506894015j)	0.7350170612335205	73.0222
767	(0.768502423780117-0.13555097880467973j)	0.7498948574066162	73.11752
768	(0.7798812372687622-0.20678812215398484j)	0.6998779773712158	73.21285
769	(0.7952102590059226-0.2773340180267322j)	0.3252830505371094	73.30818
770	(0.8145839686119076-0.3468338888737751j)	0.3399338722229004	73.40351
771	(0.8375326023074844-0.41500126682795513j)	0.434175968170166	73.49884
772	(0.863740367422591-0.48175345672289127j)	0.31749892234802246	73.59416
773	(0.893649018944394-0.5469070799516711j)	0.31462788581848145	73.68949
774	(0.9272188775326562-0.6103845792402792j)	0.306537389755249	73.78482
775	(0.964029807580747-0.6717333288413821j)	0.30787205696105957	73.88015
776	(1.0037275621098365-0.7307561811574688j)	0.3371012210845947	73.97547
777	(1.0466363345630967-0.787595448130305j)	0.373593807220459	74.0708
778	(1.0926118699489744-0.842179984420827j)	0.769719123840332	74.16613
779	(1.141372931265829-0.8939636528389908j)	0.9536349773406982	74.26146
780	(1.1925190741093825-0.9427967353301172j)	0.3465158939361572	74.35679
781	(1.2466255068912921-0.9888916143448722j)	0.7204241752624512	74.45211
782	(1.3024248820006017-1.031961774089021j)	0.6968910694122314	74.54744
783	(1.3607197283773667-1.0719069488785786j)	0.949688196182251	74.64277
784	(1.4208552784380521-1.108329564149333j)	0.34984326362609863	74.7381
785	(1.4827325954548463-1.1415145868309515j)	0.31476521492004395	74.83343
786	(1.5464230522208025-1.171558528295889j)	0.4193296432495117	74.92875
787	(1.6114497422000387-1.197968912300726j)	0.30704593658447266	75.02408
788	(1.6777202678293037-1.220516850319041j)	0.3188657760620117	75.11941
789	(1.7449237063512044-1.2395283663536396j)	0.8514690399169922	75.21474
790	(1.8130699076089456-1.2551654921233961j)	0.45689892768859863	75.31007
791	(1.881620480976176-1.266855655779542j)	0.3469691276550293	75.40539
792	(1.9509612032438386-1.2749275743115793j)	0.30921506881713867	75.50072
793	(2.0203451678473505-1.2791124128242595j)	0.5443911552429199	75.59605
794	(2.089711462064315-1.2798689617298944j)	0.38670897483825684	75.69138
795	(2.159003607504047-1.2768878177444352j)	0.31891822814941406	75.78671
796	(2.227855017484126-1.269826464724238j)	0.34764790534973145	75.88203
797	(2.2960377370094305-1.2597012294826602j)	0.34937191009521484	75.97736
798	(2.3636082957572504-1.2451962702640356j)	0.3250281810760498	76.07269
799	(2.430154640271864-1.2276290557513065j)	0.3517110347747803	76.16802
800	(2.4956273757755767-1.2062400474112218j)	0.33983302116394043	76.26335
801	(2.5598935238167897-1.1814604030416436j)	0.3374173641204834	76.35867
802	(2.6223016331242603-1.1534648671403334j)	0.30988001823425293	76.454
803	(2.6831194264796396-1.1222569892693246j)	0.3361480236053467	76.54933
804	(2.7422996515801423-1.0876471120044693j)	0.3138539791107178	76.64466
805	(2.7995266147554068-1.0501063426767505j)	0.3371760845184326	76.73998
806	(2.8542061152208844-1.0095477688691183j)	0.35839390754699707	76.83531
807	(2.906657951896567-0.9663495274061169j)	0.43020105361938477	76.93064
808	(2.9568858281770174-0.9201983188661466j)	0.38971710205078125	77.02597
809	(3.0045138597127856-0.8714820930983151j)	0.3255138397216797	77.1213
810	(3.0491117430242043-0.8206140675726368j)	0.3297140598297119	77.21662
811	(3.090894078343131-0.7673608770668829j)	0.32703375816345215	77.31195
812	(3.130016910920082-0.7120852110714957j)	0.3470489978790283	77.40728
813	(3.1660851131898706-0.6547799692770716j)	0.4368767738342285	77.50261
814	(3.198698007868544-0.595784763734271j)	0.3126089572906494	77.59794
815	(3.228010606652538-0.535092993440715j)	0.3597850799560547	77.69326
816	(3.254313453162929-0.47321462143072224j)	0.4677419662475586	77.78859
817	(3.2772765866629365-0.41001635075229803j)	0.36620497703552246	77.88392
818	(3.296507190715628-0.34568300722267997j)	0.338547945022583	77.97925
819	(3.31217025520123-0.28058445059600334j)	0.3690907955169678	78.07458
820	(3.3246876750159053-0.2147372973695314j)	0.34931492805480957	78.1699
821	(3.333614554429265-0.14854824027483238j)	0.3775649070739746	78.26523
822	(3.3387700533570643-0.08183867164484848j)	0.3515799045562744	78.36056
823	(3.340254407485104-0.015074939200490078j)	0.3349418640136719	78.45589
824	(3.33844861734947+0.051498387476339946j)	0.5386590957641602	78.55122
825	(3.3331551167701576+0.11766078916235356j)	0.3394138813018799	78.64654
826	(3.324180877587678+0.18369549346866632j)	0.45639896392822266	78.74187
827	(3.3116112383778993+0.24907725271372916j)	0.3321211338043213	78.8372
828	(3.295782715637616+0.31339757205638263j)	0.3315122127532959	78.93253
829	(3.2767274033239504+0.3767173497188393j)	0.32274675369262695	79.02786
830	(3.253988774917898+0.4389340293008859j)	0.3591339588165283	79.12318
831	(3.2280967860242114+0.49996506463700496j)	0.3526620864868164	79.21851
832	(3.1990767904981547+0.5591698022392805j)	0.3689448833465576	79.31384
833	(3.167109611287874+0.6166211970566726j)	0.33063316345214844	79.40917
834	(3.1319038288389707+0.6724873125225886j)	0.38869190216064453	79.50449
835	(3.093982884686764+0.7264214720386843j)	0.3163149356842041	79.59982
836	(3.053185539172287+0.7779200211826457j)	0.3081212043762207	79.69515
837	(3.0098319895851393+0.8270207488496025j)	0.306992769241333	79.79048
838	(2.963940394333668+0.8739673682672344j)	0.30313706398010254	79.88581
839	(2.915737697488564+0.9185040761416445j)	0.31253504753112793	79.98113
840	(2.8650992308373837+0.9600843466768345j)	0.29987406730651855	80.07646
841	(2.812328475741572+0.9991374407947222j)	0.3105180263519287	80.17179
842	(2.757884763892447+1.0347972152099114j)	0.30378103256225586	80.26712
843	(2.7015066883253565+1.0680203612956707j)	0.3019230365753174	80.36245
844	(2.643613019524351+1.097829117490076j)	0.3073160648345947	80.45777
845	(2.584033729822851+1.1244767256225199j)	0.3115248680114746	80.5531
846	(2.5234068524945394+1.148069713350899j)	0.30040907859802246	80.64843
847	(2.4616792382952735+1.1685569844502286j)	0.3060150146484375	80.74376
848	(2.398890269128281+1.1855031636274522j)	0.3048677444458008	80.83909
849	(2.3352207079323866+1.1989187656706517j)	0.3133540153503418	80.93441
850	(2.271234696520467+1.2090908715304798j)	0.31004905700683594	81.02974
851	(2.2069341971068615+1.2159760221492326j)	0.31198620796203613	81.12507
852	(2.14219694604389+1.219297714371193j)	0.3194899559020996	81.2204
853	(2.0773760020732706+1.2189639485265304j)	0.32158589363098145	81.31573
854	(2.0127691119984585+1.2155161596146962j)	0.34627580642700195	81.41105
855	(1.9487399470267568+1.2085618319252098j)	0.31516289710998535	81.50638
856	(1.8849562546317715+1.1982160909354493j)	0.29964423179626465	81.60171
857	(1.8217200363232995+1.1843585668224366j)	0.3238818645477295	81.69704
858	(1.7595418763184627+1.167268245282051j)	0.30945301055908203	81.79237
859	(1.6986246938896163+1.1470434107127787j)	0.3035268783569336	81.88769
860	(1.638637701377605+1.1235895894878871j)	0.32967710494995117	81.98302
861	(1.579837554460114+1.096944453219602j)	0.31687331199645996	82.07835
862	(1.5227935175972402+1.0672254336199123j)	0.30315184593200684	82.17368
863	(1.4676794721713398+1.034529397767083j)	0.31813979148864746	82.269
864	(1.4141508005564303+0.999095859158349j)	0.3276188373565674	82.36433
865	(1.3624327368095819+0.9609292977680397j)	0.32256507873535156	82.45966
866	(1.3130372073988754+0.919973875596956j)	0.3162350654602051	82.55499
867	(1.2661445619835534+0.8765301114221199j)	0.3034679889678955	82.65032
868	(1.2213328210562482+0.8306531096852121j)	0.3187739849090576	82.74564
869	(1.1790463813193879+0.7826211428700022j)	0.307330846786499	82.84097
870	(1.1394551180406538+0.7323042969497213j)	0.31343984603881836	82.9363
871	(1.102821850852768+0.6799181329142372j)	0.30562305450439453	83.03163
872	(1.0688911016861622+0.625812641180412j)	0.2938508987426758	83.12696
873	(1.0376523485767346+0.5701446767973753j)	0.32201600074768066	83.22228
874	(1.0095734841274961+0.5127448280497295j)	0.30243802070617676	83.31761
875	(0.984729602968581+0.453807377304716j)	0.3111391067504883	83.41294
876	(0.9629834917487137+0.3938496572565069j)	0.30902910232543945	83.50827
877	(0.9442079382559347+0.33295698499827786j)	0.31465601921081543	83.6036
878	(0.9289529549044893+0.2711837111784896j)	0.3008410930633545	83.69892
879	(0.9169283221874531+0.20838618912348889j)	0.3094310760498047	83.79425
880	(0.9082777649626327+0.14527174080436112j)	0.3028731346130371	83.88958
881	(0.9028313233505922+0.08201715087381872j)	0.31171202659606934	83.98491
882	(0.9007627765567379+0.018442822365545897j)	0.3051788806915283	84.08024
883	(0.9022505044843405-0.045367826958897406j)	0.3048110008239746	84.17556
884	(0.9070301469544129-0.10880368701569709j)	0.35254716873168945	84.27089
885	(0.9151516152429541-0.1716626858960999j)	0.31743526458740234	84.36622
886	(0.9265228156549432-0.23412154801782353j)	0.3050210475921631	84.46155
887	(0.9413303084689953-0.29611413352555677j)	0.30784106254577637	84.55688
888	(0.9591896919945019-0.3571295809607932j)	0.3401029109954834	84.6522
889	(0.9804647169612489-0.416829580828306j)	0.512941837310791	84.74753
890	(1.0047397040366441-0.4754251794965094j)	0.3029820919036865	84.84286
891	(1.0320850166191964-0.5329191603016015j)	0.3099229335784912	84.93819
892	(1.0623001151864169-0.5886729859647011j)	0.40605902671813965	85.03351
893	(1.095743395703776-0.6426320866884887j)	0.3035247325897217	85.12884
894	(1.1318116707944876-0.6947873914012441j)	0.30788302421569824	85.22417
895	(1.1704560918397582-0.7451918524524819j)	0.303225040435791	85.3195
896	(1.2118151340473837-0.7934216032989525j)	0.3099057674407959	85.41483
897	(1.2557763354390001-0.8390824541772758j)	0.3040468692779541	85.51015
898	(1.3020095060033132-0.8824967248297211j)	0.3121049404144287	85.60548
899	(1.3502498989353884-0.9235402009935557j)	0.30603909492492676	85.70081
900	(1.40072335682014-0.9619692161335128j)	0.29551005363464355	85.79614
901	(1.4533108076319483-0.9974273431052277j)	0.3263218402862549	85.89147
902	(1.5077360403048519-1.0302344165764143j)	0.35190606117248535	85.98679
903	(1.5634696431935846-1.0600742125346834j)	0.6070489883422852	86.08212
904	(1.6208365542377892-1.0869857284624935j)	0.3774087429046631	86.17745
905	(1.6798005381578616-1.1106932414887527j)	0.4431641101837158	86.27278
906	(1.7398590351627217-1.1312049940006714j)	0.3267059326171875	86.36811
907	(1.800659815704225-1.1487460462888834j)	0.3055598735809326	86.46343
908	(1.8624579586273047-1.16300647407096j)	0.36690211296081543	86.55876
909	(1.9250873837810465-1.1738663880195785j)	0.528270959854126	86.65409
910	(1.9882099854158952-1.1813828655138732j)	0.30100297927856445	86.74942
911	(2.051382615150221-1.1856704988066646j)	0.29839110374450684	86.84475
912	(2.114698201918843-1.1864603579870043j)	0.3037889003753662	86.94007
913	(2.1782852160577972-1.1841026514430784j)	0.2946898937225342	87.0354
914	(2.241637931400874-1.1782786830294991j)	0.2863729000091553	87.13073
915	(2.3043157013180235-1.1690780034886037j)	0.2927701473236084	87.22606
916	(2.3664264828202732-1.1566570622958832j)	0.3154940605163574	87.32139
917	(2.4281477301958136-1.140867616941222j)	0.328732967376709	87.41671
918	(2.4888869972206122-1.1219244450633967j)	0.3027029037475586	87.51204
919	(2.5483210504506104-1.0996166384227268j)	0.3103818893432617	87.60737
920	(2.6064749838871615-1.0742645545978888j)	0.2980082035064697	87.7027
921	(2.6635573671559123-1.0459667707993052j)	0.30344080924987793	87.79802
922	(2.718823363356543-1.0148005489633756j)	0.28508901596069336	87.89335
923	(2.7725347621940433-0.9802552233545134j)	0.29094791412353516	87.98868
924	(2.8241711876591142-0.943081029067891j)	0.28553295135498047	88.08401
925	(2.874009522373151-0.9033946965843278j)	0.28759288787841797	88.17934
926	(2.921594314641534-0.8612036336771944j)	0.2870771884918213	88.27466
927	(2.9669255235342384-0.816169652242227j)	0.28395986557006836	88.36999
928	(3.009745286193458-0.7688215257759048j)	0.29554224014282227	88.46532
929	(3.0501165227042417-0.7195223485751363j)	0.29018282890319824	88.56065
930	(3.0879345527352866-0.6681235554571354j)	0.2883601188659668	88.65598
931	(3.122730274711708-0.6145254406718086j)	0.2865777015686035	88.7513
932	(3.1547455528369954-0.5591628198132177j)	0.2986598014831543	88.84663
933	(3.1838393673678507-0.5023307373705492j)	0.3028087615966797	88.94196
934	(3.2099361658778127-0.4440882922140448j)	0.2877011299133301	89.03729
935	(3.2328423130859427-0.38424309046835314j)	0.2853219509124756	89.13262
936	(3.252647143842543-0.32315530672451565j)	0.2870762348175049	89.22794
937	(3.2687434437729275-0.26169490529460426j)	0.27397894859313965	89.32327
938	(3.2821704218024528-0.19879950671103286j)	0.2895328998565674	89.4186
939	(3.2920242082414006-0.13528481702129747j)	0.28993797302246094	89.51393
940	(3.2984800990847662-0.07125962311157785j)	0.2871968746185303	89.60926
941	(3.3016149051779564-0.0072547457375331525j)	0.2871389389038086	89.70458
942	(3.3011803511821114+0.05688928952268624j)	0.2856318950653076	89.79991
943	(3.297538900966085+0.1211690404773369j)	0.2896571159362793	89.89524
944	(3.2904514435273393+0.1853214910210088j)	0.2902400493621826	89.99057
945	(3.2798857043775094+0.24880260774795482j)	0.28644776344299316	90.0859
946	(3.2658373141134236+0.31158253596639574j)	0.28829407691955566	90.18122
947	(3.2487371623391166+0.3737578070224099j)	0.2852020263671875	90.27655
948	(3.2283575300231355+0.4350893246253449j)	0.28974294662475586	90.37188
949	(3.2045356652559764+0.49511674549912854j)	0.290147066116333	90.46721
