	res_adaptive	time_adaptive	w
0	(1.0677585581079942-0.005400079219015209j)	0.45813608169555664	0.001
1	(1.2794525527992648-0.25525583959484505j)	0.320814847946167	0.09633
2	(1.393157628632898-0.34437076509549475j)	0.334094762802124	0.19166
3	(1.4895407572145378-0.4064213706463093j)	0.3227670192718506	0.28698
4	(1.5704337474547696-0.4544537572172588j)	0.31432175636291504	0.38231
5	(1.6407335986570906-0.48843258089801905j)	0.6063930988311768	0.47764
6	(1.703735872612704-0.515824750053662j)	0.3849039077758789	0.57297
7	(1.7649342587524526-0.5393152860588903j)	0.37869906425476074	0.6683
8	(1.8222885882956736-0.5592551975285116j)	0.32527709007263184	0.76362
9	(1.875239031246086-0.5715694543245584j)	0.3205139636993408	0.85895
10	(1.9242736584398066-0.580773908082645j)	0.38566017150878906	0.95428
11	(1.9723020894166035-0.5892975940963924j)	0.31732892990112305	1.04961
12	(2.0192530698588986-0.5949823425306957j)	0.49410581588745117	1.14494
13	(2.0610632568612277-0.5974282885136579j)	0.5752420425415039	1.24026
14	(2.1017423065418708-0.5967209005845573j)	0.3791511058807373	1.33559
15	(2.1410542662058254-0.5964588258010998j)	0.3615729808807373	1.43092
16	(2.179628276205487-0.5946667992286074j)	0.34018468856811523	1.52625
17	(2.214495382176429-0.5895233324989716j)	0.3000969886779785	1.62157
18	(2.248796870991459-0.5825709175922733j)	0.3792569637298584	1.7169
19	(2.2811991242756635-0.5764172491434058j)	0.44838500022888184	1.81223
20	(2.3129035762447634-0.5694930746192898j)	0.4408259391784668	1.90756
21	(2.342593337656382-0.5597728351757651j)	0.31433892250061035	2.00289
22	(2.3710760216765725-0.5482075213146973j)	0.3345317840576172	2.09821
23	(2.3975821159978636-0.5378818727214967j)	0.3225541114807129	2.19354
24	(2.4233402394474983-0.5272613724667143j)	0.3225252628326416	2.28887
25	(2.4479504602147157-0.5142052651811149j)	0.4737968444824219	2.3842
26	(2.4705136337174265-0.49990994478362333j)	0.3266890048980713	2.47953
27	(2.4931941797238313-0.4866144372500297j)	0.32537317276000977	2.57485
28	(2.5137155981282677-0.473305613536016j)	0.3670470714569092	2.67018
29	(2.5338175994800625-0.4580646979855705j)	0.4672577381134033	2.76551
30	(2.5523184293594037-0.4416813585922488j)	0.4037649631500244	2.86084
31	(2.5698033971231364-0.4263076478358639j)	0.32419681549072266	2.95617
32	(2.5861439272992848-0.41159829345651505j)	0.34844279289245605	3.05149
33	(2.602179273789925-0.39507807844878073j)	0.31703901290893555	3.14682
34	(2.6170117304555642-0.3775798889210749j)	0.3303639888763428	3.24215
35	(2.630423503722432-0.3611418498627589j)	0.37972092628479004	3.33748
36	(2.643462076812761-0.3454100421927246j)	0.35640931129455566	3.43281
37	(2.654735312890487-0.32817220281318865j)	0.33856773376464844	3.52813
38	(2.6661925620877267-0.3103292493474043j)	0.3516690731048584	3.62346
39	(2.6759066378845615-0.2933927734746197j)	0.29363584518432617	3.71879
40	(2.6849696616856145-0.277329517707958j)	0.31656908988952637	3.81412
41	(2.6934869745376138-0.26023926514345147j)	0.31051111221313477	3.90945
42	(2.701343241984861-0.24209348725401292j)	0.325314998626709	4.00477
43	(2.7077317456866408-0.2250979516107684j)	0.3093280792236328	4.1001
44	(2.7132419003332586-0.20899390897891484j)	0.29514169692993164	4.19543
45	(2.7186488907719704-0.1921370288095765j)	0.2947220802307129	4.29076
46	(2.7238850573157403-0.17459722040167747j)	0.29710984230041504	4.38608
47	(2.7273286021794734-0.15788951287822028j)	0.31403589248657227	4.48141
48	(2.7297473208876237-0.14198797984300426j)	0.33299708366394043	4.57674
49	(2.732414335228405-0.12570789236218127j)	0.4682290554046631	4.67207
50	(2.734569338239083-0.10864827891689977j)	0.3066418170928955	4.7674
51	(2.7360921771543762-0.09307141555504939j)	0.3111298084259033	4.86272
52	(2.7358996731329466-0.07759690386339113j)	0.41364407539367676	4.95805
53	(2.7361751751199157-0.06218089389950232j)	0.3330881595611572	5.05338
54	(2.7363262588810953-0.04622574845283145j)	0.417252779006958	5.14871
55	(2.7352724867894906-0.03098985786590014j)	0.30623698234558105	5.24404
56	(2.7330530412156246-0.016849912492586383j)	0.42543506622314453	5.33936
57	(2.731256929141807-0.002529801154705247j)	0.30170297622680664	5.43469
58	(2.729610977971228+0.01202968629579737j)	0.3283839225769043	5.53002
59	(2.726700993940156+0.02609961888766077j)	0.3264739513397217	5.62535
60	(2.722948749835742+0.03895448445685479j)	0.3011910915374756	5.72068
61	(2.718914056538504+0.05250084592736004j)	0.3416280746459961	5.816
62	(2.717561693343036+0.06452877112650879j)	0.3082408905029297	5.91133
63	(2.711147396454667+0.07825136033730118j)	0.3146390914916992	6.00666
64	(2.7056242888067645+0.09004716669032953j)	0.31545591354370117	6.10199
65	(2.7003682224851016+0.1016428823995219j)	0.31200385093688965	6.19732
66	(2.6955793824268506+0.11368900165529305j)	0.29560422897338867	6.29264
67	(2.6897736981932763+0.12508734709793634j)	0.32740092277526855	6.38797
68	(2.682875136998266+0.13581317831180162j)	0.30713701248168945	6.4833
69	(2.6763470624009438+0.14610738077178764j)	0.3433959484100342	6.57863
70	(2.670216006215058+0.15680707034520613j)	0.30143213272094727	6.67396
71	(2.663691174600061+0.1663880931642311j)	0.29631590843200684	6.76928
72	(2.655810433563701+0.1760184080398841j)	0.296123743057251	6.86461
73	(2.6483167162229173+0.18498191363354732j)	0.2917149066925049	6.95994
74	(2.6414745424985653+0.1940212512196131j)	0.306380033493042	7.05527
75	(2.633951412451203+0.20206424475764329j)	0.29694199562072754	7.15059
76	(2.625456027779621+0.21055283965865546j)	0.29529595375061035	7.24592
77	(2.6172723928091743+0.2181684917358695j)	0.297166109085083	7.34125
78	(2.609846983073747+0.22550874379578922j)	0.29729485511779785	7.43658
79	(2.6018826156026784+0.2327552584878575j)	0.30731987953186035	7.53191
80	(2.5927463681915026+0.2394169575356525j)	0.29805898666381836	7.62723
81	(2.5841114486570205+0.24568402602609996j)	0.3185851573944092	7.72256
82	(2.5762018667965223+0.25135854989350004j)	0.32265424728393555	7.81789
83	(2.56789090138835+0.25708945593909416j)	0.3193233013153076	7.91322
84	(2.5585907549590963+0.262301633613791j)	0.33045101165771484	8.00855
85	(2.5496343516008313+0.26764972324258063j)	0.45151400566101074	8.10387
86	(2.541330649929816+0.2717592374560305j)	0.49047422409057617	8.1992
87	(2.5328111277075447+0.2760516697501677j)	0.35210180282592773	8.29453
88	(2.5233834612020187+0.28020031926925104j)	0.31867098808288574	8.38986
89	(2.514114144131553+0.2837016370520117j)	0.35185909271240234	8.48519
90	(2.5059506479382003+0.2869793168907724j)	0.35920214653015137	8.58051
91	(2.4973593089826167+0.2899404956345011j)	0.3515298366546631	8.67584
92	(2.488063483430309+0.2930804009227792j)	0.36003613471984863	8.77117
93	(2.4788698919364847+0.2955433559758377j)	0.5419681072235107	8.8665
94	(2.4706304931149536+0.29764484083929577j)	0.37319517135620117	8.96183
95	(2.4621799603771866+0.2990992698100525j)	0.31505584716796875	9.05715
96	(2.4532393576330174+0.301258786152817j)	0.3088572025299072	9.15248
97	(2.444316594125585+0.3027381325266201j)	0.3605458736419678	9.24781
98	(2.4362596626446584+0.30354719126107965j)	0.314863920211792	9.34314
99	(2.4283492332083356+0.3044075016523222j)	0.316864013671875	9.43847
100	(2.419429319631532+0.30508749589366657j)	0.34137511253356934	9.53379
101	(2.410927878569119+0.30562989694927833j)	0.33622241020202637	9.62912
102	(2.4030869043258356+0.30527491412926455j)	0.3617117404937744	9.72445
103	(2.3954863644188937+0.30496928338910856j)	0.34999680519104004	9.81978
104	(2.387061491715638+0.3049463551941355j)	0.3407628536224365	9.9151
105	(2.379087372076197+0.30460141014553255j)	0.32962799072265625	10.01043
106	(2.37170569672895+0.3033504931809293j)	0.3232100009918213	10.10576
107	(2.3642273980281168+0.3019297637998729j)	0.3204808235168457	10.20109
108	(2.356451859702612+0.30099189707653307j)	0.29779887199401855	10.29642
109	(2.3490964829928296+0.30006598602677925j)	0.4208261966705322	10.39174
110	(2.342145404919414+0.2980807539303352j)	0.30129408836364746	10.48707
111	(2.334896051432846+0.29574400742119966j)	0.33017992973327637	10.5824
112	(2.327781891305027+0.2941782055218377j)	0.32795214653015137	10.67773
113	(2.320988791425838+0.2915855169242365j)	0.321943998336792	10.77306
114	(2.314232931260234+0.28967953675887215j)	0.29631590843200684	10.86838
115	(2.3077588100537016+0.28685875310290254j)	0.29450011253356934	10.96371
116	(2.301394718454136+0.2847157356057439j)	0.29304981231689453	11.05904
117	(2.294890017003809+0.2823852250898883j)	0.2893381118774414	11.15437
118	(2.2889662688177905+0.2792374041926754j)	0.28957486152648926	11.2497
119	(2.283020917836273+0.2757000598018704j)	0.2905569076538086	11.34502
120	(2.277455051537874+0.2730133661675319j)	0.2870819568634033	11.44035
121	(2.2717602364926006+0.27023363685908697j)	0.2841348648071289	11.53568
122	(2.266358364403329+0.26655588715562495j)	0.2891857624053955	11.63101
123	(2.2614739290012214+0.26270509530319885j)	0.288546085357666	11.72634
124	(2.25606221318741+0.25946489583664656j)	0.29389286041259766	11.82166
125	(2.2511843563076077+0.25625951088755317j)	0.2920539379119873	11.91699
126	(2.245893831139921+0.2519567910119912j)	0.29421377182006836	12.01232
127	(2.241855354081088+0.24789790336601725j)	0.28777289390563965	12.10765
128	(2.237373668530275+0.24423302213044562j)	0.29427504539489746	12.20298
129	(2.2331624964198293+0.24085065561861108j)	0.3024590015411377	12.2983
130	(2.2285127336377233+0.23697744855663028j)	0.2947428226470947	12.39363
131	(2.2247748329510957+0.23198407366621976j)	0.28411126136779785	12.48896
132	(2.2210076926914004+0.2281012515724703j)	0.3132641315460205	12.58429
133	(2.2176528132855253+0.22438702813479183j)	0.366530179977417	12.67961
134	(2.2138508901272616+0.22003426426759465j)	0.3890419006347656	12.77494
135	(2.2102312145675977+0.21532400783015715j)	0.5217409133911133	12.87027
136	(2.207179627001973+0.21127468594134247j)	0.40703725814819336	12.9656
137	(2.2040630205568386+0.207533507233029j)	0.4384458065032959	13.06093
138	(2.2012715208507965+0.20287263769350894j)	0.46756911277770996	13.15625
139	(2.198189387215023+0.19823722287140222j)	0.42955613136291504	13.25158
140	(2.195829113753812+0.19405805120068242j)	0.2981991767883301	13.34691
141	(2.1935241163296073+0.19022325107632954j)	0.33840107917785645	13.44224
142	(2.191112831393352+0.18576937541807725j)	0.2908329963684082	13.53757
143	(2.1885774850460833+0.18100128296441453j)	0.32298874855041504	13.63289
144	(2.186858375131558+0.17672240914895343j)	0.3169829845428467	13.72822
145	(2.1852963808323387+0.17278301691236875j)	0.32703423500061035	13.82355
146	(2.1833997563650147+0.1683731920880418j)	0.34521484375	13.91888
147	(2.181721761178417+0.1635149836068699j)	0.2860870361328125	14.01421
148	(2.179173681456561+0.15981303075702424j)	0.2817258834838867	14.10953
149	(2.1792172554082594+0.15547035260369813j)	0.2969648838043213	14.20486
150	(2.1778000828373885+0.15118647135726693j)	0.33413195610046387	14.30019
151	(2.176431517016343+0.14650257382980114j)	0.5161831378936768	14.39552
152	(2.1755502949273087+0.1422984971127086j)	0.5699901580810547	14.49085
153	(2.175111718550045+0.13852344312852904j)	0.5905270576477051	14.58617
154	(2.1741489295693466+0.13443994665628412j)	0.7645950317382812	14.6815
155	(2.1731006480468555+0.13004939178799146j)	0.46135902404785156	14.77683
156	(2.1726833271553043+0.125989775119838j)	0.536970853805542	14.87216
157	(2.1724593511175354+0.12250407350594483j)	0.5776169300079346	14.96749
158	(2.1722785991156472+0.11833418324878253j)	0.42980194091796875	15.06281
159	(2.1715815387473825+0.11431977396357373j)	0.500993013381958	15.15814
160	(2.1715883689785795+0.11043226602974343j)	0.2917487621307373	15.25347
161	(2.1719467902163028+0.10703128676505869j)	0.299990177154541	15.3488
162	(2.1720638807895134+0.10307070941085361j)	0.3174748420715332	15.44412
163	(2.1717132490545947+0.09943848806050548j)	0.3014950752258301	15.53945
164	(2.17209340264569+0.095740495919439j)	0.3186156749725342	15.63478
165	(2.1729259282797755+0.09239465043068829j)	0.2886769771575928	15.73011
166	(2.1733441038463415+0.08901214088498377j)	0.29343724250793457	15.82544
167	(2.1733212057179285+0.08549547062859086j)	0.3078737258911133	15.92076
168	(2.1740129713406993+0.08200092918186597j)	0.2898259162902832	16.01609
169	(2.175193355190113+0.07870493204139262j)	0.28830695152282715	16.11142
170	(2.1759273322189303+0.07556871395079945j)	0.28486180305480957	16.20675
171	(2.1763115936416098+0.07213042303650541j)	0.2924799919128418	16.30208
172	(2.177152810274645+0.06927791178852627j)	0.31371617317199707	16.3974
173	(2.1785523566248597+0.06605573789886932j)	0.485278844833374	16.49273
174	(2.1795499267174154+0.06318932766985297j)	0.3163928985595703	16.58806
175	(2.18010764927006+0.06021473815078493j)	0.310626745223999	16.68339
176	(2.1811304071457998+0.05724731370118219j)	0.3323240280151367	16.77872
177	(2.182818869593697+0.05452082937351421j)	0.4135549068450928	16.87404
178	(2.1840386235746783+0.05194393189568447j)	0.32897472381591797	16.96937
179	(2.1848071268349387+0.04945361371178891j)	0.3252251148223877	17.0647
180	(2.1860014707456883+0.04682093953077415j)	0.35022592544555664	17.16003
181	(2.1877804837088837+0.04450958744021172j)	0.3025949001312256	17.25536
182	(2.1884074697783475+0.041268629032039206j)	0.30576205253601074	17.35068
183	(2.19025223422247+0.03985054042717895j)	0.3036000728607178	17.44601
184	(2.1915968366886087+0.03754538229164983j)	0.31813693046569824	17.54134
185	(2.1935460560051583+0.035338115606288856j)	0.3543670177459717	17.63667
186	(2.195247892564436+0.03337835153824931j)	0.3255941867828369	17.732
187	(2.1962862909501624+0.03138657437393988j)	0.2923390865325928	17.82732
188	(2.1977518033671455+0.02939214687524183j)	0.29697418212890625	17.92265
189	(2.1997572481767733+0.027286718060233417j)	0.3055579662322998	18.01798
190	(2.2015644530986345+0.025524357232794337j)	0.30306291580200195	18.11331
191	(2.2027527096726462+0.024024561116443133j)	0.2961139678955078	18.20863
192	(2.2043030921353646+0.022321771137982394j)	0.2990539073944092	18.30396
193	(2.20625986902726+0.020343243095336305j)	0.327617883682251	18.39929
194	(2.208107691171964+0.018784997070276255j)	0.31730198860168457	18.49462
195	(2.2096964923809628+0.017150117427067624j)	0.30367398262023926	18.58995
196	(2.2110926014538523+0.016289807300582382j)	0.2973456382751465	18.68527
197	(2.2129187322569686+0.014486753705831079j)	0.3610982894897461	18.7806
198	(2.214757812749898+0.013143205887577114j)	0.44672107696533203	18.87593
199	(2.2158744306958527+0.012425431363813022j)	0.4573071002960205	18.97126
200	(2.2175490986136923+0.011060642749698202j)	0.32569098472595215	19.06659
201	(2.219619101573655+0.009684338397676129j)	0.3896651268005371	19.16191
202	(2.221416615469461+0.0085652838149759j)	0.45426082611083984	19.25724
203	(2.222912874851801+0.00798278119298823j)	0.3164188861846924	19.35257
204	(2.224370598480368+0.007167981151474878j)	0.326765775680542	19.4479
205	(2.226356163303717+0.006109320443782984j)	0.2907702922821045	19.54323
206	(2.22800371959361+0.004998169389977436j)	0.29192590713500977	19.63855
207	(2.229638613655585+0.004693405717963284j)	0.29129719734191895	19.73388
208	(2.23113120807044+0.0041581698787276355j)	0.29722070693969727	19.82921
209	(2.2329831874970534+0.0032041532991411437j)	0.29279017448425293	19.92454
210	(2.2349161912518274+0.002505368758089377j)	0.29750895500183105	20.01987
211	(2.236211974230768+0.0022542060265144936j)	0.2894468307495117	20.11519
212	(2.237724511538045+0.0019453189795792802j)	0.29024624824523926	20.21052
213	(2.2393729845168115+0.0011116948274616512j)	0.2917330265045166	20.30585
214	(2.241166312937069+0.0005252865573222021j)	0.2897050380706787	20.40118
215	(2.2425007392100538+0.0004015906617396148j)	0.29238390922546387	20.49651
216	(2.2440524117396663+0.00045008740598029284j)	0.2897987365722656	20.59183
217	(2.2454748471257857-0.00020298299147469834j)	0.2900080680847168	20.68716
218	(2.2470763310754736-0.0006711332456219576j)	0.2878079414367676	20.78249
219	(2.248424296770394-0.0005429899421649509j)	0.2999269962310791	20.87782
220	(2.2500311174315186-0.0003984599629112129j)	0.38459110260009766	20.97314
221	(2.2512112004224702-0.0008352576693506641j)	0.3327951431274414	21.06847
222	(2.252615147175541-0.001149166533531032j)	0.30913424491882324	21.1638
223	(2.2539921557113396-0.0008339581801219964j)	0.33702778816223145	21.25913
224	(2.255135687600773-0.0005229073468215883j)	0.30693697929382324	21.35446
225	(2.2565522846422557-0.0008443953657937264j)	0.3334369659423828	21.44978
226	(2.257766381267333-0.0009858043186268262j)	0.3278689384460449	21.54511
227	(2.259173033803499-0.0005562243166723491j)	0.3242199420928955	21.64044
228	(2.260342946273617-8.64696619726768e-05j)	0.3211829662322998	21.73577
229	(2.2615580484363424-0.00016829126025097452j)	0.32010602951049805	21.8311
230	(2.2625207827856455-0.00026839309924331367j)	0.30661702156066895	21.92642
231	(2.263937993846924+0.00020160975410754567j)	0.29793882369995117	22.02175
232	(2.265120718422273+0.0007573999613557092j)	0.41629910469055176	22.11708
233	(2.266121854526358+0.0007750393908561026j)	0.5096211433410645	22.21241
234	(2.2673034529422678+0.0007067268011102801j)	0.295637845993042	22.30774
235	(2.2682620297498897+0.0013544806560650269j)	0.30545783042907715	22.40306
236	(2.269427587240127+0.001935074359246336j)	0.4242889881134033	22.49839
237	(2.270209991014925+0.002077620044426798j)	0.3031020164489746	22.59372
238	(2.2711248981505534+0.0020894768634165395j)	0.3932631015777588	22.68905
239	(2.272091829101459+0.0026665405046208956j)	0.328502893447876	22.78438
240	(2.273232102960678+0.0033871086674801543j)	0.3499748706817627	22.8797
241	(2.2738137548360533+0.0036799378836133156j)	0.4310793876647949	22.97503
242	(2.2744793200107316+0.0038126191615370786j)	0.5253860950469971	23.07036
243	(2.275401972832358+0.004437503325681047j)	0.36863183975219727	23.16569
244	(2.276141689046873+0.0053183826922952315j)	0.38962316513061523	23.26102
245	(2.276937928811832+0.005525691419087209j)	0.4213860034942627	23.35634
246	(2.2773945200566854+0.005805954890164j)	0.34122800827026367	23.45167
247	(2.278270893614654+0.006430919812060454j)	0.46713900566101074	23.547
248	(2.2790545721615363+0.007320858996271551j)	0.3093099594116211	23.64233
249	(2.279598961245294+0.007559296444508923j)	0.391674280166626	23.73765
250	(2.27989951109645+0.00799412823711565j)	0.6483430862426758	23.83298
251	(2.2810626411022317+0.008335898953241605j)	0.5072979927062988	23.92831
252	(2.2815939499458695+0.009548219880376352j)	0.4595487117767334	24.02364
253	(2.281913292419981+0.009878908799461183j)	0.4515089988708496	24.11897
254	(2.282021315145969+0.010299650152904238j)	0.4076700210571289	24.21429
255	(2.2827472122444994+0.010799792735384672j)	0.4071841239929199	24.30962
256	(2.2835213629586275+0.011513284020002845j)	0.3324470520019531	24.40495
257	(2.283779903653943+0.01203993402118031j)	0.2911837100982666	24.50028
258	(2.283950010689222+0.012252232970776267j)	0.31581997871398926	24.59561
259	(2.2843821360240897+0.013049315937039396j)	0.29393982887268066	24.69093
260	(2.285076620612849+0.013623005246775288j)	0.2877981662750244	24.78626
261	(2.285216492487637+0.014207339512652295j)	0.31012916564941406	24.88159
262	(2.285180501577903+0.014535616982953137j)	0.3084890842437744	24.97692
263	(2.2855372801618934+0.015071386231670703j)	0.29726171493530273	25.07225
264	(2.2861984947813374+0.015709351458742526j)	0.32736635208129883	25.16757
265	(2.286251169528032+0.01635398402687116j)	0.5005099773406982	25.2629
266	(2.286074066916491+0.016819152154668116j)	0.3808302879333496	25.35823
267	(2.2863523604299782+0.01731987322303208j)	0.33069682121276855	25.45356
268	(2.286812557184605+0.018135691457316305j)	0.33755016326904297	25.54889
269	(2.28692063603962+0.018454844184591312j)	0.3573629856109619	25.64421
270	(2.2866735528895656+0.019052264297825028j)	0.29950594902038574	25.73954
271	(2.2869759356953536+0.019733570096086006j)	0.3183598518371582	25.83487
272	(2.287340669658064+0.02015161232931839j)	0.2864079475402832	25.9302
273	(2.287388558621001+0.020730424582981688j)	0.29548192024230957	26.02553
274	(2.2870154622280534+0.021185671159866026j)	0.2906630039215088	26.12085
275	(2.287131845464494+0.021562959291001604j)	0.28873181343078613	26.21618
276	(2.287547980039723+0.022024682497558623j)	0.29271388053894043	26.31151
277	(2.2875368770125517+0.022567520362934856j)	0.29654598236083984	26.40684
278	(2.2871282261370927+0.02317365708770114j)	0.3019602298736572	26.50216
279	(2.2871476586389816+0.023477021561696843j)	0.3037450313568115	26.59749
280	(2.2874573625646004+0.02375135833727715j)	0.306088924407959	26.69282
281	(2.2873916242596337+0.024260378769485946j)	0.37699270248413086	26.78815
282	(2.28692483790504+0.024635896880504937j)	0.31682586669921875	26.88348
283	(2.2869408631069827+0.02521559396710149j)	0.3182992935180664	26.9788
284	(2.287097161905387+0.025331686077493143j)	0.30286097526550293	27.07413
285	(2.286989308791276+0.025809968469519107j)	0.3004019260406494	27.16946
286	(2.286486425434275+0.026302455697970406j)	0.3128960132598877	27.26479
287	(2.286277905934072+0.026600820179417894j)	0.2928471565246582	27.36012
288	(2.286504449307027+0.026771539571198488j)	0.28288793563842773	27.45544
289	(2.2863724640610728+0.02721883407340908j)	0.31418395042419434	27.55077
290	(2.2859030103243905+0.02780679207841985j)	0.4456357955932617	27.6461
291	(2.2856545113454794+0.028087866558120123j)	0.45608973503112793	27.74143
292	(2.2858461074705825+0.028360507677374303j)	0.42937493324279785	27.83676
293	(2.285587083377572+0.028486325379339705j)	0.3027617931365967	27.93208
294	(2.285094821305391+0.028775908343805057j)	0.4333629608154297	28.02741
295	(2.284930690980719+0.029378501955190983j)	0.3215517997741699	28.12274
296	(2.2850473612040503+0.029461856435956446j)	0.43210816383361816	28.21807
297	(2.284980839288602+0.029764450197769077j)	0.3665740489959717	28.3134
298	(2.284420796277381+0.030240561865222726j)	0.2964460849761963	28.40872
299	(2.2841218221802144+0.03045573959139969j)	0.31148219108581543	28.50405
300	(2.284115605490397+0.03037851974185568j)	0.29023075103759766	28.59938
301	(2.2840110178642323+0.030585266166449188j)	0.2864201068878174	28.69471
302	(2.2834418370491774+0.030913048535158416j)	0.2935490608215332	28.79004
303	(2.2832378567044422+0.031313802023570037j)	0.29833292961120605	28.88536
304	(2.283076291915562+0.031125620446556868j)	0.29478025436401367	28.98069
305	(2.2829278739709107+0.03125465316757148j)	0.3011970520019531	29.07602
306	(2.2824119684420294+0.03165992510636306j)	0.35175013542175293	29.17135
307	(2.2822849077838154+0.03195771518009627j)	0.3186039924621582	29.26667
308	(2.281944346025079+0.031660252925553745j)	0.5176661014556885	29.362
309	(2.2817708326131694+0.03179046445394074j)	0.4108998775482178	29.45733
310	(2.2813596335087793+0.032239528100202586j)	0.4116017818450928	29.55266
311	(2.280917277248005+0.03243349496157766j)	0.32604503631591797	29.64799
312	(2.2808000556951358+0.03217923190268657j)	0.5814967155456543	29.74331
313	(2.2805827432123094+0.03220507315767396j)	0.7783489227294922	29.83864
314	(2.2803077211265457+0.03264784460978443j)	0.6395039558410645	29.93397
315	(2.2799191010734496+0.03284239215830559j)	0.6733789443969727	30.0293
316	(2.2798132542437926+0.03263369704375796j)	0.684319019317627	30.12463
317	(2.2794010308352446+0.03250295023229477j)	0.78084397315979	30.21995
318	(2.2792709762706584+0.03288275408602337j)	0.8010599613189697	30.31528
319	(2.278942500614574+0.03305292632423795j)	0.8424909114837646	30.41061
320	(2.278724574240571+0.03275380408569423j)	0.8164651393890381	30.50594
321	(2.2786291768035922+0.032599576970805566j)	0.9365811347961426	30.60127
322	(2.2782566118658676+0.03294662585718472j)	0.7340879440307617	30.69659
323	(2.277983069559151+0.0330735025778911j)	0.7988595962524414	30.79192
324	(2.2776414326879753+0.03273709945495651j)	0.6860706806182861	30.88725
325	(2.2774705604235397+0.03251504227058594j)	0.8201608657836914	30.98258
326	(2.277133572086118+0.03274682453637956j)	0.7820138931274414	31.07791
327	(2.2770366884585322+0.032921793925581755j)	0.8159949779510498	31.17323
328	(2.2765803739355897+0.03260515720693724j)	0.8083219528198242	31.26856
329	(2.2763389524333206+0.032354112203357044j)	0.9062681198120117	31.36389
330	(2.2761194261099353+0.03258080759075804j)	0.7042837142944336	31.45922
331	(2.275734282786098+0.03276296498461245j)	0.7408199310302734	31.55455
332	(2.2755606601468696+0.03237771566753256j)	0.8602900505065918	31.64987
333	(2.2752654604303495+0.03212963985007755j)	0.9255292415618896	31.7452
334	(2.2751725648160894+0.03230918079614792j)	0.9098727703094482	31.84053
335	(2.2749083695618966+0.03248534557101418j)	0.979550838470459	31.93586
336	(2.27460259587649+0.03207021344591365j)	0.7173600196838379	32.03118
337	(2.2742793939551875+0.03185149487450195j)	0.8909401893615723	32.12651
338	(2.274300628587897+0.031935786395927035j)	1.045408010482788	32.22184
339	(2.2741521517109136+0.032066775611056975j)	1.1226308345794678	32.31717
340	(2.273859936651939+0.031733182906975965j)	0.912290096282959	32.4125
341	(2.2733991025089484+0.03150077483913716j)	0.8525750637054443	32.50782
342	(2.273813785869573+0.031163683438978518j)	0.9094359874725342	32.60315
343	(2.273448775156913+0.0315226599871187j)	0.894834041595459	32.69848
344	(2.2730881469417157+0.03120810078367245j)	0.8487720489501953	32.79381
345	(2.2728650153543057+0.03077198507831j)	1.0235812664031982	32.88914
346	(2.272780330168406+0.030909949707602136j)	0.9161128997802734	32.98446
347	(2.2726175928681167+0.030890029101635103j)	0.7961111068725586	33.07979
348	(2.272375240944787+0.030619972753105573j)	0.7519128322601318	33.17512
349	(2.272065637869605+0.03022052316919535j)	0.7787079811096191	33.27045
350	(2.2720180152107927+0.03020803308182668j)	0.7448940277099609	33.36578
351	(2.2721555521843917+0.030157018104017413j)	0.5765931606292725	33.4611
352	(2.271727436250337+0.029989232531798082j)	0.5357029438018799	33.55643
353	(2.2713650990416605+0.029662194721079033j)	0.6399211883544922	33.65176
354	(2.2713963324596347+0.029597361484785117j)	0.44483113288879395	33.74709
355	(2.271378402388256+0.029736125147069595j)	0.4352729320526123	33.84242
356	(2.2711531366370594+0.029332317044361497j)	0.547990083694458	33.93774
357	(2.270778996137935+0.029096475011301984j)	0.4214599132537842	34.03307
358	(2.270868882197697+0.02895602136694901j)	0.5257201194763184	34.1284
359	(2.2709726589523664+0.029009371787705934j)	0.4557809829711914	34.22373
360	(2.270749782740786+0.028774073588294896j)	0.3670642375946045	34.31906
361	(2.2703160869428713+0.028515533297287794j)	0.34244298934936523	34.41438
362	(2.2704362255111166+0.028284583245539847j)	0.3245511054992676	34.50971
363	(2.2706181596481696+0.028225168936972647j)	0.3299539089202881	34.60504
364	(2.270382839962087+0.028022594383003047j)	0.3764841556549072	34.70037
365	(2.269974897703885+0.027908960809446902j)	0.38333916664123535	34.79569
366	(2.2700880000242853+0.02758626769247111j)	0.33453798294067383	34.89102
367	(2.270298727269571+0.027406956086564134j)	0.32833099365234375	34.98635
368	(2.270064477836577+0.027256254971004423j)	0.33159422874450684	35.08168
369	(2.2697079643530405+0.026901102382313573j)	0.3253028392791748	35.17701
370	(2.2698124026842086+0.026868006823822135j)	0.3399076461791992	35.27233
371	(2.2700049246512033+0.026581842262521665j)	0.4783940315246582	35.36766
372	(2.2697938895939465+0.026495106939678312j)	0.3825109004974365	35.46299
373	(2.2694168312257297+0.026267437074243685j)	0.2961232662200928	35.55832
374	(2.2694533840595303+0.026058380089859404j)	0.33622217178344727	35.65365
375	(2.269735132518764+0.02577715182000545j)	0.328519344329834	35.74897
376	(2.269574344837172+0.02575513038869877j)	0.43337178230285645	35.8443
377	(2.269228935785148+0.025657394798803246j)	0.6457428932189941	35.93963
378	(2.269282317319652+0.025419905565230758j)	0.8941659927368164	36.03496
379	(2.269576911351434+0.025350889411766123j)	0.6076059341430664	36.13029
380	(2.2694112016088672+0.025046627236168864j)	0.3277091979980469	36.22561
381	(2.2691325772787576+0.02523198947986817j)	0.3201937675476074	36.32094
382	(2.2691978689418737+0.024789283933836004j)	0.3960130214691162	36.41627
383	(2.269516825662743+0.024589748350704377j)	0.4316880702972412	36.5116
384	(2.2694856308572335+0.02448248565378769j)	0.3015279769897461	36.60693
385	(2.2691515048261772+0.024461878752441296j)	0.3012509346008301	36.70225
386	(2.269186527327694+0.02416168472070815j)	0.4682800769805908	36.79758
387	(2.2694743363908034+0.023842231447254503j)	0.8629381656646729	36.89291
388	(2.2693504154403943+0.02345998150424397j)	0.8058679103851318	36.98824
389	(2.269123385615771+0.023563672458780188j)	0.9334049224853516	37.08357
390	(2.2692320344518597+0.02353732003325401j)	0.8716230392456055	37.17889
391	(2.2694422373210696+0.023128796753708075j)	0.8099451065063477	37.27422
392	(2.2694490047644025+0.02305275970145662j)	0.49592113494873047	37.36955
393	(2.269141472593712+0.023010666760516968j)	0.44033098220825195	37.46488
394	(2.2693175566081303+0.0229205980931583j)	0.4158611297607422	37.5602
395	(2.269420258945841+0.022468519498244632j)	0.31160593032836914	37.65553
396	(2.269089109715026+0.022388373808513662j)	0.4306349754333496	37.75086
397	(2.2692293935679015+0.02249385400331544j)	0.4341697692871094	37.84619
398	(2.269196529460185+0.02231132799643759j)	0.3288702964782715	37.94152
399	(2.2694160154665575+0.02187671528006735j)	0.3334321975708008	38.03684
400	(2.269493610149629+0.02183510637926961j)	0.31906819343566895	38.13217
401	(2.2693826107999366+0.022001336534128613j)	0.3019139766693115	38.2275
402	(2.2693591905703316+0.02183678287368762j)	0.3365657329559326	38.32283
403	(2.2696683373595565+0.021529486966166134j)	0.46926403045654297	38.41816
404	(2.2695638654793457+0.02131915287665065j)	0.4199070930480957	38.51348
405	(2.2695891489168156+0.021520475956929297j)	0.31765317916870117	38.60881
406	(2.2695724619906708+0.02136963172772205j)	0.3474690914154053	38.70414
407	(2.2697956147162746+0.02097548399298471j)	0.5975461006164551	38.79947
408	(2.26994513056099+0.02084738243185813j)	0.390484094619751	38.8948
409	(2.269832129050673+0.021042606401834085j)	0.4651520252227783	38.99012
410	(2.2698113554572465+0.020904043201483646j)	0.5527868270874023	39.08545
411	(2.2699193568731046+0.020468190996707714j)	0.3391282558441162	39.18078
412	(2.2716398030281857+0.020641170887976623j)	0.33114194869995117	39.27611
413	(2.269885387810096+0.020440061980720625j)	0.4862518310546875	39.37144
414	(2.270649752948523+0.017614101106060653j)	0.43863892555236816	39.46676
415	(2.2700406411138205+0.020018728342909853j)	0.3998849391937256	39.56209
416	(2.270153469472615+0.01987296539594341j)	0.3096590042114258	39.65742
417	(2.270092799763921+0.020067139526047995j)	0.3011960983276367	39.75275
418	(2.270004125453391+0.02004453610073692j)	0.39608001708984375	39.84808
419	(2.2701659673016668+0.019634392958204683j)	0.43407106399536133	39.9434
420	(2.2702643211677485+0.019495141014993778j)	0.4430220127105713	40.03873
421	(2.270329185449034+0.019721622617014878j)	0.3218700885772705	40.13406
422	(2.270288624167428+0.019737942727216296j)	0.34775400161743164	40.22939
423	(2.2703053416363295+0.019316113499615928j)	0.42570018768310547	40.32471
424	(2.270395726001662+0.019186096836561917j)	0.4138801097869873	40.42004
425	(2.270585686906757+0.019392864938149845j)	0.309906005859375	40.51537
426	(2.270592680627248+0.01942594638260653j)	0.2936379909515381	40.6107
427	(2.270677151300614+0.0190630158582743j)	0.34969615936279297	40.70603
428	(2.27055608236225+0.018934179034327148j)	0.2933661937713623	40.80135
429	(2.270849164900909+0.019073189917079847j)	0.30794310569763184	40.89668
430	(2.270894935568406+0.019105566309132627j)	0.3020360469818115	40.99201
431	(2.2708636489543617+0.01875323594514766j)	0.28982973098754883	41.08734
432	(2.270983871457351+0.018513806455623394j)	0.2877640724182129	41.18267
433	(2.27110505290987+0.018759263137932747j)	0.28819918632507324	41.27799
434	(2.2711759183091145+0.018781240803267707j)	0.40009498596191406	41.37332
435	(2.2710362871117864+0.018486276184824457j)	0.29445981979370117	41.46865
436	(2.271087942240687+0.018258030738310005j)	0.3109307289123535	41.56398
437	(2.2711740675827228+0.018449430485574014j)	0.42722511291503906	41.65931
438	(2.27142115370628+0.01846331002349577j)	0.3088829517364502	41.75463
439	(2.2712000840173605+0.01826567039909044j)	0.41050100326538086	41.84996
440	(2.2711960890886336+0.01807126007113602j)	0.3787980079650879	41.94529
441	(2.2713797552062047+0.0182452303977787j)	0.3980522155761719	42.04062
442	(2.2714078489693232+0.018418473685100634j)	0.3629951477050781	42.13595
443	(2.271362369338019+0.018090825049542292j)	0.4374728202819824	42.23127
444	(2.2713222061905287+0.017942847069307155j)	0.31470513343811035	42.3266
445	(2.271588448425807+0.018058458077961914j)	0.4686758518218994	42.42193
446	(2.271696213181197+0.01821409803385521j)	0.5693421363830566	42.51726
447	(2.271657309944797+0.017975983855765154j)	0.9162609577178955	42.61259
448	(2.271389903399049+0.01808915327709404j)	0.5378808975219727	42.70791
449	(2.2717926504949157+0.01788153620931221j)	0.9692120552062988	42.80324
450	(2.271958589974995+0.01799206850253854j)	1.2795798778533936	42.89857
451	(2.2718399738583077+0.01779654859697022j)	1.2547950744628906	42.9939
452	(2.2716570946279933+0.01779204060901618j)	1.2554030418395996	43.08922
453	(2.271982987463686+0.017709417562479013j)	0.951408863067627	43.18455
454	(2.2721750041975257+0.017769900371485625j)	0.9803290367126465	43.27988
455	(2.2719979386813827+0.017638627132516405j)	0.9230668544769287	43.37521
456	(2.2719045897921+0.017398851146684602j)	0.839000940322876	43.47054
457	(2.272149865163625+0.017542470336968208j)	0.837395191192627	43.56586
458	(2.272346643814168+0.01753279935147134j)	0.8555569648742676	43.66119
459	(2.2721342343538193+0.017507257541433008j)	0.49962496757507324	43.75652
460	(2.27197981052076+0.017344957067234157j)	0.3152608871459961	43.85185
461	(2.2721748658056926+0.017401353700751465j)	0.46799302101135254	43.94718
462	(2.272460276035884+0.017324559485872526j)	0.8249390125274658	44.0425
463	(2.2722561473989433+0.01740142109666276j)	1.0385158061981201	44.13783
464	(2.2720758701483796+0.017328854918255643j)	0.9452321529388428	44.23316
465	(2.2723017093095805+0.01732402018411172j)	0.8957779407501221	44.32849
466	(2.2725323854206954+0.017485548353975755j)	0.8891310691833496	44.42382
467	(2.271766382960071+0.018387095181127466j)	0.8073289394378662	44.51914
468	(2.272199368422888+0.017331834537875568j)	0.9636390209197998	44.61447
469	(2.272428043831076+0.017251071099369963j)	0.6241121292114258	44.7098
470	(2.2727015334144816+0.017319108304804764j)	0.39691996574401855	44.80513
471	(2.2725948062929793+0.01727801258841022j)	0.3911612033843994	44.90046
472	(2.2723491218325327+0.017333597885643925j)	0.3806328773498535	44.99578
473	(2.272548781817003+0.01717258638974084j)	0.4062330722808838	45.09111
474	(2.272821299862559+0.01714375775687449j)	0.8316590785980225	45.18644
475	(2.272697632316941+0.017155701159038417j)	0.8608050346374512	45.28177
476	(2.272463842557759+0.016995968016602636j)	0.8923718929290771	45.3771
477	(2.2726520222602677+0.01709456953054722j)	1.0754649639129639	45.47242
478	(2.2728873523905766+0.01697431231249069j)	0.9208128452301025	45.56775
479	(2.2727689974393908+0.01704672157872522j)	0.8987100124359131	45.66308
480	(2.2725050236072954+0.017000088397566282j)	0.9022960662841797	45.75841
481	(2.2727355056247722+0.0170100703601348j)	0.904973030090332	45.85373
482	(2.272903466855896+0.016826535473402737j)	1.0972468852996826	45.94906
483	(2.272816177068984+0.01695598507086593j)	0.9906561374664307	46.04439
484	(2.2725685242216844+0.017020153467398824j)	0.6227250099182129	46.13972
485	(2.272667480594029+0.016943674224127347j)	0.45047807693481445	46.23505
486	(2.272878371818219+0.016714774148801292j)	0.3728930950164795	46.33037
487	(2.272848383748239+0.01688419783743178j)	0.3640429973602295	46.4257
488	(2.2726571497973036+0.017038337294731143j)	0.3864271640777588	46.52103
489	(2.2727387255938267+0.016926714165915735j)	0.7535099983215332	46.61636
490	(2.2730437129321106+0.01686945273807894j)	1.1561307907104492	46.71169
491	(2.2728743261363595+0.01682770077065454j)	0.986846923828125	46.80701
492	(2.2727672382563715+0.017038367294631596j)	0.8405373096466064	46.90234
493	(2.272813868449392+0.0168944788086135j)	0.6998631954193115	46.99767
494	(2.2730718946988544+0.01672885995371909j)	0.8696372509002686	47.093
495	(2.273062367980673+0.01677502791080543j)	0.9096651077270508	47.18833
496	(2.272888701831365+0.017006325230908503j)	0.8159420490264893	47.28365
497	(2.272883547572897+0.01684233076319752j)	1.0674149990081787	47.37898
498	(2.27305688811445+0.016596465987705145j)	0.8066020011901855	47.47431
499	(2.2730566226278413+0.016654916507064188j)	0.963965892791748	47.56964
500	(2.2727831170492774+0.016751085073014593j)	0.735001802444458	47.66497
501	(2.2729391079671357+0.01677137115213201j)	0.8112471103668213	47.76029
502	(2.273005152771053+0.01648555003820884j)	0.3491971492767334	47.85562
503	(2.2730243202388416+0.016556628480881352j)	0.503800630569458	47.95095
504	(2.272816119975065+0.016749732840495524j)	0.39557981491088867	48.04628
505	(2.2727749074616557+0.01669519217999027j)	0.3691887855529785	48.14161
506	(2.2729300618928523+0.016406006715470767j)	0.2937581539154053	48.23693
507	(2.2729790967054697+0.016480780031663755j)	0.3713529109954834	48.33226
508	(2.2728693707845493+0.0167362955546575j)	0.3669619560241699	48.42759
509	(2.272826324176831+0.016686851468449282j)	0.4336402416229248	48.52292
510	(2.2728475726343618+0.016361193925462203j)	0.461353063583374	48.61824
511	(2.2729327509190567+0.01642526450726911j)	0.34819793701171875	48.71357
512	(2.272936709947365+0.01669723158987746j)	0.3228151798248291	48.8089
513	(2.2728878160940815+0.01664911693000981j)	0.3711700439453125	48.90423
514	(2.2730398783633987+0.016380131550413735j)	0.36864423751831055	48.99956
515	(2.2728948402177016+0.01638286113759113j)	0.2922539710998535	49.09488
516	(2.2730078148379698+0.016624233729097382j)	0.4355771541595459	49.19021
517	(2.272946976264792+0.01657858346725538j)	0.5407049655914307	49.28554
518	(2.272987236764749+0.016268689885616583j)	0.32343292236328125	49.38087
519	(2.2730560307417753+0.016224155855981248j)	0.3896450996398926	49.4762
520	(2.273069286755457+0.01651461549867861j)	0.40265965461730957	49.57152
521	(2.272992018551302+0.01647803361390099j)	0.30788683891296387	49.66685
522	(2.2729140874000793+0.016174763896770417j)	0.3585851192474365	49.76218
523	(2.272959356305002+0.016128330144458802j)	0.4750978946685791	49.85751
524	(2.2728752116223596+0.016369660534536257j)	0.33144497871398926	49.95284
525	(2.273014142826262+0.016355478923685718j)	0.47318577766418457	50.04816
526	(2.2728317982418815+0.016104569932253288j)	0.31359314918518066	50.14349
527	(2.272870483320117+0.016048435794431493j)	0.3641209602355957	50.23882
528	(2.2728920501792826+0.016311232113767282j)	0.43466687202453613	50.33415
529	(2.2728120311536713+0.016379137897080565j)	0.31434202194213867	50.42948
530	(2.272753964489202+0.01605909203680933j)	0.3576798439025879	50.5248
531	(2.272787437342766+0.016000688339447677j)	0.3607769012451172	50.62013
532	(2.272918118617537+0.016231689159176943j)	0.35561585426330566	50.71546
533	(2.272876071284929+0.01630374111159094j)	0.31915783882141113	50.81079
534	(2.2728869667453915+0.01602113307127251j)	0.3430287837982178	50.90612
535	(2.2727257585612795+0.015968698103765888j)	0.2993037700653076	51.00144
536	(2.2729450479407687+0.016125979197417317j)	0.30881309509277344	51.09677
537	(2.2729328796367394+0.01618912166996389j)	0.3216898441314697	51.1921
538	(2.272839066932181+0.015913468662887897j)	0.31333088874816895	51.28743
539	(2.2728856429047344+0.01574117307208578j)	0.3292510509490967	51.38276
540	(2.2729625019919+0.015993891820726747j)	0.303663969039917	51.47808
541	(2.2729692913300816+0.0160422866214065j)	0.3195347785949707	51.57341
542	(2.272780771702722+0.015815471650120427j)	0.30042505264282227	51.66874
543	(2.272767807290976+0.015651103162910962j)	0.29114603996276855	51.76407
544	(2.2729606253032713+0.015840578160617458j)	0.2909278869628906	51.85939
545	(2.2729774825679963+0.015873217355944602j)	0.31459689140319824	51.95472
546	(2.272720094213687+0.015731921340085497j)	0.32280492782592773	52.05005
547	(2.2726656072807625+0.015589090804016603j)	0.31230998039245605	52.14538
548	(2.272792087247788+0.015765365896764694j)	0.29828476905822754	52.24071
549	(2.272952744688053+0.015698093114438816j)	0.29541492462158203	52.33603
550	(2.2726667597521146+0.015663454781887465j)	0.35358405113220215	52.43136
551	(2.2725853164024326+0.015555084971230704j)	0.43586039543151855	52.52669
552	(2.2727867950633245+0.015667653090549516j)	0.32350921630859375	52.62202
553	(2.272841036424964+0.015813110964127963j)	0.3909471035003662	52.71735
554	(2.2726300007246074+0.015606089445955096j)	0.4239199161529541	52.81267
555	(2.2725393940332363+0.015532931941345973j)	0.3275179862976074	52.908
556	(2.272785683755054+0.015554698726540694j)	0.4507880210876465	53.00333
557	(2.272890396301034+0.015653954830425754j)	0.3704659938812256	53.09866
558	(2.272729221670919+0.015488498709071097j)	0.3565239906311035	53.19399
559	(2.272529951667238+0.015507819562161851j)	0.43001413345336914	53.28931
560	(2.272781451608912+0.01542577844629811j)	0.41867899894714355	53.38464
561	(2.2729119648583596+0.015468383265992536j)	0.3255789279937744	53.47997
562	(2.2726996576955667+0.01536918971789536j)	0.3706541061401367	53.5753
563	(2.2725701907164195+0.015166159766111686j)	0.3245820999145508	53.67063
564	(2.272766848984217+0.015284391427137223j)	0.31141209602355957	53.76595
565	(2.272866818269725+0.015232609032921118j)	0.3061058521270752	53.86128
566	(2.2726653069188387+0.015257685045627412j)	0.35933399200439453	53.95661
567	(2.2724889425048524+0.015121922005312927j)	0.41585707664489746	54.05194
568	(2.2726385238626383+0.01516720662821136j)	0.4091670513153076	54.14727
569	(2.2728510051995263+0.015079159195288128j)	0.3271160125732422	54.24259
570	(2.272633043958409+0.01515656122500908j)	0.38381099700927734	54.33792
571	(2.2724417578609053+0.015096190196421055j)	0.3919649124145508	54.43325
572	(2.272620089741836+0.015079798520944765j)	0.6184661388397217	54.52858
573	(2.2727751570008667+0.01490664319730417j)	0.6874639987945557	54.6239
574	(2.2726099603780563+0.015064487821607297j)	0.4974238872528076	54.71923
575	(2.272434005059986+0.01507399243568619j)	0.4392719268798828	54.81456
576	(2.272614953086179+0.014983625257335431j)	0.32144832611083984	54.90989
577	(2.2728327605887246+0.015025059964856036j)	0.3220851421356201	55.00522
578	(2.272652577471031+0.014936649016880299j)	0.32286810874938965	55.10054
579	(2.2724639578885615+0.015039600523789831j)	0.33431124687194824	55.19587
580	(2.272616104414924+0.014876012697207397j)	0.3215322494506836	55.2912
581	(2.272833278405992+0.014827653185827128j)	0.2971179485321045	55.38653
582	(2.272692065640236+0.014833642893656185j)	0.303814172744751	55.48186
583	(2.2725232315159607+0.014979674706084634j)	0.33850717544555664	55.57718
584	(2.2726166183080645+0.014757576081881663j)	0.3240041732788086	55.67251
585	(2.2727992945384496+0.014631599506456983j)	0.38454461097717285	55.76784
586	(2.2726694837320154+0.014693606558568106j)	0.370819091796875	55.86317
587	(2.2724140309527265+0.014652340713116718j)	0.3521919250488281	55.9585
588	(2.272533329995485+0.014666307509007215j)	0.32840394973754883	56.05382
589	(2.272734513527744+0.01445257649216991j)	0.322174072265625	56.14915
590	(2.272640600289875+0.014566517451066296j)	0.31759214401245117	56.24448
591	(2.27240816474506+0.014622218867588854j)	0.3125782012939453	56.33981
592	(2.272487983255825+0.014535699611109232j)	0.31113696098327637	56.43514
593	(2.2726488703043417+0.014303222713646369j)	0.2985987663269043	56.53046
594	(2.2726130952333943+0.014453765142662833j)	0.3051891326904297	56.62579
595	(2.2724383702895787+0.014586547074462386j)	0.30170106887817383	56.72112
596	(2.272502438867178+0.014464854984371556j)	0.3049318790435791	56.81645
597	(2.272763692842672+0.0143876129059608j)	0.3067901134490967	56.91178
598	(2.272593736192498+0.01435276285874676j)	0.30739307403564453	57.0071
599	(2.272499233010684+0.014531440903200687j)	0.29725003242492676	57.10243
600	(2.2725305304660295+0.014379889664008383j)	0.3003380298614502	57.19776
601	(2.2727474595467463+0.01420741063180242j)	0.3133819103240967	57.29309
602	(2.27258661220388+0.014258013068941144j)	0.32981204986572266	57.38841
603	(2.272579625271888+0.014446512591075766j)	0.31206393241882324	57.48374
604	(2.272563211701309+0.01427859794650499j)	0.3119492530822754	57.57907
605	(2.2727030929023666+0.014038430305577387j)	0.4560129642486572	57.6744
606	(2.27280223419861+0.014263831910438007j)	0.42970895767211914	57.76973
607	(2.272664777214321+0.01432704403937679j)	0.6417629718780518	57.86505
608	(2.2725921019844764+0.014163563584642214j)	0.45763421058654785	57.96038
609	(2.2726368191152977+0.01389329619136448j)	0.46303701400756836	58.05571
610	(2.272652222990644+0.013953024822257465j)	0.38318896293640137	58.15104
611	(2.272471483920595+0.014125956792521488j)	0.31324005126953125	58.24637
612	(2.272611411520611+0.014040708006595848j)	0.318789005279541	58.34169
613	(2.272559888058721+0.013780826734211549j)	0.4453928470611572	58.43702
614	(2.272607995332153+0.013843969475797135j)	0.33459019660949707	58.53235
615	(2.272521096203355+0.01406923911075797j)	0.3768651485443115	58.62768
616	(2.272485466478404+0.014008992764791395j)	0.41871213912963867	58.72301
617	(2.272487926901463+0.013703320426081134j)	0.6148290634155273	58.81833
618	(2.272571964757681+0.013756103957688781j)	0.3708500862121582	58.91366
619	(2.272590254367042+0.01399181136893779j)	0.4377171993255615	59.00899
620	(2.2725478528101797+0.013932968467368578j)	0.5587241649627686	59.10432
621	(2.2726782557833087+0.013672670381483232j)	0.4710698127746582	59.19965
622	(2.2725509169474645+0.013683031345379182j)	0.38608598709106445	59.29497
623	(2.2726670391708654+0.013887254161596085j)	0.32928013801574707	59.3903
624	(2.2726126398093993+0.013832406427115473j)	0.38952207565307617	59.48563
625	(2.2726408275041914+0.013541178557486155j)	0.3748631477355957	59.58096
626	(2.272703400676299+0.013497933943652285j)	0.3479609489440918	59.67629
627	(2.2727393605616695+0.013754113608525076j)	0.7701528072357178	59.77161
628	(2.2726686194480124+0.013710891303489126j)	0.9743750095367432	59.86694
629	(2.2725903195328883+0.01343246220301253j)	0.9413561820983887	59.96227
630	(2.2726412475958027+0.01338378930269224j)	0.832420825958252	60.0576
631	(2.2727934517372685+0.013597159172475393j)	0.7810378074645996	60.15292
632	(2.2727080481796054+0.013575818809793083j)	0.7821738719940186	60.24825
633	(2.2725384910667423+0.013351459332224369j)	1.0039520263671875	60.34358
634	(2.2725819776952245+0.01330153893664443j)	0.7953352928161621	60.43891
635	(2.2726211659793116+0.013537225691779953j)	0.815997838973999	60.53424
636	(2.2727267085760774+0.013437728599557608j)	1.202204942703247	60.62956
637	(2.272495482019849+0.013298537378268027j)	0.7868318557739258	60.72489
638	(2.2725373924242662+0.0132462498567808j)	0.8254897594451904	60.82022
639	(2.2726755401082017+0.013448835874246612j)	0.9290409088134766	60.91555
640	(2.2726470607523255+0.013505889095942525j)	0.8811149597167969	61.01088
641	(2.272472893802994+0.013268187227927775j)	0.7754290103912354	61.1062
642	(2.2725155811238027+0.013208616124696926j)	0.7092881202697754	61.20153
643	(2.2727316761428473+0.013340877363690051j)	0.5593461990356445	61.29686
644	(2.2727284194149266+0.013390594696873093j)	0.3248887062072754	61.39219
645	(2.272697173717596+0.013289803075897888j)	0.34462690353393555	61.48752
646	(2.272519543483856+0.013177155098420212j)	0.38788509368896484	61.58284
647	(2.2727789077731755+0.013213306029672078j)	0.3465099334716797	61.67817
648	(2.272790294422248+0.013252027666188826j)	0.35747671127319336	61.7735
649	(2.2726148460933424+0.01305263875914875j)	0.3229179382324219	61.86883
650	(2.2726099486545923+0.012907906375028366j)	0.34092211723327637	61.96416
651	(2.2728070883460716+0.01307236908310494j)	0.31807422637939453	62.05948
652	(2.272825358896192+0.013101105803278834j)	0.6538450717926025	62.15481
653	(2.2725913339529713+0.012984495501619397j)	0.4280891418457031	62.25014
654	(2.2725497552630185+0.012863306754546833j)	0.29451704025268555	62.34547
655	(2.2726848838528193+0.013024121766048946j)	0.3038339614868164	62.4408
656	(2.272831210859076+0.012950694739576551j)	0.2885627746582031	62.53612
657	(2.2725761506377142+0.012934649584031788j)	0.2885749340057373	62.63145
658	(2.2725133750971813+0.012844321496969124j)	0.285660982131958	62.72678
659	(2.272714813670504+0.012943529184658131j)	0.29262471199035645	62.82211
660	(2.2728115189789384+0.012813374036259484j)	0.2875547409057617	62.91743
661	(2.2725771146541827+0.012898271150457719j)	0.2905910015106201	63.01276
662	(2.272507779678022+0.012838358787172433j)	0.40656423568725586	63.10809
663	(2.2727462723164713+0.012852003259392841j)	0.3239119052886963	63.20342
664	(2.272850052776783+0.01293823284460005j)	0.35246992111206055	63.29875
665	(2.2725991237971748+0.012866934894068982j)	0.4469461441040039	63.39407
666	(2.27253385849913+0.012831323928723437j)	0.4250040054321289	63.4894
667	(2.2727718738163776+0.012749307241984975j)	0.3591878414154053	63.58473
668	(2.272895037869771+0.01278588214811871j)	0.29230475425720215	63.68006
669	(2.2726999022813508+0.012708235214941466j)	0.4668290615081787	63.77539
670	(2.2725864989599986+0.012810418241399169j)	0.4027419090270996	63.87071
671	(2.2727847916703325+0.012639072139140395j)	0.356860876083374	63.96604
672	(2.272906199890226+0.01262827257231558j)	0.422116756439209	64.06137
673	(2.2726951215968+0.012632665649536134j)	0.29486894607543945	64.1567
674	(2.2725408254084267+0.012524037244107777j)	0.38189125061035156	64.25203
675	(2.2727809349422468+0.012528383426184342j)	0.3942587375640869	64.34735
676	(2.2728842663722166+0.012479936284070181j)	0.308351993560791	64.44268
677	(2.2726919175012705+0.01256928959985204j)	0.3096139430999756	64.53801
678	(2.2725273007172753+0.012528601928139649j)	0.3033919334411621	64.63334
679	(2.2727031679252847+0.01251383580568588j)	0.2883880138397217	64.72867
680	(2.272477648495279+0.012435294023381172j)	0.29067301750183105	64.82399
681	(2.272695140173165+0.012515986380907007j)	0.296069860458374	64.91932
682	(2.2725479271929276+0.012536344915325126j)	0.3295128345489502	65.01465
683	(2.272722137278104+0.012451659914223812j)	0.31540393829345703	65.10998
684	(2.272925911008611+0.01248610505131792j)	0.2966349124908447	65.20531
685	(2.272713063192776+0.01246633047734047j)	0.2907140254974365	65.30063
686	(2.272600070187989+0.012532600379433545j)	0.28832101821899414	65.39596
687	(2.2727446866031586+0.012380055628605502j)	0.28782224655151367	65.49129
688	(2.2725734040540924+0.012405577428391212j)	0.29332900047302246	65.58662
689	(2.272742570047605+0.012413956063330733j)	0.31514883041381836	65.68194
690	(2.272675174644629+0.012505291388336226j)	0.3012809753417969	65.77727
691	(2.272759135673332+0.012301022698258557j)	0.2964937686920166	65.8726
692	(2.2729221027484163+0.012188053699012269j)	0.30138707160949707	65.96793
693	(2.272805078044388+0.012262032141743429j)	0.29494714736938477	66.06326
694	(2.272760515053644+0.012447234108524163j)	0.29801011085510254	66.15858
695	(2.272766048477605+0.012217500110569768j)	0.297710657119751	66.25391
696	(2.272873329061247+0.012059766360928259j)	0.3040468692779541	66.34924
697	(2.2727929218134166+0.012181872470703181j)	0.3064587116241455	66.44457
698	(2.272589491679408+0.012249929968307927j)	0.31549072265625	66.5399
699	(2.2727617295910982+0.012135898443064508j)	0.3260202407836914	66.63522
700	(2.272804763365811+0.01196057847946852j)	0.33471012115478516	66.73055
701	(2.272781222966453+0.012114670372575687j)	0.35987210273742676	66.82588
702	(2.272632866282715+0.012249636493888716j)	0.3051881790161133	66.92121
703	(2.2726959917299148+0.01213923599339134j)	0.30229616165161133	67.01654
704	(2.272729974307636+0.011895886845716852j)	0.36195993423461914	67.11186
705	(2.2727758070209694+0.012057111394355557j)	0.35373425483703613	67.20719
706	(2.2727011902460217+0.012229652565830196j)	0.48083996772766113	67.30252
707	(2.272730063333332+0.012091318323247197j)	0.3951609134674072	67.39785
708	(2.272922762893631+0.011932329750999254j)	0.3977010250091553	67.49318
709	(2.2727798230171166+0.012003531733385753j)	0.4584677219390869	67.5885
710	(2.272783665505937+0.012180795132685274j)	0.4292919635772705	67.68383
711	(2.2727646394348895+0.012028643498138702j)	0.32288312911987305	67.77916
712	(2.272678259353048+0.011839523836137233j)	0.332622766494751	67.87449
713	(2.2728756198938336+0.011869947819491411j)	0.3006007671356201	67.96982
714	(2.2728664504571356+0.012099352132403374j)	0.3251171112060547	68.06514
715	(2.2727926163140424+0.011954032533761066j)	0.29932093620300293	68.16047
716	(2.2728228714131005+0.011714471434162127j)	0.302142858505249	68.2558
717	(2.2728396407370894+0.011784074765239766j)	0.3113231658935547	68.35113
718	(2.2729354154991546+0.011987910617179243j)	0.3307018280029297	68.44645
719	(2.272809512516078+0.011873100845287698j)	0.3204033374786377	68.54178
720	(2.2727545781167+0.011647354560980483j)	0.3047020435333252	68.63711
721	(2.272802264185814+0.011718691501539868j)	0.3092319965362549	68.73244
722	(2.2727338667324184+0.011936645838706919j)	0.30927515029907227	68.82777
723	(2.2728144274193753+0.011792567757774541j)	0.30343103408813477	68.92309
724	(2.2726866319124595+0.011612472768557883j)	0.30374789237976074	69.01842
725	(2.2727717000727723+0.01167072620707546j)	0.30988287925720215	69.11375
726	(2.2727999419982865+0.011892884036097798j)	0.314669132232666	69.20908
727	(2.272760147345088+0.011840517503032041j)	0.3072690963745117	69.30441
728	(2.272636766035587+0.011605553663058502j)	0.3046541213989258	69.39973
729	(2.2727543418566385+0.011633676982429383j)	0.30657386779785156	69.49506
730	(2.2728705693687212+0.0118218207075389j)	0.3182809352874756	69.59039
731	(2.2728158186764285+0.011773934575318185j)	0.3075258731842041	69.68572
732	(2.272828677253815+0.011511166780542988j)	0.29575204849243164	69.78105
733	(2.272619561986379+0.011513909716765865j)	0.28467583656311035	69.87637
734	(2.2729331849018055+0.0117230950537947j)	0.2945542335510254	69.9717
735	(2.272860950343113+0.01168808708233213j)	0.3040621280670166	70.06703
736	(2.272777019083325+0.011441936109674096j)	0.29612278938293457	70.16236
737	(2.2728212000651755+0.011409308680853165j)	0.30431699752807617	70.25769
738	(2.272976014292205+0.011602024057259852j)	0.3020339012145996	70.35301
739	(2.272889326385159+0.011590173509985292j)	0.30278778076171875	70.44834
740	(2.272723274166432+0.011397933798846335j)	0.2991158962249756	70.54367
741	(2.272763913824658+0.011363460117093493j)	0.2958199977874756	70.639
742	(2.2728111095802785+0.011587060515034456j)	0.30756497383117676	70.73433
743	(2.2728980928044873+0.011489856797787412j)	0.3303239345550537	70.82965
744	(2.2726792543203365+0.011378469473167285j)	0.3036489486694336	70.92498
745	(2.2727207153746494+0.011339733126136828j)	0.3464930057525635	71.02031
746	(2.272858196462965+0.011527149681473711j)	0.3987419605255127	71.11564
747	(2.2728897611771663+0.01139547317876985j)	0.3126029968261719	71.21096
748	(2.272655134079461+0.011377682710879078j)	0.3123958110809326	71.30629
749	(2.2726984204304848+0.011329133059338747j)	0.3341701030731201	71.40162
750	(2.272775724249873+0.011153035781907239j)	0.5203168392181396	71.49695
751	(2.272897866979179+0.011493478218347203j)	0.531959056854248	71.59228
752	(2.2726577346690826+0.0113855213779058j)	0.43637990951538086	71.6876
753	(2.27269906281458+0.011321086580523027j)	0.29471373558044434	71.78293
754	(2.272939710084287+0.011347990932662338j)	0.31292080879211426	71.87826
755	(2.2729445321411053+0.011385326726866818j)	0.3458538055419922	71.97359
756	(2.272770964837182+0.011212545712415145j)	0.38798999786376953	72.06892
757	(2.2727197031428776+0.01130527221874264j)	0.5063018798828125	72.16424
758	(2.2729559371881507+0.011235846332474736j)	0.4701662063598633	72.25957
759	(2.2729657541772363+0.011266311905428511j)	0.4732930660247803	72.3549
760	(2.272741469357968+0.011173305519468157j)	0.3028132915496826	72.45023
761	(2.272701570363361+0.011072914467829431j)	0.3935129642486572	72.54556
762	(2.2729477741810724+0.01112001061357426j)	0.4014148712158203	72.64088
763	(2.27296029512767+0.01114831069304123j)	0.30377197265625	72.73621
764	(2.2727212723361006+0.011149708468311259j)	0.39859509468078613	72.83154
765	(2.272664763527412+0.011076142669746047j)	0.30408716201782227	72.92687
766	(2.2728580101486817+0.011164937440212852j)	0.3414139747619629	73.0222
767	(2.2729321045181896+0.01104212379886299j)	0.289639949798584	73.11752
768	(2.2727174601003015+0.01113654822275395j)	0.3729531764984131	73.21285
769	(2.2726568045234927+0.011088230962301326j)	0.3461458683013916	73.30818
770	(2.2728804413982013+0.011094413143808934j)	0.34418511390686035	73.40351
771	(2.272973944519461+0.011171050929392579j)	0.44506406784057617	73.49884
772	(2.2727341740410507+0.011125480853858838j)	0.3109779357910156	73.59416
773	(2.272677437913148+0.011095704228955394j)	0.3105289936065674	73.68949
774	(2.272895960855963+0.011012502559042625j)	0.3179337978363037	73.78482
775	(2.2730043481745437+0.011044508202740944j)	0.33420610427856445	73.88015
776	(2.272771280707668+0.011106729627309908j)	0.3346281051635742	73.97547
777	(2.272721527451031+0.011088597867451977j)	0.31366491317749023	74.0708
778	(2.272898515751963+0.010923404456306018j)	0.31330275535583496	74.16613
779	(2.2730034253008724+0.010914058439350671j)	0.3118011951446533	74.26146
780	(2.2728028427204023+0.010931494288376087j)	0.31022191047668457	74.35679
781	(2.2727796233876973+0.011058658517205278j)	0.3080301284790039	74.45211
782	(2.272884650224616+0.010834111350708442j)	0.31137585639953613	74.54744
783	(2.27297280952457+0.01079310829401442j)	0.3246011734008789	74.64277
784	(2.2727941831995087+0.010889811973446073j)	0.3067190647125244	74.7381
785	(2.272644539809052+0.010862140873347026j)	0.2883577346801758	74.83343
786	(2.2728546775528247+0.01075290192856948j)	0.4262099266052246	74.92875
787	(2.272919581180092+0.010692873841516515j)	0.36370015144348145	75.02408
788	(2.2727944488609424+0.010855594709231586j)	0.526216983795166	75.11941
789	(2.272661923597502+0.010881585362532697j)	0.4144151210784912	75.21474
790	(2.2728242481638588+0.010797143717960589j)	0.4814598560333252	75.31007
791	(2.2728547249093176+0.010620297225200082j)	0.41367292404174805	75.40539
792	(2.2728071006718538+0.010823252636788072j)	0.3280041217803955	75.50072
793	(2.2727081194091685+0.010887826634663034j)	0.36545372009277344	75.59605
794	(2.272837206382237+0.010740194633046096j)	0.32874393463134766	75.69138
795	(2.273014194035466+0.010693565692965534j)	0.2994222640991211	75.78671
796	(2.2728322995579857+0.01078583024828128j)	0.3160402774810791	75.88203
797	(2.272774651082952+0.010869850491181388j)	0.3004939556121826	75.97736
798	(2.2728441697825286+0.010675480192567477j)	0.31914305686950684	76.07269
799	(2.2729872007250753+0.01056986948208849j)	0.29232215881347656	76.16802
800	(2.2728759134237095+0.010649303809044275j)	0.2873878479003906	76.26335
801	(2.272848962671822+0.010823197456431788j)	0.28971099853515625	76.35867
802	(2.2728436716586584+0.010608134927355684j)	0.2915771007537842	76.454
803	(2.2729339324170708+0.010464467919776954j)	0.31847190856933594	76.54933
804	(2.272860605590914+0.01058867476642189j)	0.48764705657958984	76.64466
805	(2.2729181551892665+0.01074651190035214j)	0.386538028717041	76.73998
806	(2.272832355511051+0.010543380927756862j)	0.40451502799987793	76.83531
807	(2.272864311776238+0.010386775142099292j)	0.45928215980529785	76.93064
808	(2.2728475396564427+0.010538938499982331j)	0.3532078266143799	77.02597
809	(2.2727177167999595+0.010670421444959444j)	0.3101620674133301	77.1213
810	(2.272813082352879+0.010487241813358472j)	0.322429895401001	77.21662
811	(2.272791289438208+0.010341032038395537j)	0.31470322608947754	77.31195
812	(2.272841649703528+0.010496529719679404j)	0.30335211753845215	77.40728
813	(2.2727807357445093+0.010658606940167736j)	0.2915520668029785	77.50261
814	(2.272804607356662+0.010525589657316536j)	0.30915379524230957	77.59794
815	(2.272728322157751+0.010325538855692096j)	0.30423784255981445	77.69326
816	(2.272845163789261+0.010455976804093714j)	0.294050931930542	77.78859
817	(2.2728556763136973+0.010618578151596392j)	0.30298614501953125	77.88392
818	(2.2728320853806356+0.010474152954677907j)	0.31329894065856934	77.97925
819	(2.272931341111341+0.010271860285840706j)	0.2933540344238281	78.07458
820	(2.272857100469886+0.010411480687449681j)	0.3299100399017334	78.1699
821	(2.2729293741762393+0.010547785461501702j)	0.33099985122680664	78.26523
822	(2.272852321717785+0.010412526998067939j)	0.3008730411529541	78.36056
823	(2.272869855737971+0.010193659841872593j)	0.3012199401855469	78.45589
824	(2.2728867376703423+0.010266658344990298j)	0.2889699935913086	78.55122
825	(2.2729887886439863+0.010449546674103138j)	0.29501795768737793	78.64654
826	(2.2728627671053223+0.01034640799639197j)	0.2893979549407959	78.74187
827	(2.2728012955581494+0.010144499136481633j)	0.28963184356689453	78.8372
828	(2.2728517892920963+0.010217492555888441j)	0.3034191131591797	78.93253
829	(2.2727984429360792+0.010424393143020905j)	0.4664649963378906	79.02786
830	(2.2728629138352514+0.01028192021031582j)	0.43140196800231934	79.12318
831	(2.2727384647458324+0.010125233078078j)	0.349193811416626	79.21851
832	(2.272824546747961+0.010183147683238691j)	0.2967832088470459	79.31384
833	(2.2728607730465793+0.010389232148940719j)	0.4004170894622803	79.40917
834	(2.2728557528168096+0.010224219253215372j)	0.30205202102661133	79.50449
835	(2.2739122915332364+0.010705465173236228j)	0.27965497970581055	79.59982
836	(2.272810183847065+0.010157295155755808j)	0.3100240230560303	79.69515
837	(2.27292599351362+0.010327741470947283j)	0.28893089294433594	79.79048
838	(2.272870961288589+0.010281045421012047j)	0.28578805923461914	79.88581
839	(2.272675252954535+0.010152403199316762j)	0.2858309745788574	79.98113
840	(2.272809324448049+0.010132747343041815j)	0.30090808868408203	80.07646
841	(2.272982178008249+0.010240454096062335j)	0.30555009841918945	80.17179
842	(2.2729090530877984+0.010208087664300036j)	0.2990720272064209	80.26712
843	(2.272819935475881+0.009985226848400752j)	0.2888920307159424	80.36245
844	(2.2728193927831692+0.01010320308266377j)	0.3585977554321289	80.45777
845	(2.273018543134464+0.010133149966061739j)	0.32186222076416016	80.5531
846	(2.2729314450343643+0.010125417465122188j)	0.40902209281921387	80.64843
847	(2.2727688024539456+0.009956811492953466j)	0.2897789478302002	80.74376
848	(2.272809788529946+0.009930789679406637j)	0.37367987632751465	80.83909
849	(2.273027703908859+0.010015902932231868j)	0.31020689010620117	80.93441
