	res_adaptive	time_adaptive	w
0	(1.0618678823065426-0.0955174952893537j)	1.0398881435394287	0.001
1	(1.4241927684344633-0.19532282255324912j)	0.39798808097839355	0.09632793136320304
2	(1.5156172113377522-0.2254023320230599j)	0.3935539722442627	0.19165586272640608
3	(1.5757585534764624-0.24920431688109557j)	0.3441147804260254	0.2869837940896091
4	(1.6171447533492573-0.26486479643428734j)	0.3734416961669922	0.38231172545281217
5	(1.6563900489916512-0.2769765338585969j)	0.3596310615539551	0.4776396568160152
6	(1.6840357003227309-0.28826721132605404j)	0.3565659523010254	0.5729675881792182
7	(1.710361170263203-0.2963174851199112j)	0.35910606384277344	0.6682955195424213
8	(1.7353788781452586-0.30566003962192984j)	0.33101415634155273	0.7636234509056243
9	(1.753504387736793-0.31223752813799105j)	0.37768030166625977	0.8589513822688274
10	(1.7704620986159723-0.3187890968993699j)	0.35812878608703613	0.9542793136320304
11	(1.7872877913967633-0.32647325826007284j)	0.3531463146209717	1.0496072449952334
12	(1.8001290558619925-0.3351538463825602j)	0.37283802032470703	1.1449351763584363
13	(1.8132034210261787-0.3399595053597683j)	0.35485005378723145	1.2402631077216395
14	(1.8243797180631995-0.34804784311355j)	0.3495652675628662	1.3355910390848424
15	(1.8340376162887864-0.3523751006714143j)	0.3750598430633545	1.4309189704480456
16	(1.844411416318835-0.3589883498722692j)	0.3633689880371094	1.5262469018112486
17	(1.8519660792608954-0.3660484099907035j)	0.34803199768066406	1.6215748331744515
18	(1.8606578099617477-0.3726446520820133j)	0.3722541332244873	1.7169027645376547
19	(1.8675468290654804-0.37825440902993335j)	0.34249234199523926	1.8122306959008576
20	(1.8733950202064629-0.3850836805999901j)	0.3485410213470459	1.9075586272640608
21	(1.881216838839815-0.3906729593614174j)	0.3354513645172119	2.0028865586272637
22	(1.8849653895762737-0.3971706645295403j)	0.34189701080322266	2.098214489990467
23	(1.8900829490343076-0.40351152552804537j)	0.33539414405822754	2.19354242135367
24	(1.895924250504403-0.41047107793287674j)	0.33252882957458496	2.288870352716873
25	(1.8983978723441814-0.4160806989478644j)	0.3409461975097656	2.384198284080076
26	(1.9028300023590752-0.42314061285869653j)	0.34859395027160645	2.479526215443279
27	(1.9065546003515188-0.43088674178333486j)	0.3412809371948242	2.574854146806482
28	(1.9090660980861263-0.43544870228030896j)	0.3712019920349121	2.670182078169685
29	(1.912092883234139-0.4434873484939608j)	0.3782620429992676	2.765510009532888
30	(1.9144679461236445-0.45023642785766105j)	0.3368220329284668	2.8608379408960913
31	(1.9167664316791522-0.4557324704267854j)	0.35714125633239746	2.956165872259294
32	(1.9182557706933727-0.463646231277026j)	0.3426387310028076	3.0514938036224972
33	(1.9202326703369652-0.47044274750184567j)	0.34027600288391113	3.1468217349857004
34	(1.9221686228897115-0.4768332828760834j)	0.354647159576416	3.242149666348903
35	(1.9222737022321588-0.48494362391272516j)	0.3376898765563965	3.3374775977121063
36	(1.9242567429593258-0.49132187752759615j)	0.3400380611419678	3.4328055290753094
37	(1.925271223845388-0.4988690889119107j)	0.35371899604797363	3.5281334604385126
38	(1.9246245031210032-0.5058707488258041j)	0.33414506912231445	3.6234613918017153
39	(1.9265206194980877-0.513015867898579j)	0.34979891777038574	3.7187893231649185
40	(1.9263015893511384-0.5202546145075998j)	0.3617537021636963	3.8141172545281217
41	(1.9257535107821775-0.5273702189684859j)	0.3379690647125244	3.9094451858913244
42	(1.9270495004626367-0.5353105318083193j)	0.369426965713501	4.004773117254528
43	(1.9259944673755487-0.5421006018676537j)	0.35865283012390137	4.100101048617731
44	(1.9265747208115933-0.5491703371027374j)	0.3486757278442383	4.195428979980934
45	(1.9256323634624588-0.5579126235278427j)	0.3449239730834961	4.290756911344137
46	(1.9247143769342012-0.5641734905506101j)	0.33934593200683594	4.386084842707341
47	(1.924108660062817-0.5720995834621299j)	0.33078813552856445	4.481412774070543
48	(1.9230347961462022-0.5798074953820849j)	0.3512997627258301	4.576740705433746
49	(1.9225564507575736-0.5867750542479515j)	0.3538639545440674	4.67206863679695
50	(1.922002488239948-0.5945929919338009j)	0.36093592643737793	4.7673965681601524
51	(1.919778955322774-0.6030759635060843j)	0.33734703063964844	4.862724499523355
52	(1.919351207894925-0.6099930202762872j)	0.34461426734924316	4.958052430886559
53	(1.9169850315944084-0.6183926891868465j)	0.3377089500427246	5.0533803622497615
54	(1.9157262590009572-0.6259948863995909j)	0.3285198211669922	5.148708293612964
55	(1.9149265815364596-0.6336570428367205j)	0.33989787101745605	5.244036224976168
56	(1.9119779763883098-0.6415082714309369j)	0.3350050449371338	5.339364156339371
57	(1.9109281631137387-0.6494282696060547j)	0.33759593963623047	5.434692087702573
58	(1.9093399878377146-0.6574515904920949j)	0.34302783012390137	5.530020019065777
59	(1.906420198087474-0.6647371221200093j)	0.3347022533416748	5.62534795042898
60	(1.904946908438115-0.6724927368026652j)	0.33984994888305664	5.720675881792183
61	(1.9028810754443803-0.681147609316269j)	0.3490889072418213	5.816003813155386
62	(1.9003211758477627-0.6883452829493928j)	0.35234618186950684	5.911331744518589
63	(1.8989437762129002-0.6972721611435309j)	0.3667259216308594	6.006659675881792
64	(1.8958205247342945-0.7046295615176712j)	0.3536570072174072	6.101987607244995
65	(1.8934852313702617-0.7123969699015982j)	0.34374403953552246	6.197315538608198
66	(1.8906465574533267-0.7214595897338272j)	0.35221123695373535	6.292643469971401
67	(1.8884345832627323-0.7286081822399134j)	0.3576672077178955	6.387971401334604
68	(1.8857356376792382-0.7367530335621748j)	0.3399031162261963	6.483299332697807
69	(1.8823469418046304-0.7453282784125682j)	0.33876895904541016	6.57862726406101
70	(1.8804547237326248-0.7528022418423512j)	0.3704509735107422	6.673955195424213
71	(1.8770851679504297-0.7611066898793226j)	0.3674509525299072	6.769283126787417
72	(1.873691317578258-0.7692268153650896j)	0.3692810535430908	6.8646110581506194
73	(1.870591219381021-0.7767636982324506j)	0.3357529640197754	6.959938989513822
74	(1.8681522705615619-0.7851834873789463j)	0.347247838973999	7.055266920877026
75	(1.864854818964094-0.7932863587789445j)	0.353762149810791	7.1505948522402285
76	(1.862120497695236-0.8019136634237956j)	0.328233003616333	7.245922783603431
77	(1.8580491388577478-0.8093420566499855j)	0.34886980056762695	7.341250714966635
78	(1.8550272150429121-0.8177808470339011j)	0.34415507316589355	7.436578646329838
79	(1.851793285652466-0.8263503484183761j)	0.3506450653076172	7.53190657769304
80	(1.84804898341724-0.8334635195518053j)	0.33742785453796387	7.627234509056244
81	(1.8446100081562982-0.8423672029380407j)	0.34067487716674805	7.722562440419447
82	(1.840731797063923-0.8498488605224617j)	0.3400740623474121	7.817890371782649
83	(1.8369088825880193-0.8581481876278274j)	0.33538103103637695	7.913218303145853
84	(1.8332525975690532-0.8661631963214911j)	0.3358500003814697	8.008546234509055
85	(1.829649678189595-0.8749945698663724j)	0.343900203704834	8.103874165872258
86	(1.8265209014015857-0.8825136280235717j)	0.35959315299987793	8.19920209723546
87	(1.8218049570095436-0.8911343581624824j)	0.3469231128692627	8.294530028598665
88	(1.818541356474615-0.8989835133327214j)	0.36934995651245117	8.389857959961867
89	(1.8146922025069012-0.9071145003190655j)	0.331021785736084	8.48518589132507
90	(1.8098136771044313-0.9152169840728867j)	0.3491678237915039	8.580513822688273
91	(1.8063501988271315-0.9235880347120814j)	0.3444788455963135	8.675841754051476
92	(1.8015635070823102-0.9318018795780096j)	0.3692760467529297	8.77116968541468
93	(1.795187738578153-0.9389457017200938j)	0.31897902488708496	8.866497616777883
94	(1.794053042147337-0.9480196555040008j)	0.3497610092163086	8.961825548141086
95	(1.789375449600556-0.9556224563594354j)	0.3289809226989746	9.057153479504288
96	(1.784993969766374-0.9635176683064379j)	0.35480284690856934	9.152481410867491
97	(1.7808272003434915-0.9724125311374774j)	0.3525691032409668	9.247809342230694
98	(1.7762722541588238-0.9796256285335829j)	0.34667277336120605	9.343137273593898
99	(1.771501366660738-0.9880159784499443j)	0.35131406784057617	9.438465204957101
100	(1.7672436920307515-0.9964080146235227j)	0.34474611282348633	9.533793136320304
101	(1.7629311884820167-1.0036847156769282j)	0.3421449661254883	9.629121067683506
102	(1.7579720731340323-1.0121694356581852j)	0.3315391540527344	9.72444899904671
103	(1.7530887188131934-1.0202937444101394j)	0.33854007720947266	9.819776930409914
104	(1.74910473988855-1.0278661880691193j)	0.34072303771972656	9.915104861773116
105	(1.7436045096291495-1.0361676405458335j)	0.3454582691192627	10.010432793136319
106	(1.7391705042181056-1.043946330367873j)	0.35088109970092773	10.105760724499522
107	(1.7346624712643943-1.052068028333374j)	0.34558701515197754	10.201088655862725
108	(1.7290645279797197-1.060241364681556j)	0.35118603706359863	10.296416587225927
109	(1.7244337559226626-1.0683709040577263j)	0.35322117805480957	10.391744518589132
110	(1.7196090723580593-1.0760357017500284j)	0.33458805084228516	10.487072449952334
111	(1.7139525394738584-1.0833502234965835j)	0.33078813552856445	10.582400381315537
112	(1.709357708865161-1.0917947333011853j)	0.3772900104522705	10.67772831267874
113	(1.7041018155212078-1.099656481345129j)	0.3541707992553711	10.773056244041943
114	(1.698789140720275-1.1068729374064836j)	0.33105921745300293	10.868384175405145
115	(1.693631534649161-1.1155835850981353j)	0.3333587646484375	10.96371210676835
116	(1.6883742197588982-1.122984352245337j)	0.34232091903686523	11.059040038131553
117	(1.6831865989415227-1.1304666451895495j)	0.34211111068725586	11.154367969494755
118	(1.6774441292777333-1.1389873342829653j)	0.3439488410949707	11.249695900857958
119	(1.6726209383914608-1.1461006144527102j)	0.33541202545166016	11.34502383222116
120	(1.6670283307815397-1.153992880978936j)	0.3432760238647461	11.440351763584365
121	(1.6608045963072442-1.161777413182411j)	0.3612790107727051	11.535679694947568
122	(1.6562104762423968-1.1694691462940319j)	0.34040188789367676	11.63100762631077
123	(1.6502995461771737-1.1772494250099612j)	0.3417363166809082	11.726335557673973
124	(1.6443031705777011-1.1848911874465426j)	0.32781076431274414	11.821663489037176
125	(1.6395427122483133-1.1926686746094537j)	0.33339810371398926	11.916991420400379
126	(1.6331498481945903-1.2001046218560036j)	0.34420108795166016	12.012319351763583
127	(1.6274218287044722-1.2076893560812612j)	0.3317131996154785	12.107647283126786
128	(1.6221160015883656-1.2157540341429423j)	0.33919501304626465	12.202975214489989
129	(1.6158409774727285-1.222690762171705j)	0.3638119697570801	12.298303145853192
130	(1.6101365901833693-1.2304941105979892j)	0.3379988670349121	12.393631077216394
131	(1.604064526074668-1.238015299840236j)	0.3333308696746826	12.488959008579599
132	(1.5983494489691852-1.2451298955935686j)	0.3296661376953125	12.584286939942801
133	(1.586229692345009-1.2607246472341433j)	0.33713793754577637	12.679614871306004
134	(1.5805351976110396-1.2675565454405082j)	0.3596780300140381	12.774942802669207
135	(1.574601926747651-1.2749619932692624j)	0.34319472312927246	12.87027073403241
136	(1.568130539365054-1.282756076754798j)	0.33796095848083496	12.965598665395612
137	(1.5623442018779046-1.2900700963708391j)	0.3262031078338623	13.060926596758817
138	(1.5552867245068693-1.2974903418730683j)	0.33548712730407715	13.15625452812202
139	(1.5495460612763448-1.3047229929106985j)	0.328535795211792	13.251582459485222
140	(1.5434210061199556-1.312043378131619j)	0.34124326705932617	13.346910390848425
141	(1.5368015368736638-1.3187958821598678j)	0.35169196128845215	13.442238322211628
142	(1.5308183677847453-1.3265645503242853j)	0.36766505241394043	13.537566253574832
143	(1.5238169156455053-1.3326162713084904j)	0.3435530662536621	13.632894184938035
144	(1.517372706127841-1.340569196406586j)	0.32958102226257324	13.728222116301238
145	(1.5113290467445666-1.3483670461054111j)	0.33170604705810547	13.82355004766444
146	(1.5046210496133976-1.3550642233387236j)	0.3320441246032715	13.918877979027643
147	(1.4980587222543864-1.3619775509928282j)	0.3306150436401367	14.014205910390846
148	(1.4915018516044822-1.3697342089337932j)	0.3374600410461426	14.10953384175405
149	(1.4849577627054114-1.3761153302169418j)	0.32756876945495605	14.204861773117253
150	(1.4786773903454018-1.382971275532252j)	0.3344449996948242	14.300189704480456
151	(1.4713072293833882-1.39067214916527j)	0.32903599739074707	14.395517635843659
152	(1.4650893203734057-1.3970639197999322j)	0.3298008441925049	14.490845567206861
153	(1.4580254990548656-1.4043087440584379j)	0.3549230098724365	14.586173498570064
154	(1.4528940903956586-1.4097768161011408j)	0.3268458843231201	14.681501429933268
155	(1.4448537896243399-1.4179214722946327j)	0.33453798294067383	14.776829361296471
156	(1.4373511706609956-1.4248574812585437j)	0.3294239044189453	14.872157292659674
157	(1.430776193459936-1.4317889681745997j)	0.3543429374694824	14.967485224022877
158	(1.4238097151017906-1.4388123622842208j)	0.3515639305114746	15.06281315538608
159	(1.4164449073936107-1.4450175844205937j)	0.3320331573486328	15.158141086749284
160	(1.4097718683380385-1.4519217578023969j)	0.3367900848388672	15.253469018112487
161	(1.4028986148040317-1.458837332507243j)	0.34479212760925293	15.34879694947569
162	(1.395432277680676-1.464894743416711j)	0.3343832492828369	15.444124880838892
163	(1.3885727572200555-1.472038360454986j)	0.337465763092041	15.539452812202095
164	(1.3813933038083837-1.478615448269412j)	0.33614420890808105	15.634780743565297
165	(1.374247917121524-1.4846338409596316j)	0.36919188499450684	15.730108674928502
166	(1.3669329470217213-1.4918613976091966j)	0.33917999267578125	15.825436606291705
167	(1.359760108520274-1.4980590052724243j)	0.3294839859008789	15.920764537654907
168	(1.3526404344326486-1.5042571689045225j)	0.34407711029052734	16.016092469018112
169	(1.3448856801687727-1.5112232650243205j)	0.3314650058746338	16.111420400381316
170	(1.3376460576414857-1.5175341086872312j)	0.3432738780975342	16.206748331744517
171	(1.3298716019033479-1.5237876238012429j)	0.3369159698486328	16.302076263107722
172	(1.3228783866521143-1.5303741257859096j)	0.38379693031311035	16.397404194470923
173	(1.3154906909323663-1.536721829417388j)	0.3342430591583252	16.492732125834127
174	(1.3081920238282143-1.5427402315514231j)	0.34942007064819336	16.588060057197332
175	(1.300342287091173-1.548723780507429j)	0.35387492179870605	16.683387988560533
176	(1.2929947087128075-1.5552420779905163j)	0.3364241123199463	16.778715919923737
177	(1.2855289809761248-1.5611700355990916j)	0.3669250011444092	16.874043851286938
178	(1.2778526317930465-1.56715165090689j)	0.33923983573913574	16.969371782650143
179	(1.2703299577764051-1.5735594294480961j)	0.34305405616760254	17.064699714013347
180	(1.262623323812348-1.57919383579231j)	0.3319690227508545	17.160027645376548
181	(1.2550195758631164-1.5854466502641462j)	0.333449125289917	17.255355576739753
182	(1.2470338585877023-1.5915840568487285j)	0.3551599979400635	17.350683508102954
183	(1.2396269638805029-1.597083760968044j)	0.3395242691040039	17.446011439466158
184	(1.2317319277566983-1.603413234878198j)	0.3387870788574219	17.541339370829363
185	(1.2238333676661752-1.6093926101603686j)	0.34020495414733887	17.636667302192564
186	(1.215979660471247-1.615222794514897j)	0.33263397216796875	17.731995233555768
187	(1.2080476026144515-1.6210036264439984j)	0.3360869884490967	17.82732316491897
188	(1.2003193915178239-1.626666185448502j)	0.3386690616607666	17.922651096282173
189	(1.1928914626608882-1.6324063772830115j)	0.3494760990142822	18.017979027645374
190	(1.1841570995945343-1.6380717726481524j)	0.346480131149292	18.11330695900858
191	(1.176604336258563-1.643755141192596j)	0.3372960090637207	18.208634890371783
192	(1.168766143982032-1.6494475625445308j)	0.334766149520874	18.303962821734984
193	(1.1601597172632336-1.6547641582832866j)	0.37737178802490234	18.39929075309819
194	(1.1526549217578883-1.6606905756012178j)	0.3400859832763672	18.49461868446139
195	(1.144413602885535-1.6660633429381333j)	0.36028194427490234	18.589946615824594
196	(1.1360665705679147-1.6711689021266776j)	0.33641600608825684	18.6852745471878
197	(1.1281726032297583-1.6772146825579668j)	0.33200597763061523	18.780602478551
198	(1.119895368306348-1.682251571892588j)	0.3324737548828125	18.875930409914204
199	(1.1117539672884522-1.6873989828193932j)	0.32834792137145996	18.971258341277405
200	(1.1033854629708877-1.6933437225061336j)	0.33666205406188965	19.06658627264061
201	(1.0953279731266061-1.6980957217548265j)	0.35175204277038574	19.161914204003814
202	(1.087028791648261-1.7034275641656254j)	0.35394787788391113	19.257242135367015
203	(1.0783892373913653-1.7089346792844995j)	0.34535980224609375	19.35257006673022
204	(1.0705951108559402-1.7136945719920154j)	0.3314800262451172	19.44789799809342
205	(1.0619281214565703-1.7190386871670427j)	0.3359498977661133	19.543225929456625
206	(1.0533369350036024-1.7241370927135364j)	0.3321051597595215	19.63855386081983
207	(1.0453452679165263-1.729380849029913j)	0.3486020565032959	19.73388179218303
208	(1.037062991198776-1.7338914632482996j)	0.3367428779602051	19.829209723546235
209	(1.0281569389629848-1.739069092332564j)	0.33559203147888184	19.924537654909436
210	(1.0201140460907454-1.7442252747185985j)	0.32895374298095703	20.01986558627264
211	(1.0115543589748135-1.7490504275246375j)	0.33923912048339844	20.11519351763584
212	(1.002786083476118-1.7537546973849962j)	0.3457322120666504	20.210521448999046
213	(0.9943523369949405-1.7587996065578375j)	0.34633588790893555	20.30584938036225
214	(0.9855705293340637-1.7629759185841674j)	0.3404207229614258	20.40117731172545
215	(0.977272726765621-1.7678977065261412j)	0.3473498821258545	20.496505243088656
216	(0.9684300339299342-1.7728757053279725j)	0.35577917098999023	20.591833174451857
217	(0.9598933263196008-1.777007383331636j)	0.3399839401245117	20.68716110581506
218	(0.6318190415366612-2.2187518874426533j)	0.33452510833740234	20.782489037178266
219	(0.9423930879706248-1.7865516088474025j)	0.3250701427459717	20.877816968541467
220	(0.9339341039863841-1.790850882721364j)	0.35570383071899414	20.97314489990467
221	(0.9252306834818219-1.795170198286761j)	0.335345983505249	21.068472831267872
222	(0.9163136238759269-1.7999159780236247j)	0.34084296226501465	21.163800762631077
223	(0.9075830170140338-1.804300284080736j)	0.3348388671875	21.25912869399428
224	(0.8986824080422875-1.8086984651778175j)	0.34032487869262695	21.354456625357482
225	(0.8900176902949959-1.8130495111923028j)	0.3340320587158203	21.449784556720687
226	(0.8809877852367435-1.817319378837229j)	0.32790184020996094	21.545112488083888
227	(0.8718216194093356-1.8213279785737897j)	0.336885929107666	21.640440419447092
228	(0.8634322128025977-1.8258946196447536j)	0.33073997497558594	21.735768350810293
229	(0.8539910699242148-1.8296129961557768j)	0.33765482902526855	21.831096282173498
230	(0.8454621638747183-1.8338617764936596j)	0.3378031253814697	21.926424213536702
231	(0.836511943714401-1.8383154764994518j)	0.3292810916900635	22.021752144899903
232	(0.8274051263996667-1.8417464252050406j)	0.3403747081756592	22.117080076263107
233	(0.8183779122074402-1.8459468488552655j)	0.34581971168518066	22.21240800762631
234	(0.8091599965286986-1.8500820828261935j)	0.343491792678833	22.307735938989513
235	(0.8005300869966168-1.853467143669218j)	0.32854223251342773	22.403063870352717
236	(0.7915194656398115-1.8573300495022838j)	0.33376288414001465	22.49839180171592
237	(0.7821728506883107-1.861443940574004j)	0.33468103408813477	22.593719733079123
238	(0.7731047044290777-1.8647437240145686j)	0.34890127182006836	22.689047664442324
239	(0.7638948240656501-1.868885732536472j)	0.3511049747467041	22.78437559580553
240	(0.7548815282257091-1.87251424380821j)	0.33299803733825684	22.879703527168733
241	(0.746101229678683-1.876115096121801j)	0.3413257598876953	22.975031458531934
242	(0.7362560652357822-1.8796194734753464j)	0.33841419219970703	23.07035938989514
243	(0.7275304616217114-1.8832333024415413j)	0.33379578590393066	23.16568732125834
244	(0.7184946419859018-1.8868485126247403j)	0.32892799377441406	23.261015252621544
245	(0.708809539231407-1.8899900217699874j)	0.337756872177124	23.356343183984748
246	(0.6999874388072032-1.8937179236200965j)	0.35106921195983887	23.45167111534795
247	(0.6906653962469295-1.8970193084114169j)	0.33649396896362305	23.546999046711154
248	(0.6812606337540161-1.8999302717222668j)	0.3534657955169678	23.642326978074355
249	(0.6720899863181945-1.90376669159615j)	0.3353903293609619	23.73765490943756
250	(0.6627697837648274-1.9067198283526896j)	0.3401761054992676	23.83298284080076
251	(0.653546859088011-1.9096651978187709j)	0.3438148498535156	23.928310772163965
252	(0.6439589710872051-1.9132985316756232j)	0.3537299633026123	24.02363870352717
253	(0.6348499931166987-1.9165698108809468j)	0.3329899311065674	24.11896663489037
254	(0.6255265251165739-1.9190628088371473j)	0.36957406997680664	24.214294566253574
255	(0.6158624412490967-1.9220893192750466j)	0.3346090316772461	24.309622497616775
256	(0.6068071848067716-1.9249587822620993j)	0.33547425270080566	24.40495042897998
257	(0.5969298526122256-1.9279575948203673j)	0.3437509536743164	24.500278360343184
258	(1.0003013112419656-1.0972344171327413j)	0.3405487537384033	24.595606291706385
259	(0.5787303141423618-1.9337334316654466j)	0.33585405349731445	24.69093422306959
260	(0.5688288826521194-1.9363898993942255j)	0.3372781276702881	24.78626215443279
261	(0.5594024141839234-1.939453269473797j)	0.34694981575012207	24.881590085795995
262	(0.5502954523327364-1.9420493450564205j)	0.328948974609375	24.9769180171592
263	(0.5404293034956517-1.9442670457860567j)	0.33054089546203613	25.0722459485224
264	(0.5310797661337328-1.9470465814190603j)	0.3430359363555908	25.167573879885605
265	(0.5216009479392282-1.9498557390398585j)	0.33643078804016113	25.262901811248806
266	(0.5118983109735207-1.9519997065725287j)	0.33190011978149414	25.35822974261201
267	(0.5024830536424909-1.9549607333285537j)	0.34801411628723145	25.45355767397521
268	(0.4929143394953699-1.9569500462809895j)	0.3472769260406494	25.548885605338416
269	(0.4835541511241297-1.9590026399133635j)	0.3330247402191162	25.64421353670162
270	(0.473688622675403-1.9617571787543349j)	0.33345508575439453	25.73954146806482
271	(0.4642095648793142-1.963900057093376j)	0.3563687801361084	25.834869399428026
272	(0.4546280413792545-1.9658296180029935j)	0.3358490467071533	25.930197330791227
273	(0.44478334180383283-1.968350719002825j)	0.35070300102233887	26.02552526215443
274	(0.43541914683655303-1.9702905466463636j)	0.3352699279785156	26.120853193517636
275	(0.4261202471406963-1.9725238524032884j)	0.3472771644592285	26.216181124880837
276	(0.4157912554974612-1.9745723575273568j)	0.35111284255981445	26.31150905624404
277	(0.40671724170287893-1.976517294408865j)	0.3360750675201416	26.406836987607242
278	(0.39693198369575355-1.9784273496857874j)	0.34783005714416504	26.502164918970447
279	(0.38701449029689394-1.9800994223034278j)	0.332592248916626	26.59749285033365
280	(0.37760295199904526-1.9823467475835859j)	0.33884215354919434	26.692820781696852
281	(0.3678289983435825-1.9838573684386056j)	0.3413093090057373	26.788148713060057
282	(0.35800651373545145-1.9858045249523426j)	0.34394216537475586	26.883476644423258
283	(0.34845232230824574-1.9876978090056976j)	0.32677578926086426	26.978804575786462
284	(0.3387688176291045-1.9888437016393445j)	0.33674192428588867	27.074132507149667
285	(0.32905917988950273-1.9905316670495738j)	0.34557294845581055	27.169460438512868
286	(0.3191597415135722-1.9924229547406136j)	0.32622218132019043	27.264788369876072
287	(0.3097791886649146-1.993540526059074j)	0.33714985847473145	27.360116301239273
288	(0.2997614055127733-1.9951941548040135j)	0.33765196800231934	27.455444232602478
289	(0.2898952818385241-1.9966849414351127j)	0.3273470401763916	27.55077216396568
290	(0.2805679297754372-1.9978421148383445j)	0.3364830017089844	27.646100095328883
291	(0.270406642047618-1.9993011965533372j)	0.3319852352142334	27.741428026692088
292	(0.2608028455005359-2.0006049617083765j)	0.345858097076416	27.83675595805529
293	(0.25129128613690055-2.001853943318654j)	0.3342130184173584	27.932083889418493
294	(0.2410193795172414-2.002853311286064j)	0.3319849967956543	28.027411820781694
295	(0.23144246369799903-2.004223027796064j)	0.3348708152770996	28.1227397521449
296	(0.22182333147012323-2.0053268173209924j)	0.3153259754180908	28.218067683508103
297	(0.21168533881237872-2.0059685396148517j)	0.32904911041259766	28.313395614871304
298	(0.20188705553669162-2.0072898495944087j)	0.3955998420715332	28.40872354623451
299	(0.19227460786723183-2.008275967276195j)	0.40547776222229004	28.50405147759771
300	(0.1823504525724987-2.009045586598818j)	0.49549293518066406	28.599379408960914
301	(0.17260387491859852-2.010137034110721j)	0.317641019821167	28.69470734032412
302	(0.16285394242431173-2.0105764710985867j)	0.31636714935302734	28.79003527168732
303	(0.1530923141725139-2.0112620883495085j)	0.30507802963256836	28.885363203050524
304	(0.14304267425922962-2.012063576944196j)	0.32524704933166504	28.980691134413725
305	(0.13342444205177761-2.01270775691458j)	0.317166805267334	29.07601906577693
306	(0.12360883223032043-2.013363306052056j)	0.3092498779296875	29.17134699714013
307	(0.11337095852714624-2.0140667424360696j)	0.30634593963623047	29.266674928503335
308	(0.10403083232519061-2.0144533033795016j)	0.31416773796081543	29.36200285986654
309	(0.09402576515963895-2.0146397482546963j)	0.3112912178039551	29.45733079122974
310	(0.08388924486721056-2.015351285204123j)	0.31700897216796875	29.552658722592945
311	(0.07450330742285982-2.015856285549354j)	0.30994391441345215	29.647986653956146
312	(0.06437198485808265-2.0160123229078133j)	0.3113999366760254	29.74331458531935
313	(0.05447166103253903-2.01623002614788j)	0.3097238540649414	29.838642516682555
314	(0.044889280174322976-2.0168499627565812j)	0.309999942779541	29.933970448045756
315	(0.034760935756040334-2.016582410257943j)	0.3041043281555176	30.02929837940896
316	(0.025280558832780187-2.0172193606042432j)	0.3311727046966553	30.12462631077216
317	(0.015139917745916776-2.017247111252051j)	0.3062589168548584	30.219954242135366
318	(0.0053327398976515394-2.016744907189071j)	0.3205728530883789	30.31528217349857
319	(-0.004623962561342176-2.0170430494686538j)	0.31269097328186035	30.41061010486177
320	(-0.014525950793895681-2.0170671496073562j)	0.3149731159210205	30.505938036224975
321	(-0.024103903188079256-2.016606639580335j)	0.30620479583740234	30.601265967588176
322	(-0.03419277322764569-2.016409058268338j)	0.323091983795166	30.69659389895138
323	(-0.044071786557844606-2.016483114661482j)	0.3016979694366455	30.791921830314585
324	(-0.05359510431623454-2.0161122850688393j)	0.3072021007537842	30.887249761677786
325	(-0.06398866393706532-2.0159624574321593j)	0.3093688488006592	30.98257769304099
326	(-0.07341149605876135-2.0153700510174435j)	0.30698418617248535	31.077905624404192
327	(-0.08326695228077377-2.015266441257889j)	0.313183069229126	31.173233555767396
328	(-0.09352280813186276-2.014568533306181j)	0.32030534744262695	31.268561487130597
329	(-0.10314894062789662-2.0143014079481945j)	0.3066880702972412	31.3638894184938
330	(-0.11288274111901128-2.0136841955540747j)	0.30814480781555176	31.459217349857006
331	(-0.12292392332132657-2.012846091436273j)	0.3049299716949463	31.554545281220207
332	(-0.13252202362107857-2.0127297238964243j)	0.3134799003601074	31.64987321258341
333	(-0.14249679122744702-2.0117217566332677j)	0.3297579288482666	31.745201143946613
334	(-0.1522942075870073-2.010809365608878j)	0.30797910690307617	31.840529075309817
335	(-0.16218558571983538-2.0105111018420025j)	0.30373573303222656	31.93585700667302
336	(-0.17190833287602747-2.009245360007954j)	0.3155519962310791	32.03118493803622
337	(-0.18170782198075605-2.00843852556928j)	0.3380410671234131	32.12651286939942
338	(-0.19179584829444385-2.007789553648851j)	0.3138298988342285	32.22184080076263
339	(-0.20153060883670712-2.00661482145862j)	0.32024407386779785	32.31716873212583
340	(-0.2112148400834791-2.0056337366588903j)	0.3086521625518799	32.41249666348903
341	(-0.22121416984459752-2.0045629914691796j)	0.3053629398345947	32.50782459485224
342	(-0.23052854353568875-2.0033917542840363j)	0.3156239986419678	32.60315252621544
343	(-0.24074166211131448-2.00226397006442j)	0.327862024307251	32.69848045757864
344	(-0.25050883604861474-2.000992782466884j)	0.3261120319366455	32.79380838894184
345	(-0.25991702111695847-1.9999043309468536j)	0.331085205078125	32.88913632030505
346	(-0.2700988626293226-1.99832526935776j)	0.31818604469299316	32.98446425166825
347	(-0.2796820910669416-1.9973128041380774j)	0.32199883460998535	33.07979218303145
348	(-0.2893653476516985-1.9958674046632126j)	0.33282899856567383	33.17512011439466
349	(-0.29930917273263624-1.9939816157492327j)	0.31434011459350586	33.27044804575786
350	(-0.3089517461409172-1.992864607223136j)	0.30756282806396484	33.36577597712106
351	(-0.31871245021216926-1.9913631465157284j)	0.31594300270080566	33.46110390848427
352	(-0.3283641244031468-1.9893498458343133j)	0.3077270984649658	33.55643183984747
353	(-0.33808927033812675-1.988191806453442j)	0.31260204315185547	33.65175977121067
354	(-0.34785585347205006-1.9862880687852666j)	0.3069753646850586	33.74708770257387
355	(-0.3574502743998683-1.984411831397275j)	0.31494688987731934	33.84241563393708
356	(-0.36745015751261256-1.982914342451937j)	0.3153090476989746	33.93774356530028
357	(-0.37685093941758563-1.9808595910721174j)	0.31919097900390625	34.03307149666348
358	(-0.38675107150913524-1.979152809594921j)	0.3187079429626465	34.12839942802669
359	(-0.39663601827355044-1.9771732974470166j)	0.3108971118927002	34.22372735938989
360	(-0.40579009155719914-1.975192382812422j)	0.30873894691467285	34.31905529075309
361	(-0.41562003310689477-1.9732266727369392j)	0.30900001525878906	34.41438322211629
362	(-0.4254860762459203-1.9709478152884006j)	0.3101470470428467	34.5097111534795
363	(-0.4347046815953014-1.9691430522985252j)	0.3211188316345215	34.6050390848427
364	(-0.444567984914241-1.9667762166975684j)	0.3047330379486084	34.7003670162059
365	(-0.45423851140082483-1.9644753482092516j)	0.30586695671081543	34.79569494756911
366	(-0.4636579165542628-1.9625898245484046j)	0.3103001117706299	34.89102287893231
367	(-0.47338678293062736-1.959910632195888j)	0.3070671558380127	34.98635081029551
368	(-0.4829105208296744-1.9576266040892112j)	0.31235289573669434	35.08167874165872
369	(-0.4923918243979705-1.9555592819289753j)	0.3192577362060547	35.17700667302192
370	(-0.5019750351643255-1.9526342787028883j)	0.319904088973999	35.27233460438512
371	(-0.5115449702805615-1.9502321064310555j)	0.3134019374847412	35.36766253574832
372	(-0.5212660027877549-1.947994097372026j)	0.3228631019592285	35.46299046711153
373	(-0.5304032454265541-1.9450905098690932j)	0.32929491996765137	35.55831839847473
374	(-0.5403064125949519-1.9427415778558372j)	0.31234121322631836	35.65364632983793
375	(-0.5496846497861397-1.9399571236721889j)	0.3184397220611572	35.74897426120114
376	(-0.5588788161914214-1.9371698242178539j)	0.30734992027282715	35.84430219256434
377	(-0.5688394824331441-1.9344533892074895j)	0.30498600006103516	35.93963012392754
378	(-0.578206670749424-1.9314950818168575j)	0.32715487480163574	36.034958055290744
379	(-0.5873437681861009-1.9288839701118872j)	0.30987000465393066	36.13028598665395
380	(-0.5971053641413926-1.9258483527973036j)	0.3105201721191406	36.22561391801715
381	(-0.6061610193177922-1.9229881116513678j)	0.3101348876953125	36.320941849380354
382	(-0.6156149353455633-1.9196586435655787j)	0.324796199798584	36.41626978074356
383	(-0.6251722404510491-1.9166546435328795j)	0.30292415618896484	36.51159771210676
384	(-0.6344184784145038-1.9140089121314143j)	0.30561280250549316	36.606925643469964
385	(-0.6438113502151694-1.9106086486499945j)	0.31620311737060547	36.70225357483317
386	(-0.6531276372308522-1.907272504456828j)	0.3052549362182617	36.79758150619637
387	(-0.662627405798994-1.9044999822362823j)	0.3155379295349121	36.892909437559574
388	(-0.6717030946862479-1.9008658905609066j)	0.3139798641204834	36.988237368922775
389	(-0.6809739076463794-1.8975764342643209j)	0.3209800720214844	37.08356530028598
390	(-0.6905139387641035-1.894464926994282j)	0.3044168949127197	37.178893231649184
391	(-0.699379274253288-1.8906969523598371j)	0.32048606872558594	37.274221163012385
392	(-0.7088057451950008-1.887427558881487j)	0.3310997486114502	37.36954909437559
393	(-0.7183318968942-1.883682449741182j)	0.31479883193969727	37.464877025738794
394	(-0.7270148009967367-1.880474144956732j)	0.3041069507598877	37.560204957101995
395	(-0.7365956965393694-1.8768100882892376j)	0.30735182762145996	37.655532888465196
396	(-0.7457132022187933-1.8732300420144907j)	0.32084202766418457	37.750860819828404
397	(-0.7548007959498401-1.869712332385336j)	0.3241417407989502	37.846188751191605
398	(-0.7640261445166091-1.865617217712721j)	0.3110630512237549	37.941516682554806
399	(-0.7730738140879758-1.861996156636254j)	0.3137030601501465	38.036844613918014
400	(-0.7821207366823417-1.8584174484333866j)	0.3091621398925781	38.132172545281215
401	(-0.7911785509267553-1.8540734858072623j)	0.31672096252441406	38.227500476644416
402	(-0.8003066190621693-1.8505648041706935j)	0.308366060256958	38.322828408007624
403	(-0.8094114075823925-1.8465977138478604j)	0.3056912422180176	38.418156339370825
404	(-0.8182656667477296-1.8423748802808226j)	0.32359814643859863	38.513484270734025
405	(-0.8275281121426843-1.8386210172128519j)	0.3096151351928711	38.608812202097226
406	(-0.8361373349787622-1.8344109862474907j)	0.33393216133117676	38.704140133460434
407	(-0.8450950075115001-1.8301577382968883j)	0.3096752166748047	38.799468064823635
408	(-0.8545090515654881-1.826213580127253j)	0.30918002128601074	38.894795996186836
409	(-0.8630460028346489-1.8215718507402083j)	0.2818338871002197	38.990123927550044
410	(-0.8719484276419155-1.817657235382312j)	0.3120288848876953	39.085451858913245
411	(-0.8811475661597634-1.8134551113049948j)	0.31580519676208496	39.180779790276446
412	(-0.8896662523818272-1.8090679367301368j)	0.30937886238098145	39.276107721639654
413	(-0.8986034048234774-1.8047264256570104j)	0.3357381820678711	39.371435653002855
414	(-0.9076350471021455-1.8000665733315315j)	0.31481504440307617	39.466763584366056
415	(-0.9162765789704932-1.7958204446724084j)	0.30954718589782715	39.56209151572926
416	(-0.925052824015997-1.7911730902238294j)	0.31048583984375	39.657419447092465
417	(-0.9338335962999267-1.7865301215437943j)	0.3079512119293213	39.752747378455666
418	(-0.9429090091612483-1.7828246285807265j)	0.2933669090270996	39.84807530981887
419	(-0.9512705720078249-1.7772711481829622j)	0.3228740692138672	39.943403241182075
420	(-0.9599007024438194-1.7726459161060024j)	0.3169989585876465	40.038731172545276
421	(-0.9686551573520024-1.7682476141632384j)	0.31950831413269043	40.13405910390848
422	(-0.9770516991694783-1.763123097753513j)	0.3074817657470703	40.22938703527168
423	(-0.9858671786796251-1.758478716759406j)	0.3122081756591797	40.324714966634886
424	(-0.9945269145127492-1.7537603729947762j)	0.3091309070587158	40.42004289799809
425	(-1.0027262826492345-1.7486467710152296j)	0.3382401466369629	40.51537082936129
426	(-1.0116985811073098-1.7437384460797598j)	0.3138420581817627	40.610698760724496
427	(-1.0200934795841374-1.7388001447374932j)	0.3061842918395996	40.7060266920877
428	(-1.0283260186820486-1.7339209129774116j)	0.32744407653808594	40.8013546234509
429	(-1.0371937952332957-1.7286509206977203j)	0.3153369426727295	40.896682554814106
430	(-1.0454238376569711-1.723647041080742j)	0.30273008346557617	40.99201048617731
431	(-1.053742814982424-1.7185800631333419j)	0.3199727535247803	41.08733841754051
432	(-1.0623550891652727-1.7130428069368095j)	0.3390679359436035	41.18266634890371
433	(-1.0705464622265655-1.7081782812141484j)	0.31977295875549316	41.27799428026692
434	(-1.0789903113664505-1.7028391419112092j)	0.30516505241394043	41.37332221163012
435	(-1.0873326801867145-1.6972296187069622j)	0.3154268264770508	41.46865014299332
436	(-1.09567963845633-1.6924121889052663j)	0.30880212783813477	41.56397807435653
437	(-1.1038778460057599-1.686811806783781j)	0.3064901828765869	41.65930600571973
438	(-1.1120134521464744-1.6811695019557051j)	0.3211021423339844	41.75463393708293
439	(-1.1205072982847797-1.6760505741960487j)	0.30515408515930176	41.84996186844613
440	(-1.128451431246472-1.670285096141586j)	0.3091449737548828	41.94528979980934
441	(-1.1364727829278116-1.665056407600301j)	0.3231499195098877	42.04061773117254
442	(-1.1450150044027134-1.6593728350478714j)	0.3193957805633545	42.13594566253574
443	(-1.1527296940179668-1.6535314223223982j)	0.3091590404510498	42.23127359389895
444	(-1.160933009847609-1.6479147507190994j)	0.3062870502471924	42.32660152526215
445	(-1.1690567167545396-1.6423883933138j)	0.3221919536590576	42.42192945662535
446	(-1.1767914079898751-1.6365827454229895j)	0.3052351474761963	42.51725738798856
447	(-1.184788041174736-1.630745207652324j)	0.3142409324645996	42.61258531935176
448	(-1.193022585860601-1.62479389119851j)	0.3035309314727783	42.70791325071496
449	(-1.2008162938777287-1.6191849543667836j)	0.30644989013671875	42.80324118207816
450	(-1.2088323231389762-1.6133254471480978j)	0.31625890731811523	42.89856911344137
451	(-1.2166933096261308-1.6071152634891464j)	0.3185460567474365	42.99389704480457
452	(-1.22457497259923-1.6013399575864684j)	0.3159480094909668	43.08922497616777
453	(-1.2323736708849524-1.5949168044402773j)	0.30408811569213867	43.18455290753098
454	(-1.2402047201592088-1.589227723944262j)	0.30660486221313477	43.27988083889418
455	(-1.2479947130923146-1.5831735913105445j)	0.31090736389160156	43.37520877025738
456	(-1.2555478795070865-1.5766733841899678j)	0.3088500499725342	43.47053670162058
457	(-1.263071231707741-1.5706426803976545j)	0.28643298149108887	43.56586463298379
458	(-1.271170787880686-1.5645023641185523j)	0.31644392013549805	43.66119256434699
459	(-1.2785315936475017-1.5581894242760121j)	0.31257009506225586	43.75652049571019
460	(-1.2865079036441358-1.5519868877526977j)	0.32219791412353516	43.8518484270734
461	(-1.2938475982173878-1.5456070365347099j)	0.32934999465942383	43.9471763584366
462	(-1.3013337136259442-1.5393803265383146j)	0.32747793197631836	44.0425042897998
463	(-1.30919882188411-1.5327635170305194j)	0.3249928951263428	44.13783222116301
464	(-1.3163681887158816-1.5265880687397648j)	0.38581204414367676	44.23316015252621
465	(-1.3238560496996135-1.5200629099540115j)	0.3840320110321045	44.32848808388941
466	(-1.3314250071776366-1.513362444232516j)	0.37767481803894043	44.42381601525261
467	(-1.33861688026614-1.507164774387908j)	0.3295888900756836	44.51914394661582
468	(-1.3460424038780057-1.5004971327647416j)	0.45470285415649414	44.61447187797902
469	(-1.353374096034282-1.493599733526133j)	0.6206648349761963	44.70979980934222
470	(-1.3607737357560519-1.4873870211506588j)	0.5358867645263672	44.80512774070543
471	(-1.3678955321053126-1.4803181768242255j)	0.6215639114379883	44.90045567206863
472	(-1.3752033061060809-1.4735200235701145j)	0.6857960224151611	44.99578360343183
473	(-1.3824889591936507-1.4670116605658874j)	0.6086769104003906	45.09111153479503
474	(-1.3893614002927368-1.4600290335872055j)	0.4890117645263672	45.18643946615824
475	(-1.396725728915269-1.4533366305476914j)	0.6421821117401123	45.28176739752144
476	(-1.4039597875952559-1.4465230673455505j)	0.7123298645019531	45.37709532888464
477	(-1.4105967677940652-1.4396158403118648j)	0.5217399597167969	45.47242326024785
478	(-1.4180335581979744-1.4326741831000023j)	0.5927009582519531	45.56775119161105
479	(-1.4250353080903566-1.4256778967531225j)	0.4101560115814209	45.66307912297425
480	(-1.4316078021657774-1.4188080477525173j)	0.31006717681884766	45.75840705433746
481	(-1.4388509363505309-1.4115947622324798j)	0.3425478935241699	45.85373498570066
482	(-1.44564973549297-1.4046556696348476j)	0.318605899810791	45.94906291706386
483	(-1.4523863282218545-1.3977365256871597j)	0.31397199630737305	46.044390848427064
484	(-1.4593049397944837-1.3903825380481645j)	0.31690430641174316	46.13971877979027
485	(-1.4662237086464502-1.3830717059134041j)	0.3176138401031494	46.23504671115347
486	(-1.472858735164087-1.3761354924959128j)	0.30455994606018066	46.330374642516674
487	(-1.4797798464535008-1.3687503439532847j)	0.31941795349121094	46.42570257387988
488	(-1.48626257685758-1.3617948434643896j)	0.3175039291381836	46.52103050524308
489	(-1.492835801748214-1.3542386753503075j)	0.31270503997802734	46.61635843660628
490	(-1.499384258522342-1.3468008909115547j)	0.31200695037841797	46.71168636796949
491	(-1.50626922089879-1.3397012309317784j)	0.3077828884124756	46.80701429933269
492	(-1.512496658730091-1.3321972296843123j)	0.3224968910217285	46.90234223069589
493	(-1.5190060639312961-1.3246922662869685j)	0.3085339069366455	46.997670162059094
494	(-1.5258329789475236-1.3173152306865714j)	0.30678725242614746	47.0929980934223
495	(-1.5318537400513157-1.3097743730381468j)	0.30954504013061523	47.1883260247855
496	(-1.53847845703638-1.3023053163511373j)	0.31853294372558594	47.283653956148704
497	(-1.5448946585564316-1.294643466597092j)	0.3046848773956299	47.37898188751191
498	(-1.5508438473255584-1.287134240254652j)	0.3169097900390625	47.47430981887511
499	(-1.5577576686072485-1.2795439140469642j)	0.31916213035583496	47.569637750238314
500	(-1.563692709936372-1.2717413933353718j)	0.308927059173584	47.664965681601515
501	(-1.5696876685825634-1.2644299374565668j)	0.3047220706939697	47.76029361296472
502	(-1.5760524903657767-1.2563816035868607j)	0.3115708827972412	47.855621544327924
503	(-1.5821995170556171-1.2488455359358857j)	0.3152308464050293	47.950949475691125
504	(-1.588323923874366-1.2412942412966481j)	0.32073020935058594	48.04627740705433
505	(-1.5941520369112139-1.2331720478437103j)	0.31742405891418457	48.141605338417534
506	(-1.6003315883620026-1.2254460991959732j)	0.3146839141845703	48.236933269780735
507	(-2.1427640002027273-0.44743702171277866j)	0.31448912620544434	48.33226120114394
508	(-1.6121305736123128-1.2094114273990246j)	0.31724095344543457	48.427589132507144
509	(-1.6182433030022865-1.2018147989295982j)	0.3135690689086914	48.522917063870345
510	(-1.6240101770765234-1.1938261595820754j)	0.31157398223876953	48.618244995233546
511	(-1.6295654138460087-1.1857918773232097j)	0.31287384033203125	48.713572926596754
512	(-1.6355259570811966-1.1781529872320666j)	0.31693291664123535	48.808900857959955
513	(-1.641277787121431-1.169825789382905j)	0.30525994300842285	48.904228789323156
514	(-1.6468181839454743-1.1618504564251264j)	0.33419013023376465	48.999556720686364
515	(-1.6528811874451952-1.1535357107403552j)	0.3033719062805176	49.094884652049565
516	(-1.6583321399894564-1.1455119130287368j)	0.3224008083343506	49.190212583412766
517	(-1.663900348552592-1.1374673217976499j)	0.3152811527252197	49.28554051477597
518	(-1.6694846141155106-1.1290311226843799j)	0.3147850036621094	49.380868446139175
519	(-1.674937449230494-1.1212174615667965j)	0.3123040199279785	49.476196377502376
520	(-1.6803330464187836-1.1128331049206759j)	0.3142247200012207	49.57152430886558
521	(-1.6858448557144803-1.104488346729218j)	0.3088531494140625	49.666852240228785
522	(-1.691345723092572-1.0965595893287325j)	0.3098599910736084	49.762180171591986
523	(-1.6964176356970013-1.0880461717729506j)	0.3185851573944092	49.85750810295519
524	(-1.701846938040695-1.0796405019643143j)	0.3303961753845215	49.952836034318395
525	(-1.707320301604202-1.071499257066076j)	0.3195509910583496	50.048163965681596
526	(-1.712195296747741-1.0629453233729935j)	0.3097209930419922	50.1434918970448
527	(-1.717542386566966-1.0546746137829899j)	0.3349449634552002	50.238819828408
528	(-1.7228854558773876-1.0461889478655768j)	0.3058347702026367	50.334147759771206
529	(-1.72766458916074-1.03780010506959j)	0.31247496604919434	50.42947569113441
530	(-1.7329843992884442-1.0291896422854299j)	0.30804991722106934	50.52480362249761
531	(-1.7380392840670198-1.020912151601494j)	0.32007288932800293	50.620131553860816
532	(-1.742741007270271-1.0123038872217645j)	0.30949878692626953	50.71545948522402
533	(-1.7474964608349006-1.0036778173447662j)	0.32000207901000977	50.81078741658722
534	(-1.7526195918816985-0.9951704543975267j)	0.31984877586364746	50.90611534795042
535	(-1.757429153974432-0.9867155250746447j)	0.3049747943878174	51.00144327931363
536	(-1.7624110239462283-0.9776873782314326j)	0.3133270740509033	51.09677121067683
537	(-1.7670464114636122-0.9693940884094268j)	0.32140111923217773	51.19209914204003
538	(-1.7718380649708987-0.9606968054258622j)	0.3075237274169922	51.28742707340324
539	(-1.7764951673728024-0.9517443201718058j)	0.3141491413116455	51.38275500476644
540	(-1.78105434734393-0.9434813734222522j)	0.31163811683654785	51.47808293612964
541	(-1.785739593624305-0.9344213636536145j)	0.30604100227355957	51.573410867492846
542	(-1.7902012702445136-0.9256051280318716j)	0.3051426410675049	51.66873879885605
543	(-1.7947983243769023-0.9168138719685361j)	0.31197500228881836	51.76406673021925
544	(-1.7992265756438512-0.9080804254718815j)	0.31617116928100586	51.85939466158245
545	(-1.803612123288145-0.8992096399910967j)	0.31548595428466797	51.95472259294566
546	(-1.8077983829188167-0.8904252110015208j)	0.31172990798950195	52.05005052430886
547	(-1.8122374176796852-0.8815876253551337j)	0.3066248893737793	52.14537845567206
548	(-1.8167012487217287-0.872717277247921j)	0.30560827255249023	52.24070638703527
549	(-1.8211550815808513-0.8636002190441958j)	0.31708598136901855	52.33603431839847
550	(-1.8250760148978453-0.8550032820112974j)	0.3296809196472168	52.43136224976167
551	(-1.8293014469308675-0.8458681712978761j)	0.31498193740844727	52.52669018112488
552	(-1.832973361516195-0.8361950233370564j)	0.2815380096435547	52.62201811248808
553	(-1.8375725727692878-0.8281254884349811j)	0.32231998443603516	52.71734604385128
554	(-1.8411887383034706-0.8190836933291223j)	0.32370591163635254	52.81267397521448
555	(-1.8455209770391132-0.8100072351973536j)	0.30353474617004395	52.90800190657769
556	(-1.849758401478618-0.8007641408154043j)	0.3125150203704834	53.00332983794089
557	(-1.853240048749353-0.791589005719332j)	0.3107893466949463	53.09865776930409
558	(-1.8573214302430903-0.7827223872500567j)	0.31282901763916016	53.1939857006673
559	(-1.8611847380289868-0.7736984580732198j)	0.3309180736541748	53.2893136320305
560	(-1.8646090957885968-0.7643571295536147j)	0.33876895904541016	53.3846415633937
561	(-1.868694451451549-0.7553928024404317j)	0.31915903091430664	53.4799694947569
562	(-1.8722123939549724-0.7461395170322365j)	0.31743407249450684	53.57529742612011
563	(-1.8758238300195216-0.7367114260633301j)	0.31773805618286133	53.67062535748331
564	(-1.8795314563272947-0.727710056649197j)	0.30368494987487793	53.76595328884651
565	(-1.8829247210150117-0.7183125470020524j)	0.3195669651031494	53.86128122020972
566	(-1.88632988973327-0.7094185418107504j)	0.3145270347595215	53.95660915157292
567	(-1.8900227251529638-0.6999253500882379j)	0.30786991119384766	54.05193708293612
568	(-1.893261996014539-0.6909790815272235j)	0.304689884185791	54.14726501429933
569	(-1.896636046190944-0.6815606539229312j)	0.30830907821655273	54.24259294566253
570	(-1.9000647911762218-0.6720972766388551j)	0.3165440559387207	54.33792087702573
571	(-1.7796094593609606-0.764754972577882j)	0.31469273567199707	54.43324880838893
572	(-1.9064350827656487-0.6535613689851715j)	0.3161790370941162	54.52857673975214
573	(-1.909554982751399-0.6441029497100819j)	0.3112039566040039	54.62390467111534
574	(-1.9128091561739722-0.6350371604131383j)	0.31143808364868164	54.71923260247854
575	(-1.9158760643381294-0.6255851547534035j)	0.32111525535583496	54.81456053384175
576	(-1.918858412151043-0.6160520450034014j)	0.3058650493621826	54.90988846520495
577	(-1.9219834592708431-0.6067613228451166j)	0.3077270984649658	55.00521639656815
578	(-1.9245198289614667-0.5972931452381531j)	0.3138129711151123	55.10054432793135
579	(-1.9276691353880069-0.587893154022506j)	0.3366107940673828	55.19587225929456
580	(-1.930813397196469-0.5783544901491182j)	0.31565070152282715	55.29120019065776
581	(-1.9331080712513988-0.568965576397878j)	0.32517480850219727	55.38652812202096
582	(-1.9362442530156994-0.5594693136188759j)	0.3246638774871826	55.48185605338417
583	(-1.9387861774285007-0.5499784815675739j)	0.3270268440246582	55.57718398474737
584	(-1.9413637078056467-0.5406240273477472j)	0.33620619773864746	55.67251191611057
585	(-1.944263978641517-0.5307977882195j)	0.30800700187683105	55.76783984747378
586	(-1.946812270880757-0.5215214948597199j)	0.3073101043701172	55.86316777883698
587	(-1.9492928736394037-0.5120455182089467j)	0.3187990188598633	55.95849571020018
588	(-1.9517097019970853-0.5020969830073088j)	0.30434584617614746	56.05382364156338
589	(-1.9542087369910892-0.4928855563753526j)	0.31598377227783203	56.14915157292659
590	(-1.9565545798989732-0.4833264420877603j)	0.3181438446044922	56.24447950428979
591	(-1.958768740065656-0.4733981843197749j)	0.31107211112976074	56.33980743565299
592	(-1.96119590938084-0.4640660938193316j)	0.3142740726470947	56.4351353670162
593	(-1.9634595409821887-0.4543746543541102j)	0.3321528434753418	56.5304632983794
594	(-1.965510581587429-0.444675085630836j)	0.31403684616088867	56.6257912297426
595	(-1.9679433613949706-0.43518570410264934j)	0.30806398391723633	56.721119161105804
596	(-1.9697550964733557-0.4255306963331674j)	0.33624982833862305	56.81644709246901
597	(-1.9718194413533046-0.41582262491191513j)	0.30418896675109863	56.91177502383221
598	(-1.9741438294489746-0.4061145202177966j)	0.32056689262390137	57.007102955195414
599	(-1.9758211733254152-0.39642714474424545j)	0.32648491859436035	57.10243088655862
600	(-1.977968141872796-0.3867367274929917j)	0.32395076751708984	57.19775881792182
601	(-1.9798105567001973-0.37713984897522945j)	0.31088829040527344	57.293086749285024
602	(-1.9814331029015673-0.3675554733311309j)	0.3082718849182129	57.38841468064823
603	(-1.9833519697436541-0.3577917985107556j)	0.322551965713501	57.48374261201143
604	(-1.9850630892532162-0.3478195028612977j)	0.30919790267944336	57.579070543374634
605	(-1.986753895297538-0.33835815605109376j)	0.3182258605957031	57.674398474737835
606	(-1.9882814140987388-0.32831462221805263j)	0.3101050853729248	57.76972640610104
607	(-1.9899978985236269-0.31890083340308506j)	0.32755208015441895	57.865054337464244
608	(-1.991350577720429-0.30885424793412375j)	0.3136162757873535	57.960382268827445
609	(-1.9928499794223309-0.29915895673110415j)	0.3164699077606201	58.05571020019065
610	(-1.9943082222737127-0.2893666837055372j)	0.3241899013519287	58.151038131553854
611	(-1.99594687565369-0.2797619166990558j)	0.3097798824310303	58.246366062917055
612	(-1.8949316744901874-0.32716472585971923j)	0.3143880367279053	58.341693994280256
613	(-1.998172484925921-0.2603686787881342j)	0.32769203186035156	58.437021925643464
614	(-1.9997401500679666-0.2503083257928901j)	0.33148622512817383	58.532349857006665
615	(-2.0006807117577408-0.24059811847414225j)	0.3229029178619385	58.627677788369866
616	(-2.002191127476462-0.23076396717889702j)	0.31874895095825195	58.723005719733074
617	(-2.0029939877270184-0.22083962846186467j)	0.3209671974182129	58.818333651096275
618	(-2.0041347271832097-0.21113132954004643j)	0.33345890045166016	58.913661582459476
619	(-2.0053300513453687-0.2010827958527801j)	0.3308079242706299	59.008989513822684
620	(-2.006054069733121-0.19159223947311366j)	0.30930089950561523	59.104317445185885
621	(-2.007036145989925-0.18173392867380367j)	0.3089289665222168	59.199645376549086
622	(-2.0078819328419675-0.17162251080716406j)	0.3082296848297119	59.29497330791229
623	(-2.0088067718882865-0.1620899672168863j)	0.3078629970550537	59.390301239275495
624	(-2.0094990843814777-0.15219650086013914j)	0.3102760314941406	59.485629170638695
625	(-2.0101085055629-0.142137133166665j)	0.3124501705169678	59.580957102001896
626	(-2.011069872495007-0.13247497069795333j)	0.3069267272949219	59.676285033365104
627	(-2.011453684752473-0.12251113027594762j)	0.3066718578338623	59.771612964728305
628	(-2.0120106140588785-0.11265535290725681j)	0.30640721321105957	59.866940896091506
629	(-2.0127557669970355-0.10267947779205977j)	0.3151969909667969	59.962268827454714
630	(-0.410161441224944-0.8372632531920132j)	0.31679511070251465	60.057596758817915
631	(-2.013520523404886-0.08313291270753598j)	0.31313586235046387	60.152924690181116
632	(-2.013784705818734-0.07330705073432586j)	0.3156900405883789	60.24825262154432
633	(-2.014396002568979-0.0634426302169584j)	0.3091309070587158	60.343580552907525
634	(-2.014578423242484-0.05357525168484689j)	0.3107938766479492	60.438908484270726
635	(-2.014426060272497-0.043812530528409055j)	0.30718016624450684	60.53423641563393
636	(-2.0149848717460164-0.033874647517680545j)	0.3071751594543457	60.629564346997135
637	(-2.0151447084077803-0.02383393239554865j)	0.3028452396392822	60.724892278360336
638	(-2.015164686834118-0.01398923205321767j)	0.3098151683807373	60.82022020972354
639	(-2.015232277592451-0.004293332644275671j)	0.31039881706237793	60.91554814108674
640	(-2.015162269081274+0.005821014198773233j)	0.30871009826660156	61.010876072449946
641	(-2.0152369601445+0.015473164185950905j)	0.3227100372314453	61.10620400381315
642	(-2.015023029984148+0.02559306126456251j)	0.30958008766174316	61.20153193517635
643	(-2.014770161472669+0.03545850306669951j)	0.33942341804504395	61.296859866539556
644	(-2.014884604800664+0.045164987816312396j)	0.3345770835876465	61.39218779790276
645	(-2.0144798135717745+0.055009478634932885j)	0.3061671257019043	61.48751572926596
646	(-2.013963091014302+0.06500996163112638j)	0.3094179630279541	61.582843660629166
647	(-2.0139676879535404+0.07481398815543727j)	0.3121612071990967	61.67817159199237
648	(-2.0136468127081493+0.08465939795818789j)	0.30885815620422363	61.77349952335557
649	(-2.0130764259558287+0.09460950038392013j)	0.31618785858154297	61.86882745471877
650	(-2.0126801381599293+0.10449963145375407j)	0.31244587898254395	61.96415538608198
651	(-2.0119571168640533+0.11437983147091646j)	0.33328819274902344	62.05948331744518
652	(-2.011348413424726+0.12398364723813915j)	0.3123362064361572	62.15481124880838
653	(-2.010754304703527+0.1340410304544699j)	0.30591416358947754	62.25013918017159
654	(-2.0100574205422728+0.14365279434606865j)	0.305462121963501	62.34546711153479
655	(-2.0092796202421925+0.15376245182217024j)	0.3108327388763428	62.44079504289799
656	(-2.0085664301741+0.16369503792491447j)	0.3088831901550293	62.53612297426119
657	(-2.007806374381585+0.17304580471787956j)	0.30628395080566406	62.6314509056244
658	(-2.006779949327117+0.18330529705969945j)	0.31629014015197754	62.7267788369876
659	(-2.005806949904901+0.1929634049481086j)	0.3050041198730469	62.8221067683508
660	(-2.00507446951828+0.20272828151254568j)	0.32489681243896484	62.91743469971401
661	(-2.0038215860212403+0.21267010719603746j)	0.3183729648590088	63.01276263107721
662	(-2.0029753259548415+0.2224937244334143j)	0.30954527854919434	63.10809056244041
663	(-2.001891263562165+0.23219177750597553j)	0.3158736228942871	63.20341849380362
664	(-2.0004936541311777+0.24210306243996843j)	0.3086550235748291	63.29874642516682
665	(-1.9995139169806688+0.25192099102277976j)	0.307894229888916	63.39407435653002
666	(-1.9982206063486239+0.26162787691188405j)	0.30293726921081543	63.48940228789322
667	(-1.9966804069589938+0.27132416605823045j)	0.30495190620422363	63.58473021925643
668	(-1.995579908292339+0.2812855521291327j)	0.31525492668151855	63.68005815061963
669	(-1.9940583862683574+0.29090281214295655j)	0.3123321533203125	63.77538608198283
670	(-1.9927525325143973+0.3007587020735286j)	0.66015625	63.87071401334604
671	(-1.99114911925289+0.3106565507935475j)	1.05769681930542	63.96604194470924
672	(-1.9894675454356328+0.32016004688140803j)	0.7135977745056152	64.06136987607245
673	(-1.9879163313953692+0.3299057575878398j)	0.629335880279541	64.15669780743565
674	(-1.986479795417519+0.3396245185404019j)	0.5676159858703613	64.25202573879885
675	(-1.9846990616626279+0.3493500437201511j)	0.5365331172943115	64.34735367016206
676	(-1.9828697048583257+0.35916221530594694j)	0.5711569786071777	64.44268160152527
677	(-1.9810336794364223+0.3688411245772667j)	0.6438908576965332	64.53800953288847
678	(-1.9793826546934612+0.37846740687931774j)	0.5167438983917236	64.63333746425167
679	(-1.9773544320747307+0.3882945832979272j)	0.5977349281311035	64.72866539561487
680	(-1.9754197396078188+0.39769142177936745j)	0.573549747467041	64.82399332697807
681	(-1.9736819794259488+0.4075967742677672j)	0.4746692180633545	64.91932125834127
682	(-1.9713391995989413+0.417323552378933j)	0.31697583198547363	65.01464918970449
683	(-1.969345117690241+0.4268928619772591j)	0.32694482803344727	65.10997712106769
684	(-1.9674803456163237+0.43667848223752503j)	0.3127303123474121	65.20530505243089
685	(-1.9649633078712245+0.4461962042774696j)	0.3237888813018799	65.30063298379409
686	(-1.962942014926963+0.4559233399737162j)	0.3140718936920166	65.39596091515729
687	(-1.9607271943900213+0.46558730839958157j)	0.3231821060180664	65.49128884652049
688	(-1.9581810842717835+0.47527280866954624j)	0.3635520935058594	65.58661677788369
689	(-1.9560897571334934+0.48489514655180294j)	0.34583210945129395	65.6819447092469
690	(-1.9534346604704054+0.49409795035673343j)	0.34679174423217773	65.77727264061011
691	(-1.9511380794968933+0.5037247691254274j)	0.38573408126831055	65.87260057197331
692	(-1.948616236097855+0.5135104207688231j)	0.31523871421813965	65.96792850333651
693	(-1.9461591074241489+0.5228487690675119j)	0.3182229995727539	66.06325643469971
694	(-1.9433253281902776+0.5324362733725343j)	0.33309078216552734	66.15858436606291
695	(-1.9407543982671887+0.5420365031240758j)	0.44025492668151855	66.25391229742611
696	(-1.9385252524565897+0.5515506438472948j)	0.5551369190216064	66.34924022878933
697	(-1.9351441400569185+0.5608304686799598j)	0.5596790313720703	66.44456816015253
698	(-1.9326641094089374+0.5704710218816625j)	0.5209739208221436	66.53989609151573
699	(-1.9300632550941306+0.579803822207873j)	0.421281099319458	66.63522402287893
700	(-1.927055395078033+0.5893058989928733j)	0.4191570281982422	66.73055195424213
701	(-1.924047985871293+0.5986883225775148j)	0.48424220085144043	66.82587988560533
702	(-1.9213273745918644+0.6082754671883076j)	0.45549511909484863	66.92120781696855
703	(-1.9179676146494784+0.6174728856020324j)	0.3222200870513916	67.01653574833175
704	(-1.9151472756576773+0.6269841382664116j)	0.5249731540679932	67.11186367969495
705	(-1.9121614561922842+0.6365313165520856j)	0.3481459617614746	67.20719161105815
706	(-1.9088846381780622+0.6455265212821805j)	0.3146681785583496	67.30251954242135
707	(-1.9056772542293954+0.6550433107078067j)	0.32831907272338867	67.39784747378455
708	(-1.9023944893323508+0.6644465247795424j)	0.3110368251800537	67.49317540514775
709	(-1.8992619975594673+0.673557862688319j)	0.46906304359436035	67.58850333651097
710	(-1.8957476062737117+0.6830465234732519j)	0.45652198791503906	67.68383126787417
711	(-1.8923842389681806+0.6922565508639393j)	0.44231700897216797	67.77915919923737
712	(-1.889249342972866+0.7014082697918522j)	0.4447360038757324	67.87448713060057
713	(-1.8853928717671065+0.7108530862974325j)	0.32013797760009766	67.96981506196377
714	(-1.8821377429880006+0.7199887677212903j)	0.5177829265594482	68.06514299332697
715	(-1.8787220760036019+0.7291798127600189j)	0.4270930290222168	68.16047092469017
716	(-1.874784271102309+0.7382875325885596j)	0.45446300506591797	68.25579885605339
717	(-1.8713724454130338+0.7476323288306258j)	0.3086419105529785	68.35112678741659
718	(-1.8674959264596442+0.7566296436376434j)	0.31641697883605957	68.44645471877979
719	(-1.863842192978264+0.7656544768809186j)	0.3246467113494873	68.54178265014299
720	(-1.8602474251592578+0.7750415132264774j)	0.3041510581970215	68.63711058150619
721	(-1.8564436120219072+0.7840981642080731j)	0.37836790084838867	68.7324385128694
722	(-1.852474505253367+0.7929882658932685j)	0.3599121570587158	68.8277664442326
723	(-1.8485230265754546+0.8024234654041167j)	0.41173505783081055	68.92309437559581
724	(-1.8445729763509415+0.8111883352657256j)	0.3719298839569092	69.01842230695901
725	(-1.8406196784325068+0.820231807977103j)	0.4571037292480469	69.11375023832221
726	(-1.8366055848783638+0.8294682129034261j)	0.4218471050262451	69.20907816968541
727	(-1.8325131696376544+0.8382163600830764j)	0.40630626678466797	69.30440610104861
728	(-1.8282471036439898+0.8473572208034137j)	0.4408891201019287	69.39973403241181
729	(-1.8239708525085196+0.8562482840952551j)	0.3893120288848877	69.49506196377502
730	(-1.8201049091644486+0.8650593766853282j)	0.39400696754455566	69.59038989513823
731	(-1.8156316041986391+0.8740309094613418j)	0.35852885246276855	69.68571782650143
732	(-1.811578720505946+0.8828948395779068j)	0.32503485679626465	69.78104575786463
733	(-1.8074274464578246+0.8914521911293536j)	0.32288098335266113	69.87637368922783
734	(-1.8024980545657265+0.9005957524648094j)	0.31800293922424316	69.97170162059103
735	(-1.7981685856342038+0.9094723736252273j)	0.3080108165740967	70.06702955195423
736	(-1.7195830925740259+0.9199497569485665j)	0.3089289665222168	70.16235748331745
737	(-1.7891240081368545+0.9271263649256155j)	0.29889416694641113	70.25768541468065
738	(-1.7846534161036969+0.935839956136236j)	0.30745387077331543	70.35301334604385
739	(-1.7798809913974423+0.9446843935350718j)	0.33379411697387695	70.44834127740705
740	(-4.35146130766332+0.8573490063366587j)	0.32322001457214355	70.54366920877025
741	(-1.770570594776426+0.9620676235937689j)	0.31851625442504883	70.63899714013345
742	(-1.765972524642853+0.9706182931472549j)	0.32743000984191895	70.73432507149666
743	(-1.7612601259650804+0.9790949361281747j)	0.3315737247467041	70.82965300285987
744	(-1.7562364059721975+0.9879550966664555j)	0.3474888801574707	70.92498093422307
745	(-1.7515277665595694+0.9964899801071754j)	0.3157389163970947	71.02030886558627
746	(-1.7465684689440113+1.0049847500083429j)	0.32111072540283203	71.11563679694947
747	(-1.7414115169567599+1.0136369373608127j)	0.3354952335357666	71.21096472831267
748	(-1.736730654039026+1.0220329659212164j)	0.31859302520751953	71.30629265967588
749	(-1.7316958040867396+1.030506679509927j)	0.4618828296661377	71.40162059103908
750	(-1.7262827030745471+1.0390090417933031j)	0.45980334281921387	71.49694852240229
751	(-1.7215825761645809+1.0475726316150455j)	0.3534829616546631	71.59227645376549
752	(-1.716233468418553+1.0559204216338198j)	0.449066162109375	71.6876043851287
753	(-1.7110386182200337+1.0642355935136785j)	0.3084399700164795	71.7829323164919
754	(-1.7060344305160802+1.072682886520283j)	0.3543977737426758	71.8782602478551
755	(-1.7005097581630646+1.08082969990595j)	0.3302171230316162	71.9735881792183
756	(-1.695401075996147+1.0892367047414704j)	0.3144803047180176	72.0689161105815
757	(-1.6897827905948046+1.0978631515852795j)	0.30316996574401855	72.16424404194471
758	(-1.6845118864039628+1.105761980974364j)	0.3314025402069092	72.25957197330791
759	(-1.6790530243006105+1.1141582725982784j)	0.4332740306854248	72.35489990467111
760	(-1.6735180082678947+1.1225278552638895j)	0.46106433868408203	72.45022783603432
761	(-1.6681939251716436+1.1305661270291985j)	0.47325992584228516	72.54555576739752
762	(-1.6624657381379297+1.1387280469539927j)	0.45705509185791016	72.64088369876072
763	(-1.6567835155951478+1.1468444737063093j)	0.46207690238952637	72.73621163012393
764	(-1.6514171935203656+1.1548787177735542j)	0.32405519485473633	72.83153956148713
765	(-1.6454389903518782+1.1630295935572932j)	0.3261129856109619	72.92686749285033
766	(-1.6398617144809544+1.1709885824561954j)	0.3226323127746582	73.02219542421354
767	(-1.6342659318555335+1.1791374158111303j)	0.32755112648010254	73.11752335557674
768	(-1.6281905288018315+1.1870294357686042j)	0.3442857265472412	73.21285128693994
769	(-1.6225258193343053+1.1950667019988175j)	0.31493186950683594	73.30817921830314
770	(-1.6166075628944594+1.2030496033552882j)	0.30367279052734375	73.40350714966635
771	(-1.6105858848139436+1.210922694798205j)	0.31920933723449707	73.49883508102955
772	(-1.6047783089558858+1.2188887173836187j)	0.30598020553588867	73.59416301239276
773	(-1.5987294513371597+1.2266011434429953j)	0.3037760257720947	73.68949094375596
774	(-1.5927265546121578+1.234306648948614j)	0.3193361759185791	73.78481887511916
775	(-1.5866139657255458+1.242386158905343j)	0.4989950656890869	73.88014680648236
776	(-1.5805744353493596+1.2499201771977058j)	0.40496301651000977	73.97547473784556
777	(-1.574475361316055+1.2576949131184092j)	0.3221759796142578	74.07080266920877
778	(-1.5723777555806606+1.2646434313913246j)	0.28566408157348633	74.16613060057198
779	(-1.5620668534788784+1.2730285267025647j)	0.31708526611328125	74.26145853193518
780	(-1.5555310977738868+1.2807902524534904j)	0.32384800910949707	74.35678646329838
781	(-1.5493101396560018+1.2883628593563463j)	0.30159997940063477	74.45211439466158
782	(-1.5432687024416027+1.2958771916134186j)	0.31275177001953125	74.54744232602478
783	(-1.5366927838441788+1.303435346923492j)	0.31221699714660645	74.64277025738798
784	(-1.5301267928974982+1.310886673738725j)	0.3071746826171875	74.7380981887512
785	(-1.5240500806928006+1.3185356287493497j)	0.304581880569458	74.8334261201144
786	(-1.5172484912962358+1.3259367638605362j)	0.320462703704834	74.9287540514776
787	(-1.5108626083890457+1.3332481898490418j)	0.305530309677124	75.0240819828408
788	(-1.5044790600497098+1.340932720766638j)	0.30381011962890625	75.119409914204
789	(-1.497659081110232+1.3478029779980791j)	0.3152120113372803	75.2147378455672
790	(-1.4911007766734872+1.3554282944860163j)	0.30667901039123535	75.3100657769304
791	(-1.4844424251777721+1.3627976378454936j)	0.31288909912109375	75.40539370829362
792	(-1.4778173573461946+1.3697297055348971j)	0.3131837844848633	75.50072163965682
793	(-1.470995962891835+1.377208815949451j)	0.3198893070220947	75.59604957102002
794	(-1.4642262966109247+1.3843168144076161j)	0.31569623947143555	75.69137750238322
795	(-1.4573582151692976+1.391421953407671j)	0.318789005279541	75.78670543374642
796	(-1.4505001757282463+1.3986585431633678j)	0.3114781379699707	75.88203336510962
797	(-1.4437742547678933+1.4056707202284624j)	0.3112461566925049	75.97736129647284
798	(-1.4370176159718049+1.412708550367578j)	0.4345269203186035	76.07268922783604
799	(-1.4298179953443455+1.4197828958571668j)	0.3966817855834961	76.16801715919924
800	(-1.423045513279143+1.426742863214777j)	0.41022777557373047	76.26334509056244
801	(-1.4159609868181096+1.4336453113793632j)	0.3174290657043457	76.35867302192564
802	(-1.4086993208919085+1.4405981465074973j)	0.35561418533325195	76.45400095328884
803	(-1.4019002764925659+1.4476683049799939j)	0.40221381187438965	76.54932888465204
804	(-1.3947127696492803+1.4544674236766506j)	0.34898996353149414	76.64465681601526
805	(-1.38749739941214+1.461069069787952j)	0.45078182220458984	76.73998474737846
806	(-1.380445896345675+1.468151956629606j)	0.3292558193206787	76.83531267874166
807	(-1.3731583226888753+1.4746570530308838j)	0.4359760284423828	76.93064061010486
808	(-1.3658183218423852+1.4813360035804872j)	0.3313760757446289	77.02596854146806
809	(-1.3586511744196605+1.4882774192571497j)	0.45017099380493164	77.12129647283126
810	(-1.3513803857204747+1.4946382671526353j)	0.33382415771484375	77.21662440419446
811	(-1.3440077816134934+1.5013677476980194j)	0.3112301826477051	77.31195233555768
812	(-1.3365697578995923+1.5081190916561362j)	0.3184089660644531	77.40728026692088
813	(-1.3292115279721042+1.5144867534955324j)	0.3192741870880127	77.50260819828408
814	(-1.321703092481986+1.5209428980086896j)	0.39225172996520996	77.59793612964728
815	(-1.3142546868767302+1.5274258787284578j)	0.31378912925720215	77.69326406101048
816	(-1.307016430327654+1.5338246069786972j)	0.323131799697876	77.78859199237368
817	(-1.2991834787159182+1.5401816261521175j)	0.3192000389099121	77.88391992373688
818	(-1.2916525118444961+1.5467789850980291j)	0.31324005126953125	77.9792478551001
819	(-1.2842626903047272+1.5529201506546488j)	0.3169412612915039	78.0745757864633
820	(-1.2764011849856978+1.5590980740798328j)	0.3280680179595947	78.1699037178265
821	(-1.2689156673184658+1.5654244659769505j)	0.3060629367828369	78.2652316491897
822	(-1.2611716002907785+1.5716098804638214j)	0.3030221462249756	78.3605595805529
823	(-1.2533793040122645+1.5775507355553804j)	0.31092214584350586	78.4558875119161
824	(-1.2457173128644485+1.5840126468322209j)	0.3056631088256836	78.55121544327932
825	(-1.2379398182953947+1.589960119064117j)	0.30550503730773926	78.64654337464252
826	(-1.2301531733890456+1.5958249230391326j)	0.308391809463501	78.74187130600572
827	(-1.2222429421545202+1.6021321184998285j)	0.3157980442047119	78.83719923736892
828	(-1.2144435045120914+1.6079385349514015j)	0.307142972946167	78.93252716873212
829	(-1.2065897644196821+1.6138309562780437j)	0.30902099609375	79.02785510009532
830	(-1.1984314703307568+1.619789785128224j)	0.3090250492095947	79.12318303145852
831	(-1.1907409899064465+1.625585055808706j)	0.3052480220794678	79.21851096282174
832	(-1.1827002205210386+1.631430271709767j)	0.3062448501586914	79.31383889418494
833	(-1.1745323242712176+1.6371288835541347j)	0.3054361343383789	79.40916682554814
834	(-1.16678096704768+1.642869670055133j)	0.31087684631347656	79.50449475691134
835	(-1.1585960092973515+1.6486862535104083j)	0.3138890266418457	79.59982268827454
836	(-1.1504111756982287+1.6542769648997668j)	0.3114659786224365	79.69515061963774
837	(-1.1425489250205239+1.6600517799456975j)	0.3150918483734131	79.79047855100094
838	(-1.1341751215089941+1.665396034980579j)	0.3106403350830078	79.88580648236416
839	(-1.1259734946882765+1.670980929774348j)	0.3046729564666748	79.98113441372736
840	(-1.1178751511790481+1.6766916602056372j)	0.30451202392578125	80.07646234509056
841	(-1.1096270607097496+1.6819687532868854j)	0.3114969730377197	80.17179027645376
842	(-1.1013278772565662+1.6874122638558715j)	0.3033630847930908	80.26711820781696
843	(-1.0930276769077267+1.6928683024289304j)	0.3080718517303467	80.36244613918016
844	(-1.0848123664885096+1.6979738612180317j)	0.3088240623474121	80.45777407054337
845	(-1.0763534814656324+1.7034724067910203j)	0.30406975746154785	80.55310200190658
846	(-1.0680920492073542+1.7086573555993505j)	0.3013491630554199	80.64842993326978
847	(-1.059780085072325+1.713767841150149j)	0.3023207187652588	80.74375786463298
848	(-1.0511009132138127+1.7191091407083823j)	0.3236830234527588	80.83908579599618
