	res_adaptive	time_adaptive	w
0	(1.146237274551166-0.04970660345366608j)	1.3527028560638428	0.001
1	(1.434466739575354-0.2158634957064262j)	0.49698901176452637	0.09632793136320304
2	(1.5287997423746413-0.2677912813208801j)	0.4114060401916504	0.19165586272640608
3	(1.5979832656247488-0.3038487740711514j)	0.4245481491088867	0.2869837940896091
4	(1.647774106291362-0.3291158401461766j)	0.6054229736328125	0.38231172545281217
5	(1.691810718797529-0.35491545384315926j)	0.5150361061096191	0.4776396568160152
6	(1.7275621156111725-0.376495017977739j)	0.34829115867614746	0.5729675881792182
7	(1.7588591336240975-0.3938015402527225j)	0.3469688892364502	0.6682955195424213
8	(1.7859221890736166-0.41207371803004555j)	0.385235071182251	0.7636234509056243
9	(1.8097785323231983-0.42742874890661486j)	0.34838294982910156	0.8589513822688274
10	(1.8316183053856179-0.44118501473408367j)	0.33571314811706543	0.9542793136320304
11	(1.8506534758624509-0.4569408309436358j)	0.3391439914703369	1.0496072449952334
12	(1.8699324157039496-0.4719987221778962j)	0.3390791416168213	1.1449351763584363
13	(1.8863014248104244-0.48638969029376833j)	0.3086812496185303	1.2402631077216395
14	(1.9013327083966374-0.4973774016362241j)	0.3405008316040039	1.3355910390848424
15	(1.915810729781703-0.5118574623593783j)	0.34577298164367676	1.4309189704480456
16	(1.9267406538282423-0.5234306660872072j)	0.32581114768981934	1.5262469018112486
17	(1.9398065450222792-0.5368168807463471j)	0.33008265495300293	1.6215748331744515
18	(1.9494425761838405-0.5488370000707399j)	0.344987154006958	1.7169027645376547
19	(1.9588474441701202-0.5615220961539982j)	0.31850218772888184	1.8122306959008576
20	(1.9679099906127966-0.5742393011311065j)	0.3251509666442871	1.9075586272640608
21	(1.9756243620805618-0.5842925814193417j)	0.30860376358032227	2.0028865586272637
22	(1.9827682088119858-0.5977824853710649j)	0.3318490982055664	2.098214489990467
23	(1.989397890841607-0.6093209515589604j)	0.32445597648620605	2.19354242135367
24	(1.9967536608342906-0.6204385339207752j)	0.3048520088195801	2.288870352716873
25	(2.0019782142027096-0.6321870897560891j)	0.3171830177307129	2.384198284080076
26	(2.006267666632321-0.6440791268955429j)	0.3326530456542969	2.479526215443279
27	(2.011160262135505-0.6562539280435408j)	0.3070547580718994	2.574854146806482
28	(2.0145495707256575-0.6672711184849329j)	0.3352367877960205	2.670182078169685
29	(2.0180602443767275-0.6791705729688204j)	0.3191089630126953	2.765510009532888
30	(2.020946680742903-0.6906139310509742j)	0.3032550811767578	2.8608379408960913
31	(2.024572186052462-0.7013062814869461j)	0.3268098831176758	2.956165872259294
32	(2.025290371923693-0.7133973462519311j)	0.3251309394836426	3.0514938036224972
33	(2.0277788311053313-0.7247917134030972j)	0.3141179084777832	3.1468217349857004
34	(2.0297349931920734-0.7361524171264874j)	0.34444093704223633	3.242149666348903
35	(2.0303094393518593-0.7486695888023445j)	0.32957911491394043	3.3374775977121063
36	(2.0311194492283913-0.7596293381018391j)	0.30663418769836426	3.4328055290753094
37	(2.03137144503591-0.7711984748650724j)	0.3396580219268799	3.5281334604385126
38	(2.0322087179296844-0.7817275868142517j)	0.3055760860443115	3.6234613918017153
39	(2.031572061167353-0.7939156315938101j)	0.33031201362609863	3.7187893231649185
40	(2.030194803865207-0.805441695321807j)	0.3162729740142822	3.8141172545281217
41	(2.030700781995307-0.8171657646223514j)	0.3171241283416748	3.9094451858913244
42	(2.0285175890943177-0.8278053173935654j)	0.3477649688720703	4.004773117254528
43	(2.0277232304810324-0.8401731660385199j)	0.30661487579345703	4.100101048617731
44	(2.025970234349898-0.8519178303671731j)	0.3133571147918701	4.195428979980934
45	(2.0247503683179136-0.8632694554393938j)	0.3198981285095215	4.290756911344137
46	(2.0216188118749328-0.8748785506187133j)	0.3301520347595215	4.386084842707341
47	(2.0195609057228197-0.8861637216841554j)	0.3146250247955322	4.481412774070543
48	(2.017737067839226-0.8978809017640696j)	0.3293461799621582	4.576740705433746
49	(2.0137283942774005-0.9088753607558979j)	0.31853508949279785	4.67206863679695
50	(2.011311638936916-0.921032124871231j)	0.31104493141174316	4.7673965681601524
51	(2.0046725383491606-0.9431158359755648j)	0.319058895111084	4.862724499523355
52	(2.0005005186344373-0.955928903312321j)	0.3108189105987549	4.958052430886559
53	(1.9967764993176362-0.967262560766335j)	0.32880091667175293	5.0533803622497615
54	(1.9934764090118262-0.9787891247623977j)	0.30727338790893555	5.148708293612964
55	(1.9888392263055197-0.9898952467752961j)	0.3252589702606201	5.244036224976168
56	(1.984192236135979-1.002033903354551j)	0.31536197662353516	5.339364156339371
57	(1.9793369908880047-1.0129580593200118j)	0.313967227935791	5.434692087702573
58	(1.9746917927867813-1.024425704123069j)	0.31839895248413086	5.530020019065777
59	(1.9694632887984511-1.0371415726731619j)	0.3323960304260254	5.62534795042898
60	(1.964274304193334-1.048339977111538j)	0.33666205406188965	5.720675881792183
61	(1.9596923381298572-1.059642739163297j)	0.31992506980895996	5.816003813155386
62	(1.9530114689077516-1.0712168243887004j)	0.32239198684692383	5.911331744518589
63	(1.947937006475987-1.0829110629164764j)	0.31795620918273926	6.006659675881792
64	(1.9422656666932123-1.0947877057023694j)	0.3259131908416748	6.101987607244995
65	(1.9359490986212506-1.1052800332845683j)	0.34349608421325684	6.197315538608198
66	(1.9303564525230439-1.1180075931938485j)	0.3360440731048584	6.292643469971401
67	(1.9233927311817443-1.1290811390381281j)	0.31293606758117676	6.387971401334604
68	(1.9176236276283256-1.1401111812071116j)	0.31664085388183594	6.483299332697807
69	(1.9099479366376506-1.151842842198704j)	0.33719778060913086	6.57862726406101
70	(1.9037630961942136-1.1632650343656408j)	0.32544422149658203	6.673955195424213
71	(1.8971217120848896-1.1750279230421163j)	0.3335559368133545	6.769283126787417
72	(1.8885849014728324-1.1867016063155689j)	0.31127190589904785	6.8646110581506194
73	(1.8830488532393979-1.1996068873107488j)	0.3091099262237549	6.959938989513822
74	(1.8751276524815437-1.2090587516582603j)	0.32100510597229004	7.055266920877026
75	(1.8682552895287412-1.2197918961668472j)	0.31139683723449707	7.1505948522402285
76	(1.8601452190583685-1.232120646080849j)	0.33718204498291016	7.245922783603431
77	(1.8524830234700358-1.2427454918850553j)	0.3038511276245117	7.341250714966635
78	(1.8450359504734806-1.254254846994997j)	0.3532700538635254	7.436578646329838
79	(1.8363520223133747-1.2647549751086549j)	0.31342291831970215	7.53190657769304
80	(1.8283735466328253-1.2769110216203317j)	0.3217599391937256	7.627234509056244
81	(1.8202560030054606-1.2878683965182065j)	0.3070189952850342	7.722562440419447
82	(1.812335993212678-1.2982967858355439j)	0.3166978359222412	7.817890371782649
83	(1.8031548676234666-1.3100291998486262j)	0.3060729503631592	7.913218303145853
84	(1.7948848333758787-1.3209043598671502j)	0.31246471405029297	8.008546234509055
85	(1.7866638135500712-1.3320944715046437j)	0.32222700119018555	8.103874165872258
86	(1.7770102478028575-1.3425631937035454j)	0.31347012519836426	8.19920209723546
87	(1.768527519194361-1.3540690929479275j)	0.32770705223083496	8.294530028598665
88	(1.7593963328948496-1.3651148107962956j)	0.3115510940551758	8.389857959961867
89	(1.7504960035818853-1.3751932155953384j)	0.33251190185546875	8.48518589132507
90	(1.740963054198895-1.3865633805090454j)	0.34206223487854004	8.580513822688273
91	(1.7315264884893775-1.3973665594411666j)	0.3095271587371826	8.675841754051476
92	(1.7225881401688223-1.408156499781696j)	0.3102540969848633	8.77116968541468
93	(1.7123868329361667-1.418190967055733j)	0.3454148769378662	8.866497616777883
94	(1.7029260085806457-1.4295962731700018j)	0.31409525871276855	8.961825548141086
95	(1.6931421905119106-1.4405249540971592j)	0.3222641944885254	9.057153479504288
96	(1.683243138844848-1.4501629702861787j)	0.305584192276001	9.152481410867491
97	(1.673157498577176-1.4606257687605624j)	0.34527087211608887	9.247809342230694
98	(1.6629071498546275-1.4717521021427884j)	0.3070368766784668	9.343137273593898
99	(1.6530454637687235-1.481536172066551j)	0.31998491287231445	9.438465204957101
100	(1.6420602004967289-1.492352237848j)	0.3242368698120117	9.533793136320304
101	(1.6324643727223096-1.5027746392029289j)	0.3114612102508545	9.629121067683506
102	(1.6217639306968339-1.5134116090565215j)	0.3280930519104004	9.72444899904671
103	(1.6113954484200366-1.5235950025196345j)	0.3474888801574707	9.819776930409914
104	(1.6007631991399514-1.5337521803059793j)	0.3205549716949463	9.915104861773116
105	(1.589483203452119-1.5437027063859476j)	0.30309295654296875	10.010432793136319
106	(1.5791409734253778-1.5534890775653636j)	0.3442037105560303	10.105760724499522
107	(1.567331924289805-1.5635907334261656j)	0.3223118782043457	10.201088655862725
108	(1.556768907844905-1.5736149494773521j)	0.3110079765319824	10.296416587225927
109	(1.5457893481724976-1.5837407871426452j)	0.3065299987792969	10.391744518589132
110	(1.534221024535678-1.5927743891833654j)	0.3140709400177002	10.487072449952334
111	(1.522991928584831-1.6032725265418586j)	0.3261728286743164	10.582400381315537
112	(1.5115394881939972-1.6128486188737774j)	0.31165289878845215	10.67772831267874
113	(1.4999431205029365-1.622058167540564j)	0.3445570468902588	10.773056244041943
114	(1.4887625608187818-1.6324753097170197j)	0.3112330436706543	10.868384175405145
115	(1.477003387171674-1.641377994581179j)	0.3031790256500244	10.96371210676835
116	(1.4652008448912668-1.651242235953059j)	0.32760119438171387	11.059040038131553
117	(1.4532595075180625-1.6597692074635069j)	0.31121015548706055	11.154367969494755
118	(1.4415667708486346-1.6697132141487916j)	0.3101508617401123	11.249695900857958
119	(1.429523445971888-1.6789043106200114j)	0.3114910125732422	11.34502383222116
120	(1.4172153665290173-1.687942570019525j)	0.3103160858154297	11.440351763584365
121	(1.4051002023632728-1.6970825858581877j)	0.3154747486114502	11.535679694947568
122	(1.3932476579179116-1.7059876531321359j)	0.3139667510986328	11.63100762631077
123	(1.380380140663174-1.7135232120104311j)	0.3038761615753174	11.726335557673973
124	(1.3683577532034907-1.7234875162061116j)	0.3184518814086914	11.821663489037176
125	(1.356280703503406-1.7327936753748439j)	0.3082771301269531	11.916991420400379
126	(1.3435675972163803-1.741651848100307j)	0.34276628494262695	12.012319351763583
127	(1.3308307196109257-1.7496903192392916j)	0.31125402450561523	12.107647283126786
128	(1.3182731837001325-1.7587938469660616j)	0.3158302307128906	12.202975214489989
129	(1.3058109861204705-1.7670887166367861j)	0.3066871166229248	12.298303145853192
130	(1.2934420459669056-1.775626419858678j)	0.3117489814758301	12.393631077216394
131	(1.2798775227367578-1.7835936997298645j)	0.31777405738830566	12.488959008579599
132	(1.2675313658836318-1.7920184483282897j)	0.3130929470062256	12.584286939942801
133	(1.2543793443811337-1.8005765089439407j)	0.31493115425109863	12.679614871306004
134	(1.2414784836978967-1.8080424986607166j)	0.34015989303588867	12.774942802669207
135	(1.228012773429724-1.816717059187697j)	0.3243420124053955	12.87027073403241
136	(1.2149855565120693-1.824442720385909j)	0.32704591751098633	12.965598665395612
137	(1.2013056822265404-1.8309415815653198j)	0.3144710063934326	13.060926596758817
138	(1.1881734715152785-1.8399089599202496j)	0.3056809902191162	13.15625452812202
139	(1.175267905775594-1.8478776061788522j)	0.30539608001708984	13.251582459485222
140	(1.1618797514020627-1.8556645997175254j)	0.3137199878692627	13.346910390848425
141	(1.1483732506811444-1.8625023724445986j)	0.33333516120910645	13.442238322211628
142	(1.1346616365817008-1.8706654440244586j)	0.32753992080688477	13.537566253574832
143	(1.1215104989575906-1.8775576545156003j)	0.3121528625488281	13.632894184938035
144	(1.1079183845889893-1.8849491120841018j)	0.30919408798217773	13.728222116301238
145	(1.0938218229542085-1.8919067127958344j)	0.32041406631469727	13.82355004766444
146	(1.0803796895250457-1.8995401873793136j)	0.3214750289916992	13.918877979027643
147	(1.0664064119899048-1.906609523451295j)	0.3287010192871094	14.014205910390846
148	(1.0523446278301367-1.912881568758556j)	0.3161659240722656	14.10953384175405
149	(1.0384321702748343-1.920357017954552j)	0.3056159019470215	14.204861773117253
150	(1.0247975297154475-1.9272428810978184j)	0.3201727867126465	14.300189704480456
151	(1.010835413773233-1.9333719224851222j)	0.337360143661499	14.395517635843659
152	(0.9966415241376154-1.9405291824240771j)	0.33176088333129883	14.490845567206861
153	(0.982219022268308-1.946484636416289j)	0.32225608825683594	14.586173498570064
154	(0.9682978533681554-1.9531708433565258j)	0.3314399719238281	14.681501429933268
155	(0.9536493785752223-1.9589200274910554j)	0.30904603004455566	14.776829361296471
156	(0.9397359364061824-1.9659201508274222j)	0.3205277919769287	14.872157292659674
157	(0.9252408658108443-1.9716803141553587j)	0.313082218170166	14.967485224022877
158	(0.9112159085712923-1.9773516350432065j)	0.3170909881591797	15.06281315538608
159	(0.8965376169860179-1.9830769069035379j)	0.31984424591064453	15.158141086749284
160	(0.882081788438803-1.9893461100027976j)	0.3111600875854492	15.253469018112487
161	(0.8678016812814037-1.9952197730155405j)	0.3037090301513672	15.34879694947569
162	(0.852423860305062-2.000630565418706j)	0.3189656734466553	15.444124880838892
163	(0.838409232873805-2.006434659814406j)	0.32124900817871094	15.539452812202095
164	(0.8237472540326264-2.011841954113634j)	0.3161122798919678	15.634780743565297
165	(0.8090274299344213-2.017021061808827j)	0.31708812713623047	15.730108674928502
166	(0.7940917647600665-2.0224555494954335j)	0.3194599151611328	15.825436606291705
167	(0.7794825441529155-2.0271742885444426j)	0.3387949466705322	15.920764537654907
168	(0.765025106615745-2.0324226088096613j)	0.3326599597930908	16.016092469018112
169	(0.7497924772804277-2.0371597049986887j)	0.3313789367675781	16.111420400381316
170	(0.7350010075021578-2.04246124352207j)	0.3240318298339844	16.206748331744517
171	(0.7203018555934364-2.047214446171058j)	0.31001996994018555	16.302076263107722
172	(0.7055629336791106-2.0513413736931385j)	0.32324934005737305	16.397404194470923
173	(0.690184226625138-2.0564306400740726j)	0.30647921562194824	16.492732125834127
174	(0.6753280632214942-2.060755674468354j)	0.32591700553894043	16.588060057197332
175	(0.6607007825556213-2.0651147106953722j)	0.3443481922149658	16.683387988560533
176	(0.6450459936514357-2.069107669972171j)	0.31375908851623535	16.778715919923737
177	(0.6303106422633543-2.0735283209427577j)	0.3345470428466797	16.874043851286938
178	(0.6150439656788715-2.0775724869054613j)	0.3200528621673584	16.969371782650143
179	(0.6003733551776733-2.081827230091064j)	0.32233595848083496	17.064699714013347
180	(0.5848754295112926-2.085285175258423j)	0.33136725425720215	17.160027645376548
181	(0.6299113826408338-2.0292616491038133j)	0.3223841190338135	17.255355576739753
182	(0.5544980688330164-2.0926855229624346j)	0.31812310218811035	17.350683508102954
183	(0.5387659677583369-2.0960765467933395j)	0.32033705711364746	17.446011439466158
184	(0.5240009286770176-2.0996723539843374j)	0.3292851448059082	17.541339370829363
185	(0.508669186746594-2.102557690862743j)	0.3221557140350342	17.636667302192564
186	(0.49318007357353233-2.105780125857528j)	0.3205990791320801	17.731995233555768
187	(0.4776204460605329-2.1094046516120586j)	0.3217589855194092	17.82732316491897
188	(0.46239941629006664-2.1123363728165923j)	0.3218262195587158	17.922651096282173
189	(0.44724412838919525-2.1149768875813226j)	0.3332247734069824	18.017979027645374
190	(0.43126779814594096-2.117986113125399j)	0.33821797370910645	18.11330695900858
191	(0.41625757295969057-2.120749618182471j)	0.3431968688964844	18.208634890371783
192	(0.4008095225652831-2.123549446328936j)	0.3298487663269043	18.303962821734984
193	(0.3851885289621737-2.1254136468343496j)	0.3169848918914795	18.39929075309819
194	(0.3697573780750394-2.128313631455502j)	0.31784820556640625	18.49461868446139
195	(0.3543628933930879-2.13032293251527j)	0.31334996223449707	18.589946615824594
196	(0.3390266492373115-2.1323917391793534j)	0.31987977027893066	18.6852745471878
197	(0.3230827102935948-2.134863550101607j)	0.32404088973999023	18.780602478551
198	(0.30790657147848344-2.1367896231650394j)	0.30870795249938965	18.875930409914204
199	(0.2920791258087566-2.13839274637795j)	0.31966710090637207	18.971258341277405
200	(0.27626718632261615-2.1398415862831843j)	0.3063340187072754	19.06658627264061
201	(0.26095511174669506-2.141892554672844j)	0.3443739414215088	19.161914204003814
202	(0.2452268775113945-2.1434266317611614j)	0.31018877029418945	19.257242135367015
203	(0.22978565406006501-2.144590657658135j)	0.32623887062072754	19.35257006673022
204	(0.2137535015926374-2.14610407257432j)	0.318234920501709	19.44789799809342
205	(0.19843422776422492-2.1472155423057204j)	0.3153679370880127	19.543225929456625
206	(0.18303063147140008-2.1483999955344126j)	0.30357909202575684	19.63855386081983
207	(0.16680391989871357-2.1490841814807515j)	0.3180253505706787	19.73388179218303
208	(0.15152553741317443-2.1503254962419414j)	0.3413360118865967	19.829209723546235
209	(0.13552088516462224-2.150834565953546j)	0.306840181350708	19.924537654909436
210	(0.12030696863813661-2.1512389418902655j)	0.3285050392150879	20.01986558627264
211	(0.10441874614914703-2.152025403321975j)	0.3263521194458008	20.11519351763584
212	(0.08857335312579329-2.152756034150256j)	0.3191218376159668	20.210521448999046
213	(0.07342907828099698-2.1529183421250013j)	0.3074681758880615	20.30584938036225
214	(0.05726570201396908-2.153211715936147j)	0.32802581787109375	20.40117731172545
215	(0.0415672180060771-2.1527778901398307j)	0.31689977645874023	20.496505243088656
216	(0.025977803975243186-2.1531588706782783j)	0.308225154876709	20.591833174451857
217	(0.010563096788541726-2.152699913007214j)	0.3237040042877197	20.68716110581506
218	(-0.0052278737379378715-2.153077505654581j)	0.3414270877838135	20.782489037178266
219	(-0.02116050397356606-2.152308766749733j)	0.41060781478881836	20.877816968541467
220	(-0.03648597675330967-2.151839621261427j)	0.5099167823791504	20.97314489990467
221	(-0.05249051489274781-2.151356154919566j)	0.5061299800872803	21.068472831267872
222	(-0.067867453140251-2.150850547154029j)	0.47441577911376953	21.163800762631077
223	(-0.08376373575183393-2.1500130596207274j)	0.3531830310821533	21.25912869399428
224	(-0.09924663954904367-2.1490521502036257j)	0.4171910285949707	21.354456625357482
225	(-0.1146634300999756-2.1477834206258675j)	0.4035351276397705	21.449784556720687
226	(-0.1304504248508358-2.1471052366986587j)	0.4105076789855957	21.545112488083888
227	(-0.14572247300528562-2.1457891229301493j)	0.3621830940246582	21.640440419447092
228	(-0.16195890747137975-2.144481685876294j)	0.3796243667602539	21.735768350810293
229	(-0.17690906435830145-2.142797233625022j)	0.4785799980163574	21.831096282173498
230	(-0.19265881161198228-2.1417577753816643j)	0.5134141445159912	21.926424213536702
231	(-0.20838721631363222-2.139531728261258j)	0.3815159797668457	22.021752144899903
232	(-0.22399641404263637-2.1384017285264365j)	0.35004520416259766	22.117080076263107
233	(-0.23949183410649966-2.136232023332209j)	0.3608412742614746	22.21240800762631
234	(-0.2548899149723769-2.1344845101589796j)	0.33407115936279297	22.307735938989513
235	(-0.27071765774700074-2.132336462695672j)	0.3437471389770508	22.403063870352717
236	(-0.28596086742947524-2.1300936389774843j)	0.3401780128479004	22.49839180171592
237	(-0.3013261100081398-2.1278904056000028j)	0.34259796142578125	22.593719733079123
238	(-0.3170705760317435-2.1250298705520163j)	0.34026002883911133	22.689047664442324
239	(-0.3324072193188127-2.1230192794366176j)	0.32541394233703613	22.78437559580553
240	(-0.34787098965536156-2.120256784157948j)	0.34105706214904785	22.879703527168733
241	(-0.3629887376015696-2.117218612064934j)	0.3476219177246094	22.975031458531934
242	(-0.37894577923843853-2.1147777993051684j)	0.3372931480407715	23.07035938989514
243	(-0.39390506629209376-2.1116003553056055j)	0.3421199321746826	23.16568732125834
244	(-0.40913316205695827-2.108681624883805j)	0.3363456726074219	23.261015252621544
245	(-0.424798207302865-2.1051060638055823j)	0.3370368480682373	23.356343183984748
246	(-0.439908533366281-2.102291362167395j)	0.3309211730957031	23.45167111534795
247	(-0.45523078360000757-2.0988312225353436j)	0.33377838134765625	23.546999046711154
248	(-0.4702389128945089-2.094985962409713j)	0.33800506591796875	23.642326978074355
249	(-0.4858710509843591-2.0917113051100826j)	0.3518378734588623	23.73765490943756
250	(-0.5005003596962803-2.0875787537773514j)	0.35314297676086426	23.83298284080076
251	(-0.515759297133226-2.0841617930730845j)	0.3355748653411865	23.928310772163965
252	(-0.5313529488940285-2.079928868901861j)	0.33990907669067383	24.02363870352717
253	(-0.5461077313040674-2.076088965207005j)	0.3781418800354004	24.11896663489037
254	(-0.5613002579632329-2.072094923170307j)	0.33533596992492676	24.214294566253574
255	(-0.5761785233398703-2.067434418651749j)	0.35550498962402344	24.309622497616775
256	(-0.5914987578420068-2.0635415539322666j)	0.35994791984558105	24.40495042897998
257	(-0.6062923585033053-2.0588842049037495j)	0.3839130401611328	24.500278360343184
258	(-0.6210974092654356-2.0545865530760126j)	0.3734610080718994	24.595606291706385
259	(-0.6362879472238623-2.0492430907317254j)	0.40154027938842773	24.69093422306959
260	(-0.6509709392419281-2.045026533878706j)	0.4090292453765869	24.78626215443279
261	(-0.6661176788848631-2.0400005253250946j)	0.3734099864959717	24.881590085795995
262	(-0.6807470595041405-2.0350399032205186j)	0.33841991424560547	24.9769180171592
263	(-0.6956790600023766-2.0300351810118977j)	0.35729002952575684	25.0722459485224
264	(-0.71013523884272-2.024725039250885j)	0.35402703285217285	25.167573879885605
265	(-0.7245453587785765-2.019378246463778j)	0.3470461368560791	25.262901811248806
266	(-0.7397594209272897-2.013878836807654j)	0.4182851314544678	25.35822974261201
267	(-0.7539440372440522-2.00858481163533j)	0.33420300483703613	25.45355767397521
268	(-0.7684940249267777-2.002662218570587j)	0.367034912109375	25.548885605338416
269	(-0.7830421302632126-1.9968015381665838j)	0.35927700996398926	25.64421353670162
270	(-0.7976858136962868-1.991399468312624j)	0.3823540210723877	25.73954146806482
271	(-0.8119706144256378-1.9850644769671062j)	0.3339390754699707	25.834869399428026
272	(-0.8263150357229063-1.9794589725229417j)	0.3438258171081543	25.930197330791227
273	(-0.841113128955763-1.9731812197090306j)	0.33354997634887695	26.02552526215443
274	(-0.854920181253386-1.967067027533375j)	0.36049818992614746	26.120853193517636
275	(-0.8693768632709652-1.9608024889968871j)	0.3502349853515625	26.216181124880837
276	(-0.8836660798569059-1.953885576735868j)	0.34126901626586914	26.31150905624404
277	(-0.8977747978339573-1.947875692289911j)	0.33342504501342773	26.406836987607242
278	(-0.9118973767979606-1.9410725165816292j)	0.34590697288513184	26.502164918970447
279	(-0.9256772013930321-1.9341140667457108j)	0.34774112701416016	26.59749285033365
280	(-0.9402540566777917-1.9275652285156102j)	0.34799814224243164	26.692820781696852
281	(-0.9537978345164848-1.9205354059873843j)	0.33330416679382324	26.788148713060057
282	(-0.9676362058004682-1.9136470518999997j)	0.33247828483581543	26.883476644423258
283	(-0.9816742471108233-1.9061461472071115j)	0.38512086868286133	26.978804575786462
284	(-0.9956812270096027-1.8996551122037821j)	0.41413307189941406	27.074132507149667
285	(-1.0091741097745435-1.8918883057137343j)	0.3672199249267578	27.169460438512868
286	(-1.0227287888855396-1.8841920741790588j)	0.3483247756958008	27.264788369876072
287	(-1.0365570121208822-1.8768154704481006j)	0.3981189727783203	27.360116301239273
288	(-1.0501495343971217-1.8691987222100335j)	0.4061429500579834	27.455444232602478
289	(-1.0634865788661516-1.861580147925407j)	0.3680152893066406	27.55077216396568
290	(-1.0774273845416462-1.8534789357016248j)	0.33343935012817383	27.646100095328883
291	(-1.0905036780017379-1.845753520026859j)	0.3521289825439453	27.741428026692088
292	(-1.1040965713484283-1.8380624542469062j)	0.35722804069519043	27.83675595805529
293	(-1.1171423033835046-1.8293559260369798j)	0.33254098892211914	27.932083889418493
294	(-1.1306345040015766-1.821607275736067j)	0.36275219917297363	28.027411820781694
295	(-1.14382849935856-1.8130585907556906j)	0.3385021686553955	28.1227397521449
296	(-1.1565738801489633-1.8047641883866952j)	0.3320891857147217	28.218067683508103
297	(-1.1700809762465645-1.7961198117433406j)	0.34308791160583496	28.313395614871304
298	(-1.182787412753579-1.787830959190917j)	0.3863542079925537	28.40872354623451
299	(-1.1957973747785942-1.7792241633416028j)	0.3711569309234619	28.50405147759771
300	(-1.208571950924346-1.7699892812339781j)	0.3431973457336426	28.599379408960914
301	(-1.2216331508411384-1.7616277154556172j)	0.4070451259613037	28.69470734032412
302	(-1.2343601515251958-1.7524492100108966j)	0.3613743782043457	28.79003527168732
303	(-1.2466289836070394-1.7434037355159302j)	0.4378969669342041	28.885363203050524
304	(-1.259785172297056-1.7342490974952058j)	0.41495609283447266	28.980691134413725
305	(-1.27210468504863-1.725002835312304j)	0.37267279624938965	29.07601906577693
306	(-1.2844783693565098-1.7159100488729748j)	0.4313957691192627	29.17134699714013
307	(-1.2968694813386341-1.7060834831974818j)	0.3561270236968994	29.266674928503335
308	(-1.3093482728071781-1.6970723978573727j)	0.3666541576385498	29.36200285986654
309	(-1.3213264079446354-1.6870558088678425j)	0.402238130569458	29.45733079122974
310	(-1.3335144618826875-1.6776464218239628j)	0.3678770065307617	29.552658722592945
311	(-1.3457919912606917-1.66788030226801j)	0.40694499015808105	29.647986653956146
312	(-1.3578194382934812-1.65817785525893j)	0.39287519454956055	29.74331458531935
313	(-1.3698144297523378-1.6483229176587972j)	0.41807007789611816	29.838642516682555
314	(-1.381861261451326-1.637535657852872j)	0.40120768547058105	29.933970448045756
315	(-1.393740046606221-1.6282753774794458j)	0.4591240882873535	30.02929837940896
316	(-1.4053043720124272-1.6179273798182048j)	0.4482419490814209	30.12462631077216
317	(-1.4168788299505541-1.6075912007544484j)	0.4379608631134033	30.219954242135366
318	(-1.428504072050067-1.5974156725980735j)	0.4358327388763428	30.31528217349857
319	(-1.4402135132057081-1.5869525665684427j)	0.3618597984313965	30.41061010486177
320	(-1.4516476390822002-1.5764860023305827j)	0.3878939151763916	30.505938036224975
321	(-1.463216540529753-1.5656829981616815j)	0.44312596321105957	30.601265967588176
322	(-1.4744184514411647-1.5553304217095048j)	0.4055600166320801	30.69659389895138
323	(-1.485718426024618-1.5444638195082703j)	0.4170188903808594	30.791921830314585
324	(-1.4966033655030493-1.533395597181107j)	0.4668090343475342	30.887249761677786
325	(-1.5077489297153426-1.5226734101880661j)	0.3954288959503174	30.98257769304099
326	(-1.5188787667385104-1.5116854315598667j)	0.3518037796020508	31.077905624404192
327	(-1.5296772887686216-1.50067532562908j)	0.3453350067138672	31.173233555767396
328	(-1.5407286438149288-1.4892005750935395j)	0.3409571647644043	31.268561487130597
329	(-1.5513546124579736-1.4784324812488858j)	0.34484004974365234	31.3638894184938
330	(-1.5620937873615626-1.4670689039837368j)	0.35147809982299805	31.459217349857006
331	(-1.5724842123693314-1.4553963085973844j)	0.3306751251220703	31.554545281220207
332	(-1.5832914603530417-1.4442567837178069j)	0.3669929504394531	31.64987321258341
333	(-1.5936203412349066-1.4325403173963596j)	0.32946014404296875	31.745201143946613
334	(-1.6037293575188063-1.4210500149461887j)	0.3645660877227783	31.840529075309817
335	(-1.6145212974676582-1.409461042141459j)	0.3622782230377197	31.93585700667302
336	(-1.624313999746953-1.3977063919990895j)	0.3761327266693115	32.03118493803622
337	(-1.6344324644059691-1.3858549320665223j)	0.3513481616973877	32.12651286939942
338	(-1.6445060432381404-1.3735998248092416j)	0.41222190856933594	32.22184080076263
339	(-1.6545401113034266-1.3620321258421166j)	0.5325899124145508	32.31716873212583
340	(-1.6641492223672374-1.3500039047146408j)	0.4684128761291504	32.41249666348903
341	(-1.6736937630132938-1.3378288340112954j)	0.34374523162841797	32.50782459485224
342	(-1.6833796182249086-1.325426681235215j)	0.3459889888763428	32.60315252621544
343	(-1.693060713352146-1.3134740254825825j)	0.3580648899078369	32.69848045757864
344	(-1.7028560571408684-1.3011442228760437j)	0.3520209789276123	32.79380838894184
345	(-1.7119328434217815-1.2883425264027772j)	0.34024810791015625	32.88913632030505
346	(-1.7213390303039615-1.2762307326614206j)	0.34798216819763184	32.98446425166825
347	(-1.7304567082913116-1.2637419719139926j)	0.3347930908203125	33.07979218303145
348	(-1.7392805024610543-1.2511503639382313j)	0.35049009323120117	33.17512011439466
349	(-1.7487994983154844-1.2383857548269428j)	0.33962082862854004	33.27044804575786
350	(-1.7573635207488845-1.2258544354226328j)	0.3348550796508789	33.36577597712106
351	(-1.7662919176489495-1.212626159377536j)	0.34444713592529297	33.46110390848427
352	(-1.775120861463633-1.1998977743064243j)	0.3488790988922119	33.55643183984747
353	(-1.7834578257294975-1.1874908455107098j)	0.3419458866119385	33.65175977121067
354	(-1.7922795298070655-1.1743349128950502j)	0.3424403667449951	33.74708770257387
355	(-1.8005019453039106-1.1612736812712046j)	0.33836913108825684	33.84241563393708
356	(-1.8093442435024192-1.1480666247080102j)	0.35750603675842285	33.93774356530028
357	(-1.817275366530096-1.1351105179533372j)	0.33416199684143066	34.03307149666348
358	(-1.8254606495333503-1.1217843300360075j)	0.3404831886291504	34.12839942802669
359	(-1.8334057521013072-1.1083638845422517j)	0.34120798110961914	34.22372735938989
360	(-1.8416485264479383-1.09558207284951j)	0.348438024520874	34.31905529075309
361	(-1.849535400922488-1.0819683995951932j)	0.33839893341064453	34.41438322211629
362	(-1.8571525503318618-1.0683444642371154j)	0.4526042938232422	34.5097111534795
363	(-1.865076664584963-1.055080029355654j)	0.36447906494140625	34.6050390848427
364	(-1.8724652920375242-1.0415220459144414j)	0.36235690116882324	34.7003670162059
365	(-1.8799007034879163-1.0280565705085796j)	0.3387458324432373	34.79569494756911
366	(-1.8875891018884152-1.0140906062187602j)	0.349031925201416	34.89102287893231
367	(-1.8947654073081404-1.0007758018149737j)	0.3298928737640381	34.98635081029551
368	(-1.901976839589851-0.9871282084823192j)	0.33815670013427734	35.08167874165872
369	(-1.9088702795702648-0.9728867774794236j)	0.3426179885864258	35.17700667302192
370	(-1.9162961210625424-0.9592888017969714j)	0.34900832176208496	35.27233460438512
371	(-1.9229003037319194-0.945258543939667j)	0.3353309631347656	35.36766253574832
372	(-1.929583145985762-0.9315823459084946j)	0.3375251293182373	35.46299046711153
373	(-1.936362521560189-0.917198195986915j)	0.3314838409423828	35.55831839847473
374	(-1.9430703353041947-0.9036498956467977j)	0.3303060531616211	35.65364632983793
375	(-1.9494905804071574-0.8892229210942721j)	0.3324737548828125	35.74897426120114
376	(-1.956127057445726-0.8748575416049179j)	0.34827089309692383	35.84430219256434
377	(-1.9623438972277196-0.8610523961136791j)	0.3566861152648926	35.93963012392754
378	(-1.9682776352640108-0.846649054067805j)	0.33407092094421387	36.034958055290744
379	(-1.9741897859672501-0.8324500473702107j)	0.33081483840942383	36.13028598665395
380	(-1.980623021662861-0.8179143884289479j)	0.3453240394592285	36.22561391801715
381	(-1.9862317894355908-0.8038968956358223j)	0.3267707824707031	36.320941849380354
382	(-1.992169673282269-0.789512722392663j)	0.35690808296203613	36.41626978074356
383	(-1.9977718452341755-0.7747550698523415j)	0.33841490745544434	36.51159771210676
384	(-2.0034263621680455-0.7605376615879298j)	0.3475341796875	36.606925643469964
385	(-2.0087065154667587-0.7456668255393829j)	0.34830403327941895	36.70225357483317
386	(-2.0138528556014035-0.7315194248068497j)	0.35135364532470703	36.79758150619637
387	(-2.019604304865197-0.7166487471947038j)	0.33696985244750977	36.892909437559574
388	(-2.024347117717571-0.7021795838848904j)	0.3333308696746826	36.988237368922775
389	(-2.029443917071593-0.6875116454088634j)	0.34088993072509766	37.08356530028598
390	(-2.034313973457415-0.6727324202576334j)	0.36078691482543945	37.178893231649184
391	(-2.039230209839394-0.6576457488315891j)	0.33312296867370605	37.274221163012385
392	(-2.043921504919109-0.643169292540375j)	0.32854700088500977	37.36954909437559
393	(-2.048336324568362-0.6283566117158454j)	0.33337879180908203	37.464877025738794
394	(-2.053310318822697-0.6134846555659235j)	0.33429813385009766	37.560204957101995
395	(-2.0572706627547253-0.5987178542024163j)	0.34046411514282227	37.655532888465196
396	(-2.061649572444199-0.583818038977931j)	0.33109092712402344	37.750860819828404
397	(-2.065876909882792-0.5685868474719014j)	0.34593677520751953	37.846188751191605
398	(-2.0699576856162927-0.5540972208759245j)	0.3343203067779541	37.941516682554806
399	(-2.073915471166769-0.5388845130549433j)	0.33147192001342773	38.036844613918014
400	(-2.0775845108080784-0.5238069276097786j)	0.3322639465332031	38.132172545281215
401	(-2.0817276330010888-0.5087028568708853j)	0.3317451477050781	38.227500476644416
402	(-2.0850117019421517-0.4937705834632089j)	0.333057165145874	38.322828408007624
403	(-2.088509908695838-0.47873733076162805j)	0.32900309562683105	38.418156339370825
404	(-2.0922261796814037-0.4632982549535858j)	0.3580467700958252	38.513484270734025
405	(-2.095405022603184-0.44856457984452935j)	0.32779979705810547	38.608812202097226
406	(-2.0985655387948254-0.4332660588749875j)	0.34116482734680176	38.704140133460434
407	(-2.101483754417243-0.41795084161071894j)	0.37370967864990234	38.799468064823635
408	(-2.104858808266082-0.40283028831943013j)	0.3354177474975586	38.894795996186836
409	(-2.1073664976310216-0.3875878180903448j)	0.33402013778686523	38.990123927550044
410	(-2.1101012990437003-0.3723397409849441j)	0.34508800506591797	39.085451858913245
411	(-2.1129860963859297-0.3567998593319386j)	0.33939599990844727	39.180779790276446
412	(-2.115323115645965-0.341855237394033j)	0.3328971862792969	39.276107721639654
413	(-2.117801008785246-0.32652328085606197j)	0.39957189559936523	39.371435653002855
414	(-2.120244188070864-0.31089560096551816j)	0.35925984382629395	39.466763584366056
415	(-2.122473750566819-0.2958497323055952j)	0.32966017723083496	39.56209151572926
416	(-2.1243527996502234-0.2804135006304912j)	0.32911109924316406	39.657419447092465
417	(-2.126247376312782-0.2651712113213385j)	0.3423137664794922	39.752747378455666
418	(-2.128475714512432-0.24949291748721392j)	0.3492770195007324	39.84807530981887
419	(-2.1299344554792516-0.23439011863225384j)	0.35451412200927734	39.943403241182075
420	(-2.1316795934300776-0.2187968669447784j)	0.3549768924713135	40.038731172545276
421	(-2.133059269083495-0.2031890560653245j)	0.33455586433410645	40.13405910390848
422	(-2.1346996323748755-0.1881237905976108j)	0.3322632312774658	40.22938703527168
423	(-2.135817891660882-0.17249508629730015j)	0.3355259895324707	40.324714966634886
424	(-2.13692167786009-0.15709432101809434j)	0.32352423667907715	40.42004289799809
425	(-2.138328746606422-0.14145400259404184j)	0.3419020175933838	40.51537082936129
426	(-2.1390128731171982-0.12626566754372776j)	0.3382868766784668	40.610698760724496
427	(-2.1398387661409712-0.11047498822037888j)	0.3557260036468506	40.7060266920877
428	(-2.140719623662944-0.09488572684966645j)	0.3433079719543457	40.8013546234509
429	(-2.141484374399796-0.0798533400512379j)	0.33396196365356445	40.896682554814106
430	(-2.1418255874298104-0.06416801992032495j)	0.36591386795043945	40.99201048617731
431	(-2.1420973903874208-0.04868166203476165j)	0.33985304832458496	41.08733841754051
432	(-2.142747368427227-0.03311323792954779j)	0.33002328872680664	41.18266634890371
433	(-2.1426608324945935-0.01775159691371564j)	0.3272578716278076	41.27799428026692
434	(-2.142799379911442-0.0022763628468081j)	0.33335208892822266	41.37332221163012
435	(-2.1428309909077234+0.013481198287852103j)	0.33532094955444336	41.46865014299332
436	(-3.435493160409913+4.151106971940954j)	0.3574068546295166	41.56397807435653
437	(-2.1423667338508237+0.04431667100973846j)	0.33120059967041016	41.65930600571973
438	(-2.141483130453803+0.059390521096342797j)	0.33199095726013184	41.75463393708293
439	(-2.141811453989073+0.07532745795069518j)	0.3705909252166748	41.84996186844613
440	(-2.140876229556399+0.0907145519748438j)	0.32266688346862793	41.94528979980934
441	(-2.1399742396291113+0.10615770443833383j)	0.34789586067199707	42.04061773117254
442	(-2.1393688399148725+0.12172848940081549j)	0.3580958843231201	42.13594566253574
443	(-2.1385188138489646+0.1369692024470388j)	0.33733701705932617	42.23127359389895
444	(-2.1374063945952546+0.15260918341974594j)	0.326948881149292	42.32660152526215
445	(-2.136065017259141+0.16817023824392308j)	0.330822229385376	42.42192945662535
446	(-2.1352259047625703+0.18345920057862464j)	0.3332490921020508	42.51725738798856
447	(-2.133550889206013+0.19899134484692838j)	0.33316493034362793	42.61258531935176
448	(-2.132024990326379+0.21429548656016228j)	0.334033727645874	42.70791325071496
449	(-2.130669906628201+0.22997725701047878j)	0.33648204803466797	42.80324118207816
450	(-2.12877313724412+0.244965013695558j)	0.3311500549316406	42.89856911344137
451	(-2.126935195226713+0.2604221253844389j)	0.3322172164916992	42.99389704480457
452	(-2.1248299658573804+0.2757897357769624j)	0.3458559513092041	43.08922497616777
453	(-2.1231666425396494+0.29119981714498644j)	0.3255879878997803	43.18455290753098
454	(-2.1205592527891244+0.30650353202612923j)	0.32982802391052246	43.27988083889418
455	(-2.1184770584183257+0.32191388294425927j)	0.3321828842163086	43.37520877025738
456	(-2.1164084771207348+0.3374543547794392j)	0.339080810546875	43.47053670162058
457	(-2.1136448449720087+0.3523861416698367j)	0.3455328941345215	43.56586463298379
458	(-2.1110808979697393+0.3677913024912557j)	0.33062195777893066	43.66119256434699
459	(-2.1082322807371123+0.38332322322751344j)	0.3311748504638672	43.75652049571019
460	(-2.105726588457062+0.3982387943253062j)	0.3337101936340332	43.8518484270734
461	(-2.102567318645929+0.4134532850448914j)	0.3291749954223633	43.9471763584366
462	(-2.0994199670180356+0.42874897349323804j)	0.3353238105773926	44.0425042897998
463	(-2.0965338076490534+0.4440944182163684j)	0.3331272602081299	44.13783222116301
464	(-2.0930538999743744+0.45894064490431874j)	0.334885835647583	44.23316015252621
465	(-2.089797225606297+0.47418482578777543j)	0.34049105644226074	44.32848808388941
466	(-2.0861753452352674+0.48948423956238973j)	0.3407878875732422	44.42381601525261
467	(-2.0828296713704813+0.5042112572749987j)	0.32561206817626953	44.51914394661582
468	(-2.0789506314672628+0.5193868399570135j)	0.33231401443481445	44.61447187797902
469	(-2.0750794336911005+0.534455305046755j)	0.335111141204834	44.70979980934222
470	(-2.0714619348051833+0.5495527499221818j)	0.3427729606628418	44.80512774070543
471	(-2.0671711059280824+0.5642898065066264j)	0.331740140914917	44.90045567206863
472	(-2.063087637366068+0.5792571707732039j)	0.34125304222106934	44.99578360343183
473	(-2.05875691739309+0.5943468399595256j)	0.3267500400543213	45.09111153479503
474	(-2.0543292775222577+0.6091026754082128j)	0.3560798168182373	45.18643946615824
475	(-2.050043109763763+0.6239439937224242j)	0.330826997756958	45.28176739752144
476	(-2.045334405027362+0.6387338835450862j)	0.33497190475463867	45.37709532888464
477	(-2.041008010902293+0.653488644719711j)	0.3351418972015381	45.47242326024785
478	(-2.0359366230551927+0.6681758796560483j)	0.32825589179992676	45.56775119161105
479	(-2.031004520785015+0.6828627667261391j)	0.3482327461242676	45.66307912297425
480	(-2.0262311770516104+0.6978221361370883j)	0.3294677734375	45.75840705433746
481	(-2.0210140624256194+0.7123895944415211j)	0.3406400680541992	45.85373498570066
482	(-2.0158856786129236+0.726805583235052j)	0.3263099193572998	45.94906291706386
483	(-2.010334444454381+0.7414820501111149j)	0.3387298583984375	46.044390848427064
484	(-2.0053891714353096+0.755877997687613j)	0.3307781219482422	46.13971877979027
485	(-1.9996278833147225+0.7704215880025261j)	0.33260583877563477	46.23504671115347
486	(-1.9940019865480902+0.7848001318063146j)	0.3334231376647949	46.330374642516674
487	(-1.9883240721096316+0.7992172778245962j)	0.33724427223205566	46.42570257387988
488	(-1.9824808514902723+0.81330415520319j)	0.34452009201049805	46.52103050524308
489	(-1.97653590127311+0.8278771357005189j)	0.33121204376220703	46.61635843660628
490	(-1.9703118694959814+0.8422651827115134j)	0.33069515228271484	46.71168636796949
491	(-1.964575157071411+0.8563211782401645j)	0.3568110466003418	46.80701429933269
492	(-1.9580034050574713+0.8705065668858811j)	0.3374290466308594	46.90234223069589
493	(-1.951635317370223+0.8845560059451352j)	0.32465100288391113	46.997670162059094
494	(-1.9454622732146318+0.8989439711719689j)	0.34264087677001953	47.0929980934223
495	(-1.9387408080587103+0.9125707098219431j)	0.3346741199493408	47.1883260247855
496	(-1.5271166726567202+0.28246915554321317j)	0.36935901641845703	47.283653956148704
497	(-1.9252395209242712+0.9409112319078827j)	0.3399639129638672	47.37898188751191
498	(-1.9185793550853614+0.9543418599771528j)	0.33979201316833496	47.47430981887511
499	(-1.911474011416785+0.9684182444830288j)	0.3321058750152588	47.569637750238314
500	(-1.9044191610896326+0.9821699554444698j)	0.32793188095092773	47.664965681601515
501	(-1.8975358433582423+0.9961644572679041j)	0.3278818130493164	47.76029361296472
502	(-1.889991129696723+1.0095145140468418j)	0.3357961177825928	47.855621544327924
503	(-1.882724157714755+1.0233337934964566j)	0.3548741340637207	47.950949475691125
504	(-1.8754561540251167+1.0366879678134637j)	0.341198205947876	48.04627740705433
505	(-1.8678868823020245+1.0502229009234947j)	0.3523132801055908	48.141605338417534
506	(-1.8601101783208227+1.0638403885250285j)	0.33577394485473633	48.236933269780735
507	(-1.8522873520146719+1.0772655432633012j)	0.3456840515136719	48.33226120114394
508	(-1.8447696782712455+1.0907633553528115j)	0.3307149410247803	48.427589132507144
509	(-1.8365746367992877+1.10380821817277j)	0.3306739330291748	48.522917063870345
510	(-1.828627273764124+1.1172012351574097j)	0.3300139904022217	48.618244995233546
511	(-1.820545963398477+1.130529995316185j)	0.3275637626647949	48.713572926596754
512	(-1.8124154875176295+1.1433213195414345j)	0.33466482162475586	48.808900857959955
513	(-1.8039462704429194+1.156613093028658j)	0.3261849880218506	48.904228789323156
514	(-1.7955471872545468+1.1697191727868992j)	0.34340786933898926	48.999556720686364
515	(-1.787278611531093+1.1825625610102808j)	0.34771084785461426	49.094884652049565
516	(-1.77837377860262+1.195331318156803j)	0.326524019241333	49.190212583412766
517	(-1.7697427873578633+1.208252854852408j)	0.343533992767334	49.28554051477597
518	(-1.760978220763902+1.2212555995528949j)	0.33609819412231445	49.380868446139175
519	(-1.7519057950790862+1.2338558770914994j)	0.3473038673400879	49.476196377502376
520	(-1.7431304686234408+1.2463352645515577j)	0.33793115615844727	49.57152430886558
521	(-1.7340592684074638+1.2590849254865848j)	0.34362101554870605	49.666852240228785
522	(-1.7251862200408725+1.2714402304526673j)	0.32682108879089355	49.762180171591986
523	(-1.7155830731594919+1.2837786816387167j)	0.3450791835784912	49.85750810295519
524	(-1.7062689755273708+1.2961279783928754j)	0.33752012252807617	49.952836034318395
525	(-1.6971163369623326+1.308666643197701j)	0.3675551414489746	50.048163965681596
526	(-1.6874886369435875+1.3205317903859715j)	0.32906007766723633	50.1434918970448
527	(-1.6778620784161355+1.3329032263518479j)	0.3301529884338379	50.238819828408
528	(-1.6681537155277257+1.3449318782837862j)	0.348376989364624	50.334147759771206
529	(-1.6582697559446533+1.3571684378764157j)	0.33350110054016113	50.42947569113441
530	(-1.6484427916696034+1.3689722189800033j)	0.3512411117553711	50.52480362249761
531	(-1.6379755650927108+1.3800099891920712j)	0.3197171688079834	50.620131553860816
532	(-1.628669488661141+1.392791118515093j)	0.3284111022949219	50.71545948522402
533	(-1.6184753976031716+1.4042131620682616j)	0.32430315017700195	50.81078741658722
534	(-1.6082880712944592+1.4159508915237238j)	0.35629916191101074	50.90611534795042
535	(-1.5978652920313605+1.4276924370754323j)	0.34264421463012695	51.00144327931363
536	(-1.5879117235014373+1.4390177085256832j)	0.3550539016723633	51.09677121067683
537	(-1.577080968877937+1.450512756690118j)	0.35362815856933594	51.19209914204003
538	(-1.56662565364166+1.4619209820559107j)	0.34004688262939453	51.28742707340324
539	(-1.5562445336518063+1.473319688642489j)	0.3481259346008301	51.38275500476644
540	(-1.5453832704397106+1.4843174017832526j)	0.3508269786834717	51.47808293612964
541	(-1.5344525412210823+1.495480975380488j)	0.3666198253631592	51.573410867492846
542	(-1.5236690964868331+1.506754814300201j)	0.34149718284606934	51.66873879885605
543	(-1.5126101016375748+1.5175824801325484j)	0.3490889072418213	51.76406673021925
544	(-1.501748140748698+1.5284978401482672j)	0.36087918281555176	51.85939466158245
545	(-1.4906442893328735+1.5392449896170575j)	0.33427000045776367	51.95472259294566
546	(-1.4798111669112788+1.550183410514514j)	0.3677699565887451	52.05005052430886
547	(-1.468274469297514+1.5605494608025272j)	0.3327450752258301	52.14537845567206
548	(-1.4570237409018145+1.5712802173599312j)	0.3448169231414795	52.24070638703527
549	(-1.445684825222138+1.5817005244004456j)	0.3354659080505371	52.33603431839847
550	(-1.4341220407437782+1.5920964624201435j)	0.34375	52.43136224976167
551	(-1.422562219107233+1.6025005712475475j)	0.33623218536376953	52.52669018112488
552	(-1.410875271522623+1.612732520241506j)	0.3333132266998291	52.62201811248808
553	(-1.3995251612171407+1.6229699564542768j)	0.36832284927368164	52.71734604385128
554	(-1.387770633288219+1.6328994803684593j)	0.33527684211730957	52.81267397521448
555	(-1.3756786929679607+1.6428897351949476j)	0.3415510654449463	52.90800190657769
556	(-1.3637669713160672+1.6530872641160703j)	0.3288440704345703	53.00332983794089
557	(-1.351704479909009+1.6626845940927595j)	0.3399481773376465	53.09865776930409
558	(-1.3397366414968843+1.6723559882532388j)	0.3337390422821045	53.1939857006673
559	(-1.3274504216799798+1.6820976582694473j)	0.32906079292297363	53.2893136320305
560	(-1.3156203996012332+1.691557173600005j)	0.3297617435455322	53.3846415633937
561	(-1.3031253610772624+1.700882932326525j)	0.3538670539855957	53.4799694947569
562	(-1.2908142326530654+1.7103599867617745j)	0.3308861255645752	53.57529742612011
563	(-1.2784779122869172+1.7198784959728233j)	0.3582949638366699	53.67062535748331
564	(-1.2660289651355014+1.728719921224896j)	0.3351321220397949	53.76595328884651
565	(-1.2534187455940153+1.7380720412986077j)	0.3417341709136963	53.86128122020972
566	(-1.240708595050764+1.747043447535316j)	0.3500840663909912	53.95660915157292
567	(-1.2283965233653098+1.7559112477918846j)	0.3302159309387207	54.05193708293612
568	(-1.2153806844738655+1.7645486425430041j)	0.3326880931854248	54.14726501429933
569	(-1.2026538088179246+1.7734457868916509j)	0.3374760150909424	54.24259294566253
570	(-1.1899295536886354+1.7822780322049732j)	0.3301100730895996	54.33792087702573
571	(-1.1769671210600132+1.790388903146156j)	0.3324129581451416	54.43324880838893
572	(-1.1638969967252935+1.7992738658656222j)	0.33846497535705566	54.52857673975214
573	(-1.1508267381592665+1.8075991426175602j)	0.326265811920166	54.62390467111534
574	(-1.1380572528550341+1.8157087218398602j)	0.32683801651000977	54.71923260247854
575	(-1.1245293760650923+1.8239258277990136j)	0.3478720188140869	54.81456053384175
576	(-1.111375163567204+1.8319819700739093j)	0.34986019134521484	54.90988846520495
577	(-1.0983352512984392+1.8401128024157527j)	0.33948802947998047	55.00521639656815
578	(-1.0848760522892198+1.8476619738464777j)	0.34679508209228516	55.10054432793135
579	(-1.0715032662917494+1.8557023462413833j)	0.32642316818237305	55.19587225929456
580	(-1.0579807975079942+1.8635468472234913j)	0.3320350646972656	55.29120019065776
581	(-1.0447323941676743+1.8708954254467773j)	0.3332490921020508	55.38652812202096
582	(-1.0309265268036931+1.8784697540118651j)	0.33017420768737793	55.48185605338417
583	(-1.017236123196419+1.8858886998935387j)	0.33949804306030273	55.57718398474737
584	(-1.0039302435651352+1.8933289568295275j)	0.3337540626525879	55.67251191611057
585	(-0.9899731318262969+1.9002532596906332j)	0.325869083404541	55.76783984747378
586	(-0.9762708859343101+1.9074445523152073j)	0.3309328556060791	55.86316777883698
587	(-0.9624852300004378+1.9145127844993042j)	0.3492131233215332	55.95849571020018
588	(-0.9487321398896804+1.9212273480179896j)	0.3379378318786621	56.05382364156338
589	(-0.934575936785733+1.9281765610439532j)	0.33292388916015625	56.14915157292659
590	(-0.920880644899944+1.9347143634625417j)	0.3488619327545166	56.24447950428979
591	(-0.9068342379966792+1.9415980746686974j)	0.33445119857788086	56.33980743565299
592	(-0.8925718394717724+1.9478991025178833j)	0.3317999839782715	56.4351353670162
593	(-0.878532748782651+1.9543989798852643j)	0.3355598449707031	56.5304632983794
594	(-0.8643883162316398+1.9609070824249684j)	0.3605380058288574	56.6257912297426
595	(-0.8504210675867448+1.9667390199244958j)	0.3395967483520508	56.721119161105804
596	(-0.8359597032798747+1.972886978315859j)	0.34958791732788086	56.81644709246901
597	(-0.8215785486758681+1.9789722706962491j)	0.33183813095092773	56.91177502383221
598	(-0.9190126628704258+2.056649264143685j)	0.3335132598876953	57.007102955195414
599	(-0.7929405770205937+1.9905103654090217j)	0.33962178230285645	57.10243088655862
600	(-0.7785243779921084+1.996346494756583j)	0.33146190643310547	57.19775881792182
601	(-0.7641631219220951+2.0020519848596674j)	0.33223581314086914	57.293086749285024
602	(-0.7499261316448541+2.007387346083892j)	0.3397040367126465	57.38841468064823
603	(-0.7350911619656803+2.012831671989413j)	0.3460249900817871	57.48374261201143
604	(-0.720416160811723+2.0180009366637277j)	0.3320779800415039	57.579070543374634
605	(-0.7062058162271793+2.0231907459273524j)	0.3372151851654053	57.674398474737835
606	(-0.6911809465940625+2.028151730044971j)	0.3292958736419678	57.76972640610104
607	(-0.6766073549333486+2.0330735728704736j)	0.330780029296875	57.865054337464244
608	(-0.6620038507707631+2.038165116241968j)	0.3264288902282715	57.960382268827445
609	(-0.6471031586764842+2.0428802190329796j)	0.34545111656188965	58.05571020019065
610	(-0.6324110300736139+2.047317347684026j)	0.3311140537261963	58.151038131553854
611	(-0.6175167029959507+2.0518618347787365j)	0.32239198684692383	58.246366062917055
612	(-0.6029428512882964+2.0562186641377087j)	0.3429450988769531	58.341693994280256
613	(-0.5878284847374052+2.0604670212775296j)	0.35057902336120605	58.437021925643464
614	(-0.5728822029953776+2.0646108292528504j)	0.35011982917785645	58.532349857006665
615	(-0.5580754578015407+2.0690817891234676j)	0.33528590202331543	58.627677788369866
616	(-0.5430508041505913+2.072692258469707j)	0.33745503425598145	58.723005719733074
617	(-0.5280521279627016+2.0767169467098956j)	0.3309059143066406	58.818333651096275
618	(-0.5129425408264374+2.0805387219866764j)	0.3302178382873535	58.913661582459476
619	(-0.4977747895962661+2.0841030844739583j)	0.33330488204956055	59.008989513822684
620	(-0.48280547893541537+2.08761711192436j)	0.3360271453857422	59.104317445185885
621	(-0.4677620570285592+2.091004287276374j)	0.3303089141845703	59.199645376549086
622	(-0.45283531163089685+2.0945132163157747j)	0.3269641399383545	59.29497330791229
623	(-0.43753881646937276+2.097431829875969j)	0.3289170265197754	59.390301239275495
624	(-0.4223814106570458+2.100689398632904j)	0.33163022994995117	59.485629170638695
625	(-0.4071165623484958+2.103842729257999j)	0.33452820777893066	59.580957102001896
626	(-0.39215626481544774+2.106495175371623j)	0.32758188247680664	59.676285033365104
627	(-0.37651032965555664+2.109356026884769j)	0.33719491958618164	59.771612964728305
628	(-0.3613540023394557+2.112061692341311j)	0.3313460350036621	59.866940896091506
629	(-0.34641482595421214+2.114729791745519j)	0.3263571262359619	59.962268827454714
630	(-0.3308727078747644+2.116902290897251j)	0.3370480537414551	60.057596758817915
631	(-0.31562330355221735+2.1193444960851022j)	0.32788515090942383	60.152924690181116
632	(-0.3002847164882274+2.121795057565129j)	0.33067893981933594	60.24825262154432
633	(-0.28508380453646864+2.123565072134704j)	0.3291900157928467	60.343580552907525
634	(-0.26976328985644626+2.125904410157039j)	0.3505890369415283	60.438908484270726
635	(-0.2541694231016758+2.1276383218623187j)	0.33927297592163086	60.53423641563393
636	(-0.23911398712209986+2.129310294346338j)	0.3422980308532715	60.629564346997135
637	(-0.22336075430290625+2.13098530100884j)	0.3322150707244873	60.724892278360336
638	(-0.20803104165720243+2.132508517966207j)	0.3375401496887207	60.82022020972354
639	(-0.192581737054763+2.1340772496231915j)	0.35284900665283203	60.91554814108674
640	(-0.17729774432945178+2.135258025280791j)	0.3416709899902344	61.010876072449946
641	(-0.16168574028260374+2.1366129905680458j)	0.34430980682373047	61.10620400381315
642	(-0.1462130606632399+2.137749282499581j)	0.3470778465270996	61.20153193517635
643	(-0.1309459513157467+2.138851367700247j)	0.34188008308410645	61.296859866539556
644	(-0.11532928012459465+2.139534882659219j)	0.3311800956726074	61.39218779790276
645	(-0.09993738839296606+2.140313344827768j)	0.3289520740509033	61.48751572926596
646	(-0.08452518779242202+2.141199546100455j)	0.33719587326049805	61.582843660629166
647	(-0.06893095861876963+2.1418049739720404j)	0.33503293991088867	61.67817159199237
648	(-0.053583708292310184+2.1424499229362706j)	0.311431884765625	61.77349952335557
649	(-0.03788315313210011+2.1425510780225867j)	0.34632015228271484	61.86882745471877
650	(-0.022712977837480275+2.1425725156791176j)	0.3293740749359131	61.96415538608198
651	(-0.00695193244371195+2.142631402207921j)	0.3310539722442627	62.05948331744518
652	(0.008434484784715646+2.1426615993249865j)	0.3274271488189697	62.15481124880838
653	(0.023818641259348183+2.142743675114036j)	0.328794002532959	62.25013918017159
654	(0.03937281870701892+2.1421247638905565j)	0.32712411880493164	62.34546711153479
655	(0.054857523663515706+2.1420321664964725j)	0.3286771774291992	62.44079504289799
656	(0.07047969755354799+2.1416514108350224j)	0.3256497383117676	62.53612297426119
657	(0.08558018458694372+2.1408892438671296j)	0.33031296730041504	62.6314509056244
658	(0.1013611592832423+2.1402995265519933j)	0.33263206481933594	62.7267788369876
659	(0.1167716608569046+2.1395270346211643j)	0.3317229747772217	62.8221067683508
660	(0.1322136698281377+2.13853772454876j)	0.3421361446380615	62.91743469971401
661	(0.14792543368686029+2.1376536587937434j)	0.33986473083496094	63.01276263107721
662	(0.16305280020415136+2.136514919997184j)	0.32736897468566895	63.10809056244041
663	(0.17865910485705466+2.1353226302220465j)	0.329970121383667	63.20341849380362
664	(0.1938026022165627+2.1337384493352936j)	0.34477901458740234	63.29874642516682
665	(0.2094820700377426+2.13248200893709j)	0.3467869758605957	63.39407435653002
666	(0.22482818595185333+2.1307993481087544j)	0.336029052734375	63.48940228789322
667	(0.23999704852797138+2.1293142897961257j)	0.330718994140625	63.58473021925643
668	(0.2555113396252774+2.127286631442032j)	0.3381648063659668	63.68005815061963
669	(0.270925734161896+2.125522332532868j)	0.3269062042236328	63.77538608198283
670	(0.2863283031451342+2.1236496102135076j)	0.32611608505249023	63.87071401334604
671	(0.301453370727953+2.1212164480893545j)	0.3303210735321045	63.96604194470924
672	(0.3169995071805476+2.1191469386941364j)	0.33112096786499023	64.06136987607245
673	(0.3322968781225091+2.1167522412810307j)	0.3331897258758545	64.15669780743565
674	(0.3474315229339433+2.1143838158044663j)	0.34184908866882324	64.25202573879885
675	(0.3628831415924331+2.1116724554668385j)	0.33671092987060547	64.34735367016206
676	(0.37801710931632826+2.1090693137074314j)	0.33020687103271484	64.44268160152527
677	(0.3932969730523346+2.1065375898114023j)	0.3327481746673584	64.53800953288847
678	(0.40835548335997623+2.103274973985504j)	0.3354618549346924	64.63333746425167
679	(0.42370146342371245+2.100417615175706j)	0.3299250602722168	64.72866539561487
680	(0.4389615614741432+2.097279947716316j)	0.32903385162353516	64.82399332697807
681	(0.45386191107495216+2.0942046369117318j)	0.33041906356811523	64.91932125834127
682	(0.46915251200666536+2.0906304264869235j)	0.32439494132995605	65.01464918970449
683	(0.4842149521985427+2.0872165300100227j)	0.3287522792816162	65.10997712106769
684	(0.4990541713038591+2.0838789588416335j)	0.3319587707519531	65.20530505243089
685	(0.5142161558823647+2.07987885643837j)	0.330197811126709	65.30063298379409
686	(0.5294414674933957+2.076292519754384j)	0.3417079448699951	65.39596091515729
687	(0.5444368027224847+2.0724046671797187j)	0.33121299743652344	65.49128884652049
688	(0.5590646711631302+2.068376083537871j)	0.3286709785461426	65.58661677788369
689	(0.5743405087750066+2.0642197798770368j)	0.32787084579467773	65.6819447092469
690	(0.5891285428850488+2.0599674555210874j)	0.33174800872802734	65.77727264061011
691	(0.6039502238215655+2.055974099078928j)	0.3248000144958496	65.87260057197331
692	(0.6187893024475+2.0511828048740965j)	0.3320651054382324	65.96792850333651
693	(0.6338026102648018+2.046935112248075j)	0.34264326095581055	66.06325643469971
694	(0.6484947813741053+2.0420063258224643j)	0.34569716453552246	66.15858436606291
695	(0.6629619855926808+2.037394518911244j)	0.33600687980651855	66.25391229742611
696	(0.6779587998996786+2.0325658612212676j)	0.35375308990478516	66.34924022878933
697	(0.6925480740653397+2.027600202223306j)	0.33677077293395996	66.44456816015253
698	(0.7071146856267247+2.0227992885004467j)	0.32817816734313965	66.53989609151573
699	(0.7217629411276959+2.0172835595828174j)	0.3269691467285156	66.63522402287893
700	(0.7362153714874626+2.0122226894316615j)	0.34278392791748047	66.73055195424213
701	(0.7509531984529054+2.0068494996275565j)	0.33263516426086426	66.82587988560533
702	(0.7651798920686256+2.0012598031849747j)	0.33499693870544434	66.92120781696855
703	(0.7799459863738734+1.9957303581303412j)	0.33748412132263184	67.01653574833175
704	(0.7942496402529897+1.9900704178909125j)	0.3335881233215332	67.11186367969495
705	(0.8084028932057064+1.9843837798002666j)	0.3376328945159912	67.20719161105815
706	(0.8229027447619666+1.978303049783208j)	0.32953691482543945	67.30251954242135
707	(0.5267402987136924+2.004918292810861j)	0.3283350467681885	67.39784747378455
708	(0.8514045082370786+1.966377518514735j)	0.33800172805786133	67.49317540514775
709	(0.8654093010304136+1.9599493893886741j)	0.327376127243042	67.58850333651097
710	(0.8797760390686835+1.9537554875355956j)	0.3384578227996826	67.68383126787417
711	(0.8939592135485095+1.9471910505868124j)	0.33709096908569336	67.77915919923737
712	(0.9076526880972858+1.9408083645509662j)	0.3298177719116211	67.87448713060057
713	(0.9218840403869901+1.9340896785461605j)	0.33341479301452637	67.96981506196377
714	(0.9357628293728563+1.9273072877417052j)	0.3318798542022705	68.06514299332697
715	(0.9497097687498561+1.920843513713605j)	0.3312342166900635	68.16047092469017
716	(0.963404494973248+1.9136301461008196j)	0.3341670036315918	68.25579885605339
717	(0.9774107740794501+1.9067901223713777j)	0.32700514793395996	68.35112678741659
718	(0.9911353706866226+1.8996470178687952j)	0.3275790214538574	68.44645471877979
719	(1.0047051871930424+1.892278843300182j)	0.3379700183868408	68.54178265014299
720	(1.0185698880064133+1.8849740743963102j)	0.33255982398986816	68.63711058150619
721	(1.0320035663211133+1.877692126995562j)	0.3424868583679199	68.7324385128694
722	(1.0456136914376417+1.8704370110140465j)	0.3326148986816406	68.8277664442326
723	(1.0590108103362732+1.862401812510749j)	0.3319129943847656	68.92309437559581
724	(1.0725424301084416+1.8549831787624538j)	0.32727813720703125	69.01842230695901
725	(1.0859585070915923+1.8470729085250703j)	0.33976173400878906	69.11375023832221
726	(1.098980784693859+1.8392801098903022j)	0.32755613327026367	69.20907816968541
727	(1.1125281154135358+1.8311354602577443j)	0.33744192123413086	69.30440610104861
728	(1.125628155151658+1.8230774509157825j)	0.3283512592315674	69.39973403241181
729	(1.1387583921373372+1.8151706318203704j)	0.32787013053894043	69.49506196377502
730	(1.1519266325884379+1.8064921109450987j)	0.33244991302490234	69.59038989513823
731	(1.1649553820533558+1.7982770971116602j)	0.3386240005493164	69.68571782650143
732	(1.1779650542275795+1.7898819383689608j)	0.33342790603637695	69.78104575786463
733	(1.190555149898131+1.7813617119336804j)	0.3325779438018799	69.87637368922783
734	(1.2037245116196726+1.772560539566625j)	0.32508420944213867	69.97170162059103
735	(1.216456341598213+1.763805004710069j)	0.329326868057251	70.06702955195423
736	(1.229074287677499+1.7551656755587386j)	0.3294050693511963	70.16235748331745
737	(1.2419162490515163+1.7459409372472867j)	0.34111881256103516	70.25768541468065
738	(1.2543964855562084+1.7371700241641996j)	0.3324320316314697	70.35301334604385
739	(1.2669400713332792+1.7280606635267624j)	0.32897305488586426	70.44834127740705
740	(1.2790984830858394+1.7187565055749157j)	0.33371806144714355	70.54366920877025
741	(1.2917818855924252+1.7096058998755512j)	0.3382699489593506	70.63899714013345
742	(1.304025075225373+1.7000447445599427j)	0.32804322242736816	70.73432507149666
743	(1.3161617108005357+1.6907675617565179j)	0.3308990001678467	70.82965300285987
744	(1.3284950707589642+1.6809291495065994j)	0.33725595474243164	70.92498093422307
745	(1.3405689730966872+1.6714982789103692j)	0.3300201892852783	71.02030886558627
746	(1.3527199733996658+1.6618062309148498j)	0.3245368003845215	71.11563679694947
747	(1.3641944886696682+1.6518188608275095j)	0.3384237289428711	71.21096472831267
748	(1.3766065279739406+1.6420219414782156j)	0.3266870975494385	71.30629265967588
749	(1.388392388808432+1.6319841799649457j)	0.3371860980987549	71.40162059103908
750	(1.3999084929256975+1.6220679487006697j)	0.32888031005859375	71.49694852240229
751	(1.411746379371712+1.6116477248665777j)	0.33980512619018555	71.59227645376549
752	(1.4233472563881102+1.6015232709743088j)	0.328685998916626	71.6876043851287
753	(1.4349592160645737+1.5913190336954552j)	0.32791614532470703	71.7829323164919
754	(1.446275262542592+1.5806560632244908j)	0.3430149555206299	71.8782602478551
755	(1.4577875284723525+1.5702785236501877j)	0.3400859832763672	71.9735881792183
756	(1.469110406289919+1.5596032893606084j)	0.33048415184020996	72.0689161105815
757	(1.480109255624441+1.549252981094007j)	0.33187007904052734	72.16424404194471
758	(1.491501921809062+1.5381722802397886j)	0.3296010494232178	72.25957197330791
759	(1.5024818792222736+1.527562353247993j)	0.32608580589294434	72.35489990467111
760	(1.5132780318376142+1.5167700404428766j)	0.33944201469421387	72.45022783603432
761	(1.5243034706252556+1.5054496914016937j)	0.32590317726135254	72.54555576739752
762	(1.5352529750457962+1.4946545055169553j)	0.33053016662597656	72.64088369876072
763	(1.546148952480171+1.4833959834036947j)	0.3428468704223633	72.73621163012393
764	(1.5565129645894373+1.4722754727848262j)	0.3384988307952881	72.83153956148713
765	(1.5673438158403126+1.4608065024824541j)	0.3312039375305176	72.92686749285033
766	(1.577968495546857+1.4495753327021195j)	0.33249473571777344	73.02219542421354
767	(1.5882762052091628+1.4380865071269673j)	0.3386988639831543	73.11752335557674
768	(1.5985091330232928+1.4264315964732281j)	0.329456090927124	73.21285128693994
769	(1.6088647974492556+1.4149542303257534j)	0.3239591121673584	73.30817921830314
770	(1.6190975622392214+1.40337374939236j)	0.32982492446899414	73.40350714966635
771	(1.6289648798844432+1.3916574484859598j)	0.33608102798461914	73.49883508102955
772	(1.6392963063770574+1.3797587351073988j)	0.33260583877563477	73.59416301239276
773	(1.64906320676123+1.367924374245041j)	0.3286018371582031	73.68949094375596
774	(1.6588911831398334+1.3561319137202477j)	0.3517129421234131	73.78481887511916
775	(1.6687518278576579+1.3438264081266804j)	0.3399021625518799	73.88014680648236
776	(1.678374966767228+1.332021968696809j)	0.33954715728759766	73.97547473784556
777	(1.6880354453360027+1.319799264571408j)	0.3318657875061035	74.07080266920877
778	(1.697371176016828+1.3074696194500202j)	0.34665703773498535	74.16613060057198
779	(1.7069834222292788+1.2951007140373314j)	0.3246908187866211	74.26145853193518
780	(1.7161594856674405+1.282791848095751j)	0.33149123191833496	74.35678646329838
781	(1.7252564200669056+1.2704962128531176j)	0.32376694679260254	74.45211439466158
782	(1.7344470171713824+1.257960397806843j)	0.3394012451171875	74.54744232602478
783	(1.7435412339811374+1.2453682761897924j)	0.3363049030303955	74.64277025738798
784	(1.7525321036963857+1.2326663347185165j)	0.3247358798980713	74.7380981887512
785	(1.7615731797123648+1.219955246618778j)	0.3400909900665283	74.8334261201144
786	(1.7701047672895844+1.2071844380285774j)	0.3334519863128662	74.9287540514776
787	(1.7787959437640632+1.1944394175071538j)	0.33455371856689453	75.0240819828408
788	(1.787252296741906+1.1815578864159089j)	0.32923269271850586	75.119409914204
789	(1.7958920679815842+1.1685147766856194j)	0.3361847400665283	75.2147378455672
790	(1.8042956181516563+1.1555582966156952j)	0.32708096504211426	75.3100657769304
791	(1.8127456677774316+1.1423443534778701j)	0.33774900436401367	75.40539370829362
792	(1.8206754082672119+1.129206507265133j)	0.3267052173614502	75.50072163965682
793	(1.8289856605397283+1.1162723844953142j)	0.33216190338134766	75.59604957102002
794	(1.8369733515795827+1.1029034313871262j)	0.33103299140930176	75.69137750238322
795	(1.8447060138554177+1.0897182790982316j)	0.32868504524230957	75.78670543374642
796	(1.852527659103165+1.0762149699357755j)	0.32950568199157715	75.88203336510962
797	(1.8603490071265185+1.062990951389428j)	0.3413197994232178	75.97736129647284
798	(1.867968814835552+1.0495727685781262j)	0.33589911460876465	76.07268922783604
799	(1.8754452825625332+1.035665662903501j)	0.3271470069885254	76.16801715919924
800	(1.8830723849943714+1.0222367150657634j)	0.3284268379211426	76.26334509056244
801	(1.8902795104184225+1.0086369648229947j)	0.32662487030029297	76.35867302192564
802	(1.8973506286423192+0.995051280386285j)	0.3246471881866455	76.45400095328884
803	(1.904758865531161+0.981103788122473j)	0.3372049331665039	76.54932888465204
804	(1.9117413114343969+0.9674394292230715j)	0.34095001220703125	76.64465681601526
805	(1.9186346158045204+0.953705014548192j)	0.33632731437683105	76.73998474737846
806	(1.9254188524770122+0.9396701574708533j)	0.33106184005737305	76.83531267874166
807	(1.9322960250439933+0.925803725625399j)	0.333251953125	76.93064061010486
808	(1.9386325032871037+0.9118238222475313j)	0.3349430561065674	77.02596854146806
809	(1.9452417863701503+0.8977654867672747j)	0.32692885398864746	77.12129647283126
810	(1.952004035938139+0.8836108639161482j)	0.33518195152282715	77.21662440419446
811	(1.960145241020732+0.8702061971011589j)	0.33385801315307617	77.31195233555768
812	(1.9644547659580196+0.855486791559746j)	0.33046674728393555	77.40728026692088
813	(1.9706134241779276+0.8410176406986255j)	0.3285090923309326	77.50260819828408
814	(1.9763565533056273+0.8268268666955225j)	0.3399620056152344	77.59793612964728
815	(1.9825146107008835+0.8126716967331993j)	0.33208703994750977	77.69326406101048
816	(1.988080219594993+0.7981472838463707j)	0.33515191078186035	77.78859199237368
817	(1.9941589012180139+0.7837676435484443j)	0.3317689895629883	77.88391992373688
818	(1.9996354948664308+0.7693913577311535j)	0.3374500274658203	77.9792478551001
819	(2.005106728291049+0.7550793826716337j)	0.33489203453063965	78.0745757864633
820	(2.0104026241498945+0.7405388153932465j)	0.33470797538757324	78.1699037178265
821	(2.015830964835656+0.7259226241662255j)	0.3308439254760742	78.2652316491897
822	(2.0210455580921263+0.711361753813542j)	0.3343191146850586	78.3605595805529
823	(2.0259039274152535+0.6968576776289429j)	0.33098816871643066	78.4558875119161
824	(2.031201645965953+0.6819326516939712j)	0.3299388885498047	78.55121544327932
825	(2.035929922614027+0.6673363135790507j)	0.3371448516845703	78.64654337464252
826	(2.040546756009499+0.6531931333268408j)	0.3389627933502197	78.74187130600572
827	(2.0454152527265883+0.6376575004259539j)	0.3315999507904053	78.83719923736892
828	(2.0500168453765424+0.6230896412171574j)	0.3297548294067383	78.93252716873212
829	(2.054584037805852+0.6083283559617219j)	0.32585906982421875	79.02785510009532
830	(2.058595268501406+0.5933252656869122j)	0.33702993392944336	79.12318303145852
831	(2.063117874176189+0.5783759337295891j)	0.33200716972351074	79.21851096282174
832	(2.0672398355108497+0.563499882960039j)	0.3287060260772705	79.31383889418494
833	(2.070998613864354+0.5486670207049258j)	0.33228087425231934	79.40916682554814
834	(2.07511539759332+0.5334447428496298j)	0.3350210189819336	79.50449475691134
835	(2.0788854742849736+0.5186455626162347j)	0.3290717601776123	79.59982268827454
836	(2.0826044148292415+0.5037133388223369j)	0.32958984375	79.69515061963774
837	(2.0859905587142435+0.48840655257769766j)	0.33499908447265625	79.79047855100094
838	(2.0897348040836277+0.47342697012772617j)	0.3370060920715332	79.88580648236416
839	(2.0929915285872895+0.4582855628739154j)	0.34276294708251953	79.98113441372736
840	(2.096007489992906+0.44319460711737124j)	0.33065176010131836	80.07646234509056
841	(2.09943725086647+0.42786346956925625j)	0.3343842029571533	80.17179027645376
842	(2.1023862233140926+0.4127760161131081j)	0.3351449966430664	80.26711820781696
843	(2.1053528458601525+0.3977907327623147j)	0.32682108879089355	80.36244613918016
844	(2.1080083954135143+0.3822549613490902j)	0.32601499557495117	80.45777407054337
845	(2.110837106510478+0.3671688601180285j)	0.3302638530731201	80.55310200190658
846	(2.1133877330039326+0.3519104789704415j)	0.33803701400756836	80.64842993326978
847	(2.1158025023968747+0.3365256540034893j)	0.32563114166259766	80.74375786463298
848	(2.118393143407614+0.32122250762873694j)	0.33742213249206543	80.83908579599618
849	(2.120515143734099+0.30601570108238507j)	0.3348090648651123	80.93441372735938
850	(2.1227051377920976+0.29079818743983j)	0.33563995361328125	81.02974165872259
851	(2.1247859314957993+0.27513609717253806j)	0.3311588764190674	81.12506959008579
852	(2.1268059496143614+0.2599355226484795j)	0.3318960666656494	81.220397521449
853	(2.1286282628566555+0.24458695026526156j)	0.3417830467224121	81.3157254528122
854	(2.1301131457230995+0.22913316023439445j)	0.3329761028289795	81.4110533841754
855	(2.132003729733864+0.2137245566724778j)	0.3287360668182373	81.5063813155386
856	(2.133385427402114+0.1984114129524991j)	0.32656216621398926	81.6017092469018
857	(2.134670280122147+0.18309356841050195j)	0.33801794052124023	81.697037178265
858	(2.1357454280060346+0.1676381203977978j)	0.33976125717163086	81.79236510962822
859	(2.137143201766918+0.15206495784969054j)	0.33844685554504395	81.88769304099142
860	(2.138252733852935+0.13670305045518927j)	0.3278970718383789	81.98302097235462
861	(2.139048799418419+0.12119050475352444j)	0.33219385147094727	82.07834890371782
862	(2.1400088477595824+0.10571688179285654j)	0.32517194747924805	82.17367683508103
863	(2.1405993896062174+0.09035280487410413j)	0.3425710201263428	82.26900476644423
864	(2.1411707419792636+0.0749542481047043j)	0.33225274085998535	82.36433269780743
865	(2.141752729351868+0.05914727557345012j)	0.33814191818237305	82.45966062917064
866	(2.1420234233829474+0.04392531876719996j)	0.33309006690979004	82.55498856053384
867	(2.142368628243143+0.02839320881973184j)	0.33008909225463867	82.65031649189704
868	(2.142400330919465+0.012791521672551043j)	0.33182477951049805	82.74564442326025
869	(2.1426222571299047-0.0025027108000803544j)	0.3296329975128174	82.84097235462345
870	(2.142508012467333-0.0181505342026973j)	0.341707706451416	82.93630028598665
871	(2.142252361610103-0.033574570577699525j)	0.3374059200286865	83.03162821734985
872	(2.141986840020866-0.04894550045805768j)	0.346574068069458	83.12695614871306
873	(2.141580755290751-0.06436301450770732j)	0.3293287754058838	83.22228408007626
874	(2.141038790734051-0.07988416426336697j)	0.33420395851135254	83.31761201143946
875	(2.1402268610537534-0.09549295103776823j)	0.33002424240112305	83.41293994280267
876	(2.139760145346754-0.1108581227353167j)	0.33319997787475586	83.50826787416587
877	(2.1388464917444594-0.1263778957148839j)	0.32514095306396484	83.60359580552907
878	(2.1376962305489835-0.14175611128343812j)	0.3359701633453369	83.69892373689227
879	(2.13674961487669-0.1574103720954697j)	0.3285379409790039	83.79425166825548
880	(2.135593188588953-0.1726786953307312j)	0.32442593574523926	83.88957959961868
881	(2.134362681872292-0.18822042112076065j)	0.3424057960510254	83.98490753098189
882	(2.132691493029974-0.20363576038095454j)	0.3383140563964844	84.08023546234509
883	(2.131596198883922-0.21901180155074063j)	0.35783982276916504	84.17556339370829
884	(2.12973186585032-0.23431867369138948j)	0.3398091793060303	84.27089132507149
885	(2.127753596465897-0.2496725417847656j)	0.3307790756225586	84.3662192564347
886	(2.1260551583740837-0.2651797049786222j)	0.32909703254699707	84.4615471877979
887	(2.1240078793021877-0.2803478064552619j)	0.3350100517272949	84.5568751191611
888	(2.1219999118069595-0.2956857460556708j)	0.3338449001312256	84.6522030505243
889	(2.1197761246655755-0.31124983139908524j)	0.3257129192352295	84.74753098188751
890	(2.1177202886785658-0.3262755719056015j)	0.3392777442932129	84.84285891325071
891	(2.1151906150447783-0.3416788797432512j)	0.4426538944244385	84.93818684461391
892	(2.1126478276421974-0.3568532054729491j)	0.35306787490844727	85.03351477597712
893	(2.109988302972856-0.3722779966712435j)	0.33718109130859375	85.12884270734033
894	(2.107074881180125-0.3873636073834228j)	0.32801294326782227	85.22417063870353
895	(2.1043104110379933-0.402544170892675j)	0.33295321464538574	85.31949857006673
896	(2.101105872022525-0.4179134499542937j)	0.3305966854095459	85.41482650142993
897	(2.098329412041976-0.432995171316665j)	0.33130383491516113	85.51015443279313
898	(-39.543923366670846-36.59763719158644j)	0.3294677734375	85.60548236415633
