	res_adaptive	time_adaptive	w
0	(1.1639242535609515-0.02441560075508552j)	0.9098489284515381	0.001
1	(1.4151045096322483-0.17460622189771147j)	0.4097559452056885	0.09632793136320304
2	(1.4939587945427932-0.19407067197174285j)	0.4354219436645508	0.19165586272640608
3	(1.5504229863046288-0.20358080140547954j)	0.3762350082397461	0.2869837940896091
4	(1.5867874147035947-0.21435575487814265j)	0.33850812911987305	0.38231172545281217
5	(1.6184173158376995-0.21681248512536627j)	0.3430137634277344	0.4776396568160152
6	(1.6429492524406633-0.2239998306928399j)	0.33561182022094727	0.5729675881792182
7	(1.6625742962395853-0.22533371390539736j)	0.422760009765625	0.6682955195424213
8	(1.68033417933473-0.22928844262406933j)	0.4207310676574707	0.7636234509056243
9	(1.6950860809546888-0.2318838020100223j)	0.3568587303161621	0.8589513822688274
10	(1.7083200296586338-0.23556143536530652j)	0.31508731842041016	0.9542793136320304
11	(1.7192556093943645-0.23557854831524067j)	0.3225719928741455	1.0496072449952334
12	(1.7303560192378917-0.23978534648702954j)	0.33713197708129883	1.1449351763584363
13	(1.7389265886874523-0.2428296042140784j)	0.32852697372436523	1.2402631077216395
14	(1.7460475070221488-0.2445331395431629j)	0.326153039932251	1.3355910390848424
15	(1.7547428889295216-0.24950741392364115j)	0.323681116104126	1.4309189704480456
16	(1.760548711090713-0.2524111053202944j)	0.3422231674194336	1.5262469018112486
17	(1.7653804311200092-0.2542093794320497j)	0.32225584983825684	1.6215748331744515
18	(1.7721549203721032-0.259523155841225j)	0.316943883895874	1.7169027645376547
19	(1.7760530672172943-0.2615903517155914j)	0.32506513595581055	1.8122306959008576
20	(1.779851326786311-0.2653613497632571j)	0.3492128849029541	1.9075586272640608
21	(1.785396545787202-0.2701550273581119j)	0.3242349624633789	2.0028865586272637
22	(1.788175465923698-0.27370594320873043j)	0.31471800804138184	2.098214489990467
23	(1.7908349803270722-0.2770793915047783j)	0.31438589096069336	2.19354242135367
24	(1.7950908481555081-0.28154302698841926j)	0.30995798110961914	2.288870352716873
25	(1.7967530751513905-0.28500363165294085j)	0.3278529644012451	2.384198284080076
26	(1.79911790346346-0.2888263196521613j)	0.32067370414733887	2.479526215443279
27	(1.8022051141257545-0.2937309417954563j)	0.3276519775390625	2.574854146806482
28	(1.802271152756954-0.2980107339301402j)	0.3230409622192383	2.670182078169685
29	(1.805402664990814-0.30237114146418415j)	0.30993223190307617	2.765510009532888
30	(1.8069338394943333-0.3068102842849093j)	0.3180668354034424	2.8608379408960913
31	(1.806902843629218-0.31073370786473614j)	0.32220888137817383	2.956165872259294
32	(1.809802625406185-0.3158136543409732j)	0.319868803024292	3.0514938036224972
33	(1.8102233802462135-0.32070440879855805j)	0.37924981117248535	3.1468217349857004
34	(1.8116745593424417-0.32561722721591846j)	0.4449479579925537	3.242149666348903
35	(1.8126521336553363-0.329807635272891j)	0.3712611198425293	3.3374775977121063
36	(1.812693229136224-0.33443029874483254j)	0.31809401512145996	3.4328055290753094
37	(1.8128497992058241-0.34031498783136976j)	0.3087139129638672	3.5281334604385126
38	(1.81420164659791-0.34440378341321876j)	0.31940317153930664	3.6234613918017153
39	(1.8135807699658453-0.3504914908794291j)	0.31070494651794434	3.7187893231649185
40	(1.8141188276502036-0.3548946271838101j)	0.30892205238342285	3.8141172545281217
41	(1.8147053638447062-0.3596133623159712j)	0.3146681785583496	3.9094451858913244
42	(1.814101148108179-0.36605530933002955j)	0.30868101119995117	4.004773117254528
43	(1.8145734322179894-0.37074157459299784j)	0.3289499282836914	4.100101048617731
44	(1.8144364364226189-0.37540475464395434j)	0.31749391555786133	4.195428979980934
45	(1.813975945122805-0.3818609416652708j)	0.3291130065917969	4.290756911344137
46	(1.8137238827286841-0.3859543557890321j)	0.32166290283203125	4.386084842707341
47	(1.8135781420793717-0.39165612649311027j)	0.31271791458129883	4.481412774070543
48	(1.8131957357509174-0.3978401460314075j)	0.31709814071655273	4.576740705433746
49	(1.8127994565866334-0.40264862348502933j)	0.3274190425872803	4.67206863679695
50	(1.812245335792388-0.4082396406212238j)	0.3388700485229492	4.7673965681601524
51	(1.8118787028815788-0.41394650109928527j)	0.326373815536499	4.862724499523355
52	(1.8107298465484138-0.4183762079863118j)	0.309812068939209	4.958052430886559
53	(1.8104860924466937-0.425010130159377j)	0.31548595428466797	5.0533803622497615
54	(1.8096333152962008-0.4303127114734895j)	0.326157808303833	5.148708293612964
55	(1.8088192003577246-0.4351393123408502j)	0.3199748992919922	5.244036224976168
56	(1.808295404265933-0.4418769646373505j)	0.302947998046875	5.339364156339371
57	(1.806921012020484-0.44692840243743565j)	0.32260870933532715	5.434692087702573
58	(1.8057178790090704-0.4523827025179983j)	0.31486082077026367	5.530020019065777
59	(1.8056081954624823-0.458783881100047j)	0.31333494186401367	5.62534795042898
60	(1.8037098387234796-0.4638593102618931j)	0.3064308166503906	5.720675881792183
61	(1.8027204515746358-0.4694915203293404j)	0.32986998558044434	5.816003813155386
62	(1.8023930273039657-0.475781878342882j)	0.3079359531402588	5.911331744518589
63	(1.8001335101777576-0.4811048683573011j)	0.3106098175048828	6.006659675881792
64	(1.7995222484754831-0.487089243827894j)	0.3112361431121826	6.101987607244995
65	(1.7986566359043672-0.4929325259870955j)	0.30710577964782715	6.197315538608198
66	(1.7962861052385761-0.4985973833916995j)	0.30823612213134766	6.292643469971401
67	(1.796280696961869-0.5043757635580505j)	0.3303401470184326	6.387971401334604
68	(1.7942021792762124-0.510203152428484j)	0.30963993072509766	6.483299332697807
69	(1.7934867508527894-0.5158577950667469j)	0.31287312507629395	6.57862726406101
70	(1.791877284567323-0.5218931787138619j)	0.321835994720459	6.673955195424213
71	(1.789894507663551-0.5278817365341918j)	0.3022441864013672	6.769283126787417
72	(1.787974862237658-0.5339159974424112j)	0.31571006774902344	6.8646110581506194
73	(1.7863878396393034-0.5390887808044705j)	0.3361399173736572	6.959938989513822
74	(1.7850447826523674-0.5456731768999918j)	0.33161497116088867	7.055266920877026
75	(1.7834717315140656-0.5515869182560915j)	0.31463027000427246	7.1505948522402285
76	(1.7824704670432752-0.556966290756975j)	0.3234708309173584	7.245922783603431
77	(1.780029205077176-0.5635988224492507j)	0.3032369613647461	7.341250714966635
78	(1.7785473306842177-0.568945717134414j)	0.3111250400543213	7.436578646329838
79	(1.7771759866517969-0.5747465513388186j)	0.30785584449768066	7.53190657769304
80	(1.7748532603882743-0.581555278528328j)	0.3137359619140625	7.627234509056244
81	(1.7734379021709599-0.5868094745929312j)	0.3131098747253418	7.722562440419447
82	(1.771605187254994-0.5927031441045477j)	0.3214101791381836	7.817890371782649
83	(1.7694593560735938-0.5994592960136652j)	0.3140411376953125	7.913218303145853
84	(1.7678796335775637-0.6046129519968855j)	0.31797003746032715	8.008546234509055
85	(1.765830902337008-0.6107865549679868j)	0.31656980514526367	8.103874165872258
86	(1.763837050086667-0.61727807779395j)	0.33768177032470703	8.19920209723546
87	(1.7613854063500323-0.62273425184255j)	0.31749773025512695	8.294530028598665
88	(1.7598946497124286-0.628932604762023j)	0.3072960376739502	8.389857959961867
89	(1.7578997091231336-0.6350219667086238j)	0.3203909397125244	8.48518589132507
90	(1.7556472202359592-0.6401636046939115j)	0.3235311508178711	8.580513822688273
91	(1.753802763190355-0.6470263969012292j)	0.30928683280944824	8.675841754051476
92	(1.7515961716009554-0.6527357323759677j)	0.3095870018005371	8.77116968541468
93	(1.7492781894237408-0.6581841959967725j)	0.33257007598876953	8.866497616777883
94	(1.7475085772838042-0.665029489602685j)	0.3074479103088379	8.961825548141086
95	(1.7449464419780165-0.670497018346593j)	0.3424341678619385	9.057153479504288
96	(1.742595779652362-0.6763360742488095j)	0.3060901165008545	9.152481410867491
97	(1.7405005329505525-0.6820666319952479j)	0.33539319038391113	9.247809342230694
98	(1.738008211486977-0.6883368031439765j)	0.30730485916137695	9.343137273593898
99	(1.7358412147990683-0.6944518858277059j)	0.33231186866760254	9.438465204957101
100	(1.7339581413529106-0.7009190095628319j)	0.31589293479919434	9.533793136320304
101	(1.7311404047872028-0.7069708332332844j)	0.3188588619232178	9.629121067683506
102	(1.728951409638061-0.7124573485804785j)	0.3102548122406006	9.72444899904671
103	(1.7268852258521092-0.7187013342577212j)	0.3204679489135742	9.819776930409914
104	(1.7235103538471512-0.7242736778318944j)	0.32022619247436523	9.915104861773116
105	(1.7218456284223547-0.7303727358730637j)	0.3267090320587158	10.010432793136319
106	(1.719199341513768-0.7363156693362699j)	0.33601880073547363	10.105760724499522
107	(1.716068228933902-0.7422896759662849j)	0.3364260196685791	10.201088655862725
108	(1.7144278493542198-0.748190793612541j)	0.3003530502319336	10.296416587225927
109	(1.7113624467147668-0.7541784665216851j)	0.3091719150543213	10.391744518589132
110	(1.708507132332317-0.7602248726095371j)	0.3224208354949951	10.487072449952334
111	(1.7066811669289987-0.7658912384093741j)	0.3114910125732422	10.582400381315537
112	(1.7033424646233253-0.7721225420269782j)	0.3399181365966797	10.67772831267874
113	(1.700776469866288-0.7780308027523387j)	0.3102681636810303	10.773056244041943
114	(1.6986105388408745-0.7836108714238812j)	0.31056714057922363	10.868384175405145
115	(1.695205768328234-0.7900716483865715j)	0.30472898483276367	10.96371210676835
116	(1.6927866892313725-0.7956924921178743j)	0.32861900329589844	11.059040038131553
117	(1.689507418853029-0.8015691348296365j)	0.31732892990112305	11.154367969494755
118	(1.686935072324912-0.8079347697003627j)	0.30970311164855957	11.249695900857958
119	(1.6845449757880493-0.8132592858279597j)	0.308089017868042	11.34502383222116
120	(1.6813289434315193-0.8193751828344477j)	0.3071868419647217	11.440351763584365
121	(1.678542594215196-0.8256776912534932j)	0.30860376358032227	11.535679694947568
122	(1.6759602585982363-0.830779102386814j)	0.31028199195861816	11.63100762631077
123	(1.6729585031855667-0.8370104188454474j)	0.3046708106994629	11.726335557673973
124	(1.669952474954128-0.8432561361073133j)	0.3111908435821533	11.821663489037176
125	(1.6670996737251735-0.8483051877996695j)	0.3050060272216797	11.916991420400379
126	(1.664092546600677-0.8548020016973312j)	0.3082571029663086	12.012319351763583
127	(1.661109053718918-0.8606805189291977j)	0.31797194480895996	12.107647283126786
128	(1.6581963845156356-0.8662111083548953j)	0.3124868869781494	12.202975214489989
129	(1.6550454773259693-0.872608154279032j)	0.3096182346343994	12.298303145853192
130	(1.6516977874455039-0.877568557400609j)	0.3153409957885742	12.393631077216394
131	(1.6485151478274744-0.8835820778550959j)	0.3147399425506592	12.488959008579599
132	(1.645467504447548-0.8892307010932794j)	0.31471776962280273	12.584286939942801
133	(1.6425266386032664-0.8952802266303332j)	0.32195305824279785	12.679614871306004
134	(1.639318777579449-0.9010269946140348j)	0.3040659427642822	12.774942802669207
135	(1.636292450243558-0.9070177538885218j)	0.31032276153564453	12.87027073403241
136	(1.6328528182841193-0.9125678889537814j)	0.32242608070373535	12.965598665395612
137	(1.6297918572575971-0.9185533936798811j)	0.3215632438659668	13.060926596758817
138	(1.6623746863934752-0.9006817919493431j)	0.30336809158325195	13.15625452812202
139	(1.622983233187055-0.9298524259478651j)	0.3036682605743408	13.251582459485222
140	(1.6204912688280229-0.9360292064880831j)	0.320361852645874	13.346910390848425
141	(1.6169318980258156-0.9416035884412344j)	0.33158016204833984	13.442238322211628
142	(1.6129547455839017-0.9471429181902036j)	0.30309295654296875	13.537566253574832
143	(1.6102952561549346-0.9530343887326156j)	0.31151914596557617	13.632894184938035
144	(1.6067387424587944-0.95872991015136j)	0.305311918258667	13.728222116301238
145	(1.6028503085869583-0.9643610633460772j)	0.32417798042297363	13.82355004766444
146	(1.6002014944009826-0.9700648529541149j)	0.3067138195037842	13.918877979027643
147	(1.59663597189672-0.9754910285593152j)	0.31107115745544434	14.014205910390846
148	(1.5926039735766038-0.9813050919400348j)	0.3123359680175781	14.10953384175405
149	(1.589783056459017-0.9869715293757925j)	0.30701684951782227	14.204861773117253
150	(1.5856416589279076-0.9928229491340197j)	0.3253331184387207	14.300189704480456
151	(1.5822358945407364-0.9984035699744284j)	0.30313706398010254	14.395517635843659
152	(1.5791176776706237-1.003762023381187j)	0.31926989555358887	14.490845567206861
153	(1.574917875217492-1.0097954338583532j)	0.3158590793609619	14.586173498570064
154	(1.5716492107654552-1.0151716290571797j)	0.3103489875793457	14.681501429933268
155	(1.5682119695950094-1.0205728025947798j)	0.3034980297088623	14.776829361296471
156	(1.5640795722733771-1.0266573291889982j)	0.3094661235809326	14.872157292659674
157	(1.560826472245729-1.0317511690339942j)	0.31511497497558594	14.967485224022877
158	(1.5570945204174926-1.037365470290337j)	0.3041548728942871	15.06281315538608
159	(1.5531086991484262-1.043369055901318j)	0.31543517112731934	15.158141086749284
160	(1.5497011528418057-1.0482517789997636j)	0.30577707290649414	15.253469018112487
161	(1.545816761061829-1.054119351513718j)	0.31368184089660645	15.34879694947569
162	(1.5419831090478124-1.0598914194011733j)	0.31068897247314453	15.444124880838892
163	(1.5344407180806003-1.0707789895284299j)	0.3290700912475586	15.539452812202095
164	(1.5308454936931533-1.076030845949352j)	0.32205891609191895	15.634780743565297
165	(1.5267461083910325-1.081119867270155j)	0.30559372901916504	15.730108674928502
166	(1.522952980905115-1.087285526535244j)	0.3177158832550049	15.825436606291705
167	(1.5190127605418646-1.0923852426328151j)	0.3062300682067871	15.920764537654907
168	(1.5147671697370455-1.0979191224351068j)	0.3203160762786865	16.016092469018112
169	(1.5109189066077626-1.1029336962372163j)	0.31162214279174805	16.111420400381316
170	(1.5071372585776508-1.1084830563264672j)	0.3072690963745117	16.206748331744517
171	(1.50315644518788-1.1138610613007889j)	0.3213350772857666	16.302076263107722
172	(1.4993346428235517-1.1195687651465933j)	0.3134028911590576	16.397404194470923
173	(1.495033080024295-1.124514960609526j)	0.30290818214416504	16.492732125834127
174	(1.4911571823838643-1.1300700528268883j)	0.31436896324157715	16.588060057197332
175	(1.4873763012934023-1.1356206175417707j)	0.3159291744232178	16.683387988560533
176	(1.4831210451555905-1.1407035738847489j)	0.31299495697021484	16.778715919923737
177	(1.4790863417567448-1.1461126362378289j)	0.30541110038757324	16.874043851286938
178	(1.4750224254572195-1.1514232681256646j)	0.31441211700439453	16.969371782650143
179	(1.4708122354270117-1.1569494515260779j)	0.3138260841369629	17.064699714013347
180	(1.4666975781831944-1.1620818752518436j)	0.3111271858215332	17.160027645376548
181	(1.4624348537643335-1.167146801519808j)	0.3179280757904053	17.255355576739753
182	(1.4578318024578558-1.1723175299169597j)	0.30560994148254395	17.350683508102954
183	(1.4543102490033166-1.1775906910651974j)	0.31696391105651855	17.446011439466158
184	(1.4498989146856527-1.1826755026535667j)	0.31755685806274414	17.541339370829363
185	(1.4452544302148602-1.188000943022192j)	0.3086221218109131	17.636667302192564
186	(1.4415738150394206-1.1931005061897155j)	0.3184220790863037	17.731995233555768
187	(1.4366796916378257-1.1983826859678035j)	0.30446600914001465	17.82732316491897
188	(1.432548417478708-1.2035123342692033j)	0.3105430603027344	17.922651096282173
189	(1.4285766526884056-1.2084656109807745j)	0.30188703536987305	18.017979027645374
190	(1.4236626860162644-1.2138822385379926j)	0.31737279891967773	18.11330695900858
191	(1.4196491915572331-1.2187748131421048j)	0.3110830783843994	18.208634890371783
192	(1.4149364171600611-1.2242328947930767j)	0.30730175971984863	18.303962821734984
193	(1.4104923305666697-1.2292442078205803j)	0.3089742660522461	18.39929075309819
194	(1.406579042831095-1.234004645014712j)	0.30664515495300293	18.49461868446139
195	(1.4019696394659897-1.2389991635024322j)	0.3177001476287842	18.589946615824594
196	(1.3972395854625361-1.2444372849555536j)	0.3198127746582031	18.6852745471878
197	(1.3931304312930073-1.2488851957494764j)	0.3103039264678955	18.780602478551
198	(1.3884268587912718-1.2542192100034473j)	0.3124082088470459	18.875930409914204
199	(1.3840187484700444-1.259180164177918j)	0.3085780143737793	18.971258341277405
200	(1.3794705987044822-1.2637495298701638j)	0.315169095993042	19.06658627264061
201	(1.3748995223457825-1.269121314774708j)	0.3251359462738037	19.161914204003814
202	(1.3702221003011035-1.274104811801682j)	0.3035929203033447	19.257242135367015
203	(1.3657326061016164-1.2788911442703166j)	0.3286170959472656	19.35257006673022
204	(1.3610646680935112-1.284124171891705j)	0.30552005767822266	19.44789799809342
205	(1.3564013208549848-1.2886994505617992j)	0.3137640953063965	19.543225929456625
206	(1.3517179461817015-1.2933198793342668j)	0.3048410415649414	19.63855386081983
207	(9.198803383019293+8.44081578571311j)	0.31029391288757324	19.73388179218303
208	(1.337675148236461-1.307965437556706j)	0.31443095207214355	19.829209723546235
209	(1.3331832555950327-1.3132020251512402j)	0.3085029125213623	19.924537654909436
210	(1.3281838557971355-1.3175882162716452j)	0.32653117179870605	20.01986558627264
211	(1.32350555059999-1.3224812220213684j)	0.30794692039489746	20.11519351763584
212	(1.3188898806950529-1.327441779832628j)	0.31160807609558105	20.210521448999046
213	(1.3141467668673081-1.3319584460182048j)	0.311539888381958	20.30584938036225
214	(1.3092632066859191-1.3367947386656884j)	0.30885910987854004	20.40117731172545
215	(1.3044365900651673-1.3414976672706658j)	0.3145439624786377	20.496505243088656
216	(1.299148252996452-1.3459402391485038j)	0.31467318534851074	20.591833174451857
217	(1.294838805281284-1.350887130906494j)	0.31764984130859375	20.68716110581506
218	(1.2897379862650074-1.3554674363537114j)	0.310244083404541	20.782489037178266
219	(1.2845374270700907-1.3599935747755205j)	0.3063337802886963	20.877816968541467
220	(1.2803683211354615-1.3645450098334568j)	0.32791709899902344	20.97314489990467
221	(1.2748477805891103-1.3692908250108373j)	0.30512070655822754	21.068472831267872
222	(1.2702531059872904-1.3741943408981319j)	0.3059718608856201	21.163800762631077
223	(1.2651293123277925-1.378244470033216j)	0.3123300075531006	21.25912869399428
224	(1.259879981763854-1.3830685444744266j)	0.3201162815093994	21.354456625357482
225	(1.2550373831800286-1.3875447497455342j)	0.3070068359375	21.449784556720687
226	(1.2500017847496694-1.39247391693365j)	0.32166409492492676	21.545112488083888
227	(1.2447208959811724-1.396694774890102j)	0.3220021724700928	21.640440419447092
228	(1.2400704114916312-1.4010044317065287j)	0.33019018173217773	21.735768350810293
229	(1.234862493200881-1.4053124506192427j)	0.3254079818725586	21.831096282173498
230	(1.2300502171922385-1.4102200336115627j)	0.31484103202819824	21.926424213536702
231	(1.2249095612608347-1.4142756421060056j)	0.31072306632995605	22.021752144899903
232	(1.2199114503770292-1.4188306560811488j)	0.31002211570739746	22.117080076263107
233	(1.2145183849976662-1.423651236723317j)	0.31379103660583496	22.21240800762631
234	(1.2095191662780664-1.4273151563375646j)	0.30806612968444824	22.307735938989513
235	(1.204739991399936-1.4323655650086462j)	0.30077600479125977	22.403063870352717
236	(1.1989243426778289-1.4364628436087727j)	0.3325068950653076	22.49839180171592
237	(1.193911660160594-1.4402590799183903j)	0.315751314163208	22.593719733079123
238	(1.1883992458565027-1.444994777170428j)	0.3153238296508789	22.689047664442324
239	(1.1835888562348937-1.4488452517143682j)	0.3311350345611572	22.78437559580553
240	(1.1781748778892895-1.4531230629033445j)	0.33739376068115234	22.879703527168733
241	(1.172850959157003-1.4579884672530734j)	0.3099539279937744	22.975031458531934
242	(1.1675644745716829-1.461865731244032j)	0.303149938583374	23.07035938989514
243	(1.1622259835760103-1.46591233231577j)	0.307873010635376	23.16568732125834
244	(1.157044709791347-1.4706198012693448j)	0.3046762943267822	23.261015252621544
245	(1.1514049684483734-1.474696054351457j)	0.3239119052886963	23.356343183984748
246	(1.1462984630545239-1.4785240231002137j)	0.31487011909484863	23.45167111534795
247	(1.1411177950119638-1.4830611094525j)	0.31241798400878906	23.546999046711154
248	(1.1354628117588828-1.4866208305615372j)	0.30827999114990234	23.642326978074355
249	(1.1302458636104447-1.491007083294697j)	0.30843091011047363	23.73765490943756
250	(1.1249858568788196-1.4952365809516825j)	0.3045680522918701	23.83298284080076
251	(1.1191771060092985-1.4988713593016687j)	0.321732759475708	23.928310772163965
252	(1.1141090695837257-1.5032480645881312j)	0.3189420700073242	24.02363870352717
253	(1.10861997694705-1.5072352903006896j)	0.30986976623535156	24.11896663489037
254	(1.102802200284896-1.510962056852165j)	0.30884408950805664	24.214294566253574
255	(1.0976497309935858-1.5148723466570297j)	0.3144099712371826	24.309622497616775
256	(1.0921363293186315-1.51909545102321j)	0.3131251335144043	24.40495042897998
257	(1.0863864414782165-1.5229409884895113j)	0.31038999557495117	24.500278360343184
258	(1.0814075718840668-1.5270133955117406j)	0.30567383766174316	24.595606291706385
259	(1.0754451002588312-1.53081650982868j)	0.3070509433746338	24.69093422306959
260	(1.0699506992906476-1.5345552223216234j)	0.31884098052978516	24.78626215443279
261	(1.0647678710185808-1.5386010020199619j)	0.3084707260131836	24.881590085795995
262	(1.0586976607305794-1.542296447091294j)	0.3110480308532715	24.9769180171592
263	(1.0532826671457058-1.5462273767169217j)	0.30283379554748535	25.0722459485224
264	(1.0479237540029778-1.549986578044129j)	0.31191301345825195	25.167573879885605
265	(1.0417915825213464-1.5539163871727828j)	0.31406116485595703	25.262901811248806
266	(1.036540437982799-1.557568469880908j)	0.3093550205230713	25.35822974261201
267	(1.0309504495070199-1.56124925036826j)	0.31055617332458496	25.45355767397521
268	(1.0248867954221756-1.565231321605028j)	0.31040191650390625	25.548885605338416
269	(1.0195099974665016-1.568539682690342j)	0.31464290618896484	25.64421353670162
270	(1.0141445195574241-1.5725313786099977j)	0.325268030166626	25.73954146806482
271	(1.0078984146306444-1.5762615536576554j)	0.30225300788879395	25.834869399428026
272	(1.0025697961311262-1.5795121194743171j)	0.3093712329864502	25.930197330791227
273	(0.9965860313537229-1.5834366343737574j)	0.32535600662231445	26.02552526215443
274	(0.9908287895643341-1.5870453808998144j)	0.3238821029663086	26.120853193517636
275	(0.9853066307035167-1.5902294852389618j)	0.3318607807159424	26.216181124880837
276	(0.9793153428250503-1.5942635273326844j)	0.3217153549194336	26.31150905624404
277	(0.973599984574216-1.5976544485019666j)	0.30506420135498047	26.406836987607242
278	(0.9678863059754079-1.6008466939735593j)	0.30634593963623047	26.502164918970447
279	(0.9619905919076416-1.6048749586564164j)	0.31015491485595703	26.59749285033365
280	(0.9561826550752539-1.6079985656206486j)	0.3204331398010254	26.692820781696852
281	(0.9503845467440244-1.6113179377182008j)	0.3133668899536133	26.788148713060057
282	(0.9444631515298152-1.6150663462111157j)	0.31603360176086426	26.883476644423258
283	(0.9385857449345576-1.6181719223137376j)	0.30706191062927246	26.978804575786462
284	(0.932745674862957-1.6216745914442807j)	0.31388115882873535	27.074132507149667
285	(0.9267297593751704-1.6253027551649835j)	0.31282615661621094	27.169460438512868
286	(0.9209137774335054-1.6282342729775758j)	0.3084990978240967	27.264788369876072
287	(0.9152432382584417-1.6316397455068703j)	0.31142711639404297	27.360116301239273
288	(0.9093290610795286-1.6352329166613542j)	0.3142659664154053	27.455444232602478
289	(0.9029987634337651-1.6383828825186502j)	0.30619025230407715	27.55077216396568
290	(0.897422748232509-1.6417580535731096j)	0.31332898139953613	27.646100095328883
291	(0.8914449201943417-1.6449304651959968j)	0.30693674087524414	27.741428026692088
292	(0.8852104643863412-1.647916028246529j)	0.3153810501098633	27.83675595805529
293	(0.8796153447606739-1.651457024294782j)	0.3106229305267334	27.932083889418493
294	(0.8736091599468176-1.654484668029101j)	0.314910888671875	28.027411820781694
295	(0.8672314152050788-1.6575378066630417j)	0.30663013458251953	28.1227397521449
296	(0.8617007070227563-1.6608454322617547j)	0.3044149875640869	28.218067683508103
297	(0.8552600766835191-1.6638399734965548j)	0.3134438991546631	28.313395614871304
298	(0.8492308063999405-1.6669360125740482j)	0.30951905250549316	28.40872354623451
299	(0.8436060925633108-1.6700457862433216j)	0.30857396125793457	28.50405147759771
300	(0.8370324805190476-1.6730820570945522j)	0.3085620403289795	28.599379408960914
301	(0.8312083079475112-1.676080610683j)	0.31169605255126953	28.69470734032412
302	(0.8253741928021572-1.6790526551795997j)	0.30995607376098633	28.79003527168732
303	(0.818716230898148-1.682144464751001j)	0.30321598052978516	28.885363203050524
304	(0.8127648464483461-1.6849292868860761j)	0.3519589900970459	28.980691134413725
305	(0.8069286704910955-1.6879110360825371j)	0.30800580978393555	29.07601906577693
306	(0.8003669150433514-1.690988680367777j)	0.30465006828308105	29.17134699714013
307	(0.7947226239818895-1.6936654956893893j)	0.31343984603881836	29.266674928503335
308	(0.7883465240527714-1.6966162754087866j)	0.30326390266418457	29.36200285986654
309	(0.782032621574065-1.6996339085865553j)	0.33574604988098145	29.45733079122974
310	(0.776279344225649-1.702106525183913j)	0.30537962913513184	29.552658722592945
311	(0.7698082156519628-1.7051862183990019j)	0.31696319580078125	29.647986653956146
312	(0.763589898041549-1.7080215774641196j)	0.3187861442565918	29.74331458531935
313	(0.7575772917728654-1.7107242906619902j)	0.3217949867248535	29.838642516682555
314	(0.7511655894241214-1.7135865120356544j)	0.31226611137390137	29.933970448045756
315	(0.7450390100520473-1.7161282063380505j)	0.3058300018310547	30.02929837940896
316	(0.7386123535048326-1.7184777674547662j)	0.32769203186035156	30.12462631077216
317	(0.7325340052039744-1.721724513089892j)	0.31526684761047363	30.219954242135366
318	(0.7260967813295653-1.724129108093042j)	0.3128089904785156	30.31528217349857
319	(0.7200744694537545-1.726524572500293j)	0.3062138557434082	30.41061010486177
320	(0.7136483223311514-1.7295847811668568j)	0.3126678466796875	30.505938036224975
321	(0.7075085576361493-1.7317223207474322j)	0.3021249771118164	30.601265967588176
322	(0.7012542015410497-1.734477594091877j)	0.31126999855041504	30.69659389895138
323	(0.6949895962339768-1.7372193953649955j)	0.31006407737731934	30.791921830314585
324	(0.6885781899278395-1.7392578123539395j)	0.30762195587158203	30.887249761677786
325	(0.6823874390020832-1.7420569875261755j)	0.3052999973297119	30.98257769304099
326	(0.6761155423198963-1.744559917913114j)	0.3038520812988281	31.077905624404192
327	(0.6695156450168605-1.746623055275545j)	0.31207871437072754	31.173233555767396
328	(0.6634202532904969-1.7494328348571584j)	0.3058130741119385	31.268561487130597
329	(0.6569417518474504-1.7517529199856996j)	0.3335270881652832	31.3638894184938
330	(0.65041763831772-1.7538816313465122j)	0.3084568977355957	31.459217349857006
331	(0.6444398663522388-1.7565874011063136j)	0.3069031238555908	31.554545281220207
332	(0.6379141924083759-1.7586726152048j)	0.3118438720703125	31.64987321258341
333	(0.631278879478566-1.7609598601036784j)	0.31397199630737305	31.745201143946613
334	(0.6253309697482665-1.7634436832392606j)	0.30503392219543457	31.840529075309817
335	(0.6185343082761726-1.7654958053572858j)	0.30486083030700684	31.93585700667302
336	(0.6123178405459297-1.7677797041595913j)	0.30879902839660645	32.03118493803622
337	(0.6061176709983027-1.7700655944227666j)	0.30371594429016113	32.12651286939942
338	(0.5991704594954925-1.7721668582899461j)	0.30586695671081543	32.22184080076263
339	(0.5930334412454459-1.7743653647990485j)	0.3110201358795166	32.31716873212583
340	(0.5867111326984652-1.77651748421372j)	0.3086979389190674	32.41249666348903
341	(0.5798088850070182-1.778642366117912j)	0.31069183349609375	32.50782459485224
342	(0.5737748584617364-1.7809098442631153j)	0.31540608406066895	32.60315252621544
343	(0.5672893717321461-1.782912692257537j)	0.31612110137939453	32.69848045757864
344	(0.5604357670405742-1.7849087102030146j)	0.3100769519805908	32.79380838894184
345	(0.5544165350779169-1.7867375695881147j)	0.30851197242736816	32.88913632030505
346	(0.5477294627632107-1.7888424022290845j)	0.3113369941711426	32.98446425166825
347	(0.5410759503089495-1.7909527324965628j)	0.3338797092437744	33.07979218303145
348	(0.5350315956590616-1.7925996687285j)	0.32828211784362793	33.17512011439466
349	(0.5281165073790922-1.794781373511207j)	0.3135039806365967	33.27044804575786
350	(0.5215852912812045-1.7967193752091069j)	0.3078131675720215	33.36577597712106
351	(0.5151118624311211-1.7984732322190202j)	0.31862497329711914	33.46110390848427
352	(0.47602584519017094-2.4225928479356207j)	0.34694337844848633	33.55643183984747
353	(0.5021026973085061-1.8021657530491972j)	0.3088719844818115	33.65175977121067
354	(0.49563302283818994-1.8037762641434334j)	0.3072183132171631	33.74708770257387
355	(0.48888404758781434-1.8060312541569081j)	0.3066401481628418	33.84241563393708
356	(0.48246020447886406-1.8074561030588816j)	0.31192517280578613	33.93774356530028
357	(0.4758903109960658-1.8090997553944783j)	0.2892310619354248	34.03307149666348
358	(0.46927464467293284-1.8112724842083736j)	0.3066120147705078	34.12839942802669
359	(0.4626935283770085-1.8124681154782218j)	0.302947998046875	34.22372735938989
360	(0.45615192231901447-1.8143151007368694j)	0.30562400817871094	34.31905529075309
361	(0.44957019410626553-1.8162225119568425j)	0.3246798515319824	34.41438322211629
362	(0.442870497600267-1.817386254885761j)	0.30614805221557617	34.5097111534795
363	(0.4363634965811172-1.8192976892577766j)	0.317141056060791	34.6050390848427
364	(0.4297849460848452-1.820929971635113j)	0.3146538734436035	34.7003670162059
365	(0.4229848689708776-1.8220239960803422j)	0.30991387367248535	34.79569494756911
366	(0.4165847143909366-1.8239984549263644j)	0.3079221248626709	34.89102287893231
367	(0.4099057985075438-1.825393208614146j)	0.3056671619415283	34.98635081029551
368	(0.4032114879045189-1.826613580874097j)	0.3131411075592041	35.08167874165872
369	(0.39683103832707-1.8281550287687984j)	0.317462682723999	35.17700667302192
370	(0.3898971557363725-1.8296510854915886j)	0.3413519859313965	35.27233460438512
371	(0.3832141950048141-1.8309422346982485j)	0.30850887298583984	35.36766253574832
372	(0.37685039423854694-1.8322543855404216j)	0.3188447952270508	35.46299046711153
373	(0.36984110109442847-1.833530425435111j)	0.3146231174468994	35.55831839847473
374	(0.36329619022431003-1.8351267951945764j)	0.3092069625854492	35.65364632983793
375	(0.3568707229694291-1.8365646671262934j)	0.30324316024780273	35.74897426120114
376	(0.3497486433255812-1.8377048399802194j)	0.31137585639953613	35.84430219256434
377	(0.3433495736260445-1.8390111348240061j)	0.3156297206878662	35.93963012392754
378	(0.3367995506126481-1.84027414749603j)	0.30480003356933594	36.034958055290744
379	(0.3296845609661775-1.8414512628656163j)	0.3108091354370117	36.13028598665395
380	(0.3233880935791993-1.8425772161399796j)	0.32689881324768066	36.22561391801715
381	(0.3166720673463389-1.8438013919093508j)	0.31646299362182617	36.320941849380354
382	(0.309671315850934-1.844948513908869j)	0.31156301498413086	36.41626978074356
383	(0.3033716230670095-1.845998408607521j)	0.31008172035217285	36.51159771210676
384	(0.296419235017942-1.8471408031223133j)	0.3096137046813965	36.606925643469964
385	(0.28956155674132755-1.8483018988895175j)	0.3108186721801758	36.70225357483317
386	(0.2831724281445567-1.8493982402660771j)	0.3217599391937256	36.79758150619637
387	(0.27630633082574785-1.8500712733844102j)	0.3114926815032959	36.892909437559574
388	(0.2694708283996935-1.8513745154753396j)	0.3089001178741455	36.988237368922775
389	(0.2630061886605284-1.8520729688117816j)	0.31452107429504395	37.08356530028598
390	(0.2559829919468605-1.8533005157309042j)	0.3109860420227051	37.178893231649184
391	(0.24935786971675583-1.8540587915912126j)	0.30472683906555176	37.274221163012385
392	(0.24269151370044167-1.8546934425444375j)	0.32242393493652344	37.36954909437559
393	(0.2357740471851089-1.8560805840616217j)	0.3070797920227051	37.464877025738794
394	(0.22919702991798707-1.8565636506364034j)	0.3054628372192383	37.560204957101995
395	(0.22157254847454913-1.8577243831292893j)	0.2854127883911133	37.655532888465196
396	(0.21557343204749296-1.858540526647005j)	0.33260202407836914	37.750860819828404
397	(0.208946460655375-1.8590447502368046j)	0.3137040138244629	37.846188751191605
398	(0.2020110371969417-1.8601341198260353j)	0.31006383895874023	37.941516682554806
399	(0.19534735170913142-1.8607720808162371j)	0.31480908393859863	38.036844613918014
400	(0.18858062911190698-1.8609782845811427j)	0.3192429542541504	38.132172545281215
401	(0.18185576917101287-1.8619949830292402j)	0.311352014541626	38.227500476644416
402	(0.17509247036951298-1.8626742017385358j)	0.30589914321899414	38.322828408007624
403	(0.16817053346953867-1.8629409173921034j)	0.3094463348388672	38.418156339370825
404	(0.16158698909011673-1.8639655171199625j)	0.305819034576416	38.513484270734025
405	(0.15477319078893953-1.8644025054164397j)	0.31795191764831543	38.608812202097226
406	(0.14784586414229084-1.8647462119031861j)	0.3162212371826172	38.704140133460434
407	(0.14135833610106802-1.8657086445670992j)	0.31041502952575684	38.799468064823635
408	(0.13434012705283532-1.8659185190683987j)	0.3117349147796631	38.894795996186836
409	(0.12752080784790001-1.8663501594025382j)	0.3385188579559326	38.990123927550044
410	(0.12077636630690292-1.8666489757850315j)	0.32016873359680176	39.085451858913245
411	(0.11393029907060209-1.8671770460826445j)	0.3178830146789551	39.180779790276446
412	(0.10726576342060756-1.8676778238942957j)	0.3132479190826416	39.276107721639654
413	(0.10066104305292828-1.868224430295306j)	0.3158290386199951	39.371435653002855
414	(0.09344600831597172-1.8683619156310465j)	0.30358099937438965	39.466763584366056
415	(0.08696017572586218-1.8687056432250329j)	0.3118901252746582	39.56209151572926
416	(0.08024895063193765-1.8690718053648558j)	0.3097858428955078	39.657419447092465
417	(0.07307314018420391-1.8693346458710858j)	0.3151979446411133	39.752747378455666
418	(0.06652888727627482-1.8696187668700388j)	0.31273508071899414	39.84807530981887
419	(0.05974218988300156-1.8697840856910852j)	0.3342301845550537	39.943403241182075
420	(0.05268650887417997-1.8701033121270667j)	0.3054959774017334	40.038731172545276
421	(0.046277664286296094-1.870094813129319j)	0.31194400787353516	40.13405910390848
422	(0.039230805173200156-1.870346850074891j)	0.30934596061706543	40.22938703527168
423	(0.03233016070970707-1.8706053823044222j)	0.3061177730560303	40.324714966634886
424	(0.02595333467915706-1.8705111121400484j)	0.31300830841064453	40.42004289799809
425	(0.018854001916206398-1.8707693681310515j)	0.30414605140686035	40.51537082936129
426	(0.012032822122265752-1.8708266825654034j)	0.3134939670562744	40.610698760724496
427	(0.0054974220484109715-1.870555161383078j)	0.31211018562316895	40.7060266920877
428	(-0.0016257017834934162-1.8707101121468501j)	0.31835007667541504	40.8013546234509
429	(-0.008501428515759468-1.870577678571427j)	0.3124539852142334	40.896682554814106
430	(-0.014956212470350727-1.8705711509770442j)	0.3118131160736084	40.99201048617731
431	(-0.02197937977811204-1.870872990737478j)	0.3119211196899414	41.08733841754051
432	(-0.028573698107331236-1.8703946666015434j)	0.31390380859375	41.18266634890371
433	(-0.0354464612005877-1.8703426535457008j)	0.307405948638916	41.27799428026692
434	(-0.042306346749272805-1.8704921022887382j)	0.3039863109588623	41.37332221163012
435	(-0.04897047530079912-1.870199622602449j)	0.31533002853393555	41.46865014299332
436	(-0.05590381415346035-1.8699414118460393j)	0.3246428966522217	41.56397807435653
437	(-0.0626616936575205-1.8699018923644637j)	0.3090379238128662	41.65930600571973
438	(-0.06932814019296485-1.8697336850848298j)	0.3172791004180908	41.75463393708293
439	(-0.07623600241505912-1.8692314683166436j)	0.3270137310028076	41.84996186844613
440	(-0.08306190811424374-1.86900418172723j)	0.32531023025512695	41.94528979980934
441	(-0.0899266929979996-1.8683643112514932j)	0.30556392669677734	42.04061773117254
442	(-0.09665287813718693-1.8682929809239222j)	0.31354498863220215	42.13594566253574
443	(-0.10346479558877164-1.8678891274664153j)	0.3115372657775879	42.23127359389895
444	(-0.11025920893070473-1.8673257130967573j)	0.30812978744506836	42.32660152526215
445	(-0.11691024291434615-1.867125918557339j)	0.32547998428344727	42.42192945662535
446	(-0.12387505491796813-1.866627354451029j)	0.31902289390563965	42.51725738798856
447	(-0.1307012295938199-1.8661095049384924j)	0.3492140769958496	42.61258531935176
448	(-0.13710577625629483-1.8658484484846336j)	0.31090688705444336	42.70791325071496
449	(-0.14431827346663706-1.865085341750516j)	0.30837178230285645	42.80324118207816
450	(-0.15099159996966394-1.8647332621352026j)	0.31519198417663574	42.89856911344137
451	(-0.15750808935873462-1.864199284309127j)	0.30848193168640137	42.99389704480457
452	(-0.1646717337810777-1.8634144530305572j)	0.30974912643432617	43.08922497616777
453	(-0.17121202352724807-1.8629163909821294j)	0.3054378032684326	43.18455290753098
454	(-0.1778972802518386-1.8622798307779755j)	0.3197038173675537	43.27988083889418
455	(-0.1850568802218292-1.8615905493881646j)	0.31111621856689453	43.37520877025738
456	(-0.19144936700249426-1.8609247516683491j)	0.31150102615356445	43.47053670162058
457	(-0.19828529760452285-1.8601850109888907j)	0.3178398609161377	43.56586463298379
458	(-0.20528036783531967-1.8594781189247533j)	0.3116168975830078	43.66119256434699
459	(-0.21171211916551147-1.858693659950133j)	0.32065606117248535	43.75652049571019
460	(-0.21860831744288944-1.8578857425162438j)	0.310211181640625	43.8518484270734
461	(-0.22556579610387817-1.8571743724760221j)	0.31197190284729004	43.9471763584366
462	(-0.23191697654205257-1.8562305774608359j)	0.32119083404541016	44.0425042897998
463	(-0.2390483179265641-1.8554685044932004j)	0.30765223503112793	44.13783222116301
464	(-0.2457118397973641-1.8545959269259695j)	0.30749988555908203	44.23316015252621
465	(-0.25219943586699534-1.8535664576937454j)	0.3310251235961914	44.32848808388941
466	(-0.2590636104527716-1.8527323104993298j)	0.32276082038879395	44.42381601525261
467	(-0.26584144858751346-1.851687525070544j)	0.31351399421691895	44.51914394661582
468	(-0.2725384753652701-1.850627595816227j)	0.30458498001098633	44.61447187797902
469	(-0.27950399369161216-1.8499864581947103j)	0.3242969512939453	44.70979980934222
470	(-0.2859723794039013-1.84867709182046j)	0.3350398540496826	44.80512774070543
471	(-0.2929601839386822-1.8479052408080077j)	0.3221762180328369	44.90045567206863
472	(-0.29964232578049155-1.846861112896041j)	0.3220381736755371	44.99578360343183
473	(-0.3061605323202562-1.8452921400973974j)	0.3113741874694824	45.09111153479503
474	(-0.31309470649441384-1.844490473701823j)	0.3110661506652832	45.18643946615824
475	(-0.31969006167157854-1.8433878351875053j)	0.32533717155456543	45.28176739752144
476	(-0.3263390066491676-1.8418213615991654j)	0.3149409294128418	45.37709532888464
477	(-0.3330213648851167-1.8409782340644643j)	0.3062131404876709	45.47242326024785
478	(-0.3397471711878268-1.8397165023339335j)	0.3276939392089844	45.56775119161105
479	(-0.3464583510849327-1.8381662678062738j)	0.31355905532836914	45.66307912297425
480	(-0.3530596674607801-1.8373267168376133j)	0.3030698299407959	45.75840705433746
481	(-0.35980789804758484-1.8357975221381604j)	0.3222799301147461	45.85373498570066
482	(-0.36657937321275713-1.8343329966489095j)	0.3179130554199219	45.94906291706386
483	(-0.3730397260435864-1.8333490941393078j)	0.3059248924255371	46.044390848427064
484	(-0.37986195579927295-1.831756690570519j)	0.31635284423828125	46.13971877979027
485	(-0.38660917297236175-1.8302464870794362j)	0.3178081512451172	46.23504671115347
486	(-0.3930395261878704-1.829123302791912j)	0.33065223693847656	46.330374642516674
487	(-0.39976282875648583-1.8274663591327158j)	0.3156881332397461	46.42570257387988
488	(-0.4063103157237967-1.826178222519774j)	0.3002588748931885	46.52103050524308
489	(-0.4129287738614702-1.8247001311337003j)	0.3037569522857666	46.61635843660628
490	(-0.41991333360154837-1.8232387402969268j)	0.32427072525024414	46.71168636796949
491	(-0.42623580502946334-1.821585561155636j)	0.31310105323791504	46.80701429933269
492	(-0.43266780834749907-1.8199679081001174j)	0.31804919242858887	46.90234223069589
493	(-0.4397678515263591-1.8182845380848514j)	0.32433319091796875	46.997670162059094
494	(-0.4460312284137953-1.8167793880706904j)	0.305988073348999	47.0929980934223
495	(-0.45296460893119717-1.8152415862808375j)	0.3392620086669922	47.1883260247855
496	(-0.4595792325862209-1.813415810509038j)	0.30373620986938477	47.283653956148704
497	(-0.46572879085346786-1.811766073696291j)	0.3203890323638916	47.37898188751191
498	(-0.47267054268313957-1.8100547604699175j)	0.3070967197418213	47.47430981887511
499	(-0.4793063881950599-1.8083921885595269j)	0.3155789375305176	47.569637750238314
500	(-0.4855449267570999-1.8064961888011521j)	0.3057258129119873	47.664965681601515
501	(-0.4924375614571287-1.8048318188214112j)	0.3056831359863281	47.76029361296472
502	(-0.4989174202450234-1.8029928584557418j)	0.3140599727630615	47.855621544327924
503	(-0.5053279947656618-1.8009206049380646j)	0.32720470428466797	47.950949475691125
504	(-0.5121021029173919-1.7994699477753846j)	0.30673694610595703	48.04627740705433
505	(-0.5186056518013022-1.7971666852592434j)	0.31712889671325684	48.141605338417534
506	(-0.5249278270270975-1.7954530940918785j)	0.31545281410217285	48.236933269780735
507	(-0.5318718342675207-1.793579923413346j)	0.3150620460510254	48.33226120114394
508	(-0.5379941147111043-1.791582232566058j)	0.3270270824432373	48.427589132507144
509	(-0.5446146155576489-1.7896353405950556j)	0.31746625900268555	48.522917063870345
510	(-0.5511762225318405-1.7878094272245508j)	0.3150310516357422	48.618244995233546
511	(-0.5573483381167663-1.7857234475640218j)	0.30910325050354004	48.713572926596754
512	(-0.5641116634057629-1.783689389359102j)	0.30875205993652344	48.808900857959955
513	(-0.570692580980083-1.7817687872663737j)	0.31566691398620605	48.904228789323156
514	(-0.5770823490983907-1.7792798318908722j)	0.3055419921875	48.999556720686364
515	(-0.583349047317195-1.7774148715606526j)	0.31407999992370605	49.094884652049565
516	(-0.5900570052051043-1.7753074200607148j)	0.31082701683044434	49.190212583412766
517	(-0.5964032722254232-1.7729322853784044j)	0.3042149543762207	49.28554051477597
518	(-0.6029036267358534-1.77108646599254j)	0.3090348243713379	49.380868446139175
519	(-0.6093219311852872-1.768676197334174j)	0.31444287300109863	49.476196377502376
520	(-0.6157911095552476-1.766324711122413j)	0.3186819553375244	49.57152430886558
521	(-0.6221462769923288-1.7644316169415974j)	0.31357812881469727	49.666852240228785
522	(-0.6284851749109024-1.7617223762882168j)	0.31632018089294434	49.762180171591986
523	(-0.6350413583986838-1.759579467616778j)	0.3171272277832031	49.85750810295519
524	(-0.6412856926319648-1.7574799422369562j)	0.3128387928009033	49.952836034318395
525	(-0.6479387750685903-1.7548035965259965j)	0.30340576171875	50.048163965681596
526	(-0.6543359704302264-1.7528337574795314j)	0.31014275550842285	50.1434918970448
527	(-0.6605469203447168-1.7501273256294065j)	0.30830979347229004	50.238819828408
528	(-0.667372264222197-1.7478696727227265j)	0.344804048538208	50.334147759771206
529	(-0.6732492950301041-1.7453838077330974j)	0.30368471145629883	50.42947569113441
530	(-0.6795674792586883-1.742962099880991j)	0.3054380416870117	50.52480362249761
531	(-0.6861671328203859-1.7403640673482368j)	0.3037540912628174	50.620131553860816
532	(-0.6920823956481307-1.7379689105361886j)	0.31031227111816406	50.71545948522402
533	(-0.698522051600712-1.7354093920386775j)	0.309459924697876	50.81078741658722
534	(-0.7050763798644111-1.732772562564555j)	0.30483102798461914	50.90611534795042
535	(-0.7111389285899662-1.7301158494388895j)	0.32667112350463867	51.00144327931363
536	(-0.7173102838464488-1.727518859565659j)	0.31246089935302734	51.09677121067683
537	(-0.723927731854706-1.7250657934490516j)	0.30855441093444824	51.19209914204003
538	(-0.7298373446638162-1.7223248367252675j)	0.31376099586486816	51.28742707340324
539	(-0.7363423457164379-1.7198782109309452j)	0.32798004150390625	51.38275500476644
540	(-0.742566045496238-1.7169980691010895j)	0.3136739730834961	51.47808293612964
541	(-0.7486691531927819-1.71424152785407j)	0.3021230697631836	51.573410867492846
542	(-0.7552949316361783-1.711689386865468j)	0.31853389739990234	51.66873879885605
543	(-0.7612376758517501-1.7088053059354626j)	0.34183406829833984	51.76406673021925
544	(-0.767570302788039-1.7060820805914796j)	0.3137969970703125	51.85939466158245
545	(-0.7738628556035884-1.7033757248854355j)	0.3300747871398926	51.95472259294566
546	(-0.7797630252574808-1.7002697181718438j)	0.3048388957977295	52.05005052430886
547	(-0.7862590168200416-1.6976485453182542j)	0.3402690887451172	52.14537845567206
548	(-0.7922151452666957-1.694705701970511j)	0.3139350414276123	52.24070638703527
549	(-0.7986057890324327-1.691961357938205j)	0.3197178840637207	52.33603431839847
550	(-0.8045952371957509-1.6889270208359055j)	0.31513309478759766	52.43136224976167
551	(-0.8107367519862013-1.686035191582422j)	0.316586971282959	52.52669018112488
552	(-0.8167899430866865-1.68276022763071j)	0.3140590190887451	52.62201811248808
553	(-0.8229259119198686-1.680014433050632j)	0.3205840587615967	52.71734604385128
554	(-0.8290498367154752-1.6770119251368507j)	0.3146510124206543	52.81267397521448
555	(-0.8351795996422429-1.6736923784353201j)	0.31108689308166504	52.90800190657769
556	(-0.8412356407194441-1.6711002305759393j)	0.31397294998168945	53.00332983794089
557	(-0.8472317430711493-1.6676148326709477j)	0.3158290386199951	53.09865776930409
558	(-0.8534825479191281-1.664544935511887j)	0.31172990798950195	53.1939857006673
559	(-0.8596437355563795-1.6616186167157676j)	0.3117978572845459	53.2893136320305
560	(-0.8655331543237108-1.6583554499403932j)	0.30470991134643555	53.3846415633937
561	(-0.8715872247062967-1.6552092091926154j)	0.3049280643463135	53.4799694947569
562	(-0.8774290386317747-1.6522834819781305j)	0.3088996410369873	53.57529742612011
563	(-0.8836115157073074-1.6486901482607401j)	0.3101630210876465	53.67062535748331
564	(-0.8895484088957106-1.645679797282202j)	0.30437803268432617	53.76595328884651
565	(-0.8954154568114577-1.6425181467232854j)	0.30383920669555664	53.86128122020972
566	(-0.901634008815304-1.6389816078967545j)	0.313992977142334	53.95660915157292
567	(-0.9072632361499164-1.6359579936792172j)	0.3009378910064697	54.05193708293612
568	(-0.9133970473006423-1.6325581717044053j)	0.3159160614013672	54.14726501429933
569	(-0.9195957979945639-1.62918763655707j)	0.31238794326782227	54.24259294566253
570	(-0.9252254540565361-1.626121810159896j)	0.30805206298828125	54.33792087702573
571	(-0.9311932986455416-1.6224561100603683j)	0.3273582458496094	54.43324880838893
572	(-0.9372275000878001-1.619059174770383j)	0.3032798767089844	54.52857673975214
573	(-0.942883254741948-1.6155469471666326j)	0.32933712005615234	54.62390467111534
574	(-0.9490092285665315-1.6122438211601247j)	0.309237003326416	54.71923260247854
575	(-0.954732587894392-1.6087608925753016j)	0.3137998580932617	54.81456053384175
576	(-0.9603067676877666-1.6051353224380203j)	0.3056309223175049	54.90988846520495
577	(-0.9664992153440556-1.6018495693309038j)	0.3151371479034424	55.00521639656815
578	(-0.9723404627493933-1.5980914799506574j)	0.3213639259338379	55.10054432793135
579	(-0.9778460906756246-1.5946066877917615j)	0.304689884185791	55.19587225929456
580	(-0.9839721092746941-1.5911186668346529j)	0.30716586112976074	55.29120019065776
581	(-0.989471932981509-1.5874235419070968j)	0.31720399856567383	55.38652812202096
582	(-0.9954457302321743-1.5840770526283565j)	0.3085029125213623	55.48185605338417
583	(-1.0013071822071895-1.580362385195509j)	0.3065450191497803	55.57718398474737
584	(-1.006841697482537-1.576483340538529j)	0.31554293632507324	55.67251191611057
585	(-1.0127660010223734-1.5728275938151444j)	0.30918192863464355	55.76783984747378
586	(-1.0183715373865527-1.569477297750171j)	0.30600404739379883	55.86316777883698
587	(-1.0239313980717735-1.5653597476885284j)	0.31265997886657715	55.95849571020018
588	(-1.0297635521081379-1.5618629445825278j)	0.3175978660583496	56.05382364156338
589	(-1.0355000466651851-1.5583037260876014j)	0.30682802200317383	56.14915157292659
590	(-1.0411225900294332-1.5542643059091137j)	0.3145430088043213	56.24447950428979
591	(-1.0467619147704765-1.5506132277044684j)	0.3251230716705322	56.33980743565299
592	(-1.0523333676581315-1.54656635896471j)	0.31974101066589355	56.4351353670162
593	(-1.0579757472405955-1.5426433794865915j)	0.30785679817199707	56.5304632983794
594	(-1.0635867809781445-1.5391229065082097j)	0.31517696380615234	56.6257912297426
595	(-1.0692256453203473-1.534965182105013j)	0.3071022033691406	56.721119161105804
596	(-1.0747644053897327-1.5309395039777542j)	0.3067910671234131	56.81644709246901
597	(-1.0805267457363308-1.5271947925089095j)	0.30862998962402344	56.91177502383221
598	(-1.085957753061078-1.523208797921127j)	0.3092789649963379	57.007102955195414
599	(-1.0913981682301863-1.5192755350012475j)	0.31130099296569824	57.10243088655862
600	(-1.0970224168403184-1.515283981111342j)	0.3190178871154785	57.19775881792182
601	(-1.1024742611366931-1.5110839200268775j)	0.31894993782043457	57.293086749285024
602	(-1.1079232102534864-1.5074339257683536j)	0.3123171329498291	57.38841468064823
603	(-1.11332227128937-1.5034150139447306j)	0.3126258850097656	57.48374261201143
604	(-1.1190632541908894-1.4990234694856308j)	0.31742310523986816	57.579070543374634
605	(-1.1242459807962784-1.4951901577475397j)	0.3096320629119873	57.674398474737835
606	(-1.1296997618566762-1.4909686821735302j)	0.30888819694519043	57.76972640610104
607	(-1.1354122464292224-1.4867404842124876j)	0.3080251216888428	57.865054337464244
608	(-1.1404634349107658-1.4828227836174468j)	0.3142509460449219	57.960382268827445
609	(-1.1460736111058325-1.4785445463648983j)	0.3193538188934326	58.05571020019065
610	(-1.1515236535818576-1.4744085347868026j)	0.31213974952697754	58.151038131553854
611	(-1.1564900928247464-1.470189278832539j)	0.30859804153442383	58.246366062917055
612	(-1.1621481356841785-1.4659121849937289j)	0.31527185440063477	58.341693994280256
613	(-1.167434203083811-1.4617574568207594j)	0.30788707733154297	58.437021925643464
614	(-1.1724668289217994-1.4574811405806505j)	0.30577898025512695	58.532349857006665
615	(-1.1781971277236312-1.4532171315379752j)	0.3041701316833496	58.627677788369866
616	(-1.1832107857914607-1.4486790667212335j)	0.3271150588989258	58.723005719733074
617	(-1.1883546333981732-1.4445362587917767j)	0.305401086807251	58.818333651096275
618	(-1.1939879374634137-1.4403949611138425j)	0.3175339698791504	58.913661582459476
619	(-1.1989743570713516-1.4358847232625451j)	0.319317102432251	59.008989513822684
620	(-1.204233733629374-1.4315046486996756j)	0.29412293434143066	59.104317445185885
621	(-1.2096582118176984-1.4272289690045281j)	0.3050680160522461	59.199645376549086
622	(-1.2146455007677497-1.4227043683300344j)	0.3027927875518799	59.29497330791229
623	(-1.2197814865943186-1.4182977315757876j)	0.30680274963378906	59.390301239275495
624	(-1.2250624464124529-1.4139658922670018j)	0.30303430557250977	59.485629170638695
625	(-1.2301662359146537-1.4094901397329198j)	0.31383824348449707	59.580957102001896
626	(-1.2350706344640072-1.4049953721253703j)	0.32482099533081055	59.676285033365104
627	(-1.2403986702082563-1.400434360276701j)	0.30649495124816895	59.771612964728305
628	(-1.245287678900145-1.395679615686022j)	0.3087780475616455	59.866940896091506
629	(-1.2506412790722632-1.3913431274539008j)	0.3154618740081787	59.962268827454714
630	(-1.2555739315093146-1.3867751293057928j)	0.307873010635376	60.057596758817915
631	(-1.2605804203285302-1.3820396092911411j)	0.31772375106811523	60.152924690181116
632	(-1.2657060374341271-1.3777210680737773j)	0.31784796714782715	60.24825262154432
633	(-1.2705160376989988-1.3728046177256834j)	0.3060469627380371	60.343580552907525
634	(-1.2756420407897355-1.3681518601009266j)	0.31058216094970703	60.438908484270726
635	(-1.280555368975211-1.363363939639114j)	0.3116471767425537	60.53423641563393
636	(-1.2855637514123588-1.3588448666346964j)	0.30585289001464844	60.629564346997135
637	(-1.2905180512015393-1.3542182593597534j)	0.30738019943237305	60.724892278360336
638	(-1.2953894665011998-1.3497572493147356j)	0.30420804023742676	60.82022020972354
639	(-1.3005634961834265-1.3447289566855758j)	0.31401586532592773	60.91554814108674
640	(-1.3052411037082012-1.3400978583232166j)	0.3119509220123291	61.010876072449946
641	(-1.3100394211142654-1.3354176386123395j)	0.30408811569213867	61.10620400381315
642	(-1.3150750272617182-1.3303599536925605j)	0.31271982192993164	61.20153193517635
643	(-1.319819841000411-1.325994233271286j)	0.31047701835632324	61.296859866539556
644	(-1.3245787150419137-1.320961271356921j)	0.30809712409973145	61.39218779790276
645	(-1.3295871496222973-1.3160291616695314j)	0.3090200424194336	61.48751572926596
646	(-1.3340378833900932-1.3113718591756847j)	0.30498385429382324	61.582843660629166
647	(-1.3389624418282153-1.3062897514797287j)	0.3227057456970215	61.67817159199237
648	(-1.3438032207452975-1.3014572696333642j)	0.31038808822631836	61.77349952335557
649	(-1.3482595606293604-1.2967001242227798j)	0.30460119247436523	61.86882745471877
650	(-1.3532182592051705-1.2916066723082553j)	0.3092968463897705	61.96415538608198
651	(-1.3578099171977343-1.2867200400008667j)	0.32430100440979004	62.05948331744518
652	(-1.3621038895357955-1.28215946875265j)	0.31463193893432617	62.15481124880838
653	(-1.3673510001946285-1.2768398129182534j)	0.30750274658203125	62.25013918017159
654	(-1.3718031481166526-1.2717847258833603j)	0.3019559383392334	62.34546711153479
655	(-1.3762089605466103-1.2668899589288556j)	0.3052239418029785	62.44079504289799
656	(-1.3812501156524242-1.261884262393086j)	0.30649709701538086	62.53612297426119
657	(-1.385476517301206-1.2567602733224297j)	0.31484079360961914	62.6314509056244
658	(-1.3901577289649798-1.2517544880232596j)	0.3081820011138916	62.7267788369876
659	(-1.3949010145483034-1.246737323360594j)	0.30733704566955566	62.8221067683508
660	(-1.3994325344098166-1.2414237378055084j)	0.3066427707672119	62.91743469971401
661	(-1.403706957453905-1.2364746916753118j)	0.3071260452270508	63.01276263107721
662	(-1.4084062208090549-1.2314835284988486j)	0.3074648380279541	63.10809056244041
663	(-1.4125897652838448-1.2260894104442484j)	0.30621886253356934	63.20341849380362
664	(-1.417235545910498-1.2211404458102462j)	0.30968403816223145	63.29874642516682
665	(-1.4216548895671237-1.2159756048894277j)	0.3088808059692383	63.39407435653002
666	(-1.4259587261324442-1.2105117188024628j)	0.3077869415283203	63.48940228789322
667	(-1.4304802736404962-1.2056571700432686j)	0.3309211730957031	63.58473021925643
668	(-1.4347383471309887-1.2003244943990485j)	0.31571507453918457	63.68005815061963
669	(-1.439339766815078-1.194866891627788j)	0.2978551387786865	63.77538608198283
670	(-1.4434738958800823-1.1895413707208449j)	0.3049297332763672	63.87071401334604
671	(-1.4477976303259004-1.184570451807489j)	0.30753207206726074	63.96604194470924
672	(-1.4521258717999674-1.1790354791221485j)	0.30408692359924316	64.06136987607245
673	(-1.4564517123052247-1.1741561261524087j)	0.3033788204193115	64.15669780743565
674	(-1.4608031690947687-1.1685028264127117j)	0.31252193450927734	64.25202573879885
675	(-1.4649973692116507-1.1633451406704887j)	0.3030819892883301	64.34735367016206
676	(-1.4691317445818672-1.1580309026317057j)	0.29453301429748535	64.44268160152527
677	(-1.473456744273489-1.1523909705240334j)	0.30849218368530273	64.53800953288847
678	(-1.4775067067953256-1.1473738234282065j)	0.3088109493255615	64.63333746425167
679	(-1.481641388754607-1.1419319567581456j)	0.3063390254974365	64.72866539561487
680	(-1.4859850259901144-1.1363728173478367j)	0.30550193786621094	64.82399332697807
681	(-1.4900178051257185-1.1312953098677248j)	0.316364049911499	64.91932125834127
682	(-1.494113398191446-1.125678248093997j)	0.31006407737731934	65.01464918970449
683	(-1.498360432696501-1.1200577445458146j)	0.3053860664367676	65.10997712106769
684	(-1.5021603026092614-1.114852643731656j)	0.309124231338501	65.20530505243089
685	(-1.50637323053818-1.1091990411617692j)	0.33483219146728516	65.30063298379409
686	(-1.5103526804084628-1.1038392501850016j)	0.3058938980102539	65.39596091515729
687	(-1.5143508528728749-1.0981367813473377j)	0.34224677085876465	65.49128884652049
688	(-1.518492098831217-1.0927046081309675j)	0.30960512161254883	65.58661677788369
689	(-1.5223840907732744-1.0873202510991529j)	0.3069570064544678	65.6819447092469
690	(-1.5260555161151692-1.0817147484552916j)	0.3094501495361328	65.77727264061011
691	(-1.5303153918025658-1.0759207155008281j)	0.3034350872039795	65.87260057197331
692	(-1.534018307445306-1.070252221341319j)	0.30077219009399414	65.96792850333651
693	(-1.5381640269197372-1.0648784452783806j)	0.3109569549560547	66.06325643469971
694	(-1.542096728377437-1.059294776962557j)	0.30510997772216797	66.15858436606291
695	(-1.5456054022305965-1.0536251562212913j)	0.3057291507720947	66.25391229742611
696	(-1.5494540520909088-1.047964185600113j)	0.30719590187072754	66.34924022878933
697	(-1.5535289841951792-1.0425187121695805j)	0.3089580535888672	66.44456816015253
698	(-1.5570950973683675-1.0366146481791454j)	0.30562591552734375	66.53989609151573
699	(-1.5609257832685257-1.0310725854437388j)	0.31348085403442383	66.63522402287893
700	(-1.5646961543227689-1.0254540696320538j)	0.3070361614227295	66.73055195424213
701	(-1.5683514558409595-1.0195262540728416j)	0.31354403495788574	66.82587988560533
702	(-1.5721719898440027-1.0140322049043702j)	0.32471203804016113	66.92120781696855
703	(-1.5758180970190985-1.0084843251132505j)	0.3315718173980713	67.01653574833175
704	(-1.5793193276963424-1.0022959865821648j)	0.3048121929168701	67.11186367969495
705	(-1.5831575465439758-0.9968105833690902j)	0.3048980236053467	67.20719161105815
706	(-1.5865147650346771-0.9909564974509512j)	0.31280994415283203	67.30251954242135
707	(-1.5902229784556978-0.9849964227810571j)	0.30999302864074707	67.39784747378455
708	(-1.5938704641274453-0.9795188827670989j)	0.3110058307647705	67.49317540514775
709	(-1.5973020989900681-0.973415142725006j)	0.3091137409210205	67.58850333651097
710	(-1.6009200577554732-0.9675824828798387j)	0.3040738105773926	67.68383126787417
711	(-1.604474043634389-0.9619497596420566j)	0.30689191818237305	67.77915919923737
712	(-1.6079442046471646-0.9558383126239552j)	0.30238986015319824	67.87448713060057
713	(-1.6114227932484342-0.9499840992425437j)	0.31096506118774414	67.96981506196377
714	(-1.6148728272500232-0.9444572755483602j)	0.31152820587158203	68.06514299332697
715	(-1.6183498118841422-0.9381897044318138j)	0.30527806282043457	68.16047092469017
716	(-1.62172108424179-0.9327291075567243j)	0.3145577907562256	68.25579885605339
717	(-1.6252802966536208-0.9266286156399142j)	0.31995415687561035	68.35112678741659
718	(-1.628634314783085-0.9204229056726584j)	0.32024431228637695	68.44645471877979
719	(-1.6316738903351682-0.9149332031379642j)	0.3105959892272949	68.54178265014299
720	(-1.634073303862777-0.9087628196452214j)	0.2871410846710205	68.63711058150619
721	(-1.6385187398811922-0.9026893456809283j)	0.3076038360595703	68.7324385128694
722	(-1.6415598907350823-0.8970530050682581j)	0.3070180416107178	68.8277664442326
723	(-1.6450094850704884-0.8907259408135342j)	0.30553197860717773	68.92309437559581
724	(-1.6482567000825592-0.8848028026676896j)	0.30373096466064453	69.01842230695901
725	(-1.6511852590352563-0.8788880884951622j)	0.307476282119751	69.11375023832221
726	(-1.654706080950704-0.8727107220184942j)	0.31095194816589355	69.20907816968541
727	(-1.657769405039787-0.8667420106258268j)	0.30265307426452637	69.30440610104861
728	(-1.6607463366263027-0.8607995853683871j)	0.30793190002441406	69.39973403241181
729	(-1.6642165763565366-0.8546798625638944j)	0.30605387687683105	69.49506196377502
730	(-1.667040092721486-0.8486035831176139j)	0.30669522285461426	69.59038989513823
731	(-1.670096204511236-0.8425923039942748j)	0.3083178997039795	69.68571782650143
732	(-1.6734355599197226-0.8365371212508504j)	0.3319432735443115	69.78104575786463
733	(-1.6761957414779967-0.8304352684773592j)	0.30733299255371094	69.87637368922783
734	(-1.6793428922519205-0.8242269641457369j)	0.31575798988342285	69.97170162059103
735	(-1.6824515042976156-0.8181885582691908j)	0.30978822708129883	70.06702955195423
736	(-1.6851014414180234-0.8119350635726377j)	0.30916309356689453	70.16235748331745
737	(-1.6883003256972409-0.8058301916255395j)	0.3027791976928711	70.25768541468065
738	(-1.691273925730397-0.7997405256860779j)	0.3047318458557129	70.35301334604385
739	(-1.6938435912459557-0.7933845472753697j)	0.310985803604126	70.44834127740705
740	(-1.6969175155118732-0.7873944702706953j)	0.30519771575927734	70.54366920877025
741	(-1.6831379378888816-0.7804339234242561j)	0.3109738826751709	70.63899714013345
742	(-1.7025933845670667-0.7748967329721702j)	0.30811595916748047	70.73432507149666
743	(-1.7054157186184693-0.7689270013661778j)	0.30802297592163086	70.82965300285987
744	(-1.7083218281302648-0.7622682440722347j)	0.2919919490814209	70.92498093422307
745	(-1.7109110113676016-0.7561338723981809j)	0.31290602684020996	71.02030886558627
746	(-1.7138108976394788-0.7503362668360445j)	0.30678582191467285	71.11563679694947
747	(-1.716397475095969-0.7437594066814734j)	0.30462098121643066	71.21096472831267
748	(-1.7191166431788267-0.7374814592650367j)	0.3120460510253906	71.30629265967588
749	(-1.7218333617363586-0.7314944760769175j)	0.3041999340057373	71.40162059103908
750	(-1.7244696837251339-0.7248411424509115j)	0.3109567165374756	71.49694852240229
751	(-1.727059497344945-0.7187425133557421j)	0.3032979965209961	71.59227645376549
752	(-1.7297239262334967-0.7125928913305722j)	0.30500292778015137	71.6876043851287
753	(-1.7323278769520425-0.7060198976937639j)	0.31164097785949707	71.7829323164919
754	(-1.7348265621041723-0.6999572037783368j)	0.30565309524536133	71.8782602478551
755	(-1.7372783597620287-0.6936257831219835j)	0.3173701763153076	71.9735881792183
756	(-1.7399584647690176-0.6870154203268518j)	0.30640697479248047	72.0689161105815
757	(-1.7424730582801395-0.6809194436252748j)	0.31032705307006836	72.16424404194471
758	(-1.7448234934407851-0.6744518979598929j)	0.3063809871673584	72.25957197330791
759	(-1.7474384794494189-0.6680394872367897j)	0.303311824798584	72.35489990467111
760	(-1.7496959287466045-0.6619492326570502j)	0.29640913009643555	72.45022783603432
761	(-1.7523058868821972-0.6553169599937575j)	0.3133409023284912	72.54555576739752
762	(-1.7545325837430257-0.6490748306922194j)	0.3187439441680908	72.64088369876072
763	(-1.7566999784860335-0.642716343219204j)	0.31304001808166504	72.73621163012393
764	(-1.7593051046583272-0.6360869164492999j)	0.3066141605377197	72.83153956148713
765	(-1.7615046634828666-0.6298042429404069j)	0.31231117248535156	72.92686749285033
766	(-1.7636219156493127-0.623502239599908j)	0.30440187454223633	73.02219542421354
767	(-1.7661595443848712-0.6169257809558755j)	0.303786039352417	73.11752335557674
768	(-1.7681950749467448-0.6105413919382923j)	0.3067469596862793	73.21285128693994
769	(-1.7703705714232918-0.6040554053323965j)	0.3069610595703125	73.30817921830314
770	(-1.7728303009219313-0.5976272581332349j)	0.3023338317871094	73.40350714966635
771	(-1.7746464887121483-0.5912417286337905j)	0.3060150146484375	73.49883508102955
772	(-1.7769327586359374-0.5847236438529816j)	0.3040008544921875	73.59416301239276
773	(-1.7792059004260352-0.5781896666429869j)	0.30310893058776855	73.68949094375596
774	(-1.7812802854351233-0.5717128075031646j)	0.31882309913635254	73.78481887511916
775	(-1.7832746592561293-0.5652748273472399j)	0.3192460536956787	73.88014680648236
776	(-1.785321157698523-0.5588020383609724j)	0.3046228885650635	73.97547473784556
777	(-1.787102509999077-0.5521666223360238j)	0.31270503997802734	74.07080266920877
778	(-1.7894189623141674-0.5457510580588857j)	0.31127500534057617	74.16613060057198
779	(-1.7910947558291586-0.5391354224295319j)	0.31555700302124023	74.26145853193518
780	(-1.793187695518564-0.53253456529744j)	0.3181290626525879	74.35678646329838
781	(-1.7953621628505056-0.5261261160773792j)	0.31096720695495605	74.45211439466158
782	(-1.7970195757275307-0.5196032489465533j)	0.3068809509277344	74.54744232602478
783	(-1.798888423026076-0.5128874265016808j)	0.30338191986083984	74.64277025738798
784	(-1.8005954870350487-0.5065576846682129j)	0.3131577968597412	74.7380981887512
785	(-1.8025829184669326-0.4997792974325256j)	0.30535387992858887	74.8334261201144
786	(-1.804499297757011-0.49336500527562577j)	0.3054671287536621	74.9287540514776
787	(-1.80632401697266-0.4869330302758707j)	0.30909299850463867	75.0240819828408
788	(-1.8081032055990347-0.4800731979990512j)	0.32468605041503906	75.119409914204
789	(-1.8096968927602366-0.47367271291636615j)	0.3066568374633789	75.2147378455672
790	(-1.8115057751483326-0.4671537027125851j)	0.3116121292114258	75.3100657769304
791	(-1.8130940845844166-0.46030015652687617j)	0.3046579360961914	75.40539370829362
792	(-1.8147672995956452-0.45388833863598965j)	0.31110310554504395	75.50072163965682
793	(-1.8164662411266768-0.4472326587713225j)	0.32351112365722656	75.59604957102002
794	(-1.8181382591267503-0.4404027102237347j)	0.31551599502563477	75.69137750238322
795	(-1.8196410696532952-0.4339874325141686j)	0.3153269290924072	75.78670543374642
796	(-1.8212083235472027-0.42728735239450144j)	0.3125319480895996	75.88203336510962
797	(-1.8228950836678683-0.42067433452444625j)	0.32889485359191895	75.97736129647284
