	res_adaptive	time_adaptive	w
0	(1.1282852386195659-0.06841198938920728j)	0.9758129119873047	0.001
1	(1.438477868890036-0.2455303248497678j)	0.32722997665405273	0.09632793136320304
2	(1.5418905405255976-0.3143254074461982j)	0.33980894088745117	0.19165586272640608
3	(1.6165996445116995-0.37041191596620904j)	0.31468820571899414	0.2869837940896091
4	(1.6706596995872172-0.4104767621797808j)	0.33148622512817383	0.38231172545281217
5	(1.7168601901885552-0.4547229908303621j)	0.32926368713378906	0.4776396568160152
6	(1.7555901314322273-0.48844561762043204j)	0.3247718811035156	0.5729675881792182
7	(1.7934724571491611-0.5250633077921173j)	0.3593919277191162	0.6682955195424213
8	(1.8228536199258003-0.5559498984015535j)	0.30988097190856934	0.7636234509056243
9	(1.8495948966920681-0.587271951298892j)	0.354870080947876	0.8589513822688274
10	(1.8736660998970662-0.6171789793396129j)	0.33352112770080566	0.9542793136320304
11	(1.8977849832764633-0.6447552946595336j)	0.3630208969116211	1.0496072449952334
12	(1.9181120390958926-0.6728842564259416j)	0.48663806915283203	1.1449351763584363
13	(1.934301581108003-0.6991398329673537j)	0.3529961109161377	1.2402631077216395
14	(1.9523956389717267-0.7271222013949167j)	0.3408029079437256	1.3355910390848424
15	(1.9670295077587379-0.7516047831324808j)	0.351848840713501	1.4309189704480456
16	(1.9807252568377494-0.7760955632320621j)	0.32582688331604004	1.5262469018112486
17	(1.9915943667037623-0.8010053776850063j)	0.3183927536010742	1.6215748331744515
18	(2.004831794192934-0.8257082067998802j)	0.3379976749420166	1.7169027645376547
19	(2.012915984763189-0.847652584480855j)	0.3481438159942627	1.8122306959008576
20	(2.0229832070731213-0.8714566990943128j)	0.34102296829223633	1.9075586272640608
21	(2.0298225675304313-0.894247178107318j)	0.3224482536315918	2.0028865586272637
22	(2.0373491909725057-0.9183675443751322j)	0.35699892044067383	2.098214489990467
23	(2.0441360779701827-0.9410022191629135j)	0.34652113914489746	2.19354242135367
24	(2.04851164696505-0.9631303807298315j)	0.3272440433502197	2.288870352716873
25	(2.0541209707274892-0.9842762972558547j)	0.33029913902282715	2.384198284080076
26	(2.0579424229824537-1.0070108562173536j)	0.36359190940856934	2.479526215443279
27	(2.0608455108473245-1.028662420054946j)	0.33661699295043945	2.574854146806482
28	(2.0617293942216044-1.0503058401927146j)	0.3392162322998047	2.670182078169685
29	(2.063341681391078-1.0718815320359234j)	0.3598952293395996	2.765510009532888
30	(2.063741953942432-1.0930852938343567j)	0.3230128288269043	2.8608379408960913
31	(2.0641099786059725-1.1127802827435387j)	0.32809877395629883	2.956165872259294
32	(2.0626429205244246-1.1346088696664622j)	0.3434910774230957	3.0514938036224972
33	(2.0616731687393033-1.1548912723006561j)	0.3515331745147705	3.1468217349857004
34	(2.060313890423663-1.175783640000295j)	0.31445980072021484	3.242149666348903
35	(2.0570691707494517-1.1947294616819017j)	0.33771514892578125	3.3374775977121063
36	(2.0540675567355713-1.215954326793994j)	0.3229858875274658	3.4328055290753094
37	(2.050182595347787-1.2358051840436621j)	0.3530921936035156	3.5281334604385126
38	(2.0471591705290444-1.2553374601545992j)	0.3236861228942871	3.6234613918017153
39	(2.0410810648869093-1.2746185231266027j)	0.32988595962524414	3.7187893231649185
40	(2.036278271307736-1.2943669484045568j)	0.33876776695251465	3.8141172545281217
41	(2.0302426694290787-1.313768493363515j)	0.33905506134033203	3.9094451858913244
42	(2.0247888025995264-1.332425298424392j)	0.3213202953338623	4.004773117254528
43	(2.0172507687211136-1.3517541178225532j)	0.34827589988708496	4.100101048617731
44	(2.0098171028885603-1.3706036627613758j)	0.31191205978393555	4.195428979980934
45	(2.002369064637019-1.389352623957398j)	0.3493199348449707	4.290756911344137
46	(1.9943255044346684-1.4075581007546059j)	0.33572888374328613	4.386084842707341
47	(1.9928408046554464-1.4249416448125056j)	0.32273197174072266	4.481412774070543
48	(1.97589833928998-1.444925196554083j)	0.3328132629394531	4.576740705433746
49	(1.9676531663111547-1.4630762203576702j)	0.3065049648284912	4.67206863679695
50	(1.9575045905359205-1.4805233692195259j)	0.31623196601867676	4.7673965681601524
51	(1.9466564659842445-1.498152579580757j)	0.36247706413269043	4.862724499523355
52	(1.935479608551368-1.5168418197167282j)	0.31430506706237793	4.958052430886559
53	(1.9250986853337817-1.5335353136555887j)	0.3214452266693115	5.0533803622497615
54	(1.9132314077645052-1.5510485522864796j)	0.32398200035095215	5.148708293612964
55	(1.9006372918246384-1.5677189525418143j)	0.34178781509399414	5.244036224976168
56	(1.8882521682848274-1.5857040599652297j)	0.31080031394958496	5.339364156339371
57	(1.8760298734303127-1.6018681477266157j)	0.35824012756347656	5.434692087702573
58	(1.8632450502427371-1.6184038715974567j)	0.32825708389282227	5.530020019065777
59	(1.848704070222661-1.6350753904638173j)	0.3573901653289795	5.62534795042898
60	(1.8358267549704286-1.651686290633524j)	0.30223703384399414	5.720675881792183
61	(1.8213803338305365-1.667787251632296j)	0.3583810329437256	5.816003813155386
62	(1.8064325289643879-1.6832913345626022j)	0.3267059326171875	5.911331744518589
63	(1.7914544429825696-1.6997002936238659j)	0.312957763671875	6.006659675881792
64	(1.7767558253798619-1.7149633758878753j)	0.3472139835357666	6.101987607244995
65	(1.761541863226039-1.7306437538878072j)	0.3473081588745117	6.197315538608198
66	(1.7450060737454192-1.7450721683853008j)	0.3121981620788574	6.292643469971401
67	(1.7297908976888094-1.7610016192699691j)	0.33357882499694824	6.387971401334604
68	(1.7124326098940759-1.7757651402140868j)	0.34386110305786133	6.483299332697807
69	(1.6956894421977657-1.7903857461862251j)	0.36266493797302246	6.57862726406101
70	(1.6787484372511374-1.8047617444618487j)	0.3620021343231201	6.673955195424213
71	(1.6612677790976802-1.819137806763214j)	0.3414640426635742	6.769283126787417
72	(1.6435458193015895-1.833683174423685j)	0.33565211296081543	6.8646110581506194
73	(1.6253540794726653-1.8478122227535816j)	0.3301670551300049	6.959938989513822
74	(1.6070681700198381-1.8609315548144587j)	0.3153059482574463	7.055266920877026
75	(1.5885395727742844-1.8742808119020666j)	0.34538793563842773	7.1505948522402285
76	(1.570354990990968-1.8881120812380798j)	0.3203110694885254	7.245922783603431
77	(1.5508630898762803-1.9002949300298708j)	0.32300806045532227	7.341250714966635
78	(1.5315605663833516-1.913652498228946j)	0.30759406089782715	7.436578646329838
79	(1.5114150127471486-1.9261981444660994j)	0.3253591060638428	7.53190657769304
80	(1.492675844111507-1.938925207837116j)	0.33129286766052246	7.627234509056244
81	(1.4718828740261578-1.95093296316314j)	0.3196699619293213	7.722562440419447
82	(1.4516560031722339-1.962860152730848j)	0.34267187118530273	7.817890371782649
83	(1.4309275140947522-1.975486442663304j)	0.3331928253173828	7.913218303145853
84	(1.410193267254516-1.9850349087564274j)	0.3233218193054199	8.008546234509055
85	(1.389382303555529-1.997651332127625j)	0.32721400260925293	8.103874165872258
86	(1.3682020475102883-2.0095711268276464j)	0.333698034286499	8.19920209723546
87	(1.3467320207529851-2.020567277975493j)	0.3386871814727783	8.294530028598665
88	(1.3249770556753235-2.030666553113742j)	0.31909990310668945	8.389857959961867
89	(1.3032320806630306-2.041064337904294j)	0.3263857364654541	8.48518589132507
90	(1.2806478270747568-2.051446119074782j)	0.3239421844482422	8.580513822688273
91	(1.258747640372499-2.0617420931333643j)	0.3584930896759033	8.675841754051476
92	(1.236158771377211-2.071359309207006j)	0.31622815132141113	8.77116968541468
93	(1.213491865360203-2.080366452468979j)	0.3801591396331787	8.866497616777883
94	(1.1909016655996008-2.092045986494232j)	0.4180741310119629	8.961825548141086
95	(1.167631851254314-2.099173918986341j)	0.35784912109375	9.057153479504288
96	(1.1445858724965061-2.1081349640347202j)	0.3781108856201172	9.152481410867491
97	(1.120935720369083-2.1163488670179476j)	0.38606882095336914	9.247809342230694
98	(1.097315784241995-2.1252508940941497j)	0.3208277225494385	9.343137273593898
99	(1.0738694301042124-2.132944385893522j)	0.3244009017944336	9.438465204957101
100	(1.0493688667658088-2.14043235439729j)	0.3272387981414795	9.533793136320304
101	(1.0251868488084697-2.148320944021828j)	0.3254730701446533	9.629121067683506
102	(1.0014984803000777-2.155844522565724j)	0.3240501880645752	9.72444899904671
103	(0.9771033458662948-2.1630975424768457j)	0.32660412788391113	9.819776930409914
104	(0.9528610458141262-2.169232834266336j)	0.3821890354156494	9.915104861773116
105	(0.9283695892775253-2.1765370887339346j)	0.410297155380249	10.010432793136319
106	(0.9034417690338397-2.18233299459104j)	0.3229238986968994	10.105760724499522
107	(0.878070287445401-2.187673896525274j)	0.3023681640625	10.201088655862725
108	(0.8531673454090716-2.1939780683505354j)	0.34035825729370117	10.296416587225927
109	(0.8281321913433175-2.2000003932291006j)	0.3324012756347656	10.391744518589132
110	(0.7780324882061451-2.2101928116224636j)	0.3032529354095459	10.487072449952334
111	(0.7519924569110827-2.215049651440958j)	0.32542896270751953	10.582400381315537
112	(0.7258863033509806-2.219535056444036j)	0.31591320037841797	10.67772831267874
113	(0.7009667249411617-2.2239282008334293j)	0.33540797233581543	10.773056244041943
114	(0.6752493088893607-2.2270934408339293j)	0.32819509506225586	10.868384175405145
115	(0.6491125687391909-2.231164630519901j)	0.33257102966308594	10.96371210676835
116	(0.6228991078965211-2.234457467199137j)	0.31404805183410645	11.059040038131553
117	(0.5972854673571681-2.2378544802623583j)	0.3354151248931885	11.154367969494755
118	(0.5711157573444869-2.2403568840640267j)	0.3199491500854492	11.249695900857958
119	(0.543676491849018-2.2435261666622903j)	0.3103501796722412	11.34502383222116
120	(0.5181619353290103-2.2455074653935028j)	0.35843515396118164	11.440351763584365
121	(0.49265595938367357-2.247599828668388j)	0.33667874336242676	11.535679694947568
122	(0.46596536068732786-2.249276326347812j)	0.30925488471984863	11.63100762631077
123	(0.4395003830111863-2.2503672638256473j)	0.3073151111602783	11.726335557673973
124	(0.4127841372954384-2.252329457130187j)	0.3501749038696289	11.821663489037176
125	(0.3864216989088519-2.25294839964017j)	0.31864285469055176	11.916991420400379
126	(0.3601124757761309-2.2535551018896336j)	0.32437705993652344	12.012319351763583
127	(0.33304696484889096-2.2534895283867145j)	0.3367607593536377	12.107647283126786
128	(0.3068970623111822-2.25418289354927j)	0.31593918800354004	12.202975214489989
129	(0.2795148198356766-2.254056477127716j)	0.3138570785522461	12.298303145853192
130	(0.2535468113929482-2.2531202912472095j)	0.3416922092437744	12.393631077216394
131	(0.2258909025342709-2.25264369809819j)	0.3216109275817871	12.488959008579599
132	(0.1997860912004179-2.25159561531732j)	0.3558502197265625	12.584286939942801
133	(0.17298413373137933-2.2504648730153534j)	0.32216811180114746	12.679614871306004
134	(0.14612210034754336-2.2486553360309127j)	0.3234868049621582	12.774942802669207
135	(0.11908893804114673-2.2469414082677623j)	0.3295290470123291	12.87027073403241
136	(0.09245314221996948-2.2445847975917195j)	0.31191086769104004	12.965598665395612
137	(0.0656103457872721-2.2426476056480835j)	0.33789706230163574	13.060926596758817
138	(0.03881196481959459-2.239039833417568j)	0.34351515769958496	13.15625452812202
139	(0.01211636402280969-2.2365266587033594j)	0.32968997955322266	13.251582459485222
140	(-0.014844676736645468-2.233311270873837j)	0.3270087242126465	13.346910390848425
141	(-0.041154562013441476-2.229188878602001j)	0.31595516204833984	13.442238322211628
142	(-0.0683961707282903-2.225663564568495j)	0.33231210708618164	13.537566253574832
143	(-0.09493802108127092-2.2215379648552718j)	0.327725887298584	13.632894184938035
144	(-0.12157742955599637-2.217589365368431j)	0.30996108055114746	13.728222116301238
145	(-0.14800941346842889-2.21218008029588j)	0.33290529251098633	13.82355004766444
146	(-0.17493473347133437-2.2075169865936806j)	0.3150899410247803	13.918877979027643
147	(-0.20172324510287876-2.2022062946497614j)	0.31949305534362793	14.014205910390846
148	(-0.22768935993234596-2.197066127141359j)	0.3101072311401367	14.10953384175405
149	(-0.2541788829137852-2.1910436362387276j)	0.3238699436187744	14.204861773117253
150	(-0.28134568496800694-2.1849282594103463j)	0.32148313522338867	14.300189704480456
151	(-0.3076414327710074-2.178673818520416j)	0.3243117332458496	14.395517635843659
152	(-0.333714733079266-2.17215864771673j)	0.329578161239624	14.490845567206861
153	(-0.35984394302807865-2.1649396877048366j)	0.3212862014770508	14.586173498570064
154	(-0.38612471573190876-2.15740898030014j)	0.310931921005249	14.681501429933268
155	(-0.4122548479777284-2.1502236203864835j)	0.3372690677642822	14.776829361296471
156	(-0.4380938724530167-2.1423140886491914j)	0.3247799873352051	14.872157292659674
157	(-0.46414890329330216-2.134323003040901j)	0.33071184158325195	14.967485224022877
158	(-0.4904454340703789-2.1258512087412305j)	0.3218109607696533	15.06281315538608
159	(-0.5160976705129346-2.1174627479648724j)	0.3241090774536133	15.158141086749284
160	(-0.5416405960453186-2.1085758300447592j)	0.35549306869506836	15.253469018112487
161	(-0.5673180871984598-2.099552943480533j)	0.31388115882873535	15.34879694947569
162	(-0.5931928330253263-2.0901773860451263j)	0.32017087936401367	15.444124880838892
163	(-0.6180702728797469-2.0805108958690397j)	0.3127610683441162	15.539452812202095
164	(-0.6434790089666546-2.070665409374832j)	0.31909704208374023	15.634780743565297
165	(-0.6687210595141123-2.0598994543509286j)	0.3233370780944824	15.730108674928502
166	(-0.6940970019020204-2.050095529039887j)	0.3416459560394287	15.825436606291705
167	(-0.7191428704512198-2.039326800213962j)	0.31716084480285645	15.920764537654907
168	(-0.7434421125227316-2.0282024160958434j)	0.3261110782623291	16.016092469018112
169	(-0.7687077020859975-2.016530094031811j)	0.3231639862060547	16.111420400381316
170	(-0.7932047966148508-2.005548712585382j)	0.3136460781097412	16.206748331744517
171	(-0.817751857126984-1.9936885788311076j)	0.3264808654785156	16.302076263107722
172	(-0.841635766917422-1.9813205803604514j)	0.3184511661529541	16.397404194470923
173	(-0.866391501981168-1.9689501336063677j)	0.31770896911621094	16.492732125834127
174	(-0.8903756375648203-1.9565925384439136j)	0.3260989189147949	16.588060057197332
175	(-0.9144248009076807-1.9438864812943484j)	0.43425583839416504	16.683387988560533
176	(-0.937957464289864-1.9303701614347153j)	0.3130500316619873	16.778715919923737
177	(-0.9618729003581654-1.9174435953935585j)	0.31020307540893555	16.874043851286938
178	(-0.9854768969703711-1.903786044370737j)	0.33516597747802734	16.969371782650143
179	(-1.0083296150380414-1.8902145461951458j)	0.31734299659729004	17.064699714013347
180	(-1.0319234618611002-1.8756865056375451j)	0.32362794876098633	17.160027645376548
181	(-1.0546457744487436-1.8617501028353323j)	0.3166007995605469	17.255355576739753
182	(-1.0780222916594975-1.8472243407347062j)	0.3081021308898926	17.350683508102954
183	(-1.1001347370091192-1.8322399749825995j)	0.32503485679626465	17.446011439466158
184	(-1.1230676516470486-1.8171102277811733j)	0.31033897399902344	17.541339370829363
185	(-1.1449872083206798-1.8021197226642198j)	0.3297731876373291	17.636667302192564
186	(-1.16732466180156-1.7864495792318202j)	0.32619690895080566	17.731995233555768
187	(-1.189365110458667-1.770918799614517j)	0.3374500274658203	17.82732316491897
188	(-1.211292881891243-1.7545840344739103j)	0.3276050090789795	17.922651096282173
189	(-1.2331285769882725-1.7384321071044162j)	0.32697272300720215	18.017979027645374
190	(-1.2542421964309438-1.7222476263855806j)	0.3029031753540039	18.11330695900858
191	(-1.275670589566709-1.7052263422433773j)	0.3264749050140381	18.208634890371783
192	(-1.296838884262201-1.68798735470954j)	0.3281271457672119	18.303962821734984
193	(-1.3174861048482123-1.6708810258649747j)	0.3369579315185547	18.39929075309819
194	(-1.3378732732432235-1.6537741055074182j)	0.31644201278686523	18.49461868446139
195	(-1.3586422125947268-1.6364139654852523j)	0.3317420482635498	18.589946615824594
196	(-1.3787494832422105-1.6181820575709174j)	0.3320353031158447	18.6852745471878
197	(-1.3991712885226415-1.6008650989803137j)	0.35495805740356445	18.780602478551
198	(-1.4184243450377583-1.5821433749183318j)	0.3161642551422119	18.875930409914204
199	(-1.438181981857379-1.563985777077019j)	0.3285529613494873	18.971258341277405
200	(-1.4579391966267037-1.5457189388553034j)	0.3434162139892578	19.06658627264061
201	(-1.4770585009066868-1.5267711984612806j)	0.3306279182434082	19.161914204003814
202	(-1.496019141763596-1.5075789398434232j)	0.3123021125793457	19.257242135367015
203	(-1.5147622107369458-1.488341131462069j)	0.3320581912994385	19.35257006673022
204	(-1.5334909692909477-1.4687571088569125j)	0.30756688117980957	19.44789799809342
205	(-1.5514423125768662-1.4491792383972224j)	0.3084290027618408	19.543225929456625
206	(-1.5694302654606125-1.4296088578583468j)	0.31189608573913574	19.63855386081983
207	(-1.5872357462625957-1.4090316227114186j)	0.31121301651000977	19.73388179218303
208	(-1.6050277065313017-1.3893081694270064j)	0.30434298515319824	19.829209723546235
209	(-1.6223496551786298-1.3688498759507663j)	0.31423497200012207	19.924537654909436
210	(-1.6395959672192408-1.3483927071073796j)	0.31884074211120605	20.01986558627264
211	(-1.656255735713862-1.3272474789785083j)	0.32326602935791016	20.11519351763584
212	(-1.6728248320214858-1.3066273155671788j)	0.3191189765930176	20.210521448999046
213	(-1.6893014258893293-1.285702871269348j)	0.3489341735839844	20.30584938036225
214	(-1.7048915916534706-1.264205842589514j)	0.30185508728027344	20.40117731172545
215	(-1.72119411385568-1.24279108229445j)	0.31282711029052734	20.496505243088656
216	(-1.7368001017605472-1.2211316333374975j)	0.32574892044067383	20.591833174451857
217	(-1.7520324840565804-1.1998119203777786j)	0.3414902687072754	20.68716110581506
218	(-1.76693822291386-1.177355477644738j)	0.31040310859680176	20.782489037178266
219	(-1.7819018514085445-1.155531910879085j)	0.33170366287231445	20.877816968541467
220	(-1.7967047171977262-1.1332146035515203j)	0.304379940032959	20.97314489990467
221	(-1.8104968135478048-1.1110898145655816j)	0.3093559741973877	21.068472831267872
222	(-1.8248243542552811-1.0883352665949344j)	0.314802885055542	21.163800762631077
223	(-1.838436029406687-1.0655431068534282j)	0.32572007179260254	21.25912869399428
224	(-1.852163317229015-1.0431229528598558j)	0.30740809440612793	21.354456625357482
225	(-1.8651851358793436-1.0203674167181913j)	0.32333993911743164	21.449784556720687
226	(-1.8783477296866875-0.9969247132017282j)	0.33239197731018066	21.545112488083888
227	(-1.8906727352089652-0.9734445337180835j)	0.3282351493835449	21.640440419447092
228	(-1.9033100340606284-0.9505445586524439j)	0.3354320526123047	21.735768350810293
229	(-1.9151924209780697-0.9267264363085784j)	0.3456590175628662	21.831096282173498
230	(-1.9262765685714789-0.9035513240248326j)	0.30097317695617676	21.926424213536702
231	(-1.9389281317355946-0.879252180588418j)	0.33989405632019043	22.021752144899903
232	(-1.9500626137407018-0.8556321063357079j)	0.3234989643096924	22.117080076263107
233	(-1.960872370386649-0.8316684392689742j)	0.3374619483947754	22.21240800762631
234	(-1.9713014630735486-0.8073618959169928j)	0.3206808567047119	22.307735938989513
235	(-1.9823080714958383-0.7834336298409742j)	0.32747316360473633	22.403063870352717
236	(-1.9918563356560357-0.7592166466789183j)	0.3322300910949707	22.49839180171592
237	(-2.002047822752826-0.7347843720413558j)	0.3264601230621338	22.593719733079123
238	(-2.0110383686370734-0.7102776843115965j)	0.3142051696777344	22.689047664442324
239	(-2.020771349595547-0.6858259891603884j)	0.3140580654144287	22.78437559580553
240	(-2.029526342827289-0.6611506530700892j)	0.3258850574493408	22.879703527168733
241	(-2.0379815389965925-0.6363558337092688j)	0.3245580196380615	22.975031458531934
242	(-2.0467954277327514-0.6111589877296298j)	0.2982311248779297	23.07035938989514
243	(-2.0546454949022994-0.5864831950440565j)	0.3265061378479004	23.16568732125834
244	(-2.062567545613752-0.5616738881197466j)	0.30197906494140625	23.261015252621544
245	(-2.0695506616628268-0.5362295599996224j)	0.32172083854675293	23.356343183984748
246	(-2.0772629371948135-0.5112037613791588j)	0.3277719020843506	23.45167111534795
247	(-2.083943628494932-0.48593477524586537j)	0.3211069107055664	23.546999046711154
248	(-2.090336315043815-0.46099963934609733j)	0.30592823028564453	23.642326978074355
249	(-2.0965664818367804-0.43502492410583615j)	0.33614182472229004	23.73765490943756
250	(-2.102631684091985-0.409975065074319j)	0.3250610828399658	23.83298284080076
251	(-2.1084067759138136-0.3842121690202325j)	0.31264376640319824	23.928310772163965
252	(-2.1138792190975386-0.3587648001118777j)	0.335369348526001	24.02363870352717
253	(-2.1186903600177587-0.333299639391587j)	0.3179919719696045	24.11896663489037
254	(-2.123563553176744-0.3080567666804227j)	0.3227508068084717	24.214294566253574
255	(-2.1278283581590243-0.28195411325229747j)	0.3302900791168213	24.309622497616775
256	(-2.131902650603686-0.2562547011100227j)	0.3108048439025879	24.40495042897998
257	(-2.1357080500764143-0.23077695752532879j)	0.317141056060791	24.500278360343184
258	(-2.1393545775871243-0.20477465239305537j)	0.3222217559814453	24.595606291706385
259	(-2.1424136005480006-0.17938569870011245j)	0.33304905891418457	24.69093422306959
260	(-2.1451840518443994-0.15342253543167383j)	0.31148695945739746	24.78626215443279
261	(-2.147774953435805-0.1279914169712859j)	0.32743096351623535	24.881590085795995
262	(-2.1504151304614254-0.10167270648723903j)	0.32414937019348145	24.9769180171592
263	(-2.1519003784006925-0.07610389496540448j)	0.31481194496154785	25.0722459485224
264	(-2.1536631101246777-0.05009338433008148j)	0.3111391067504883	25.167573879885605
265	(-2.154908623577631-0.023994363614933123j)	0.31070518493652344	25.262901811248806
266	(-2.1563618651704526+0.0015639726954540523j)	0.3354330062866211	25.35822974261201
267	(-2.156659047084563+0.02750368583120666j)	0.30971789360046387	25.45355767397521
268	(-2.1570932925815782+0.05327184508758298j)	0.32225894927978516	25.548885605338416
269	(-2.1576014947209092+0.0793762604421342j)	0.32248902320861816	25.64421353670162
270	(-2.1573874880338195+0.10500331628405024j)	0.3223841190338135	25.73954146806482
271	(-2.1565319764359168+0.13092535492688306j)	0.3253018856048584	25.834869399428026
272	(-2.1555359511057084+0.15678356955600425j)	0.31141090393066406	25.930197330791227
273	(-2.154747579751444+0.18263502683378408j)	0.3353261947631836	26.02552526215443
274	(-2.152825452837435+0.2082997541442999j)	0.34506916999816895	26.120853193517636
275	(-2.1514238534592556+0.23384831136700812j)	0.3038609027862549	26.216181124880837
276	(-2.1490017323840918+0.25992168209421784j)	0.30492687225341797	26.31150905624404
277	(-2.146864191163256+0.28519608096321186j)	0.3215010166168213	26.406836987607242
278	(-2.144223072509127+0.3110356303205213j)	0.34214186668395996	26.502164918970447
279	(-2.1409993069957736+0.3366942673155932j)	0.31308913230895996	26.59749285033365
280	(-2.137840986430033+0.36240208987737704j)	0.33190393447875977	26.692820781696852
281	(-2.1343642843051596+0.38757604732163514j)	0.32001805305480957	26.788148713060057
282	(-2.130634002110125+0.4130913131545j)	0.31845998764038086	26.883476644423258
283	(-2.125894204516483+0.43830036396400723j)	0.32505130767822266	26.978804575786462
284	(-2.12174647979173+0.4639208698426422j)	0.32721781730651855	27.074132507149667
285	(-2.116871006440984+0.4890161066117796j)	0.3131887912750244	27.169460438512868
286	(-2.112094710506789+0.5141259087434178j)	0.311107873916626	27.264788369876072
287	(-2.1061093157875375+0.5394317516298893j)	0.3478047847747803	27.360116301239273
288	(-2.1006039804890726+0.5643581586612811j)	0.32318687438964844	27.455444232602478
289	(-2.0946821234772566+0.5895089996188174j)	0.3093903064727783	27.55077216396568
290	(-2.0886104801820897+0.6140727060970017j)	0.3168489933013916	27.646100095328883
291	(-2.0815266282512037+0.6392137445727222j)	0.3164210319519043	27.741428026692088
292	(-2.074548930775181+0.6637855425830517j)	0.31543898582458496	27.83675595805529
293	(-2.0677536364388533+0.6884619663599947j)	0.3112342357635498	27.932083889418493
294	(-2.0597382472315875+0.712698954986777j)	0.3150057792663574	28.027411820781694
295	(-2.0519430541680523+0.7373158854351161j)	0.31161069869995117	28.1227397521449
296	(-2.0439421711438404+0.7618720655819944j)	0.32504892349243164	28.218067683508103
297	(-2.035581595654989+0.7856232483642984j)	0.3392660617828369	28.313395614871304
298	(-2.026825007936097+0.8100695275408298j)	0.31261205673217773	28.40872354623451
299	(-2.017969846826591+0.8339620717556402j)	0.3167898654937744	28.50405147759771
300	(-2.008857380706966+0.8581805603445123j)	0.31052327156066895	28.599379408960914
301	(-1.999404865887204+0.8815041283668212j)	0.3178701400756836	28.69470734032412
302	(-1.9894140220149152+0.9053619747858863j)	0.3153829574584961	28.79003527168732
303	(-1.9789948688595962+0.9288932599647j)	0.3175468444824219	28.885363203050524
304	(-1.9692159293049258+0.9522427235122957j)	0.31997013092041016	28.980691134413725
305	(-1.9581279091765458+0.9754426751846437j)	0.30519604682922363	29.07601906577693
306	(-1.9473291296944433+0.998542419717563j)	0.31456708908081055	29.17134699714013
307	(-1.9363710178963676+1.0218886777751346j)	0.32471203804016113	29.266674928503335
308	(-1.924770060812338+1.04455581547727j)	0.3114659786224365	29.36200285986654
309	(-1.912799016204798+1.0673381379367293j)	0.32469892501831055	29.45733079122974
310	(-1.9007322607246862+1.0898679842155834j)	0.3140380382537842	29.552658722592945
311	(-1.8884178924263435+1.1126537166618675j)	0.3354663848876953	29.647986653956146
312	(-1.8758716812464764+1.1344869041460548j)	0.3068420886993408	29.74331458531935
313	(-1.8628276177222929+1.1570029533349915j)	0.3194911479949951	29.838642516682555
314	(-1.8497711705530504+1.1785467007732378j)	0.3141310214996338	29.933970448045756
315	(-1.836568555707804+1.2006568421245984j)	0.31247997283935547	30.02929837940896
316	(-1.8228590336218713+1.222097212308978j)	0.313568115234375	30.12462631077216
317	(-1.8090615299704769+1.2436631730823284j)	0.3102889060974121	30.219954242135366
318	(-1.7946379336919467+1.2645717857027663j)	0.3182988166809082	30.31528217349857
319	(-1.7805050134896612+1.2858756436863887j)	0.32202887535095215	30.41061010486177
320	(-1.765899026821892+1.3067283850853455j)	0.3145298957824707	30.505938036224975
321	(-1.750773712744463+1.3274151343284777j)	0.3367018699645996	30.601265967588176
322	(-1.7358391861545008+1.3484627986736109j)	0.32648396492004395	30.69659389895138
323	(-1.7201952405140735+1.3686898320165055j)	0.3368339538574219	30.791921830314585
324	(-1.7048424943481788+1.38894459506218j)	0.3205728530883789	30.887249761677786
325	(-1.6884837992144408+1.408749977737302j)	0.33075785636901855	30.98257769304099
326	(-1.6726030864089743+1.4287764709720574j)	0.31371212005615234	31.077905624404192
327	(-1.656160959219019+1.4485228918752258j)	0.32503485679626465	31.173233555767396
328	(-1.639814377877457+1.4676004697233478j)	0.32575106620788574	31.268561487130597
329	(-1.6225579119255704+1.4869790610371285j)	0.3145179748535156	31.3638894184938
330	(-1.6056333446472402+1.50637811650983j)	0.3195638656616211	31.459217349857006
331	(-1.5883844984144184+1.5248984821054974j)	0.33688998222351074	31.554545281220207
332	(-1.5709395401994346+1.5432173386292807j)	0.30373406410217285	31.64987321258341
333	(-1.553100609927746+1.5619136693560018j)	0.3054490089416504	31.745201143946613
334	(-1.5349746145693264+1.5800919500934454j)	0.317767858505249	31.840529075309817
335	(-1.5169336774400206+1.5982057678904842j)	0.3248100280761719	31.93585700667302
336	(-1.4982352137621562+1.61564987233443j)	0.3284587860107422	32.03118493803622
337	(-1.479990674580816+1.6332232712439194j)	0.3173410892486572	32.12651286939942
338	(-1.4610619427643317+1.6508285087501873j)	0.3181188106536865	32.22184080076263
339	(-1.4423379691453935+1.6677630963487688j)	0.3058309555053711	32.31716873212583
340	(-1.4228583503298855+1.6845205955833717j)	0.3095841407775879	32.41249666348903
341	(-1.403277581339359+1.7010165195694893j)	0.3183481693267822	32.50782459485224
342	(-1.3839069914296909+1.7178501724968718j)	0.3127591609954834	32.60315252621544
343	(-1.3640496309761343+1.7337011415154806j)	0.31225109100341797	32.69848045757864
344	(-1.3440432787497332+1.7496182067625936j)	0.32361888885498047	32.79380838894184
345	(-1.3234749093073765+1.7652898978461853j)	0.30597519874572754	32.88913632030505
346	(-1.3035565518576686+1.7808903063228203j)	0.31255030632019043	32.98446425166825
347	(-1.2828562938629395+1.796253583802207j)	0.3271920680999756	33.07979218303145
348	(-1.2621010302138846+1.8106879806521579j)	0.31029415130615234	33.17512011439466
349	(-1.2408578426741697+1.825744500414291j)	0.3343369960784912	33.27044804575786
350	(-1.2200590500691837+1.840098611140819j)	0.31945109367370605	33.36577597712106
351	(-1.198741404961279+1.8542893000757674j)	0.31151604652404785	33.46110390848427
352	(-1.1770662232106481+1.867936780933703j)	0.30439281463623047	33.55643183984747
353	(-1.155470638191703+1.882025920008856j)	0.32796382904052734	33.65175977121067
354	(-1.1337635722944244+1.8952400291951879j)	0.3324463367462158	33.74708770257387
355	(-1.1120183193947168+1.9084251665213872j)	0.3163139820098877	33.84241563393708
356	(-1.0897575496756624+1.921283488773576j)	0.32225584983825684	33.93774356530028
357	(-1.0671704733496217+1.9340258498782323j)	0.31290411949157715	34.03307149666348
358	(-1.0450620035467328+1.9462887870225531j)	0.3112959861755371	34.12839942802669
359	(-1.0222594850551006+1.9584227063342268j)	0.31917309761047363	34.22372735938989
360	(-0.9999222277486088+1.970717558414161j)	0.30951786041259766	34.31905529075309
361	(-0.9769135836934211+1.981553407031208j)	0.3100459575653076	34.41438322211629
362	(-0.9537727918984745+1.99323285769229j)	0.32085204124450684	34.5097111534795
363	(-0.9307032533512104+2.003876118113682j)	0.31687498092651367	34.6050390848427
364	(-0.9074121023552011+2.015045138363059j)	0.308121919631958	34.7003670162059
365	(-0.8837460660205682+2.3330571970964615j)	0.3145570755004883	34.79569494756911
366	(-0.8608726902469843+2.0355903835574907j)	0.30281496047973633	34.89102287893231
367	(-0.8371366607672738+2.045504664746525j)	0.31579113006591797	34.98635081029551
368	(-0.8131666501705083+2.055039732718771j)	0.30786609649658203	35.08167874165872
369	(-0.7892343244401278+2.0646729067021594j)	0.31589698791503906	35.17700667302192
370	(-0.7655491481462487+2.0734022284798113j)	0.310089111328125	35.27233460438512
371	(-0.7412020441945577+2.08235751019444j)	0.31517887115478516	35.36766253574832
372	(-0.7169190726022207+2.0904851850872523j)	0.3134779930114746	35.46299046711153
373	(-0.6928198749798073+2.0992525596209295j)	0.31148719787597656	35.55831839847473
374	(-0.6681327473742308+2.1071656138136774j)	0.3174736499786377	35.65364632983793
375	(-0.6438478820013568+2.114521570836891j)	0.3106720447540283	35.74897426120114
376	(-0.6190182370919405+2.1218883451151216j)	0.3041539192199707	35.84430219256434
377	(-0.5947932196052296+2.1289985503610165j)	0.30668020248413086	35.93963012392754
378	(-0.5697869801785972+2.1356595957231765j)	0.3157079219818115	36.034958055290744
379	(-0.545094418305529+2.1418802340906944j)	0.31737613677978516	36.13028598665395
380	(-0.519880256336764+2.1484467574447934j)	0.30835390090942383	36.22561391801715
381	(-0.4952319709791756+2.154212829627434j)	0.3426980972290039	36.320941849380354
382	(-0.4702396651579947+2.1595609987177977j)	0.3837089538574219	36.41626978074356
383	(-0.4448098455140515+2.1647767644373377j)	0.3329453468322754	36.51159771210676
384	(-0.41971718809376535+2.1702550350125116j)	0.30858898162841797	36.606925643469964
385	(-0.39449167452544165+2.1746737592077796j)	0.3305020332336426	36.70225357483317
386	(-0.3693256847353651+2.1790061966996546j)	0.30611300468444824	36.79758150619637
387	(-0.3436600668049957+2.183371027919081j)	0.31198906898498535	36.892909437559574
388	(-0.3184252306544428+2.187037502338583j)	0.3040120601654053	36.988237368922775
389	(-0.2928567008805132+2.1905497199322386j)	0.314497709274292	37.08356530028598
390	(-0.2674880709970315+2.193412413754629j)	0.3040292263031006	37.178893231649184
391	(-0.2416727003342537+2.196553459805606j)	0.3137338161468506	37.274221163012385
392	(-0.2163275973054556+2.199080739932953j)	0.30370378494262695	37.36954909437559
393	(-0.1907311057986468+2.201502515549309j)	0.30710673332214355	37.464877025738794
394	(-0.16496724281642483+2.2030836812872137j)	0.3254120349884033	37.560204957101995
395	(-0.13929755140513142+2.205104884692518j)	0.3078930377960205	37.655532888465196
396	(-0.1136464436069517+2.206382489708741j)	0.32137203216552734	37.750860819828404
397	(-0.08818019979594915+2.207138469955055j)	0.33002591133117676	37.846188751191605
398	(-0.06209833321121633+2.2082536793095873j)	0.3263888359069824	37.941516682554806
399	(-0.03658626807621723+2.2086563070169793j)	0.3338780403137207	38.036844613918014
400	(-0.010689031184626219+2.2088503997544344j)	0.30722975730895996	38.132172545281215
401	(0.014791580530015613+2.2084899103847j)	0.3494381904602051	38.227500476644416
402	(0.04079778754710989+2.2082613822377004j)	0.3327012062072754	38.322828408007624
403	(0.06649348242355047+2.20747627831523j)	0.3179750442504883	38.418156339370825
404	(0.09206682548245554+2.2065608161357044j)	0.31114888191223145	38.513484270734025
405	(0.11774536892242699+2.20513659260385j)	0.31572604179382324	38.608812202097226
406	(0.14365688459735731+2.203389216804927j)	0.3163001537322998	38.704140133460434
407	(0.16910201864126667+2.2016503567754344j)	0.3107280731201172	38.799468064823635
408	(0.19465853826791712+2.199196574664724j)	0.3138411045074463	38.894795996186836
409	(0.22048138690779162+2.1965185682917943j)	0.3114449977874756	38.990123927550044
410	(0.24638647175610429+2.1936002531153296j)	0.31456780433654785	39.085451858913245
411	(0.27183168702638866+2.190744684822359j)	0.31911706924438477	39.180779790276446
412	(0.2970375245902427+2.186981669649925j)	0.3073081970214844	39.276107721639654
413	(0.32267990391172335+2.1832679191000373j)	0.30759286880493164	39.371435653002855
414	(0.3483389545779485+2.1789555023788143j)	0.3104100227355957	39.466763584366056
415	(0.37355630226044084+2.175066479270317j)	0.3055291175842285	39.56209151572926
416	(0.3989406599148453+2.1700951975963956j)	0.31037116050720215	39.657419447092465
417	(-0.031536007513632947+4.180108735564152j)	0.3189220428466797	39.752747378455666
418	(0.44973855649397804+2.159907714217879j)	0.30774688720703125	39.84807530981887
419	(0.4745717256722919+2.1543352114433274j)	0.3095991611480713	39.943403241182075
420	(0.49977501663246515+2.1484618616383706j)	0.31735920906066895	40.038731172545276
421	(0.5247600024504047+2.142142060441812j)	0.30179500579833984	40.13405910390848
422	(0.5499273368090669+2.1360488055409883j)	0.30838608741760254	40.22938703527168
423	(0.5746797409857819+2.129137872844994j)	0.33690595626831055	40.324714966634886
424	(0.5516544631922343+2.3071331944290714j)	0.30560302734375	40.42004289799809
425	(0.6243882910983066+2.1145943533255j)	0.3189108371734619	40.51537082936129
426	(0.6489502536138774+2.106727475331731j)	0.3113117218017578	40.610698760724496
427	(0.6734879124930986+2.099375208864204j)	0.30458498001098633	40.7060266920877
428	(0.6980386311224291+2.091072620477338j)	0.3121941089630127	40.8013546234509
429	(0.7225340999001341+2.0824894475924394j)	0.31938624382019043	40.896682554814106
430	(0.7464202551985532+2.073720498794036j)	0.3170280456542969	40.99201048617731
431	(0.7707494419077585+2.064924638176121j)	0.31581711769104004	41.08733841754051
432	(0.7949513525891976+2.0550443724409915j)	0.3280148506164551	41.18266634890371
433	(0.8189313580848502+2.0457953740316537j)	0.30579566955566406	41.27799428026692
434	(0.8427428157804454+2.035873740708889j)	0.3105051517486572	41.37332221163012
435	(0.866209344590575+2.0258333609094987j)	0.3165249824523926	41.46865014299332
436	(0.8900564711463892+2.014946928629738j)	0.3077890872955322	41.56397807435653
437	(0.9135052300948845+2.0045060855653896j)	0.3162860870361328	41.65930600571973
438	(0.9370904330384671+1.9936642221305085j)	0.32599329948425293	41.75463393708293
439	(0.9598678826699107+1.9821907474395153j)	0.31331896781921387	41.84996186844613
440	(0.9833179908216332+1.970533952272898j)	0.30086708068847656	41.94528979980934
441	(1.0061782081478414+1.9586532003758395j)	0.31354784965515137	42.04061773117254
442	(1.0291456514809227+1.9468781870903897j)	0.30826711654663086	42.13594566253574
443	(1.0515677162669084+1.9342039846345793j)	0.30257582664489746	42.23127359389895
444	(1.0600262383521257+1.9166774168737977j)	0.25773000717163086	42.32660152526215
445	(1.09678345319618+1.9086649377344473j)	0.30422520637512207	42.42192945662535
446	(1.1188023727589345+1.8958306946898467j)	0.31931614875793457	42.51725738798856
447	(1.1409610098742966+1.8820976048116846j)	0.31003522872924805	42.61258531935176
448	(1.162794826109717+1.8684467020336242j)	0.3065059185028076	42.70791325071496
449	(1.184905138610885+1.8545628602844144j)	0.3273661136627197	42.80324118207816
450	(1.2061234146795474+1.8404345375745494j)	0.3159139156341553	42.89856911344137
451	(1.2277099825852933+1.825944640277815j)	0.3078138828277588	42.99389704480457
452	(1.2489913696649146+1.811019218238758j)	0.30396199226379395	43.08922497616777
453	(1.2702689431601835+1.7964607992775012j)	0.31560492515563965	43.18455290753098
454	(1.291046045750826+1.780914220125371j)	0.31610870361328125	43.27988083889418
455	(1.3118358448881708+1.7663218539628187j)	0.30989789962768555	43.37520877025738
456	(1.3325016921189856+1.7497282033152917j)	0.3163750171661377	43.47053670162058
457	(1.352785165950658+1.7341523287027463j)	0.30379271507263184	43.56586463298379
458	(1.3729468345956113+1.717951067134336j)	0.3094151020050049	43.66119256434699
459	(1.392767194251696+1.7014025379000441j)	0.3117177486419678	43.75652049571019
460	(1.4125445326453585+1.6846800121413126j)	0.315366268157959	43.8518484270734
461	(1.4323110107567434+1.6680844216810353j)	0.30860114097595215	43.9471763584366
462	(1.4518111550968185+1.6510509242897988j)	0.31049108505249023	44.0425042897998
463	(1.470913407420689+1.6333433496112892j)	0.31025099754333496	44.13783222116301
464	(1.4899696947483934+1.616106591994427j)	0.30831098556518555	44.23316015252621
465	(1.5088658954274838+1.5982961575946282j)	0.31317806243896484	44.32848808388941
466	(1.5272557152565067+1.5803525857853262j)	0.313647985458374	44.42381601525261
467	(1.5457554099459998+1.562066463168728j)	0.3128378391265869	44.51914394661582
468	(1.563622318738287+1.5435881366583868j)	0.30823397636413574	44.61447187797902
469	(1.5820187711162128+1.5251733258322528j)	0.30954575538635254	44.70979980934222
470	(1.599398373692487+1.5062335974738712j)	0.3132641315460205	44.80512774070543
471	(1.6172853971293615+1.487128544531799j)	0.314892053604126	44.90045567206863
472	(1.6345184268807433+1.4678818085002452j)	0.32190775871276855	44.99578360343183
473	(1.6515563245850264+1.4487393989324673j)	0.30542588233947754	45.09111153479503
474	(1.6682263853409742+1.4287002671957567j)	0.3064000606536865	45.18643946615824
475	(1.6849879454056653+1.409014407834292j)	0.301987886428833	45.28176739752144
476	(1.701488447635165+1.3889246324740858j)	0.3115100860595703	45.37709532888464
477	(1.71739940618587+1.368922779848114j)	0.3183281421661377	45.47242326024785
478	(1.7333450939980453+1.3482288569135183j)	0.31411194801330566	45.56775119161105
479	(1.748926508860076+1.327898001044375j)	0.317889928817749	45.66307912297425
480	(1.7644463546661595+1.3068712384693342j)	0.3074181079864502	45.75840705433746
481	(1.779470304765224+1.2860463703671352j)	0.31204986572265625	45.85373498570066
482	(1.7946055393122786+1.264821182978954j)	0.3057701587677002	45.94906291706386
483	(1.8092704353845606+1.2433535194516137j)	0.30674099922180176	46.044390848427064
484	(1.8238350021330028+1.222264154652783j)	0.31036972999572754	46.13971877979027
485	(1.837769591683152+1.2003282244776063j)	0.30082201957702637	46.23504671115347
486	(1.8516792722530002+1.1785841987255072j)	0.30144309997558594	46.330374642516674
487	(2.195533636088478+0.583853610369494j)	0.3166539669036865	46.42570257387988
488	(1.8788163280940926+1.1346791493881616j)	0.31003618240356445	46.52103050524308
489	(1.8922901664419052+1.1123094003903j)	0.308696985244751	46.61635843660628
490	(1.9048867261951012+1.0897537908726258j)	0.3178679943084717	46.71168636796949
491	(1.9178691717308576+1.067076344742673j)	0.3189678192138672	46.80701429933269
492	(1.929822485827532+1.0442739602422628j)	0.31261205673217773	46.90234223069589
493	(1.941982136295512+1.0215701579061014j)	0.3088681697845459	46.997670162059094
494	(1.9537710341087935+0.9983183926593686j)	0.3111112117767334	47.0929980934223
495	(1.965424109226133+0.9751473203809198j)	0.30853891372680664	47.1883260247855
496	(1.9766043117424859+0.9521106469049554j)	0.30530214309692383	47.283653956148704
497	(1.987483541604294+0.9286942765754647j)	0.3087007999420166	47.37898188751191
498	(1.9985481681400268+0.9048369638799838j)	0.31755805015563965	47.47430981887511
499	(2.008711522767614+0.8813588715093841j)	0.3144519329071045	47.569637750238314
500	(2.0190154612531037+0.8578140529359839j)	0.311568021774292	47.664965681601515
501	(2.028722275192988+0.8336377740501816j)	0.3103518486022949	47.76029361296472
502	(2.0386779359827543+0.8096233636041232j)	0.3031637668609619	47.855621544327924
503	(2.048172653298522+0.7854420260119999j)	0.3021559715270996	47.950949475691125
504	(2.057035674888071+0.7615620430367949j)	0.3181328773498535	48.04627740705433
505	(2.06568707192573+0.7369577317413054j)	0.31107306480407715	48.141605338417534
506	(2.0742367983847525+0.7124907672064442j)	0.3179347515106201	48.236933269780735
507	(2.0825292004752374+0.6878430566053619j)	0.3075981140136719	48.33226120114394
508	(2.090166525748606+0.6633775517718496j)	0.31262803077697754	48.427589132507144
509	(2.097940766826423+0.6384056504591034j)	0.3069641590118408	48.522917063870345
510	(2.1052035234342155+0.6136906615422433j)	0.3102240562438965	48.618244995233546
511	(2.112439647084659+0.5888837842306728j)	0.3039968013763428	48.713572926596754
512	(2.1184077470612825+0.5641381150365472j)	0.3071777820587158	48.808900857959955
513	(2.125375483943861+0.5387261099236461j)	0.33023524284362793	48.904228789323156
514	(2.131632389491094+0.5134879731829667j)	0.3112668991088867	48.999556720686364
515	(2.137524837498904+0.48861582776406154j)	0.3059368133544922	49.094884652049565
516	(2.142859380770339+0.46307377142898076j)	0.30822014808654785	49.190212583412766
517	(2.148343752108365+0.43764206584103926j)	0.31310105323791504	49.28554051477597
518	(2.153368596880076+0.41236814572361746j)	0.31166887283325195	49.380868446139175
519	(2.1578504824959612+0.3871764075205213j)	0.3134469985961914	49.476196377502376
520	(2.162257549442847+0.3614198972600453j)	0.3072218894958496	49.57152430886558
521	(2.1662397694329636+0.33579029509174396j)	0.3235321044921875	49.666852240228785
522	(2.1701329828901024+0.31020076108614136j)	0.3222768306732178	49.762180171591986
523	(2.173496245166918+0.28475703517427464j)	0.3089761734008789	49.85750810295519
524	(2.1767399203183326+0.2590737579863094j)	0.31492018699645996	49.952836034318395
525	(2.1796643332439096+0.2330484767005414j)	0.3122689723968506	50.048163965681596
526	(2.1823162777041767+0.20769162042878497j)	0.31042981147766113	50.1434918970448
527	(2.184516991529031+0.1817509319501216j)	0.3121669292449951	50.238819828408
528	(2.186255942084587+0.15599082034999656j)	0.3090982437133789	50.334147759771206
529	(2.1882294298235787+0.129979999728292j)	0.3046848773956299	50.42947569113441
530	(2.1895367958425402+0.10439094409380956j)	0.30800294876098633	50.52480362249761
531	(2.190524751698105+0.0785350805572873j)	0.30310988426208496	50.620131553860816
532	(2.1910204464657728+0.05254180440425138j)	0.30343008041381836	50.71545948522402
533	(2.191904306360509+0.026725783621560417j)	0.3156609535217285	50.81078741658722
534	(2.1917586110018994+0.0009073808475892342j)	0.3087310791015625	50.90611534795042
535	(2.1915935938527453-0.025163675417696263j)	0.3113999366760254	51.00144327931363
536	(2.1912086405893842-0.05101738920662857j)	0.3046588897705078	51.09677121067683
537	(2.190551035664054-0.07670275838008456j)	0.3035099506378174	51.19209914204003
538	(2.1894202825516857-0.10258397411968478j)	0.30474185943603516	51.28742707340324
539	(2.1878203120245683-0.12836139799634982j)	0.31462812423706055	51.38275500476644
540	(2.1863621157983495-0.15433634833804644j)	0.3074040412902832	51.47808293612964
541	(2.1843748566345242-0.17997807870316818j)	0.31891298294067383	51.573410867492846
542	(2.1822064343621888-0.2056019262624751j)	0.3060910701751709	51.66873879885605
543	(2.1792618856759804-0.2314349687649836j)	0.30742907524108887	51.76406673021925
544	(2.1766547394850195-0.2571502444293541j)	0.3079690933227539	51.85939466158245
545	(2.1734454763202287-0.2829216581440419j)	0.31746912002563477	51.95472259294566
546	(2.170032087448525-0.3081991752296127j)	0.32366394996643066	52.05005052430886
547	(2.166017169041242-0.3341619819939955j)	0.313709020614624	52.14537845567206
548	(2.162017538155567-0.359536384498761j)	0.32762813568115234	52.24070638703527
549	(2.157798443765965-0.3850864242354807j)	0.30539917945861816	52.33603431839847
550	(2.1532297064048-0.4105369036677372j)	0.3058431148529053	52.43136224976167
551	(2.1480051803212428-0.4358546235431008j)	0.3062312602996826	52.52669018112488
552	(2.1426816052459072-0.46122285258092965j)	0.3124361038208008	52.62201811248808
553	(2.1370626404711466-0.4863103518610249j)	0.3076028823852539	52.71734604385128
554	(2.1311159941651012-0.5114672607175889j)	0.30492496490478516	52.81267397521448
555	(2.125023081315991-0.5366266300431106j)	0.3159518241882324	52.90800190657769
556	(2.118645704510056-0.5618757062991512j)	0.3067450523376465	53.00332983794089
557	(2.11200574423144-0.5864444027771599j)	0.3032858371734619	53.09865776930409
558	(2.104760624128138-0.611461424006867j)	0.3104729652404785	53.1939857006673
559	(2.097299131638625-0.6362412413621773j)	0.3056960105895996	53.2893136320305
560	(2.089797304267573-0.6609680080382354j)	0.3249962329864502	53.3846415633937
561	(2.081882958103174-0.6854697220780954j)	0.30568695068359375	53.4799694947569
562	(2.0737169283951453-0.7100659698304674j)	0.32714319229125977	53.57529742612011
563	(2.0650468454556474-0.7346359073921426j)	0.306751012802124	53.67062535748331
564	(2.05664449681121-0.7587704801390849j)	0.31629014015197754	53.76595328884651
565	(2.0472707358336533-0.7829627046049084j)	0.3031277656555176	53.86128122020972
566	(2.0379457755552073-0.8069577551544088j)	0.30144715309143066	53.95660915157292
567	(2.0284344647787798-0.8314207599276084j)	0.30848097801208496	54.05193708293612
568	(2.0184973093045793-0.8548820175298436j)	0.3124392032623291	54.14726501429933
569	(2.0084415373008544-0.8787279514283592j)	0.31270503997802734	54.24259294566253
570	(1.9976113149673003-0.9021918001380212j)	0.30365705490112305	54.33792087702573
571	(1.9871102783371923-0.9258883737790312j)	0.3064701557159424	54.43324880838893
572	(1.9760717468466882-0.9491826035571274j)	0.30437779426574707	54.52857673975214
573	(1.964779177249561-0.9723020928312576j)	0.30783605575561523	54.62390467111534
574	(1.952926789596845-0.9955919531602931j)	0.3064608573913574	54.71923260247854
575	(1.9414001136716834-1.0185773118254242j)	0.30709004402160645	54.81456053384175
576	(1.9292976574356446-1.0414034656214486j)	0.3020131587982178	54.90988846520495
577	(1.9167319168963002-1.0636698845362877j)	0.3373291492462158	55.00521639656815
578	(1.9040825224923963-1.0866228638360134j)	0.30803608894348145	55.10054432793135
579	(1.891033618968196-1.1087321373035774j)	0.31711506843566895	55.19587225929456
580	(1.8782497933146352-1.1311758884525809j)	0.3047940731048584	55.29120019065776
581	(1.864441228654888-1.1530910076891017j)	0.3047339916229248	55.38652812202096
582	(1.8509761526535555-1.17521642698288j)	0.3076479434967041	55.48185605338417
583	(1.8368767633381686-1.1968747967070563j)	0.31795263290405273	55.57718398474737
584	(1.8229790867565294-1.2182840045686851j)	0.3164811134338379	55.67251191611057
585	(1.8082565087788764-1.2397969462053924j)	0.30399107933044434	55.76783984747378
586	(1.7938112615594255-1.2612388939703587j)	0.3126640319824219	55.86316777883698
587	(1.778776605359765-1.2822546559632355j)	0.3150169849395752	55.95849571020018
588	(1.7636241283588685-1.3028110041052265j)	0.3099241256713867	56.05382364156338
589	(1.748081938241781-1.3236818426516663j)	0.31249213218688965	56.14915157292659
590	(1.732304376164102-1.3442441406818255j)	0.3069040775299072	56.24447950428979
591	(1.716687009833805-1.364701405701045j)	0.34154295921325684	56.33980743565299
592	(1.7002815796558495-1.3845646327928542j)	0.30712199211120605	56.4351353670162
593	(1.6839117385860558-1.4046340290099661j)	0.317014217376709	56.5304632983794
594	(1.6671741867962797-1.424562807978756j)	0.3058791160583496	56.6257912297426
595	(1.6506896152840511-1.4440047202198834j)	0.3054330348968506	56.721119161105804
596	(1.633022082289008-1.4632566921044048j)	0.32495784759521484	56.81644709246901
597	(1.6159782834343446-1.4824214890740584j)	0.3176450729370117	56.91177502383221
598	(1.5984491815498572-1.5015870196147358j)	0.3078012466430664	57.007102955195414
599	(1.5806719776181755-1.520245610546152j)	0.31935906410217285	57.10243088655862
600	(1.5627733721971946-1.5387919386582498j)	0.3106389045715332	57.19775881792182
601	(1.5442812238148913-1.5569328746649054j)	0.31880879402160645	57.293086749285024
602	(1.5262782171969198-1.575345200084386j)	0.3042471408843994	57.38841468064823
603	(1.5075220343886733-1.5930317444942315j)	0.3110198974609375	57.48374261201143
604	(1.4888061032284619-1.6105301083515664j)	0.3111090660095215	57.579070543374634
605	(1.4694582492344748-1.62835341837321j)	0.3157072067260742	57.674398474737835
606	(1.4505735955427381-1.6454570761969238j)	0.30950236320495605	57.76972640610104
607	(1.4310206609571812-1.6624457917103475j)	0.30568981170654297	57.865054337464244
608	(1.4113430195884913-1.678920574862385j)	0.30388307571411133	57.960382268827445
609	(1.3914266858882243-1.6957897098160464j)	0.3023669719696045	58.05571020019065
610	(1.371484415410976-1.7119549288684563j)	0.31865596771240234	58.151038131553854
611	(1.3514023703620826-1.7280310264209326j)	0.3149681091308594	58.246366062917055
612	(1.3306834518865172-1.7437095869405388j)	0.3061709403991699	58.341693994280256
613	(1.310338925527906-1.7595427831643131j)	0.3070049285888672	58.437021925643464
614	(1.2894700212140262-1.774869889945946j)	0.30747079849243164	58.532349857006665
615	(1.2687281026788964-1.7897284582129596j)	0.3074829578399658	58.627677788369866
616	(1.247442953763028-1.8046352795889675j)	0.3122529983520508	58.723005719733074
617	(1.0403876239906236-1.7200845944091345j)	0.30398106575012207	58.818333651096275
618	(1.2047330727469763-1.8336882288249978j)	0.31411290168762207	58.913661582459476
619	(1.1830575316016199-1.8474686468479216j)	0.30546116828918457	59.008989513822684
620	(1.1611518115778037-1.8615314807111938j)	0.3076329231262207	59.104317445185885
621	(1.1392874347836095-1.8749063922872573j)	0.31603097915649414	59.199645376549086
622	(1.1173404102350004-1.888497766956317j)	0.31735920906066895	59.29497330791229
623	(1.0948289529966204-1.901095424155507j)	0.30694079399108887	59.390301239275495
624	(1.072442472994258-1.9141404477455675j)	0.309232234954834	59.485629170638695
625	(1.0498067086938552-1.9269042287559377j)	0.30639100074768066	59.580957102001896
626	(1.027159400649586-1.9391150948230347j)	0.3173849582672119	59.676285033365104
627	(1.0042017773778902-1.9509503430917077j)	0.3022956848144531	59.771612964728305
628	(0.9812213213263381-1.9625892504356046j)	0.3059720993041992	59.866940896091506
629	(0.9582519959955599-1.9743657727458754j)	0.31308794021606445	59.962268827454714
630	(0.9348706425556117-1.9853628206718374j)	0.31401801109313965	60.057596758817915
631	(0.9115514005423694-1.9961788355839436j)	0.32201194763183594	60.152924690181116
632	(0.8878221694939968-2.006749928152761j)	0.30901503562927246	60.24825262154432
633	(0.8644302614250303-2.01719989369242j)	0.303652286529541	60.343580552907525
634	(0.8412304818980033-2.02723741076112j)	0.31411218643188477	60.438908484270726
635	(0.8167221107132742-2.036846139895382j)	0.30396413803100586	60.53423641563393
636	(0.7925386335070127-2.046602414569904j)	0.3044469356536865	60.629564346997135
637	(0.7687122314609266-2.0556635850354192j)	0.3139309883117676	60.724892278360336
638	(0.7442987945621863-2.0645830764838444j)	0.295978307723999	60.82022020972354
639	(0.719966804673954-2.0730760231672374j)	0.30875706672668457	60.91554814108674
640	(0.6955605673901085-2.0818413419727992j)	0.31142568588256836	61.010876072449946
641	(0.6711450416080454-2.0896236257045597j)	0.3033580780029297	61.10620400381315
642	(0.6466594415837177-2.097423881938715j)	0.31521177291870117	61.20153193517635
643	(0.6215778588020163-2.1049009655642585j)	0.30692386627197266	61.296859866539556
644	(0.5970512910174766-2.1123085942507163j)	0.3059718608856201	61.39218779790276
645	(0.5720523107691596-2.1190924063560286j)	0.3137519359588623	61.48751572926596
646	(0.5473401414123735-2.1255347791662826j)	0.30756616592407227	61.582843660629166
647	(0.5219589660363463-2.1320295474790716j)	0.30388617515563965	61.67817159199237
648	(0.49710673409511086-2.1379772359374276j)	0.31624603271484375	61.77349952335557
649	(0.47199502630140133-2.1437935073338776j)	0.30611205101013184	61.86882745471877
650	(0.4467408077576367-2.1489278489074906j)	0.3031470775604248	61.96415538608198
651	(0.42134804550926286-2.1543937481641064j)	0.30973386764526367	62.05948331744518
652	(0.3959824791545554-2.159194482875938j)	0.3035907745361328	62.15481124880838
653	(0.370871231956571-2.163727909628096j)	0.3094611167907715	62.25013918017159
654	(0.34508722723342966-2.167822798881894j)	0.3158550262451172	62.34546711153479
655	(0.31972684330618484-2.1719012331485845j)	0.3027000427246094	62.44079504289799
656	(0.29410695015143484-2.175639673129471j)	0.31070399284362793	62.53612297426119
657	(0.26883165880840887-2.1786122806494284j)	0.3175489902496338	62.6314509056244
658	(0.24286739609989405-2.1818795374493836j)	0.3026278018951416	62.7267788369876
659	(0.21723699283008224-2.1845274347699197j)	0.30629897117614746	62.8221067683508
660	(0.19169878815228336-2.1871782958893218j)	0.30381202697753906	62.91743469971401
661	(0.16592297586322635-2.188945455882061j)	0.3108518123626709	63.01276263107721
662	(0.1401053405649083-2.191097172194849j)	0.3104820251464844	63.10809056244041
663	(0.11430139764238478-2.192606527676713j)	0.3119680881500244	63.20341849380362
664	(0.08879556016716517-2.19391245051019j)	0.3058500289916992	63.29874642516682
665	(0.0627941887254585-2.1945251158073735j)	0.3031599521636963	63.39407435653002
666	(0.03701766278967278-2.195197448321622j)	0.31545209884643555	63.48940228789322
667	(0.011134306370009672-2.1957224824429056j)	0.3187689781188965	63.58473021925643
668	(-0.014452892204871226-2.1956052216224795j)	0.3064849376678467	63.68005815061963
669	(-0.04039223764426014-2.1952951071676474j)	0.3039531707763672	63.77538608198283
670	(-0.06629355841689782-2.1946177906408737j)	0.3155982494354248	63.87071401334604
671	(-0.09199137871080726-2.194019114064653j)	0.31295108795166016	63.96604194470924
672	(-0.11770348069380976-2.1924401118726498j)	0.3038959503173828	64.06136987607245
673	(-0.14347170739309034-2.191038846923031j)	0.30337095260620117	64.15669780743565
674	(-0.16945933486491238-2.1891037876938255j)	0.3088560104370117	64.25202573879885
675	(-0.19485235119481886-2.1871582922056017j)	0.3186380863189697	64.34735367016206
676	(-0.22066702320211906-2.1847106734709016j)	0.3036348819732666	64.44268160152527
677	(-0.24628862947353414-2.1818182608816437j)	0.304858922958374	64.53800953288847
678	(-0.27213304087384-2.1789466315026864j)	0.306398868560791	64.63333746425167
679	(-0.29745226075773823-2.1756130645191023j)	0.3032190799713135	64.72866539561487
680	(-0.3229946517131185-2.1720243097572545j)	0.30768704414367676	64.82399332697807
681	(-0.3486344227368122-2.167855907868349j)	0.30448079109191895	64.91932125834127
682	(-0.3741159724958248-2.1639748887498977j)	0.3016357421875	65.01464918970449
683	(-0.3994674289181835-2.1592690563754684j)	0.31563711166381836	65.10997712106769
684	(-0.42454226310596116-2.154432416052514j)	0.30356311798095703	65.20530505243089
685	(-0.4502478354522571-2.1493046662933657j)	0.3034849166870117	65.30063298379409
686	(-0.47524259329481605-2.143933822689676j)	0.3050417900085449	65.39596091515729
687	(-0.500493805115714-2.1383144158254987j)	0.32434797286987305	65.49128884652049
688	(-0.525425902880475-2.132007312818924j)	0.3192410469055176	65.58661677788369
689	(-0.5506945972008747-2.1258040864280177j)	0.3125779628753662	65.6819447092469
690	(-0.5757257021972252-2.119377563169415j)	0.3155648708343506	65.77727264061011
691	(-0.6002847361487595-2.112517681863632j)	0.30584716796875	65.87260057197331
692	(-0.6252403611585664-2.1049994335178392j)	0.30628466606140137	65.96792850333651
693	(-0.649926937973844-2.0978096894168217j)	0.3080770969390869	66.06325643469971
694	(-0.674703055997872-2.089893782739252j)	0.30788612365722656	66.15858436606291
695	(-0.6988145389187618-2.0819223547626264j)	0.30504512786865234	66.25391229742611
696	(-0.7234951923810491-2.073415934741619j)	0.30367207527160645	66.34924022878933
697	(-0.7476986387660965-2.0648426229523973j)	0.30208897590637207	66.44456816015253
698	(-0.77203922419416-2.0561447188418045j)	0.3086690902709961	66.53989609151573
699	(-0.7959020022575013-2.0469796016073802j)	0.29723691940307617	66.63522402287893
700	(-0.8200969926275906-2.0372744133268297j)	0.30649709701538086	66.73055195424213
701	(-0.844007450954592-2.027423392077741j)	0.30586791038513184	66.82587988560533
702	(-0.8677406925083304-2.0176106577979467j)	0.30345702171325684	66.92120781696855
703	(-0.8914013937926948-2.0073062770887398j)	0.31250882148742676	67.01653574833175
704	(-0.9147878550328933-1.9965938165597548j)	0.3035597801208496	67.11186367969495
705	(-0.9385225357605098-1.9856514776458059j)	0.3068079948425293	67.20719161105815
706	(-0.9614092292209793-1.9746275039165773j)	0.3025040626525879	67.30251954242135
707	(-0.9847118737752524-1.9630162706594483j)	0.32512831687927246	67.39784747378455
708	(-1.0076905704317254-1.9512347025381322j)	0.3037750720977783	67.49317540514775
709	(-1.0307673618220945-1.9395293455121727j)	0.3074221611022949	67.58850333651097
710	(-1.0531696915727151-1.9271416790578677j)	0.31278014183044434	67.68383126787417
711	(-1.0760026908083284-1.9147068798026423j)	0.3092019557952881	67.77915919923737
712	(-1.098324219096357-1.9016596738190708j)	0.3115818500518799	67.87448713060057
713	(-1.120549099031538-1.8889940239702183j)	0.308469295501709	67.96981506196377
714	(-1.1426998917866702-1.8755490878884025j)	0.3030850887298584	68.06514299332697
715	(-1.1644945849221024-1.8619927358672572j)	0.3065359592437744	68.16047092469017
716	(-1.1866093470696273-1.8481302043419j)	0.30692005157470703	68.25579885605339
717	(-1.2080923067626546-1.8341795144173867j)	0.30336689949035645	68.35112678741659
718	(-1.229345057438253-1.8198677130721843j)	0.313507080078125	68.44645471877979
719	(-1.2507001591987206-1.8050952999093655j)	0.31242918968200684	68.54178265014299
720	(-1.2721048237571124-1.790429172977976j)	0.30712223052978516	68.63711058150619
721	(-1.292958247919496-1.775351258320438j)	0.3067939281463623	68.7324385128694
722	(-1.3136481352500475-1.7601165133979106j)	0.30429887771606445	68.8277664442326
723	(-1.334263394076438-1.744321411747927j)	0.3099489212036133	68.92309437559581
724	(-1.3547557880039574-1.7287671014326425j)	0.3035159111022949	69.01842230695901
725	(-1.3749694957106924-1.712649838472372j)	0.30182313919067383	69.11375023832221
726	(-1.3948359175776086-1.6963420279906796j)	0.30988192558288574	69.20907816968541
727	(-1.4148500081458686-1.6797446598187815j)	0.3105311393737793	69.30440610104861
728	(-1.4343222244673572-1.663151021023022j)	0.31270313262939453	69.39973403241181
729	(-1.4539372129250712-1.6462307597787125j)	0.31131410598754883	69.49506196377502
730	(-1.4731645803319229-1.6289434787926054j)	0.30096888542175293	69.59038989513823
731	(-1.4922410671805044-1.6115038451625512j)	0.30627012252807617	69.68571782650143
732	(-1.511216708626599-1.5937418008015922j)	0.3158140182495117	69.78104575786463
733	(-1.5295699432678924-1.5761561658167085j)	0.30344700813293457	69.87637368922783
734	(-1.548040018281097-1.5577696593895451j)	0.30164313316345215	69.97170162059103
735	(-1.5661658821210012-1.5395199282067096j)	0.3131871223449707	70.06702955195423
736	(-1.5842091634972169-1.521133089849005j)	0.32155418395996094	70.16235748331745
737	(-1.60180728411415-1.5024156524648344j)	0.31224989891052246	70.25768541468065
738	(-1.6195842533061542-1.4833558030686873j)	0.30403995513916016	70.35301334604385
739	(-1.6368119466322486-1.4641982417608566j)	0.3102729320526123	70.44834127740705
740	(-1.654117191130849-1.4450978843696307j)	0.31453585624694824	70.54366920877025
741	(-1.6706891510404884-1.4254238976402722j)	0.3047771453857422	70.63899714013345
742	(-1.6873240800547542-1.4057711312611352j)	0.3094031810760498	70.73432507149666
743	(-1.7039253062149293-1.38556961607382j)	0.31166720390319824	70.82965300285987
744	(-1.7199989431957898-1.3657711956445724j)	0.30930590629577637	70.92498093422307
745	(-1.7358773816184117-1.345327889150422j)	0.3061089515686035	71.02030886558627
746	(-1.751511381412675-1.3247033162825075j)	0.3029172420501709	71.11563679694947
747	(-1.7672722085833361-1.3041386167563123j)	0.3103749752044678	71.21096472831267
748	(-1.7821867506313631-1.283243649527372j)	0.31673407554626465	71.30629265967588
749	(-1.7969131494950015-1.2620731825295555j)	0.299652099609375	71.40162059103908
750	(-1.811807736879839-1.2408533938932176j)	0.31687402725219727	71.49694852240229
751	(-1.8265245972477595-1.2197700341167843j)	0.30472564697265625	71.59227645376549
752	(-1.8408413356338629-1.1988232378005284j)	0.27443933486938477	71.6876043851287
753	(-1.854448411496886-1.1764873454051923j)	0.3043248653411865	71.7829323164919
754	(-1.8682457789932496-1.1543161253977763j)	0.3071727752685547	71.8782602478551
755	(-1.8817315923259677-1.1325494122047988j)	0.3091249465942383	71.9735881792183
756	(-1.8948679993467192-1.1103025238412874j)	0.31102991104125977	72.0689161105815
757	(-1.907512005805221-1.0878606793051273j)	0.3066399097442627	72.16424404194471
758	(-1.9201868783347165-1.0656134615178467j)	0.3154458999633789	72.25957197330791
759	(-1.9328290646978012-1.0428045520319895j)	0.3060877323150635	72.35489990467111
760	(-1.9449212855280695-1.020164460278228j)	0.30743908882141113	72.45022783603432
761	(-1.9565995762398807-0.9968870569041538j)	0.3040750026702881	72.54555576739752
762	(-1.9681507516115808-0.9738553149187951j)	0.32369399070739746	72.64088369876072
763	(-1.9796870699634175-0.9508100784568215j)	0.30243730545043945	72.73621163012393
764	(-1.9904948297531222-0.9275774599009281j)	0.3045229911804199	72.83153956148713
765	(-2.001315405798331-0.9040671222726238j)	0.3195199966430664	72.92686749285033
766	(-2.0118587347342105-0.8803569753808848j)	0.31310415267944336	73.02219542421354
767	(-2.022231223639237-0.8567185066634214j)	0.3090391159057617	73.11752335557674
768	(-2.031808893489602-0.8328436175284031j)	0.30907583236694336	73.21285128693994
769	(-2.041678512107878-0.8088492009296004j)	0.3093910217285156	73.30817921830314
770	(-2.051057893483018-0.7846759574688326j)	0.3016469478607178	73.40350714966635
771	(-2.060201020825062-0.7607501087031074j)	0.30850791931152344	73.49883508102955
772	(-2.0688309722678677-0.7363308181819381j)	0.30906128883361816	73.59416301239276
773	(-2.077382249116418-0.711960065296929j)	0.3042597770690918	73.68949094375596
774	(-2.085760397931978-0.6873533981211297j)	0.3069779872894287	73.78481887511916
775	(-2.0935459944158725-0.6633069116731876j)	0.304919958114624	73.88014680648236
776	(-2.1011885435097395-0.6381302724121432j)	0.31240391731262207	73.97547473784556
777	(-2.108462852315542-0.6135535790232238j)	0.3036789894104004	74.07080266920877
778	(-2.1156618912114453-0.588724655501767j)	0.3138608932495117	74.16613060057198
779	(-2.1222347833745494-0.5639212977342908j)	0.3066089153289795	74.26145853193518
780	(-2.1286535165457425-0.5388247736003384j)	0.3078908920288086	74.35678646329838
781	(-2.135010725772692-0.513563405711776j)	0.3097269535064697	74.45211439466158
782	(-2.141065066237611-0.4887962542080927j)	0.30614185333251953	74.54744232602478
783	(-2.146426845400092-0.46347004051232743j)	0.3070971965789795	74.64277025738798
784	(-2.1517337024428236-0.4380936294165869j)	0.30547523498535156	74.7380981887512
785	(-2.1569741495346264-0.4127233765541206j)	0.3081951141357422	74.8334261201144
786	(-2.1614864888768337-0.38752315273652926j)	0.3063812255859375	74.9287540514776
787	(-2.165777106733794-0.36207668344802457j)	0.3132450580596924	75.0240819828408
788	(-2.169814063275605-0.3364915068894384j)	0.31229591369628906	75.119409914204
789	(-2.173899705582084-0.3108662600591105j)	0.31209802627563477	75.2147378455672
790	(-2.177252764102085-0.28544948190722413j)	0.3046989440917969	75.3100657769304
791	(-2.180483463668115-0.2599808869807287j)	0.30379319190979004	75.40539370829362
792	(-2.183283298373748-0.23400777169665604j)	0.314669132232666	75.50072163965682
793	(-2.186109777669264-0.20849982095253583j)	0.30679798126220703	75.59604957102002
794	(-2.1882086357641786-0.18267398300847126j)	0.30656981468200684	75.69137750238322
795	(-2.190161449292108-0.1572650274259354j)	0.308013916015625	75.78670543374642
796	(-2.191962502876068-0.13101185670692966j)	0.30453991889953613	75.88203336510962
797	(-2.193346783808651-0.1055166576241362j)	0.31073522567749023	75.97736129647284
798	(-2.1945335690566776-0.07972414681359363j)	0.30957484245300293	76.07268922783604
799	(-2.1947164555315557-0.05384831608289231j)	0.29634785652160645	76.16801715919924
800	(-2.195704927573487-0.02805535162506989j)	0.3053159713745117	76.26334509056244
801	(-2.1958738698288767-0.0021751330911248257j)	0.3056001663208008	76.35867302192564
802	(-2.1957425335510483+0.02344661136281756j)	0.3045628070831299	76.45400095328884
803	(-2.1950734827566007+0.04947031247671374j)	0.30672383308410645	76.54932888465204
804	(-2.194488592439015+0.07519091159608648j)	0.3068861961364746	76.64465681601526
805	(-2.193515262734347+0.10104956307521118j)	0.30869317054748535	76.73998474737846
806	(-2.1921550330334747+0.12690107224000313j)	0.3213789463043213	76.83531267874166
807	(-2.1904468090688147+0.15264499496493245j)	0.3070080280303955	76.93064061010486
808	(-2.188538226790261+0.17835599323531415j)	0.304157018661499	77.02596854146806
809	(-2.186435526043561+0.2039461975712612j)	0.30341410636901855	77.12129647283126
810	(0.31979979707320855+1.1080478492036128j)	0.30953407287597656	77.21662440419446
811	(-2.1808443568944975+0.25534693875981607j)	0.31674814224243164	77.31195233555768
812	(-2.177658122787066+0.281128102942071j)	0.3033149242401123	77.40728026692088
813	(-2.1743461805960265+0.30643874329305154j)	0.31299304962158203	77.50260819828408
814	(-2.170438850604615+0.3320747684061124j)	0.31233978271484375	77.59793612964728
815	(-2.166321574855285+0.3575415050178168j)	0.31578516960144043	77.69326406101048
816	(-2.1621797938180745+0.3831997545519298j)	0.3017690181732178	77.78859199237368
817	(-2.1573419681127506+0.40831261692923293j)	0.3090980052947998	77.88391992373688
818	(-2.15239291877084+0.43367317860804544j)	0.30599021911621094	77.9792478551001
819	(-2.14701916716026+0.45909355822875264j)	0.3140549659729004	78.0745757864633
820	(-2.1417455621556067+0.4842999781589783j)	0.3103048801422119	78.1699037178265
821	(-2.1356655930060056+0.5093073580950488j)	0.3039102554321289	78.2652316491897
822	(-2.1296176579917283+0.53439153244024j)	0.31055688858032227	78.3605595805529
823	(-2.1231238536940524+0.559636065665059j)	0.3088550567626953	78.4558875119161
824	(-2.116522357458465+0.5843171376057563j)	0.3081939220428467	78.55121544327932
825	(-2.109493200747173+0.6090893214593672j)	0.3107621669769287	78.64654337464252
826	(-2.1022337211958932+0.6339503201667799j)	0.3156571388244629	78.74187130600572
827	(-2.0945682410831683+0.6587585646400733j)	0.3129761219024658	78.83719923736892
828	(-2.086741094409009+0.6832407176047388j)	0.3097200393676758	78.93252716873212
829	(-2.078516158829092+0.7076774762644635j)	0.30991220474243164	79.02785510009532
830	(-2.0697811706889375+0.7322042261636507j)	0.30855393409729004	79.12318303145852
831	(-2.061321396841006+0.7564774726968986j)	0.3041551113128662	79.21851096282174
832	(-2.0522036479928287+0.7806670244829325j)	0.3060920238494873	79.31383889418494
833	(-2.0427582881073354+0.8043789224051544j)	0.3057210445404053	79.40916682554814
834	(-2.0331345124257076+0.8286943851878701j)	0.3162209987640381	79.50449475691134
835	(-2.0233555945833626+0.852483008272265j)	0.30292391777038574	79.59982268827454
836	(-2.0132812784764225+0.8762752260206416j)	0.322645902633667	79.69515061963774
837	(-2.002665166032978+0.8997310440798758j)	0.313446044921875	79.79047855100094
838	(-1.992008540766172+0.9233551238282581j)	0.31302905082702637	79.88580648236416
839	(-1.9809950124986067+0.9466907316547498j)	0.3087809085845947	79.98113441372736
840	(-1.96989084897675+0.9699285778343033j)	0.3062729835510254	80.07646234509056
841	(-1.9580505496292258+0.992908632785232j)	0.30498218536376953	80.17179027645376
842	(-1.9463055448833908+1.0159127901649758j)	0.30893969535827637	80.26711820781696
843	(-1.9341883595810327+1.0388757569999205j)	0.3142709732055664	80.36244613918016
844	(-1.9220165206470314+1.0612236339569796j)	0.30306100845336914	80.45777407054337
845	(-1.909292785999297+1.084037789477279j)	0.3060331344604492	80.55310200190658
846	(-1.896370864566041+1.1062942911881863j)	0.30999183654785156	80.64842993326978
847	(-1.8834267970997287+1.1287293399430873j)	0.3073139190673828	80.74375786463298
848	(-1.8697839792472664+1.1504485910540199j)	0.3029141426086426	80.83908579599618
849	(-1.8563325237115689+1.172498746507309j)	0.32378101348876953	80.93441372735938
850	(-1.8421494091283743+1.1943224387957214j)	0.3020622730255127	81.02974165872259
851	(-1.8278665820002533+1.2159732730221058j)	0.3008890151977539	81.12506959008579
852	(-1.8136706443269466+1.2371693202563558j)	0.30357885360717773	81.220397521449
853	(-1.7989572151188264+1.2584355392860371j)	0.3110790252685547	81.3157254528122
854	(-1.7837654118404784+1.2793210340551353j)	0.2937150001525879	81.4110533841754
855	(-1.7691673875966156+1.3003245195239599j)	0.30389976501464844	81.5063813155386
856	(-1.7535386677238307+1.3211781511420924j)	0.3052070140838623	81.6017092469018
857	(-1.737748708740114+1.3415658250793783j)	0.3100850582122803	81.697037178265
858	(-1.7220243422770354+1.3621771681274446j)	0.31321001052856445	81.79236510962822
859	(-1.7058010825485217+1.382160821135367j)	0.3058617115020752	81.88769304099142
860	(-1.6896151210816583+1.402036582319798j)	0.30362701416015625	81.98302097235462
861	(-1.6727089772988888+1.4218839811688604j)	0.30509328842163086	82.07834890371782
862	(-1.6560917846907164+1.4415442814362531j)	0.30649399757385254	82.17367683508103
863	(-1.6390188760606845+1.4608106952318707j)	0.30617594718933105	82.26900476644423
864	(-1.6216628233390664+1.4798763921044853j)	0.30304789543151855	82.36433269780743
865	(-1.6040529087321895+1.4990731810468352j)	0.3155241012573242	82.45966062917064
866	(-1.5864193613195587+1.517682100157699j)	0.3089718818664551	82.55498856053384
867	(-1.5685882537930802+1.5362457874864741j)	0.30855607986450195	82.65031649189704
868	(-1.5499835049294155+1.5545339455030898j)	0.31266283988952637	82.74564442326025
869	(-1.5319363239143176+1.57282441950236j)	0.30878710746765137	82.84097235462345
870	(-1.0792752456715027+1.8842573452257452j)	0.31096315383911133	82.93630028598665
871	(-1.494665280247509+1.6082489475109658j)	0.3038039207458496	83.03162821734985
872	(-1.4753722307780386+1.625586590834614j)	0.3065798282623291	83.12695614871306
873	(-1.4561614622852768+1.6431133520649464j)	0.3152649402618408	83.22228408007626
874	(-1.4367314632134913+1.658926880824099j)	0.2825469970703125	83.31761201143946
875	(-1.4172719267241691+1.6766476263387715j)	0.31627368927001953	83.41293994280267
876	(-1.3973121626664309+1.6933583923436635j)	0.310269832611084	83.50826787416587
877	(-1.3772453561483504+1.7096037712990126j)	0.3053009510040283	83.60359580552907
878	(-1.357268226761457+1.7257427457372196j)	0.30727386474609375	83.69892373689227
879	(-1.3366476879226954+1.741385247702424j)	0.30561399459838867	83.79425166825548
880	(-1.3162308949622235+1.7571371617928666j)	0.3081381320953369	83.88957959961868
881	(-1.2953648156982345+1.772638762703385j)	0.3101379871368408	83.98490753098189
882	(-1.2746844339917298+1.7875812723703353j)	0.30646610260009766	84.08023546234509
883	(-1.2533483991958292+1.8024362110914334j)	0.31050777435302734	84.17556339370829
884	(-1.2319947955352526+1.8170879880655895j)	0.3211798667907715	84.27089132507149
885	(-1.210664089583245+1.8316497631901978j)	0.31835007667541504	84.3662192564347
886	(-1.189173274092974+1.845448697403293j)	0.3092641830444336	84.4615471877979
887	(-1.167318042532631+1.8594594027205213j)	0.3033139705657959	84.5568751191611
888	(-1.14517996189757+1.8729622404919697j)	0.305311918258667	84.6522030505243
889	(-1.1233755336819047+1.8865259693616916j)	0.312298059463501	84.74753098188751
890	(-1.1009886414923462+1.8992508414212141j)	0.309356689453125	84.84285891325071
891	(-1.0784475034036973+1.9122742735946623j)	0.31102776527404785	84.93818684461391
892	(-1.055735231263486+1.9247837113758575j)	0.3059561252593994	85.03351477597712
893	(-1.0332007216174561+1.9370703707465808j)	0.30999112129211426	85.12884270734033
894	(-1.0104016227086676+1.9489999733212986j)	0.3097248077392578	85.22417063870353
895	(-0.9874236184997223+1.9606949529357394j)	0.3079371452331543	85.31949857006673
896	(-0.9641204138117254+1.9724826984490318j)	0.3027689456939697	85.41482650142993
897	(-0.9411114470487566+1.9834198370311464j)	0.30592894554138184	85.51015443279313
898	(-0.9178348304452191+1.9944262106252864j)	0.3117802143096924	85.60548236415633
899	(-0.8939263968217891+2.0050247689186955j)	0.3034670352935791	85.70081029551955
900	(-0.8704221528978643+2.0155988373197458j)	0.3033261299133301	85.79613822688275
901	(-0.8468045894535686+2.0256416595551343j)	0.3076951503753662	85.89146615824595
902	(-0.8230216502417756+2.035333347645204j)	0.3144490718841553	85.98679408960915
903	(-0.7989575210284696+2.0449552768190085j)	0.31222033500671387	86.08212202097235
904	(-0.7748397879979853+2.054286553672122j)	0.3077230453491211	86.17744995233555
905	(-0.7505208981577078+2.063256880208011j)	0.3160722255706787	86.27277788369875
906	(-0.7261471979095228+2.0717306623054594j)	0.3058187961578369	86.36810581506197
907	(-0.7016925263632664+2.080367635534754j)	0.3099668025970459	86.46343374642517
908	(-0.6773713654898209+2.0884215283323875j)	0.3054840564727783	86.55876167778837
909	(-0.6527270948587399+2.09635731074697j)	0.3054211139678955	86.65408960915157
910	(-0.6279511997864625+2.1034815148499466j)	0.302476167678833	86.74941754051477
911	(-0.6032977464163518+2.110948942870258j)	0.3116772174835205	86.84474547187797
912	(-0.5783347846020823+2.1180069495831093j)	0.3085899353027344	86.94007340324117
913	(-0.5535418152259349+2.1246137322944034j)	0.3011741638183594	87.03540133460439
914	(-0.5283260004683146+2.1308237090421773j)	0.3083040714263916	87.13072926596759
915	(-0.503288910583353+2.1369094423578234j)	0.3035850524902344	87.22605719733079
916	(-0.4781826778443138+2.142888917410983j)	0.30589890480041504	87.32138512869399
917	(-0.45302172356921555+2.148177473458373j)	0.3040618896484375	87.41671306005719
918	(-0.42760132057492717+2.153483872882498j)	0.3024260997772217	87.51204099142039
919	(-0.40224727647636693+2.1582437618306773j)	0.30745792388916016	87.6073689227836
920	(-0.3771331067544228+2.163040252697611j)	0.308488130569458	87.70269685414681
921	(-0.3514486833047985+2.166988668197149j)	0.30432605743408203	87.79802478551001
922	(-0.3259283611251631+2.171106995910619j)	0.31494784355163574	87.89335271687321
923	(-0.300239476277245+2.1748106728211356j)	0.29598021507263184	87.98868064823641
924	(-0.27496850159480324+2.1782012965092887j)	0.3144991397857666	88.08400857959961
925	(-0.24921902732962975+2.1812043437998376j)	0.31277990341186523	88.17933651096281
926	(-0.2233614824987855+2.184071000829406j)	0.3103759288787842	88.27466444232603
927	(-0.19787767209581775+2.1866638454908234j)	0.3058149814605713	88.36999237368923
928	(-0.17224821179133132+2.1885948441301313j)	0.3076949119567871	88.46532030505243
929	(-0.14641519685733906+2.19067563526281j)	0.305743932723999	88.56064823641563
930	(-0.12043130304631777+2.192233945117848j)	0.30636096000671387	88.65597616777883
931	(-0.09472477469661533+2.1934998586557004j)	0.31412196159362793	88.75130409914203
932	(-0.06904669358007687+2.194349804873413j)	0.3033170700073242	88.84663203050523
933	(-0.04322872563975522+2.1948928733925914j)	0.3099508285522461	88.94195996186845
934	(-0.017257959533121703+2.1954217620584267j)	0.30423808097839355	89.03728789323165
935	(0.008436811016703238+2.195453223100814j)	0.31055593490600586	89.13261582459485
936	(0.03416915666870035+2.1951772700506007j)	0.3161652088165283	89.22794375595805
937	(0.06011063365893077+2.1944748558709564j)	0.3188469409942627	89.32327168732125
938	(0.08601092863489024+2.193968026260281j)	0.30603981018066406	89.41859961868445
939	(0.1115964143507504+2.192742719852159j)	0.3056519031524658	89.51392755004765
940	(0.1372514594013149+2.1911781920138163j)	0.3422532081604004	89.60925548141087
941	(0.16330745162155358+2.18934095160084j)	0.302293062210083	89.70458341277407
942	(0.18888938886263484+2.1874345066573797j)	0.3009791374206543	89.79991134413727
943	(0.21462230920247505+2.1850713988514285j)	0.3074922561645508	89.89523927550047
944	(0.2402018636321932+2.1824627684423303j)	0.3107278347015381	89.99056720686367
945	(0.2659398638795357+2.1793833141448262j)	0.3140709400177002	90.08589513822687
946	(0.2914990670696246+2.17604943899833j)	0.30818629264831543	90.18122306959008
947	(0.31703616532234014+2.1725723303318207j)	0.3171041011810303	90.27655100095329
948	(0.3427007654018335+2.1687663153540697j)	0.34258484840393066	90.37187893231649
