	res_adaptive	time_adaptive	w
0	(1.0590097271054442-0.050034573700968234j)	0.33257102966308594	0.001
1	(1.3796570564225161-0.6094538861411268j)	0.4080851078033447	0.11110910910910911
2	(1.7251985636134877-0.918503541083475j)	0.3368849754333496	0.22121821821821822
3	(2.0891460032747915-1.0879224251063107j)	0.35639405250549316	0.33132732732732734
4	(2.448051749970729-1.144734080725979j)	0.35517311096191406	0.44143643643643643
5	(2.7787392000134763-1.1146989409405132j)	0.3215160369873047	0.5515455455455456
6	(3.069879422763996-1.0184872939852994j)	0.38605594635009766	0.6616546546546547
7	(3.319814679012861-0.8700422271601926j)	0.3701498508453369	0.7717637637637638
8	(3.534564074502257-0.6790324502776673j)	0.35340309143066406	0.8818728728728729
9	(3.6984050009404412-0.45931565052150775j)	0.3987910747528076	0.991981981981982
10	(3.81860828275984-0.2156197446400237j)	0.40633606910705566	1.102091091091091
11	(3.890353391791825+0.04359297335813811j)	0.5132720470428467	1.2122002002002001
12	(3.916052108851416+0.3105747879173366j)	0.3957991600036621	1.3223093093093092
13	(3.8977388468977763+0.5770595884132839j)	0.4612088203430176	1.4324184184184183
14	(3.8353895055087115+0.8361320365774215j)	0.3137671947479248	1.5425275275275274
15	(3.729615431797319+1.0824761128116214j)	0.5610878467559814	1.6526366366366365
16	(3.5841573214026763+1.3103181075414443j)	0.3908419609069824	1.7627457457457456
17	(3.4045551694518945+1.5126893668903565j)	0.3768458366394043	1.8728548548548547
18	(3.195581106694459+1.6837400099774378j)	0.44866037368774414	1.9829639639639638
19	(2.9613322588750313+1.8205869253733846j)	0.4546542167663574	2.093073073073073
20	(2.7070589486778247+1.9216926390280968j)	0.4918859004974365	2.203182182182182
21	(2.439353684024056+1.9842869193367219j)	0.3598928451538086	2.313291291291291
22	(2.1646489915932525+2.005029831521324j)	0.5314857959747314	2.4234004004004004
23	(1.888777919536688+1.9829389219940539j)	0.408397912979126	2.5335095095095093
24	(1.617992023231725+1.9200320180342088j)	0.3934009075164795	2.6436186186186186
25	(1.3590481273479336+1.8188128734772007j)	0.28548693656921387	2.7537277277277274
26	(1.117794374768295+1.680585678685657j)	0.3000061511993408	2.8638368368368368
27	(0.8986787083681862+1.5069834045374724j)	0.32877588272094727	2.9739459459459456
28	(0.7061587763712265+1.30196644807983j)	0.3391389846801758	3.084055055055055
29	(0.5455048152573233+1.0711639607866095j)	0.4061880111694336	3.194164164164164
30	(0.42119958531824864+0.8198642820728334j)	0.2981112003326416	3.304273273273273
31	(0.33526024847264874+0.552758856336836j)	0.31271815299987793	3.414382382382382
32	(0.28818665191391424+0.27526219605533636j)	0.4449589252471924	3.5244914914914913
33	(0.2811127903871852-0.006198022032861364j)	0.5519511699676514	3.6346006006006006
34	(0.3156684183347007-0.28533492567768304j)	0.664710283279419	3.7447097097097095
35	(0.39168930360319537-0.5564980850464719j)	0.5514781475067139	3.854818818818819
36	(0.5048890584961967-0.8141845938693415j)	0.47721409797668457	3.9649279279279277
37	(0.6561799643298152-1.051524894867823j)	0.46790194511413574	4.0750370370370375
38	(0.8384071387164993-1.2640941584700567j)	0.5671482086181641	4.185146146146146
39	(1.050292118729122-1.4478355041898596j)	0.46299004554748535	4.295255255255255
40	(1.287202001105764-1.5989844792812187j)	0.43759584426879883	4.405364364364365
41	(1.5432563205831213-1.7144633395548174j)	0.5173678398132324	4.515473473473474
42	(1.8124113512698123-1.7900266058873702j)	0.4766659736633301	4.625582582582583
43	(2.0895021863862477-1.8248610675880979j)	0.4733591079711914	4.735691691691692
44	(2.368922328687912-1.819479788524374j)	0.35988402366638184	4.845800800800801
45	(2.6443352874258594-1.7741436800935375j)	0.37133216857910156	4.95590990990991
46	(2.9096061211942885-1.6886600589172316j)	0.2928791046142578	5.066019019019019
47	(3.1591689092930793-1.5635336571341663j)	0.3162040710449219	5.176128128128128
48	(3.388262616290261-1.404497049464361j)	0.3026139736175537	5.286237237237238
49	(3.590998900282598-1.2139065916985816j)	0.30306291580200195	5.396346346346347
50	(3.7630131181133173-0.9962738694515962j)	0.30791306495666504	5.5064554554554554
51	(3.90136130347953-0.7552442672116663j)	0.31072521209716797	5.616564564564565
52	(4.003247484062881-0.49598019988601294j)	0.29492807388305664	5.726673673673674
53	(4.066242749712972-0.2247756713321729j)	0.3135991096496582	5.836782782782783
54	(4.088024401784548+0.05210350440191902j)	0.3118290901184082	5.946891891891892
55	(4.068406447933543+0.3291450948594554j)	0.39428091049194336	6.057001001001002
56	(4.008918132875592+0.6007346692213612j)	0.3395068645477295	6.1671101101101105
57	(3.91108642563083+0.8607727989290852j)	0.3190767765045166	6.277219219219219
58	(3.7759993124339415+1.1034575553433434j)	0.32407212257385254	6.387328328328328
59	(3.6058443150241555+1.3238231536327691j)	0.3014950752258301	6.497437437437438
60	(3.4049360825178097+1.5172515810372942j)	0.29056501388549805	6.607546546546547
61	(3.1785688827551395+1.6791632848127636j)	0.3064231872558594	6.717655655655656
62	(2.930890484897047+1.8056741414448672j)	0.4185049533843994	6.827764764764765
63	(2.6678945427093907+1.8950917948431756j)	0.3381309509277344	6.937873873873874
64	(2.3933803499791164+1.9455028821513634j)	0.2905309200286865	7.047982982982983
65	(2.1144254602184067+1.9555495263819398j)	0.3086979389190674	7.158092092092092
66	(1.8374137322227861+1.924153881308985j)	0.3091719150543213	7.268201201201202
67	(1.5679257161115672+1.8520913426832784j)	0.2931840419769287	7.378310310310311
68	(1.3113819560718425+1.7418826492124264j)	0.2930891513824463	7.48841941941942
69	(1.0734512071516054+1.5962201531649614j)	0.32971692085266113	7.5985285285285284
70	(0.8594749545782949+1.417366825243018j)	0.31520986557006836	7.708637637637638
71	(0.6737621197044634+1.2083624668502482j)	0.3205840587615967	7.818746746746747
72	(0.5201544374919473+0.9741546549959332j)	0.3371400833129883	7.928855855855856
73	(0.40230373135283826+0.7206708606121593j)	0.3910858631134033	8.038964964964965
74	(0.32300466580496767+0.4532884084615362j)	0.32230186462402344	8.149074074074074
75	(0.28122791930366925+0.17545004725068264j)	0.32109594345092773	8.259183183183183
76	(0.2841170494680656-0.10294672403327051j)	0.3649001121520996	8.369292292292291
77	(0.32513281684181916-0.3796975540502022j)	0.4448411464691162	8.4794014014014
78	(0.40649268216385515-0.6470392777394034j)	0.49941301345825195	8.58951051051051
79	(0.5264727717243289-0.8995428903268154j)	0.3277618885040283	8.699619619619618
80	(0.6816180310817502-1.1321658035258595j)	0.40593385696411133	8.809728728728729
81	(0.8681683758326182-1.339799014346424j)	0.3985469341278076	8.919837837837838
82	(1.0828554205221237-1.5178231335494659j)	0.4785761833190918	9.029946946946946
83	(1.3218684680341581-1.662643825527791j)	0.46808791160583496	9.140056056056055
84	(1.5797763826409228-1.7713449405456427j)	0.6219890117645264	9.250165165165164
85	(1.85018919341092-1.8412906793984374j)	0.5551011562347412	9.360274274274273
86	(2.127248316724274-1.8706974975480977j)	0.5165572166442871	9.470383383383382
87	(2.4057711720244557-1.8593096304211332j)	0.43202877044677734	9.580492492492493
88	(2.6801800878951507-1.807942067961104j)	0.44061803817749023	9.690601601601601
89	(2.9441695682064184-1.7174920629767747j)	0.37928295135498047	9.80071071071071
90	(3.191674450907828-1.5891258175494443j)	0.29170989990234375	9.91081981981982
91	(3.4176163303846367-1.4254678498436897j)	0.2906019687652588	10.020928928928928
92	(3.617497661088211-1.230815935274631j)	0.336240291595459	10.131038038038037
93	(3.786950750941944-1.0098573394086787j)	0.29470205307006836	10.241147147147146
94	(3.922161365450913-0.7667299813055231j)	0.31578993797302246	10.351256256256255
95	(4.020417066296827-0.5058479266438893j)	0.39596986770629883	10.461365365365365
96	(4.079808891853653-0.2329819393113548j)	0.4868910312652588	10.571474474474474
97	(4.098579286054829+0.04479141760845429j)	0.42885708808898926	10.681583583583583
98	(4.076630566316844+0.32260512979179023j)	0.4464609622955322	10.791692692692692
99	(4.014086708936935+0.5939145100284107j)	0.42569994926452637	10.9018018018018
100	(3.9130659579197293+0.8537570436367601j)	0.2988858222961426	11.01191091091091
101	(3.7756127872114225+1.0962240099388234j)	0.303987979888916	11.122020020020019
102	(3.603929604549281+1.315699512331558j)	0.30484986305236816	11.23212912912913
103	(3.4014606432423324+1.5076390687917092j)	0.2934682369232178	11.342238238238238
104	(3.1732148951089685+1.668255409671326j)	0.2843928337097168	11.452347347347347
105	(2.92465911913943+1.7940469240455963j)	0.3013911247253418	11.562456456456456
106	(2.6607193103632056+1.88196727039964j)	0.38455724716186523	11.672565565565565
107	(2.3859749196397475+1.9307427816815859j)	0.3656930923461914	11.782674674674674
108	(2.1066272945253592+1.9390752435244796j)	0.2970619201660156	11.892783783783782
109	(1.830174845080548+1.9063217208040975j)	0.3326687812805176	12.002892892892891
110	(1.5602228312772306+1.833926140887812j)	0.29178500175476074	12.113002002002002
111	(1.3045224603835626+1.7225393256108346j)	0.289017915725708	12.22311111111111
112	(1.0672420483856417+1.5754745565594965j)	0.2940800189971924	12.33322022022022
113	(0.8537001427743854+1.3958356964502405j)	0.29995107650756836	12.443329329329329
114	(0.6688861625426182+1.1867585617888445j)	0.30330920219421387	12.553438438438437
115	(0.5166548351895517+0.9523949199091386j)	0.31966376304626465	12.663547547547546
116	(0.3994682965401718+0.6991026215783617j)	0.3396949768066406	12.773656656656655
117	(0.3213185858350336+0.43065202709041706j)	0.3378109931945801	12.883765765765766
118	(0.2826154788813592+0.15465903077445503j)	0.3294389247894287	12.993874874874875
119	(0.28454769156141657-0.12451576792372196j)	0.3310389518737793	13.103983983983984
120	(0.3268576981360376-0.4009593834310107j)	0.47408103942871094	13.214093093093092
121	(0.40884225219217574-0.6680763043156934j)	0.4469480514526367	13.324202202202201
122	(0.5291246237962615-0.9198503752554056j)	0.6462368965148926	13.43431131131131
123	(0.6849905367005914-1.1513819682734512j)	0.5382039546966553	13.544420420420419
124	(0.8725637653668404-1.3582101404498566j)	0.33041810989379883	13.654529529529528
125	(1.0877775655229946-1.5357308078192804j)	0.39571118354797363	13.764638638638639
126	(1.3266881774960608-1.679746639496086j)	0.42851686477661133	13.874747747747747
127	(1.5845731510280734-1.7872302012899428j)	0.37863802909851074	13.984856856856856
128	(1.8554205258360108-1.8561730884286387j)	0.41533899307250977	14.094965965965965
129	(2.1328148345099596-1.8850925030709353j)	0.3292360305786133	14.205075075075074
130	(2.4110742409382016-1.8731912486174587j)	0.3914802074432373	14.315184184184183
131	(2.6850001005708517-1.8208223148292484j)	0.3321521282196045	14.425293293293292
132	(2.9488974510680475-1.729339381856339j)	0.3039581775665283	14.535402402402402
133	(3.196502030649829-1.6005359150166527j)	0.42777585983276367	14.645511511511511
134	(3.422147491088131-1.436782555056465j)	0.41391682624816895	14.75562062062062
135	(3.621416196641943-1.2416519705577553j)	0.36829209327697754	14.865729729729729
136	(3.790535300766093-1.0198495315281988j)	0.46527576446533203	14.975838838838838
137	(3.9257776525160653-0.7762513407010005j)	0.3217439651489258	15.085947947947947
138	(4.023846804381411-0.5154594075804566j)	0.31665515899658203	15.196057057057056
139	(4.082662896947023-0.2426135696771392j)	0.3112020492553711	15.306166166166165
140	(4.101225040195208+0.03605002702052684j)	0.3834671974182129	15.416275275275275
141	(4.0791464954008525+0.31393062569319263j)	0.6758151054382324	15.526384384384384
142	(4.016711396810585+0.5852204317592866j)	0.3212459087371826	15.636493493493493
143	(3.915328012063357+0.8448508483455159j)	0.40870189666748047	15.746602602602602
144	(3.777395823265932+1.0874996708655635j)	0.2872941493988037	15.85671171171171
145	(3.6059583886164113+1.3071764499608904j)	0.30025196075439453	15.96682082082082
146	(3.4036254684997234+1.499510117221631j)	0.30109500885009766	16.076929929929932
147	(3.1753771176041257+1.6599539049788337j)	0.28957533836364746	16.18703903903904
148	(2.926397886433807+1.7858376624673393j)	0.3752939701080322	16.29714814814815
149	(2.66217734089217+1.8743878379774115j)	0.2863137722015381	16.407257257257257
150	(2.387835831041386+1.92334431199236j)	0.41609787940979004	16.517366366366367
151	(2.108738705982725+1.9316137079272944j)	0.4193120002746582	16.627475475475478
152	(1.8311565901992233+1.8992631019535144j)	0.3757641315460205	16.737584584584585
153	(1.561674689536935+1.826991595059604j)	0.29808592796325684	16.847693693693696
154	(1.3060105174832939+1.7161651751542009j)	0.3203849792480469	16.957802802802803
155	(1.0689405292251504+1.5691965474046945j)	0.306088924407959	17.067911911911914
156	(0.8552287207871299+1.3894556302167889j)	0.31043410301208496	17.17802102102102
157	(0.669923599723552+1.180682848674715j)	0.3731679916381836	17.28813013013013
158	(0.5174194613100194+0.9469595679957847j)	0.5697698593139648	17.39823923923924
159	(0.4007583273204075+0.6932105862551887j)	0.4681870937347412	17.50834834834835
160	(0.3219442344531093+0.4253220862617414j)	0.36965394020080566	17.61845745745746
161	(0.2826724015782154+0.14926394750366606j)	0.3525681495666504	17.728566566566567
162	(0.28413192809788074-0.12951194019549897j)	0.6038022041320801	17.838675675675677
163	(0.32633228101475614-0.40562192079746656j)	0.5657126903533936	17.948784784784785
164	(0.4082026936416634-0.6729263865107555j)	0.4160451889038086	18.058893893893895
165	(0.5279479623323255-0.9250886723852261j)	0.2933990955352783	18.169003003003002
166	(0.6831858639666287-1.1566621221964735j)	0.3175160884857178	18.279112112112113
167	(0.8705765263459346-1.3633364214046289j)	0.31636810302734375	18.389221221221224
168	(1.0857501745234046-1.5409455808406711j)	0.3036370277404785	18.49933033033033
169	(1.3245531750911965-1.68565573732868j)	0.33127593994140625	18.60943943943944
170	(1.581886623951494-1.793533456322716j)	0.3407280445098877	18.71954854854855
171	(1.8524937968620954-1.8625612936679783j)	0.2871570587158203	18.82965765765766
172	(2.1301625992902675-1.8917310697487928j)	0.30312085151672363	18.939766766766766
173	(2.4086407624642017-1.8804612689361635j)	0.320004940032959	19.049875875875877
174	(2.6824227821725453-1.8286890235995452j)	0.3280961513519287	19.159984984984987
175	(2.9463717494679282-1.7375587957056615j)	0.3190441131591797	19.270094094094095
176	(3.1941530476622546-1.608724572467457j)	0.3233530521392822	19.380203203203205
177	(3.420302912613493-1.4453799195766859j)	0.3616220951080322	19.490312312312312
178	(3.6200242400661864-1.2509610007849004j)	0.36932826042175293	19.600421421421423
179	(3.7892759575592256-1.0293617123873193j)	0.4330618381500244	19.71053053053053
180	(3.9249568327601994-0.7856121318875413j)	0.30118298530578613	19.82063963963964
181	(4.023850446268897-0.5249219974717596j)	0.32297325134277344	19.93074874874875
182	(4.083347417178116-0.2524779893091402j)	0.32393813133239746	20.04085785785786
183	(4.102263820047933+0.02608438173170402j)	0.3650200366973877	20.15096696696697
184	(4.080630147409433+0.30435888011215617j)	0.3133089542388916	20.261076076076076
185	(4.019016379141499+0.576105337462318j)	0.31756019592285156	20.371185185185187
186	(3.918417856549344+0.8358273444145556j)	0.33937692642211914	20.481294294294294
187	(3.7808790804840817+1.0785563983208095j)	0.3586771488189697	20.591403403403405
188	(3.6094661075032555+1.299055778989842j)	0.2985820770263672	20.70151251251251
189	(3.4079265282184257+1.492011081920218j)	0.31865596771240234	20.811621621621622
190	(3.180379784942964+1.6530817296353866j)	0.29024696350097656	20.921730730730733
191	(2.931662275391026+1.7793375153758286j)	0.2807121276855469	21.03183983983984
192	(2.6673202347730953+1.8685341754963856j)	0.2832629680633545	21.14194894894895
193	(2.393021631682321+1.9185117801217941j)	0.2890472412109375	21.252058058058058
194	(2.1142565304722583+1.9276929098299647j)	0.28392601013183594	21.36216716716717
195	(1.8367606115958974+1.8958996208375352j)	0.2951931953430176	21.472276276276276
196	(1.5668295317022922+1.8242164381663235j)	0.28156495094299316	21.582385385385386
197	(1.310589324407816+1.7143174626715374j)	0.28293704986572266	21.692494494494497
198	(1.0732752100353435+1.568265619510678j)	0.28128576278686523	21.802603603603604
199	(0.8593729458774384+1.3890204598614977j)	0.2855548858642578	21.912712712712715
200	(0.6734159470718746+1.1805523718963407j)	0.2816121578216553	22.02282182182182
201	(0.5199440667869291+0.9473827336291494j)	0.29308390617370605	22.132930930930932
202	(0.40252238858312367+0.6943107432703981j)	0.29337596893310547	22.24304004004004
203	(0.3232174365114342+0.42670425328311157j)	0.28362321853637695	22.35314914914915
204	(0.2832399955430992+0.15049908298305537j)	0.28464388847351074	22.46325825825826
205	(0.28363114626341696-0.12835706809211206j)	0.28870606422424316	22.573367367367368
206	(0.324869885801193-0.4042544759950411j)	0.2913520336151123	22.68347647647648
207	(0.40613910851958407-0.6715515809418529j)	0.2813377380371094	22.793585585585586
208	(0.525311825198487-0.9242440295987534j)	0.28373074531555176	22.903694694694696
209	(0.6796839262750107-1.1565354074875365j)	0.2945888042449951	23.013803803803803
210	(0.8662177844260455-1.3636213260897088j)	0.2794229984283447	23.123912912912914
211	(1.0810695301316082-1.541650601040919j)	0.3011181354522705	23.234022022022025
212	(1.3195579482021784-1.6869602796347645j)	0.2848680019378662	23.34413113113113
213	(1.5765085961018719-1.7959013879289882j)	0.3141047954559326	23.454240240240242
214	(1.8465930629072014-1.8658116230525565j)	0.2838160991668701	23.56434934934935
215	(2.1241241210118718-1.8955666200227332j)	0.28707194328308105	23.67445845845846
216	(2.402943108310005-1.8850177225574487j)	0.2848198413848877	23.784567567567567
217	(2.6772701668240066-1.8338269277573909j)	0.2819850444793701	23.894676676676678
218	(2.9408046090162046-1.7439984870692982j)	0.28289222717285156	24.004785785785785
219	(3.1889689431917465-1.6159347819690266j)	0.2847740650177002	24.114894894894896
220	(3.4159628681608885-1.4531938370325008j)	0.2840261459350586	24.225004004004006
221	(3.6164795799690532-1.2594411361061921j)	0.27156782150268555	24.335113113113113
222	(3.7863873601586353-1.0385795586734j)	0.2848849296569824	24.445222222222224
223	(3.9225795785842172-0.7952060993774512j)	0.2843739986419678	24.55533133133133
224	(4.023614102364334-0.5354618375230282j)	0.2728888988494873	24.66544044044044
225	(4.0830393026227325-0.26226418757750247j)	0.2838122844696045	24.77554954954955
226	(4.102993693889987+0.015964277088053702j)	0.2845580577850342	24.88565865865866
227	(4.082077697188562+0.29428402619551197j)	0.28479886054992676	24.99576776776777
228	(4.021241598226892+0.566552261507872j)	0.2803068161010742	25.105876876876877
229	(3.921759207575957+0.8268451450308822j)	0.28421592712402344	25.215985985985988
230	(3.785226720060029+1.0698470783470733j)	0.28362011909484863	25.326095095095095
231	(3.61445504100041+1.2907233750229576j)	0.28321385383605957	25.436204204204206
232	(3.4133778565693973+1.4845657115005162j)	0.2850208282470703	25.546313313313313
233	(3.1864909831585657+1.6467677506494403j)	0.28940796852111816	25.656422422422423
234	(2.9384693034294367+1.7738962818398152j)	0.2805519104003906	25.766531531531534
235	(2.674502949857311+1.864001289508558j)	0.2816789150238037	25.87664064064064
236	(2.400020574901304+1.9147360711602848j)	0.2846839427947998	25.98674974974975
237	(2.121253137277857+1.9252066329046746j)	0.29619574546813965	26.09685885885886
238	(1.8439156768934808+1.8945670911228205j)	0.2839059829711914	26.20696796796797
239	(1.573827786469497+1.823692966637254j)	0.28744006156921387	26.317077077077077
240	(1.3169344460963242+1.714587757117693j)	0.2855551242828369	26.427186186186187
241	(1.0790618696024614+1.570047090711688j)	0.2715442180633545	26.537295295295298
242	(0.8645079733589858+1.3913751955014046j)	0.2813570499420166	26.647404404404405
243	(0.6780344996302763+1.1835239560850317j)	0.2856028079986572	26.757513513513516
244	(0.523581846521404+0.9507228882806785j)	0.29471397399902344	26.867622622622623
245	(0.4049353194539988+0.698173127315829j)	0.2897930145263672	26.977731731731733
246	(0.324610807364688+0.43114658648656384j)	0.28519606590270996	27.08784084084084
247	(0.28387403250457355+0.15510462016674886j)	0.28751087188720703	27.19794994994995
248	(0.28328298210241937-0.12398436637850818j)	0.2828547954559326	27.308059059059058
249	(0.323234069548339-0.4000657278829237j)	0.28829407691955566	27.41816816816817
250	(0.40331551810971555-0.6674038882910805j)	0.2818410396575928	27.52827727727728
251	(0.5217121077214156-0.9203948052550659j)	0.28381800651550293	27.638386386386387
252	(0.6753839427370882-1.1534634728107587j)	0.2837560176849365	27.748495495495497
253	(0.8609602862099661-1.3614578165066558j)	0.2865438461303711	27.858604604604604
254	(1.0749254301662499-1.5401699383649952j)	0.2850182056427002	27.968713713713715
255	(1.3129190156926123-1.6860890320992454j)	0.28453707695007324	28.078822822822822
256	(1.5696657721529808-1.7960867591682552j)	0.28923583030700684	28.188931931931933
257	(1.8394478968756887-1.8673210298667868j)	0.28790831565856934	28.299041041041043
258	(2.116623864897248-1.8981709982390869j)	0.28563809394836426	28.40915015015015
259	(2.3954447815386657-1.8884299879689221j)	0.2882730960845947	28.51925925925926
260	(2.6699665679973554-1.838646562334103j)	0.2880849838256836	28.629368368368368
261	(2.9341971156034456-1.7496167895479844j)	0.2831439971923828	28.73947747747748
262	(3.182635887479198-1.6226803574439315j)	0.283843994140625	28.849586586586586
263	(3.4101118596646267-1.4606696578524185j)	0.28205013275146484	28.959695695695697
264	(3.611607413032209-1.2674919215659546j)	0.2892467975616455	29.069804804804807
265	(3.7826203792443276-1.0474225528833387j)	0.2862088680267334	29.179913913913914
266	(3.9196683590814723-0.804771419847922j)	0.2839372158050537	29.290023023023025
267	(4.020205789795496-0.5444294218200358j)	0.285938024520874	29.400132132132132
268	(4.0820319050129505-0.27217597333991594j)	0.28330016136169434	29.510241241241243
269	(4.103407184224753+0.0059783156736603615j)	0.2867140769958496	29.62035035035035
270	(4.083720568181093+0.284161358858978j)	0.2828700542449951	29.73045945945946
271	(4.023799986386515+0.5569982193499903j)	0.27542805671691895	29.840568568568568
272	(3.92513402025088+0.8175866719236276j)	0.2904019355773926	29.950677677677678
273	(3.7898190207510574+1.0612874276536393j)	0.2857482433319092	30.06078678678679
274	(3.620138224243504+1.2826803775928868j)	0.28649091720581055	30.170895895895896
275	(3.419725599899816+1.4771930092919698j)	0.2882349491119385	30.281005005005007
276	(3.193299517002268+1.640509665737857j)	0.28451013565063477	30.391114114114114
277	(2.945882673024471+1.768928697884406j)	0.2868530750274658	30.501223223223224
278	(2.682411414163211+1.8598305802185189j)	0.2829458713531494	30.61133233233233
279	(2.4082151186970213+1.9116549664919165j)	0.3003389835357666	30.721441441441442
280	(2.1292746741872555+1.9233206046506048j)	0.28969526290893555	30.831550550550553
281	(1.8517833122647973+1.8941375382947263j)	0.28827404975891113	30.94165965965966
282	(1.5816182866891864+1.8245055390135332j)	0.3140449523925781	31.05176876876877
283	(1.3243451197365257+1.7162536247090339j)	0.30373287200927734	31.161877877877878
284	(1.085488059397175+1.572122468395288j)	0.29972076416015625	31.271986986986988
285	(0.8702050176048735+1.3950060470654304j)	0.3559560775756836	31.382096096096095
286	(0.6830344872374976+1.18816423660371j)	0.32239508628845215	31.492205205205206
287	(0.5277998441739065+0.9559259404025319j)	0.2890949249267578	31.602314314314317
288	(0.4079275010867804+0.7036948874210606j)	0.28384995460510254	31.712423423423424
289	(0.3262266788438881+0.43705943395281904j)	0.31030821800231934	31.822532532532534
290	(0.28436490722398017+0.16142817148567287j)	0.3464229106903076	31.93264164164164
291	(0.2828513850674272-0.11763476366323584j)	0.3370349407196045	32.04275075075075
292	(0.32413150228740495-0.3943976365792755j)	0.3203446865081787	32.15285985985986
293	(0.40032698540490225-0.6617798159193105j)	0.2891268730163574	32.26296896896896
294	(0.5174966107566202-0.9150696646557811j)	0.28931498527526855	32.37307807807807
295	(0.6703876719844687-1.148691281823209j)	0.2819938659667969	32.483187187187184
296	(0.8552472582732664-1.357663682926287j)	0.28406405448913574	32.593296296296295
297	(1.0682702204496493-1.5374331367026672j)	0.29122495651245117	32.703405405405405
298	(1.3054299196509418-1.684243302813206j)	0.28498101234436035	32.81351451451451
299	(1.5617762262735981-1.7951179453079362j)	0.2800939083099365	32.92362362362362
300	(1.8314622225128157-1.8675841834901292j)	0.2879009246826172	33.03373273273273
301	(2.1084727883211194-1.8999064002943942j)	0.28230786323547363	33.14384184184184
302	(2.3871341925922076-1.8913595834293853j)	0.283994197845459	33.25395095095095
303	(2.6618373871500465-1.842515746737911j)	0.28830790519714355	33.364060060060055
304	(2.9266651062404123-1.7545504376462215j)	0.28795790672302246	33.474169169169166
305	(3.1757258906706465-1.6289437878740984j)	0.30251383781433105	33.584278278278276
306	(3.403723164455741-1.4680607552397968j)	0.31020092964172363	33.69438738738739
307	(3.605943082171553-1.2755742865922013j)	0.34626317024230957	33.80449649649649
308	(3.778088715065834-1.0560488081803303j)	0.3277130126953125	33.9146056056056
309	(3.916429275850442-0.8140932295897356j)	0.28190112113952637	34.02471471471471
310	(4.017933290636297-0.5544359870287701j)	0.2909729480743408	34.13482382382382
311	(4.08075278435632-0.2824009526227811j)	0.29000020027160645	34.24493293293293
312	(4.103435952932364-0.004093473119841415j)	0.29462385177612305	34.35504204204204
313	(4.085207309702735+0.27391781948066307j)	0.29366517066955566	34.46515115115115
314	(4.0264420711213065+0.546755335927532j)	0.2912731170654297	34.57526026026026
315	(3.92879178099098+0.8080809763412021j)	0.2864212989807129	34.68536936936937
316	(3.794461261685803+1.052581769552436j)	0.2828176021575928	34.79547847847847
317	(3.6260127809765406+1.2748685907456363j)	0.2981748580932617	34.90558758758758
318	(3.426621871375946+1.470098183304097j)	0.29607081413269043	35.01569669669669
319	(3.2007416068877803+1.634303913024934j)	0.2854738235473633	35.125805805805804
320	(2.95372156316045+1.7639874226031615j)	0.28426384925842285	35.235914914914915
321	(2.690756612994248+1.8562798224391892j)	0.2860269546508789	35.34602402402402
322	(2.4169894470726563+1.9092108488242976j)	0.2911701202392578	35.45613313313313
323	(2.1381153189741258+1.9219503085209124j)	0.28825902938842773	35.56624224224224
324	(1.860304980931215+1.894087443779868j)	0.28745484352111816	35.67635135135135
325	(1.5897664455813159+1.8259063242919042j)	0.28861308097839355	35.78646046046046
326	(1.3321988503275863+1.7188894958601495j)	0.2854652404785156	35.896569569569564
327	(1.0927496711840496+1.5756247758596564j)	0.2852809429168701	36.006678678678675
328	(0.8764933009766823+1.3993611963729786j)	0.2866055965423584	36.116787787787786
329	(0.6882651604299637+1.1935803138914307j)	0.2841620445251465	36.226896896896896
330	(0.5321123651813778+0.9622464789417142j)	0.28644609451293945	36.337006006006
331	(0.4112796211686692+0.7104295639517652j)	0.28522586822509766	36.44711511511511
332	(0.32823370441165983+0.4439752444141428j)	0.2862091064453125	36.55722422422422
333	(0.284888929871439+0.1685934605549436j)	0.28298521041870117	36.66733333333333
334	(0.28214538218396573-0.11020935595973058j)	0.29463791847229004	36.77744244244244
335	(0.3199354075161025-0.38682811665658723j)	0.28390026092529297	36.887551551551546
336	(0.39739722953312895-0.655091365541519j)	0.2834951877593994	36.99766066066066
337	(0.5131549628684299-0.9089702702737074j)	0.2844400405883789	37.10776976976977
338	(0.6648893765825487-1.1430695550453374j)	0.30739903450012207	37.21787887887888
339	(0.8490106615894624-1.3528261431951563j)	0.33524298667907715	37.32798798798799
340	(1.0613604475670846-1.5337157583101113j)	0.29282402992248535	37.43809709709709
341	(1.2976744260632487-1.68171942487742j)	0.2866230010986328	37.5482062062062
342	(1.553265992994393-1.7936482083655056j)	0.29084300994873047	37.65831531531531
343	(1.8227802142148173-1.8672389977923773j)	0.28226304054260254	37.768424424424424
344	(2.0998084140095012-1.9008670175710918j)	0.2835671901702881	37.87853353353353
345	(2.3784953062333134-1.8938264517488235j)	0.283160924911499	37.98864264264264
346	(2.653185966304214-1.8462063852370805j)	0.29030299186706543	38.09875175175175
347	(2.9181197200757576-1.7592652831424656j)	0.28424620628356934	38.20886086086086
348	(3.168248126016915-1.6347245289123928j)	0.2852349281311035	38.31896996996997
349	(3.397075376442597-1.4751189378266543j)	0.28352999687194824	38.429079079079074
350	(3.600001515726814-1.2836859328845542j)	0.28988075256347656	38.539188188188184
351	(3.773055894204029-1.0647608694733948j)	0.2857239246368408	38.649297297297295
352	(3.912628621912837-0.8233036202721797j)	0.2831299304962158	38.759406406406406
353	(4.015537868810278-0.5642664007165543j)	0.285872220993042	38.86951551551551
354	(4.07952512555175-0.2926874636132636j)	0.2822582721710205	38.97962462462462
355	(4.103306826574594-0.01440472444437435j)	0.28226399421691895	39.08973373373373
356	(4.086467523076562+0.26416495805756757j)	0.2869720458984375	39.19984284284284
357	(4.029209455551858+0.53700915890288j)	0.28445887565612793	39.30995195195195
358	(3.9327491258696763+0.798595948748243j)	0.29466795921325684	39.420061061061055
359	(3.799346915135749+1.0436955436706519j)	0.28594303131103516	39.530170170170166
360	(3.6318911818979713+1.266939443619929j)	0.2884957790374756	39.64027927927928
361	(3.4336288022770627+1.4632121911009743j)	0.28327488899230957	39.75038838838839
362	(3.2086855104478715+1.628339699529376j)	0.28722405433654785	39.8604974974975
363	(2.961151773361025+1.758823537564415j)	0.27272820472717285	39.9706066066066
364	(2.6993746194194834+1.8527228033097325j)	0.2834300994873047	40.08071571571571
365	(2.425993739518683+1.9071558711144374j)	0.285106897354126	40.19082482482482
366	(2.1473586595590444+1.921062194242457j)	0.2840158939361572	40.30093393393393
367	(1.8693436871054372+1.8943313580673737j)	0.29607081413269043	40.41104304304304
368	(1.598296715669893+1.8275114765106157j)	0.28404998779296875	40.52115215215215
369	(1.338612892681569+1.721538400546827j)	0.27877116203308105	40.63126126126126
370	(1.1002666871152553+1.5798392548575677j)	0.28818202018737793	40.74137037037037
371	(0.883308487627358+1.4042912392579994j)	0.28667521476745605	40.85147947947948
372	(0.6939111390789618+1.1994243309323185j)	0.283829927444458	40.96158858858858
373	(0.5365402865743791+0.9690312130962803j)	0.2888000011444092	41.071697697697694
374	(0.41463628640542505+0.7179583323929988j)	0.28463292121887207	41.181806806806804
375	(0.3304728611563194+0.4517718726759822j)	0.29613280296325684	41.291915915915915
376	(0.28568975509233113+0.17635464361135908j)	0.28250598907470703	41.40202502502502
377	(0.28150476392262547-0.1023406676322821j)	0.28783202171325684	41.51213413413413
378	(0.3180081796093289-0.37886211440269235j)	0.28679728507995605	41.62224324324324
379	(0.39439343051090536-0.6475466257478816j)	0.2842371463775635	41.73235235235235
380	(0.5088870736934403-0.9021495301367175j)	0.2886240482330322	41.84246146146146
381	(0.6593033832930455-1.137006969099629j)	0.281141996383667	41.952570570570565
382	(0.8423596572618051-1.3474239207602867j)	0.29819321632385254	42.062679679679675
383	(1.0540633427236081-1.5292390955731379j)	0.28485894203186035	42.172788788788786
384	(1.2897348910963213-1.6785538436623137j)	0.2860379219055176	42.2828978978979
385	(1.5446458912154544-1.7918052693965785j)	0.28528738021850586	42.39300700700701
386	(1.8136319051128176-1.8665639373863503j)	0.2910630702972412	42.50311611611611
387	(2.0906182104753803-1.9013811828109388j)	0.28351902961730957	42.61322522522522
388	(2.36952480311778-1.895741860443986j)	0.2864840030670166	42.72333433433433
389	(2.6444984240875042-1.8498666107206607j)	0.2720811367034912	42.83344344344344
390	(2.909793061424236-1.7638726820783739j)	0.28763484954833984	42.943552552552546
391	(3.1602273026622387-1.6403957385741346j)	0.2868678569793701	43.05366166166166
392	(3.3900378412217127-1.4818593401463729j)	0.30816006660461426	43.16377077077077
393	(3.5939439622092597-1.2916290060897615j)	0.3971230983734131	43.27387987987988
394	(3.767955451358637-1.0737152138725168j)	0.3641998767852783	43.38398898898899
395	(3.9085116166805376-0.8326019811994425j)	0.3542008399963379	43.49409809809809
396	(4.012823446011726-0.5739220553537892j)	0.5101501941680908	43.6042072072072
397	(4.078270241398045-0.30283637476232395j)	0.41678881645202637	43.714316316316314
398	(4.103296615388718-0.024868075827168212j)	0.3547370433807373	43.824425425425424
399	(4.087599709376115+0.2539958369417974j)	0.3815760612487793	43.93453453453453
400	(4.031749741567004+0.5272468106161037j)	0.4142270088195801	44.04464364364364
401	(3.9367760709022215+0.7892568354321506j)	0.3307499885559082	44.15475275275275
402	(3.804515461468192+1.0348097481241703j)	0.33395814895629883	44.26486186186186
403	(3.637682945889976+1.258797378183367j)	0.30448102951049805	44.37497097097097
404	(3.4406440421187363+1.4562601245938844j)	0.3798031806945801	44.485080080080074
405	(3.2166925849913994+1.622566797040868j)	0.3406960964202881	44.595189189189185
406	(2.9708046416954974+1.7543718096922554j)	0.38777613639831543	44.705298298298295
407	(2.7083783581066347+1.8491543007653068j)	0.36394596099853516	44.815407407407406
408	(2.4351009144602718+1.9050992875749035j)	0.33954405784606934	44.92551651651652
409	(2.1566786332638173+1.9204984370021736j)	0.41334986686706543	45.03562562562562
410	(1.8787538655698672+1.8950370294472891j)	0.36820483207702637	45.14573473473473
411	(1.6073176755644545+1.8294053696091157j)	0.4271540641784668	45.25584384384384
412	(1.3484823526910463+1.7251166860852867j)	0.44218897819519043	45.36595295295295
413	(1.1078744423226257+1.5843616928388689j)	0.39043307304382324	45.476062062062056
414	(0.8908533408618217+1.4099328127116215j)	0.3091580867767334	45.586171171171166
415	(0.6999131979395562+1.2057427904028235j)	0.35102272033691406	45.69628028028028
416	(0.541240128322519+0.976110288931908j)	0.4986860752105713	45.80638938938939
417	(0.4179694099908855+0.7258410923169668j)	0.2926661968231201	45.9164984984985
418	(0.3326267227003066+0.4601200170874935j)	0.3359720706939697	46.0266076076076
419	(0.2866932382791367+0.1848666196668728j)	0.4000210762023926	46.13671671671671
420	(0.28101239258215277-0.0940204764475697j)	0.4788327217102051	46.24682582582582
421	(0.3162365422595532-0.3705061515504871j)	0.4345719814300537	46.356934934934934
422	(0.3910935257953631-0.6394027978549826j)	0.3325629234313965	46.467044044044044
423	(0.5045526430531524-0.8946371965698311j)	0.32579803466796875	46.57715315315315
424	(0.6537682846879828-1.1304709314874875j)	0.3759307861328125	46.68726226226226
425	(0.8356520533031337-1.341815907999431j)	0.5807428359985352	46.79737137137137
426	(1.0464231758687372-1.5244086495341371j)	0.47168469429016113	46.90748048048048
427	(1.28152407632105-1.6748421183935047j)	0.3218836784362793	47.01758958958958
428	(1.5359781739704985-1.7895034843543216j)	0.34515905380249023	47.127698698698694
429	(1.8043279128030814-1.8657381405694844j)	0.46015095710754395	47.237807807807805
430	(2.081047027242476-1.9017934632795706j)	0.4187431335449219	47.347916916916915
431	(2.3601287005531764-1.8973375062168598j)	0.4232039451599121	47.458026026026026
432	(2.6354160684076273-1.8526487850797888j)	0.45916271209716797	47.56813513513513
433	(2.901142093566749-1.7683482476417876j)	0.4871029853820801	47.67824424424424
434	(3.1519593410279954-1.6461224874920353j)	0.4292609691619873	47.78835335335335
435	(3.382656432496823-1.4887018744068599j)	0.3822288513183594	47.89846246246246
436	(3.587646836219635-1.2993149803546546j)	0.3282029628753662	48.008571571571565
437	(3.7627239474736083-1.0823029989743418j)	0.3233327865600586	48.118680680680676
438	(3.904306992748155-0.8420770087667777j)	0.37844109535217285	48.228789789789786
439	(4.009828049351894-0.5837115418173662j)	0.42508506774902344	48.3388988988989
440	(4.07675632697736-0.3128697448617639j)	0.5430989265441895	48.44900800800801
441	(4.103134502014429-0.035371597573375935j)	0.3204221725463867	48.55911711711711
442	(4.0888846632232365+0.24353581905641342j)	0.3145110607147217	48.66922622622622
443	(4.034241680091416+0.5172967567427253j)	0.31528210639953613	48.77933533533533
444	(3.9405786190474306+0.7799707291806053j)	0.31145286560058594	48.88944444444444
445	(3.8098085853394+1.0260345050041495j)	0.31650686264038086	48.999553553553554
446	(3.644271922708064+1.250719680964485j)	0.3209259510040283	49.10966266266266
447	(3.4477895632320466+1.4491410389244734j)	0.31867408752441406	49.21977177177177
448	(3.2246466842539023+1.6167776685013844j)	0.3178701400756836	49.32988088088088
449	(2.9795778920706786+1.749827986935368j)	0.3427000045776367	49.43998998998999
450	(2.7177025215571025+1.845775546680602j)	0.33597612380981445	49.55009909909909
451	(2.4445863879495193+1.9029303505749704j)	0.3215041160583496	49.6602082082082
452	(2.1661410370810557+1.9199024190979768j)	0.33362603187561035	49.770317317317314
453	(1.8882023679224833+1.8959605895296308j)	0.307204008102417	49.880426426426425
454	(1.6165790147579309+1.8315780453752857j)	0.37734198570251465	49.990535535535535
455	(1.3571385959708988+1.7284308878921353j)	0.3868091106414795	50.10064464464464
456	(1.1156528314118774+1.588883260457104j)	0.3201000690460205	50.21075375375375
457	(0.897200334972462+1.4158554763502957j)	0.314924955368042	50.32086286286286
458	(0.706054755656905+1.2125377636562749j)	0.3887767791748047	50.43097197197197
459	(0.5461933987631861+0.9835281127184391j)	0.348621129989624	50.541081081081074
460	(0.42152871874284326+0.7338567115812781j)	0.3279297351837158	50.651190190190185
461	(0.33478512750330636+0.4687772774577302j)	0.34712815284729004	50.761299299299296
462	(0.2876044943893528+0.19380679373499876j)	0.3557469844818115	50.871408408408406
463	(0.2806580192556977-0.08507804553696369j)	0.38102293014526367	50.98151751751752
464	(0.3141471201496969-0.36211336994026944j)	0.3839538097381592	51.09162662662662
465	(0.3877395138580332-0.6311461910788765j)	0.3532421588897705	51.20173573573573
466	(0.5000181599720782-0.8867693305272436j)	0.3708031177520752	51.31184484484484
467	(0.6482167893138373-1.1234185458984403j)	0.40918779373168945	51.42195395395395
468	(0.8289707305125821-1.3358296383174872j)	0.31952691078186035	51.53206306306306
469	(1.0385928999292258-1.5194903840027216j)	0.3121068477630615	51.64217217217217
470	(1.2604262958130108-1.657544541493699j)	0.2575366497039795	51.75228128128128
471	(1.5270097199262302-1.7867821714164516j)	0.31270694732666016	51.86239039039039
472	(1.7950522674928742-1.8644723242233179j)	0.32379698753356934	51.9724994994995
473	(2.071437362131617-1.9020534741507786j)	0.31151628494262695	52.0826086086086
474	(2.350428089836006-1.89892051381552j)	0.3286778926849365	52.19271771771771
475	(2.6260922615409816-1.8554075812434005j)	0.3050351142883301	52.30282682682682
476	(2.8924111064171236-1.7725939568564621j)	0.3148980140686035	52.412935935935934
477	(3.1437004024720654-1.6517236996803992j)	0.3166172504425049	52.523045045045045
478	(3.3749061018136057-1.4952954679245352j)	0.334122896194458	52.63315415415415
479	(3.580912548213435-1.306771951430242j)	0.319720983505249	52.74326326326326
480	(3.757398491660604-1.0907562332733098j)	0.32446789741516113	52.85337237237237
481	(3.900188238924862-0.8514585858656485j)	0.3117399215698242	52.96348148148148
482	(4.006797915550019-0.5937059636376127j)	0.39135193824768066	53.07359059059059
483	(4.075128767216313-0.32311804198761984j)	0.3503870964050293	53.183699699699694
484	(4.103149754827608-0.0453211398723492j)	0.33414483070373535	53.293808808808805
485	(4.090304257133721+0.23331551824665264j)	0.35683417320251465	53.403917917917916
486	(4.036884906324445+0.5071638036000057j)	0.37949609756469727	53.514027027027026
487	(3.94444970906873+0.7704785376465086j)	0.39129090309143066	53.62413613613613
488	(3.814804466204401+1.0173993664748369j)	0.302105188369751	53.73424524524524
489	(3.6506781427394643+1.2427840434052801j)	0.32881879806518555	53.84435435435435
490	(3.4551992373260725+1.44199020373346j)	0.319835901260376	53.95446346346346
491	(3.2327305660644723+1.6108399342684443j)	0.36934900283813477	54.06457257257257
492	(2.9883155710616256+1.7453802097530353j)	0.3584587574005127	54.174681681681676
493	(2.7270752361089765+1.8426290036836002j)	0.30496668815612793	54.28479079079079
494	(2.4543582648411553+1.9009343044039457j)	0.3051140308380127	54.3948998998999
495	(2.175766846249236+1.9192954266429865j)	0.30161190032958984	54.50500900900901
496	(1.8976695050946653+1.8968725815025465j)	0.2951490879058838	54.61511811811811
497	(1.6258482770976705+1.834046063040963j)	0.3007488250732422	54.72522722722722
498	(1.3660320525417986+1.732095729389837j)	0.3447730541229248	54.83533633633633
499	(1.123711713023076+1.5936628643243038j)	0.35799312591552734	54.94544544544544
500	(0.9041403473740186+1.4216460526149184j)	0.3333702087402344	55.055554554554554
501	(0.7121007206397262+1.2195731575794118j)	0.30222320556640625	55.16566366366366
502	(0.5513573803959945+0.9913967291086841j)	0.29787325859069824	55.27577277277277
503	(0.4253459300792404+0.7421385750016141j)	0.31836915016174316	55.38588188188188
504	(0.33702815049756446+0.47747651022119664j)	0.3522529602050781	55.49599099099099
505	(0.2884926514212128+0.2028800149395949j)	0.3673408031463623	55.6061001001001
506	(0.2803042512536509-0.07595147511753268j)	0.4083871841430664	55.716209209209204
507	(0.3124271641730432-0.3531265625812136j)	0.3410627841949463	55.826318318318314
508	(0.38452092954473827-0.6227211974165693j)	0.4569830894470215	55.936427427427425
509	(0.49531231562536737-0.878814135928415j)	0.4662508964538574	56.046536536536536
510	(0.6423803104665213-1.1160307315726372j)	0.313082218170166	56.15664564564564
511	(0.822246734994618-1.32942879823216j)	0.3102269172668457	56.26675475475475
512	(1.0309576859644207-1.5143477170795525j)	0.320842981338501	56.37686386386386
513	(1.264549347302181-1.6675029066627263j)	0.2965366840362549	56.48697297297297
514	(1.5179615227648167-1.7839341084804419j)	0.31253695487976074	56.59708208208208
515	(1.7855758563721797-1.8629499450150224j)	0.3167097568511963	56.707191191191185
516	(2.0618689200875964-1.9021069852030004j)	0.3240668773651123	56.817300300300296
517	(2.340708422517188-1.9004363402796731j)	0.3247950077056885	56.92740940940941
518	(2.61640097177655-1.858284790624703j)	0.3240499496459961	57.03751851851852
519	(2.8833517954554777-1.7765911120086773j)	0.30991315841674805	57.14762762762762
520	(3.1354006530231606-1.657151394815663j)	0.3335132598876953	57.25773673673673
521	(3.3673143634811225-1.5020783297273477j)	0.3256089687347412	57.36784584584584
522	(3.5743652463217637-1.314720796300597j)	0.3062300682067871	57.47795495495495
523	(3.751688700208515-1.0992904753313941j)	0.314708948135376	57.58806406406406
524	(3.895954962625838-0.8605775934083499j)	0.31206297874450684	57.69817317317317
525	(4.003844882277119-0.6035834042790067j)	0.31067419052124023	57.80828228228228
526	(4.073241144023825-0.33327310063862403j)	0.31015610694885254	57.91839139139139
527	(4.10270163341787-0.05561548887753354j)	0.30675792694091797	58.0285005005005
528	(4.091491587718594+0.22315406406365113j)	0.3063640594482422	58.13860960960961
529	(4.039570565471379+0.49718490699826323j)	0.3302128314971924	58.24871871871871
530	(3.9483458272732173+0.7608522730642513j)	0.352755069732666	58.358827827827824
531	(3.8199310794621533+1.008539748243387j)	0.3505837917327881	58.468936936936935
532	(3.6570132050747786+1.2349081216975633j)	0.3384840488433838	58.579046046046045
533	(3.462727840910248+1.4349881220920617j)	0.36542797088623047	58.68915515515515
534	(3.2411101965436897+1.604817880120698j)	0.3468778133392334	58.79926426426426
535	(2.9971758055992312+1.7405409044415001j)	0.33548498153686523	58.90937337337337
536	(2.7363880986008473+1.8394102839667217j)	0.33426499366760254	59.01948248248248
537	(2.4641138357027064+1.8991447352202688j)	0.3388090133666992	59.12959159159159
538	(2.185781260230998+1.9187128182351934j)	0.3100459575653076	59.239700700700695
539	(1.9073496442935238+1.897693157169409j)	0.3244478702545166	59.349809809809805
540	(1.6351043191571966+1.8363754875800584j)	0.40837717056274414	59.459918918918916
541	(1.3748574818274515+1.7359535483084205j)	0.44369983673095703	59.57002802802803
542	(1.1319056705407107+1.5985070990275274j)	0.4221150875091553	59.68013713713713
543	(0.9114847826119408+1.4276085138305235j)	0.477647066116333	59.79024624624624
544	(0.7182241648798405+1.2265824999506834j)	0.44818902015686035	59.90035535535535
545	(0.5563302072265855+0.999403291821238j)	0.44179415702819824	60.01046446446446
546	(0.4292392845338378+0.7508359227966922j)	0.4139080047607422	60.12057357357357
547	(0.33960873595859087+0.4863478683104873j)	0.4826469421386719	60.230682682682676
548	(0.2893506865801784+0.21208623373745006j)	0.4286370277404785	60.34079179179179
549	(0.2797387651837975-0.06658855050560285j)	0.4682431221008301	60.4509009009009
550	(0.310684951421883-0.34385866730155745j)	0.37649989128112793	60.56101001001001
551	(0.38146447439260756-0.6139358781106539j)	0.3147249221801758	60.67111911911912
552	(0.49076960503006906-0.8707246727305409j)	0.3261120319366455	60.78122822822822
553	(0.6364194059866328-1.1085777745467635j)	0.3659367561340332	60.89133733733733
554	(0.8153277520406297-1.3227330530196353j)	0.298098087310791	61.001446446446444
555	(1.0233191932362165-1.508878188773537j)	0.303865909576416	61.111555555555555
556	(1.2558869289480075-1.6627236540836674j)	0.30721282958984375	61.22166466466466
557	(1.5084583367110749-1.7809651721033837j)	0.3654341697692871	61.33177377377377
558	(1.7758308027534269-1.861254324235302j)	0.3075752258300781	61.44188288288288
559	(2.0518931528754316-1.9017117430338064j)	0.3205702304840088	61.55199199199199
560	(2.3310864376461553-1.9018053112072617j)	0.4036588668823242	61.6621011011011
561	(2.6067830428235683-1.8610336476792004j)	0.29884791374206543	61.772210210210204
562	(2.873964334421845-1.7805524779559687j)	0.3791801929473877	61.882319319319315
563	(3.1267884014748013-1.6622459116155945j)	0.2957439422607422	61.992428428428425
564	(3.3596571369579764-1.508611436734133j)	0.32291197776794434	62.102537537537536
565	(3.5674634022544898-1.322411224885657j)	0.29950594902038574	62.21264664664665
566	(3.7459722495154604-1.1078687804701735j)	0.2884950637817383	62.32275575575575
567	(3.891372053890562-0.8697185926772792j)	0.2917459011077881	62.43286486486486
568	(4.000819998375558-0.6132511072001693j)	0.2890899181365967	62.54297397397397
569	(4.071596056383674-0.3435966393926294j)	0.2863609790802002	62.65308308308308
570	(4.102316795913022-0.06614735052614229j)	0.28638696670532227	62.763192192192186
571	(4.092535007202902+0.21296785582628908j)	0.2951819896697998	62.8733013013013
572	(4.04218179880778+0.4872598590060546j)	0.31427884101867676	62.98341041041041
573	(3.952302345826094+0.7512956257883574j)	0.29796576499938965	63.09351951951952
574	(3.82504586828648+0.9995184550244599j)	0.3048849105834961	63.20362862862863
575	(3.6632267054002536+1.2267845775948474j)	0.2962627410888672	63.31373773773773
576	(3.470070172396656+1.4280760535829147j)	0.2960987091064453	63.42384684684684
577	(3.2494223590656137+1.598989746306589j)	0.31810784339904785	63.53395595595595
578	(3.0062278495984422+1.7358968749009094j)	0.2935647964477539	63.644065065065064
579	(2.74580132150354+1.8361074971652878j)	0.29863715171813965	63.75417417417417
580	(2.473809285260362+1.897391136900276j)	0.297595739364624	63.86428328328328
581	(2.195426604965161+1.9184816703312682j)	0.3033931255340576	63.97439239239239
582	(1.917314186088189+1.8986357988761258j)	0.2952392101287842	64.0845015015015
583	(1.6445554116565653+1.8387444750613136j)	0.3790278434753418	64.19461061061061
584	(1.3837179831621829+1.7397262931813038j)	0.29228711128234863	64.30471971971973
585	(1.1402642105536982+1.6037334998104045j)	0.32553696632385254	64.41482882882883
586	(0.9190605809567187+1.433744574467595j)	0.29959678649902344	64.52493793793793
587	(0.7245649402102887+1.2335844159135094j)	0.3038177490234375	64.63504704704705
588	(0.5614206944067812+1.007401198669075j)	0.30289626121520996	64.74515615615616
589	(0.4331148624766792+0.7595755006706327j)	0.34270691871643066	64.85526526526527
590	(0.3421772673636969+0.4958722471438452j)	0.31546974182128906	64.96537437437438
591	(0.2905865176233831+0.2214138293144041j)	0.29796791076660156	65.07548348348348
592	(0.279323370681468-0.05724941942223996j)	0.295637845993042	65.1855925925926
593	(0.3087403724765323-0.3344963322725143j)	0.310837984085083	65.2957017017017
594	(0.37836857123260104-0.6047558990945036j)	0.3611118793487549	65.40581081081082
595	(0.48637077673073015-0.8622645420124142j)	0.5343360900878906	65.51591991991992
596	(0.6306736074425717-1.1010741525217043j)	0.3931388854980469	65.62602902902903
597	(0.8084248472650974-1.3160507372930892j)	0.3483710289001465	65.73613813813814
598	(1.0154404701798652-1.503095627908529j)	0.3236861228942871	65.84624724724725
599	(1.2473235708722588-1.6582321042077748j)	0.2901480197906494	65.95635635635637
600	(1.499226613783974-1.777981394651473j)	0.3381228446960449	66.06646546546547
601	(1.76608887770145-1.8595752638100627j)	0.3890082836151123	66.17657457457457
602	(2.0421713227518707-1.9013836203042942j)	0.3407859802246094	66.28668368368369
603	(2.3211960103549627-1.9028027939903587j)	0.35280704498291016	66.3967927927928
604	(2.5973993943418026-1.8636768056072732j)	0.41832709312438965	66.50690190190191
605	(2.864627795171233-1.7846373413422112j)	0.3530721664428711	66.61701101101102
606	(3.118019350928167-1.6675136652373603j)	0.3606381416320801	66.72712012012012
607	(3.3517514144005873-1.5149146286852904j)	0.3405427932739258	66.83722922922924
608	(3.560610784851884-1.3299433286800706j)	0.3840310573577881	66.94733833833834
609	(3.7402072096281462-1.1164971808045774j)	0.3509650230407715	67.05744744744744
610	(3.886909420218339-0.8789366993682199j)	0.3068828582763672	67.16755655655656
611	(3.997433755674829-0.6230015647556412j)	0.4383409023284912	67.27766566566567
612	(4.069814094365667-0.35369114245402283j)	0.3099031448364258	67.38777477477478
613	(4.102054689009963-0.07651636075191981j)	0.33576512336730957	67.49788388388389
614	(4.093432537324546+0.2025411057855988j)	0.3024179935455322	67.60799299299299
615	(4.044623620852471+0.4773492174444344j)	0.29718708992004395	67.71810210210211
616	(3.9564042266210695+0.7414138959070176j)	0.32895708084106445	67.82821121121121
617	(3.8302860927279814+0.9905773863022876j)	0.4111030101776123	67.93832032032033
618	(3.6694698161952464+1.218630409682317j)	0.40976381301879883	68.04842942942943
619	(3.4773093798798667+1.4210397152572183j)	0.35748887062072754	68.15853853853854
620	(3.2577366089499864+1.5931507964264373j)	0.3884420394897461	68.26864764764765
621	(3.015311561847349+1.7312640085664535j)	0.3534209728240967	68.37875675675676
622	(2.7552461527643195+1.8326799705176078j)	0.36495113372802734	68.48886586586588
623	(2.483464060688824+1.895428030076509j)	0.3002009391784668	68.59897497497498
624	(2.2055784438388257+1.9179707885240136j)	0.3745908737182617	68.70908408408408
625	(1.9272257685096403+1.8998655709523469j)	0.328948974609375	68.8191931931932
626	(1.6542337031416807+1.8411715158529947j)	0.29342222213745117	68.9293023023023
627	(1.3927270529703524+1.743461941748413j)	0.2990882396697998	69.03941141141142
628	(1.1484686481644093+1.6089030990697981j)	0.2946739196777344	69.14952052052053
629	(0.9264640638106886+1.4401001876743773j)	0.388563871383667	69.25962962962963
630	(0.7310788618111115+1.2409338552778695j)	0.40986013412475586	69.36973873873875
631	(0.5667057037090134+1.0153088509956267j)	0.4570441246032715	69.47984784784785
632	(0.43702511438825065+0.7684144643883485j)	0.3758847713470459	69.58995695695695
633	(0.3447139953113167+0.5049991328453335j)	0.37385988235473633	69.70006606606607
634	(0.29182422774425876+0.23094417997472386j)	0.3259420394897461	69.81017517517517
635	(0.279140054624448-0.04773924195477548j)	0.3186831474304199	69.92028428428429
636	(0.3069623129775165-0.32507565621747214j)	0.32171010971069336	70.0303933933934
637	(0.3751198814541479-0.5956401580652931j)	0.30510401725769043	70.1405025025025
638	(0.4819348581873132-0.8536215327564588j)	0.3273038864135742	70.25061161161162
639	(0.6250675813736121-1.0933480352437466j)	0.30927467346191406	70.36072072072072
640	(0.8014786261472479-1.3093418161623245j)	0.3642759323120117	70.47082982982984
641	(1.0075622025929811-1.497259028619744j)	0.2969646453857422	70.58093893893894
642	(1.238706832119797-1.6535054508772362j)	0.30908703804016113	70.69104804804805
643	(1.4901361270338418-1.7745178331057665j)	0.36817502975463867	70.80115715715716
644	(1.7563677106073339-1.8576788818350398j)	0.3552088737487793	70.91126626626627
645	(2.0320572148069043-1.9010456298061682j)	0.30660295486450195	71.02137537537538
646	(2.31125892524205-1.903785825500736j)	0.31342196464538574	71.13148448448449
647	(2.5877132236592995-1.8660335202820946j)	0.31192493438720703	71.24159359359359
648	(2.8554515372615445-1.7884975372383531j)	0.29949116706848145	71.35170270270271
649	(3.1092272734106827-1.6728249917677032j)	0.30104994773864746	71.46181181181181
650	(3.343814469974193-1.5213260279489038j)	0.29584288597106934	71.57192092092093
651	(3.553554157036475-1.3374656055344227j)	0.296489953994751	71.68203003003003
652	(3.7344728354737264-1.124797718000044j)	0.31743812561035156	71.79213913913914
653	(3.882118602765256-0.8883451235209299j)	0.32097697257995605	71.90224824824826
654	(3.9941692409204697-0.6327938699300362j)	0.32944202423095703	72.01235735735736
655	(4.067871751425798-0.36374895644697797j)	0.32273411750793457	72.12246646646646
656	(4.101734598339956-0.08681341091513406j)	0.33273887634277344	72.23257557557558
657	(4.094619525712613+0.1921253707114552j)	0.3595139980316162	72.34268468468468
658	(4.046995623511612+0.4672550830335027j)	0.29506802558898926	72.4527937937938
659	(3.9599534839174164+0.7322882320756624j)	0.30280399322509766	72.5629029029029
660	(3.8355057902734884+0.9819231795034264j)	0.357867956161499	72.67301201201201
661	(3.6759515125497493+1.2104762101820052j)	0.41773414611816406	72.78312112112113
662	(3.484671055361661+1.4139409596317474j)	0.5045080184936523	72.89323023023023
663	(3.265958765060162+1.5871953031239223j)	0.44882702827453613	73.00333933933935
664	(3.024327305911697+1.726724957895383j)	0.8177459239959717	73.11344844844845
665	(2.7650649107976992+1.8294271990557047j)	0.8601899147033691	73.22355755755756
666	(2.49344349772929+1.893378231730141j)	0.43627119064331055	73.33366666666667
667	(2.2154387808978813+1.9175667027246197j)	0.4726090431213379	73.44377577577578
668	(1.937031790403434+1.9008730328799217j)	0.557452917098999	73.5538848848849
669	(1.6639180141434506+1.8436548605707768j)	0.39617490768432617	73.663993993994
670	(1.4019550262595208+1.7472435229199632j)	0.5393128395080566	73.7741031031031
671	(1.1568324181522969+1.6138935386947935j)	0.5758280754089355	73.88421221221222
672	(0.9338643032448327+1.4464274610962464j)	0.7026937007904053	73.99432132132132
673	(0.737606069662057+1.248248820858636j)	0.6981680393218994	74.10443043043044
674	(0.5720159149370299+1.023493582560501j)	0.5824236869812012	74.21453953953954
675	(0.4410783437782882+0.7770230157469631j)	0.6374938488006592	74.32464864864865
676	(0.3471555213702029+0.5142621728640069j)	0.4101252555847168	74.43475775775777
677	(0.2929740292699456+0.24070860616010614j)	0.448314905166626	74.54486686686687
678	(0.2788953568945178-0.03817372859865367j)	0.4082169532775879	74.65497597597599
679	(0.30526988580311165-0.3157310127808291j)	0.3164031505584717	74.76508508508509
680	(0.3718657550243653-0.5864628172494665j)	0.41289615631103516	74.8751941941942
681	(0.4775040813182326-0.8448177187610796j)	0.42957282066345215	74.98530330330331
682	(0.6194584774552727-1.085362132986205j)	0.3237149715423584	75.09541241241241
683	(0.7947216528139422-1.302442369542344j)	0.3175160884857178	75.20552152152152
684	(0.999495046851272-1.4915581653297119j)	0.37904787063598633	75.31563063063064
685	(1.2299312835847298-1.6488387696867393j)	0.3326101303100586	75.42573973973974
686	(1.4806312113339324-1.7711756473139844j)	0.3114020824432373	75.53584884884886
687	(1.7467956978012373-1.8558311895323505j)	0.29945921897888184	75.64595795795796
688	(2.022138591917745-1.9007026290662985j)	0.3228299617767334	75.75606706706706
689	(2.3010538256476396-1.904743648985512j)	0.31315135955810547	75.86617617617618
690	(2.577774978434409-1.8684045581399324j)	0.3761899471282959	75.97628528528529
691	(2.846158875551076-1.792206623995153j)	0.3241691589355469	76.0863943943944
692	(3.1005259067757387-1.678021155949023j)	0.3142127990722656	76.19650350350351
693	(3.335542627810525-1.5277672446992328j)	0.3563570976257324	76.30661261261261
694	(3.546462554986846-1.344654987445456j)	0.3483309745788574	76.41672172172173
695	(3.728500894061429-1.133178788515402j)	0.3068842887878418	76.52683083083083
696	(3.877605697281793-0.8974575203694322j)	0.36161327362060547	76.63693993993995
697	(3.9907667211576285-0.6426109458540681j)	0.31050682067871094	76.74704904904905
698	(4.065824498973169-0.3737818917710296j)	0.33688998222351074	76.85715815815816
699	(4.101185563847328-0.09712991602738219j)	0.31081080436706543	76.96726726726727
700	(4.095718786756764+0.18194492996648814j)	0.3199951648712158	77.07737637637638
701	(4.04950767378743+0.4572078558873873j)	0.31835007667541504	77.1874854854855
702	(3.963710927899816+0.7227544845889441j)	0.3201882839202881	77.2975945945946
703	(3.8404851105967612+0.9729247076244447j)	0.3163719177246094	77.4077037037037
704	(3.6823274035301234+1.2024957286444817j)	0.3116111755371094	77.51781281281282
705	(3.492169705820107+1.4066795040294506j)	0.3101019859313965	77.62792192192192
706	(3.274039984386549+1.5810723663634687j)	0.3296370506286621	77.73803103103103
707	(3.033224328702318+1.7220615388410756j)	0.3090789318084717	77.84814014014015
708	(2.7745640755010363+1.8262218762648508j)	0.3031890392303467	77.95824924924925
709	(2.5034694389738448+1.891529331686792j)	0.30667901039123535	78.06835835835837
710	(2.225622246423362+1.9169031150618672j)	0.3022630214691162	78.17846746746747
711	(1.9469815139575215+1.901815127471254j)	0.3055686950683594	78.28857657657657
712	(1.6735501280363292+1.8461825753956929j)	0.3128237724304199	78.39868568568569
713	(1.4112019117462757+1.751166550292453j)	0.3182070255279541	78.5087947947948
714	(1.1653924808700928+1.61891997847699j)	0.31641173362731934	78.61890390390391
715	(0.9414222109748103+1.4526266609072556j)	0.3154141902923584	78.72901301301302
716	(0.7441758957603233+1.2556770272162543j)	0.3138241767883301	78.83912212212212
717	(0.5775479388421487+1.031808287813211j)	0.3184189796447754	78.94923123123124
718	(0.4451841831776181+0.786036302679505j)	0.3180959224700928	79.05934034034034
719	(0.3500143023768435+0.5235935540343755j)	0.303879976272583	79.16944944944946
720	(0.2940440431076549+0.2504201461734174j)	0.3001060485839844	79.27955855855856
721	(0.27856148936235053-0.028075416620387997j)	0.3024468421936035	79.38966766766767
722	(0.3038066282654521-0.30606935662260865j)	0.3228480815887451	79.49977677677678
723	(0.3689610704138937-0.5774331802190651j)	0.3074822425842285	79.60988588588589
724	(0.472760524787293-0.8362345894029451j)	0.3010880947113037	79.719994994995
725	(0.6134524564480734-1.0772855434452742j)	0.3121058940887451	79.83010410410411
726	(0.7878312580475779-1.2954280879559663j)	0.3062171936035156	79.94021321321321
727	(0.9918489087874567-1.4856353458374465j)	0.29909682273864746	80.05032232232233
728	(1.22119259314391-1.6440390059871601j)	0.31119608879089355	80.16043143143143
729	(1.4713520211886646-1.7676275627548588j)	0.30991268157958984	80.27054054054054
730	(1.7370328550224114-1.8535927246240824j)	0.3018512725830078	80.38064964964965
731	(2.0121590902825486-1.899953680854102j)	0.2998678684234619	80.49075875875876
732	(2.2910846354698813-1.9057279641581406j)	0.3054969310760498	80.60086786786788
733	(2.567839798323426-1.8706027200331334j)	0.3114776611328125	80.71097697697698
734	(2.836536205465755-1.7958017432253277j)	0.29958224296569824	80.82108608608608
735	(3.092076754174715-1.683425961074481j)	0.29587888717651367	80.9311951951952
736	(3.3276859020920626-1.5341001509941923j)	0.3087449073791504	81.0413043043043
737	(3.5393158645960487-1.352245605687515j)	0.3051929473876953	81.15141341341342
738	(3.7223952453784817-1.1415272539325305j)	0.3197047710418701	81.26152252252253
739	(3.872771729971886-0.9065506025467991j)	0.3194088935852051	81.37163163163163
740	(3.9875254260189026-0.6523852945709165j)	0.30658912658691406	81.48174074074075
741	(4.06384236518068-0.38409668658303575j)	0.3132450580596924	81.59184984984985
742	(4.100559659537862-0.10754420883298943j)	0.3046989440917969	81.70195895895897
743	(4.09658004941994+0.17164532426146684j)	0.3138418197631836	81.81206806806807
744	(4.051920374847903+0.4469998058178897j)	0.30681300163269043	81.92217717717718
745	(3.96759061382824+0.7128958789393531j)	0.3051469326019287	82.0322862862863
746	(3.845563742121697+0.9638590834604999j)	0.31187891960144043	82.1423953953954
747	(3.688473833288825+1.1944330495558892j)	0.30131101608276367	82.25250450450451
748	(3.499729408456194+1.3997398625968573j)	0.32282090187072754	82.36261361361362
749	(3.2826065229874173+1.5751894455596318j)	0.31733036041259766	82.47272272272272
750	(3.0423321807867527+1.7171936442716502j)	0.31001877784729004	82.58283183183184
751	(2.7840589017567092+1.8228827480442609j)	0.3044891357421875	82.69294094094094
752	(2.513254300813475+1.8898694594380832j)	0.30529117584228516	82.80305005005005
753	(2.2357413184362542+1.9165312513528574j)	0.3127882480621338	82.91315915915916
754	(1.9569811337325997+1.9027434072048246j)	0.30124425888061523	83.02326826826827
755	(1.6832869897232983+1.8485364247838443j)	0.31091976165771484	83.13337737737739
756	(1.4203570406573405+1.7551282708953626j)	0.3090250492095947	83.24348648648649
757	(1.173972144758743+1.6241672103656177j)	0.3273169994354248	83.35359559559559
758	(0.949101117137128+1.458839283016327j)	0.30020594596862793	83.46370470470471
759	(0.7507304961851509+1.2628525732078841j)	0.31281185150146484	83.57381381381381
760	(0.5829972867576566+1.0401404996559298j)	0.305217981338501	83.68392292292293
761	(0.4494454742916234+0.79506232362116j)	0.31517601013183594	83.79403203203204
762	(0.3528203287323012+0.5330397032371321j)	0.3096811771392822	83.90414114114114
763	(0.2954175421942953+0.2599251858414929j)	0.30049800872802734	84.01425025025026
764	(0.27840582252868673-0.018258408329999587j)	0.30608487129211426	84.12435935935936
765	(0.3021955337056095-0.29621030862446474j)	0.30439329147338867	84.23446846846848
766	(0.36602622162389814-0.5678482863804153j)	0.3090238571166992	84.34457757757758
767	(0.4685096342233303-0.8274883236845452j)	0.30396199226379395	84.45468668668668
768	(0.618638505683715-1.0830733886796267j)	0.2727031707763672	84.5647957957958
769	(0.7810350828129953-1.2880287700186357j)	0.30156397819519043	84.6749049049049
770	(0.9840144721544822-1.4794278056991865j)	0.31879305839538574	84.78501401401402
771	(1.2126657117525894-1.6393862383875812j)	0.302631139755249	84.89512312312313
772	(1.4618931896245175-1.7641938927199263j)	0.30901122093200684	85.00523223223223
773	(1.7270279342551735-1.8513067428092749j)	0.29219794273376465	85.11534134134135
774	(2.0021902515818497-1.8991841494775006j)	0.31197690963745117	85.22545045045045
775	(2.2810068245168638-1.9064060576246522j)	0.3046379089355469	85.33555955955956
776	(2.55795243739876-1.8729960828116892j)	0.3036069869995117	85.44566866866867
777	(2.826989855539049-1.7996477993041013j)	0.3051309585571289	85.55577777777778
778	(3.0826974997162835-1.688050361977059j)	0.29848194122314453	85.6658868868869
779	(3.3195284239774425-1.5403649256986478j)	0.3080880641937256	85.775995995996
780	(3.53207647441878-1.3595523902191289j)	0.30803704261779785	85.8861051051051
781	(3.7162863536448523-1.1499833081169042j)	0.3069748878479004	85.99621421421422
782	(3.867951863405934-0.9156329633049245j)	0.33890509605407715	86.10632332332332
783	(3.9839905599010637-0.6620512830794267j)	0.3137481212615967	86.21643243243244
784	(4.062119592733447-0.39404790057167616j)	0.309798002243042	86.32654154154154
785	(4.099805155215389-0.11783736459205785j)	0.31403589248657227	86.43665065065065
786	(4.097342307090482+0.16123803472815212j)	0.3142111301422119	86.54675975975977
787	(4.05432700541953+0.43702136969396155j)	0.31235361099243164	86.65686886886887
788	(3.9713880341814365+0.7034012585862224j)	0.30646395683288574	86.76697797797799
789	(3.850646311035053+0.9547023794274756j)	0.3026890754699707	86.87708708708709
790	(3.694770294641077+1.186144219583065j)	0.31028008460998535	86.9871961961962
791	(3.507006980361707+1.3925181419415908j)	0.3117520809173584	87.09730530530531
792	(3.2910707156041203+1.569171353800804j)	0.3140871524810791	87.20741441441442
793	(3.051517061788366+1.712468952797754j)	0.3121318817138672	87.31752352352353
794	(2.793683853324578+1.8194100898010883j)	0.33779191970825195	87.42763263263264
795	(2.5232991573044594+1.8877411235072192j)	0.3299829959869385	87.53774174174174
796	(2.2457259155231224+1.9161416366312265j)	0.3261408805847168	87.64785085085086
797	(1.9672028630568592+1.903643490459275j)	0.31733131408691406	87.75795995995996
798	(1.6930836253594679+1.8508512555523542j)	0.3054840564727783	87.86806906906907
799	(1.4294754182076104+1.7589223589035194j)	0.30291199684143066	87.97817817817818
800	(1.1825364926433601+1.6293954560227468j)	0.3026580810546875	88.08828728728729
801	(0.956986110154617+1.465356438811015j)	0.30228304862976074	88.1983963963964
802	(0.7572999340887089+1.270184980921971j)	0.29964208602905273	88.30850550550551
803	(0.5885089615933218+1.0482393239137535j)	0.3057520389556885	88.41861461461461
804	(0.45349266342938954+0.8040856876237316j)	0.37400007247924805	88.52872372372373
805	(0.35576365810581156+0.5426406135025369j)	0.338939905166626	88.63883283283283
806	(0.29683015547636893+0.26982054941240086j)	0.32499217987060547	88.74894194194195
807	(0.2783861177089946-0.008521931957169715j)	0.3302159309387207	88.85905105105105
808	(0.3004708418520707-0.28633481721092335j)	0.32585716247558594	88.96916016016016
809	(0.36298208149401023-0.5582776906126021j)	0.33814096450805664	89.07926926926928
810	(0.46410220037485106-0.8185703976251482j)	0.3381941318511963	89.18937837837838
811	(0.6020364309523126-1.0610369252558205j)	0.3321340084075928	89.2994874874875
812	(0.7739888827627742-1.280828598103719j)	0.3494269847869873	89.4095965965966
813	(0.9762723965455249-1.4730818498067193j)	0.3403909206390381	89.5197057057057
814	(1.2040240341731-1.6342045133234233j)	0.32402801513671875	89.62981481481482
815	(1.4527065202575566-1.7604680965336417j)	0.3320119380950928	89.73992392392393
816	(1.717180464645432-1.849201969882455j)	0.35172510147094727	89.85003303303304
817	(1.9919750251113262-1.898457557171527j)	0.3636660575866699	89.96014214214215
818	(2.2707652459004777-1.907247081895834j)	0.44986820220947266	90.07025125125125
819	(2.547981705286546-1.8751724376120869j)	0.5654327869415283	90.18036036036037
820	(2.8175159769361335-1.8031457493235543j)	0.4229888916015625	90.29046946946947
821	(3.07368006964511-1.6928231519163894j)	0.4461848735809326	90.40057857857859
822	(3.3114000290172014-1.546425590728691j)	0.45062923431396484	90.51068768768769
823	(3.52498419146877-1.3671270346657272j)	0.5036501884460449	90.6207967967968
824	(3.710224562325525-1.1583094388073905j)	0.4929370880126953	90.73090590590591
825	(3.862981854201471-0.9249609758837523j)	0.42007899284362793	90.84101501501502
826	(3.9803548660817496-0.6717006130026386j)	0.4614269733428955	90.95112412412412
827	(4.059795207430958-0.40429264503776596j)	0.558635950088501	91.06123323323324
828	(4.099300948930285-0.12834805483785194j)	0.362227201461792	91.17134234234234
829	(4.098149147233519+0.15089354572586555j)	0.6263480186462402	91.28145145145146
830	(4.0565190950538055+0.4267968039269612j)	0.3869640827178955	91.39156056056056
831	(3.9750744797767448+0.693713401483032j)	0.4094541072845459	91.50166966966967
832	(3.8542525502881197+0.946973551003464j)	0.4248790740966797	91.61177877877878
833	(3.7010468970041033+1.1781141881691604j)	0.3646278381347656	91.72188788788789
834	(3.5142066424276903+1.3851218665851934j)	0.5818510055541992	91.831996996997
835	(3.299288278118804+1.5631005532071682j)	0.4539000988006592	91.94210610610611
836	(3.0605467639653625+1.7075080337837032j)	0.5957438945770264	92.05221521521521
837	(2.8034659530179837+1.8159772772528133j)	0.48616909980773926	92.16232432432433
838	(2.5333248317200736+1.8856834824903954j)	0.35347819328308105	92.27243343343343
839	(2.256020072000988+1.915505747089098j)	0.3406860828399658	92.38254254254255
840	(1.977326052932279+1.90477545625202j)	0.31838083267211914	92.49265165165166
841	(1.702986308080625+1.8534004308086045j)	0.3126840591430664	92.60276076076076
842	(1.4389929738854426+1.762691834293538j)	0.32648491859436035	92.71286986986988
843	(1.1911018321924942+1.6344865374706188j)	0.31010890007019043	92.82297897897898
844	(0.9645662932339628+1.4717933933340497j)	0.31308603286743164	92.9330880880881
845	(0.7654654754677196+1.279595044134984j)	0.3131392002105713	93.0431971971972
846	(0.593915495937258+1.05667341393592j)	0.29972124099731445	93.1533063063063
847	(0.45768954675180606+0.8131268058738563j)	0.30617594718933105	93.26341541541542
848	(0.3584435991852433+0.5522067123495539j)	0.40199995040893555	93.37352452452453
849	(0.29836859543412136+0.2798155319999457j)	0.3319578170776367	93.48363363363363
850	(0.2784385040639988+0.0014148729367961799j)	0.33250999450683594	93.59374274274275
851	(0.2990285929049274-0.27669345782731586j)	0.3280482292175293	93.70385185185185
852	(0.3598429779892893-0.5488437687122363j)	0.3194408416748047	93.81396096096097
853	(0.45982237246924035-0.8093924261675551j)	0.32505297660827637	93.92407007007007
854	(0.5966141689461326-1.0528888029036128j)	0.4139289855957031	94.03417917917918
855	(0.767262759818581-1.27357153654913j)	0.32956790924072266	94.1442882882883
856	(0.9682996327668116-1.46693448648403j)	0.46686506271362305	94.2543973973974
857	(1.195311900960857-1.629098572622358j)	0.36558103561401367	94.36450650650652
858	(1.4432576641631716-1.756612874383896j)	0.41258811950683594	94.47461561561562
859	(1.7076115784234258-1.846908673593835j)	0.41778993606567383	94.58472472472472
860	(1.981748055537277-1.8975378274326578j)	0.35845136642456055	94.69483383383384
861	(2.2605823253812343-1.9076677449878037j)	0.4680671691894531	94.80494294294294
862	(2.5381163283879196-1.8771722029306455j)	0.5295531749725342	94.91505205205206
863	(2.8080723763463835-1.80680469340282j)	0.4637789726257324	95.02516116116117
864	(3.064897938512314-1.697883291550154j)	0.5021779537200928	95.13527027027027
865	(3.302931305118776-1.5524633797651588j)	1.2110810279846191	95.24537937937939
866	(3.517649788452535-1.374106852091249j)	0.6158452033996582	95.35548848848849
867	(3.7040281512847284-1.1665721118533723j)	0.528256893157959	95.46559759759761
868	(3.858094273146509-0.9339272482151387j)	0.5059168338775635	95.57570670670671
869	(3.976677111872422-0.6813164137117939j)	0.463925838470459	95.68581581581581
870	(4.057521075445621-0.4143909639096093j)	0.6823158264160156	95.79592492492493
871	(4.098627147382903-0.13844539603649442j)	0.5836930274963379	95.90603403403404
872	(4.098672658711584+0.14058386735146144j)	0.5417389869689941	96.01614314314314
873	(4.058611270868917+0.41640004958619525j)	0.5529148578643799	96.12625225225226
874	(3.978723904506403+0.6840904323250843j)	0.38120174407958984	96.23636136136136
875	(3.8607640781321653+0.9369082029105467j)	0.4382448196411133	96.34647047047048
876	(3.707148686715066+1.1696242079473471j)	0.34673619270324707	96.45657957957958
877	(3.521537822813504+1.3777437823598382j)	0.310683012008667	96.56668868868869
878	(3.307494996143823+1.556941431847895j)	0.30805301666259766	96.6767977977978
879	(3.0695949398625944+1.702945021610109j)	0.3229482173919678	96.7869069069069
880	(2.8130640281731925+1.8125375161054458j)	0.43691086769104004	96.89701601601602
881	(2.5434676627773585+1.8837644936348172j)	0.4175989627838135	97.00712512512513
882	(2.2659683485957807+1.9147941841617304j)	0.5247952938079834	97.11723423423423
883	(1.987367889216832+1.905676218069487j)	0.31044626235961914	97.22734334334335
884	(1.7128556955407204+1.8557018142909532j)	0.31602978706359863	97.33745245245245
885	(1.4482797730700074+1.7664565603469162j)	0.3092317581176758	97.44756156156157
886	(1.199832937459047+1.6395324577206167j)	0.30294108390808105	97.55767067067067
887	(0.9723222916236918+1.4779457002630778j)	0.3207690715789795	97.66777977977978
888	(0.7708993237626756+1.2851112821046213j)	0.4289281368255615	97.7778888888889
889	(0.5997354841727758+1.064870810715495j)	0.34317779541015625	97.887997997998
890	(0.46228168960348914+0.8220664349625648j)	0.30635786056518555	97.99810710710712
891	(0.36134853441445225+0.5618462947865238j)	0.3600890636444092	98.10821621621622
892	(0.2997491135552902+0.28966638924986415j)	0.4243052005767822	98.21832532532532
893	(0.2784425532115241+0.011346255831102284j)	0.4542200565338135	98.32843443443444
894	(0.2976168752598642-0.26690581721037787j)	0.33017826080322266	98.43854354354355
895	(0.356862678418035-0.5394254624012689j)	0.3028600215911865	98.54865265265265
896	(0.45537170195370014-0.800487899875394j)	0.30275392532348633	98.65876176176177
897	(0.5908032859659619-1.044359403187594j)	0.36042284965515137	98.76887087087087
898	(0.7605789044064373-1.2662323749330477j)	0.31343889236450195	98.87897997997999
899	(0.9605409364220197-1.4605761844909293j)	0.33499789237976074	98.98908908908909
900	(1.1865832240838106-1.6240133978364784j)	0.32295870780944824	99.0991981981982
901	(1.4339011648118127-1.7527640332540373j)	0.43041396141052246	99.20930730730731
902	(1.697620656092371-1.8444177303423315j)	0.3185451030731201	99.31941641641642
903	(1.971768573509724-1.8966620151317515j)	0.31536221504211426	99.42952552552553
904	(2.2505018108344617-1.9082179521426181j)	0.4243738651275635	99.53963463463464
905	(2.5281154090964164-1.879191881917746j)	0.30159807205200195	99.64974374374374
906	(2.7983755337581204-1.81018730206462j)	0.4041430950164795	99.75985285285286
907	(3.0558947047037193-1.702647022880069j)	0.3263099193572998	99.86996196196196
908	(3.2945846424462304-1.5588849021521027j)	0.35917210578918457	99.98007107107108
909	(3.5102396958236666-1.3814236309357861j)	0.38070178031921387	100.09018018018018
910	(3.6975291234677896-1.1746793135109577j)	0.3646969795227051	100.20028928928929
911	(3.853211660392638-0.9430526022886611j)	0.35750699043273926	100.3103983983984
912	(3.9731406477885995-0.6912066996906507j)	0.3169138431549072	100.42050750750751
913	(4.055643357672148-0.4247633049496959j)	0.330247163772583	100.53061661661663
914	(4.097744573287494-0.1489811744180518j)	0.3485841751098633	100.64072572572573
915	(4.099684858082037+0.13026200037060331j)	0.35529088973999023	100.75083483483483
916	(4.061100695829422+0.4065226054022071j)	0.3524930477142334	100.86094394394395
917	(3.982223016882771+0.6743378455830413j)	0.3657388687133789	100.97105305305305
918	(3.865679000779833+0.9277088794992354j)	0.3832430839538574	101.08116216216216
919	(3.715356252776006+1.1739888430771561j)	0.3199019432067871	101.19127127127128
920	(3.5290373067773833+1.3705528755372534j)	0.34420299530029297	101.30138038038038
921	(3.3156550148738497+1.5506265085061317j)	0.33956408500671387	101.4114894894895
922	(3.0786113628644465+1.6979276235543241j)	0.32245802879333496	101.5215985985986
923	(2.822554895006787+1.8091364938542598j)	0.3180580139160156	101.6317077077077
924	(2.5533016072594488+1.881623145955669j)	0.3008239269256592	101.74181681681682
925	(2.2762762793599283+1.9144390406833187j)	0.36293768882751465	101.85192592592593
926	(1.9974250525084534+1.906586577805145j)	0.3837289810180664	101.96203503503504
927	(1.7226855317815557+1.8581965442851915j)	0.31769227981567383	102.07214414414415
928	(1.457956768888602+1.770203252544094j)	0.30699992179870605	102.18225325325325
929	(1.2086604032540817+1.6444047298890179j)	0.34453582763671875	102.29236236236237
930	(0.980380008625138+1.484054417940371j)	0.33989596366882324	102.40247147147147
931	(0.7779003640943201+1.292306004083003j)	0.31012415885925293	102.51258058058059
932	(0.6054806703896537+1.073185615860675j)	0.3801097869873047	102.6226896896897
933	(0.4665568198048888+0.8309343195093354j)	0.34857988357543945	102.7327987987988
934	(0.36442814867529616+0.5713082329676904j)	0.35355496406555176	102.84290790790791
935	(0.30141607174902413+0.2995324024801638j)	0.3623330593109131	102.95301701701702
936	(0.27840424592057267+0.021706223542822933j)	0.3512849807739258	103.06312612612614
937	(0.29616365997772637-0.2568788412005643j)	0.4494771957397461	103.17323523523524
938	(0.3541271579681236-0.5297622674816199j)	0.30655908584594727	103.28334434434434
939	(0.45121165242913286-0.7914427988674066j)	0.31416821479797363	103.39345345345346
940	(0.5853169851869434-1.0359555625348853j)	0.5788557529449463	103.50356256256256
941	(0.7536931546409593-1.2587884191641012j)	0.31324005126953125	103.61367167167167
942	(0.9528424864568722-1.4541693383674814j)	0.3341667652130127	103.72378078078079
943	(1.1777695961029298-1.6189747543796573j)	0.34007906913757324	103.83388988988989
944	(1.4244604441246256-1.748909673116277j)	0.34246301651000977	103.943998998999
945	(1.6877116013551807-1.841731860583863j)	0.328920841217041	104.05410810810811
946	(1.9615887680369166-1.8955694056404628j)	0.34368109703063965	104.16421721721721
947	(2.2402043038431017-1.9085924011366227j)	0.858809232711792	104.27432632632633
948	(2.5180001802039427-1.8809453723091956j)	0.5360748767852783	104.38443543543544
949	(2.7883289520175873-1.8137058340457568j)	0.39840006828308105	104.49454454454455
950	(3.046579980998418-1.7071783798598117j)	0.3813438415527344	104.60465365365366
951	(3.2860280726788393-1.564772172122182j)	0.3413050174713135	104.71476276276276
952	(3.5027591637030953-1.3886758222044813j)	0.40896010398864746	104.82487187187188
953	(3.6912072665878237-1.1830262435305223j)	0.37909483909606934	104.93498098098098
954	(3.8480790046216495-0.9518866343082745j)	0.30823588371276855	105.0450900900901
955	(3.969443903682003-0.7008566307625658j)	0.3263399600982666	105.1551991991992
956	(4.052726702575588-0.4347146831405028j)	0.3097541332244873	105.2653083083083
957	(4.09681232051434-0.15920909161614702j)	0.3066401481628418	105.37541741741742
958	(4.100231943558274+0.11974486514115706j)	0.3200840950012207	105.48552652652653
959	(4.063137382434721+0.39632475512314275j)	0.4912300109863281	105.59563563563565
960	(3.9859778367189644+0.6643938532611955j)	0.3521919250488281	105.70574474474475
961	(3.8705274744865052+0.9185969654442409j)	0.32830286026000977	105.81585385385385
962	(3.7196208409016536+1.1532201278410672j)	0.33066487312316895	105.92596296296297
963	(3.538475376962993+1.3634502607266425j)	0.31228113174438477	106.03607207207207
964	(3.324126194501438+1.544539651270128j)	0.477200984954834	106.14618118118119
965	(3.0875788427744206+1.692879706468692j)	0.3305821418762207	106.2562902902903
966	(2.832330198110987+1.8054293922978666j)	0.4406881332397461	106.3663993993994
967	(2.5631843543996555+1.8795770217735261j)	0.49112391471862793	106.47650850850852
968	(2.2865833944455054+1.9137369092928769j)	0.3314638137817383	106.58661761761762
969	(2.0075956676136735+1.9071940150536308j)	0.33768701553344727	106.69672672672672
970	(1.7325559946554465+1.8603861268002837j)	0.429426908493042	106.80683583583584
971	(1.4672369038246256+1.7741382946635222j)	0.4437410831451416	106.91694494494494
972	(1.217267421292172+1.6497827217396557j)	0.3343071937561035	107.02705405405406
973	(0.9882508816910199+1.4905320224826466j)	0.35973310470581055	107.13716316316317
974	(0.784725410572888+1.2997508814788745j)	0.4948091506958008	107.24727227227227
975	(0.6111363467868265+1.0815665853005714j)	0.3781900405883789	107.35738138138139
976	(0.470990573486774+0.8402835667150343j)	0.34847092628479004	107.46749049049049
977	(0.3676660604639234+0.5809785173118599j)	0.5016319751739502	107.57759959959961
978	(0.3028566987668021+0.30939669590086993j)	0.4896972179412842	107.68770870870871
979	(0.2795602023836501+0.03171124156524215j)	0.6356627941131592	107.79781781781782
980	(0.2948166864867008-0.24687598156634508j)	0.4398670196533203	107.90792692692693
981	(0.3513517207174691-0.5199873831552961j)	0.5006599426269531	108.01803603603604
982	(0.44719417528776845-0.7821030849054673j)	0.36576414108276367	108.12814514514515
983	(0.5795087611514561-1.0276315285935056j)	0.5899782180786133	108.23825425425426
984	(0.7468815750810083-1.2510016891550046j)	0.5180060863494873	108.34836336336336
985	(0.9449711667735815-1.4479243864783111j)	0.45772218704223633	108.45847247247248
986	(1.169295470420915-1.6136853714470814j)	0.5940229892730713	108.56858158158158
987	(1.4151493448720063-1.7450546371100146j)	0.5419518947601318	108.6786906906907
988	(1.6777660621419752-1.8392659635205972j)	0.40651488304138184	108.7887997997998
989	(1.951477527205555-1.8944006168440637j)	0.33782315254211426	108.89890890890891
