	res_adaptive	time_adaptive	w
0	(1.067753140962912-0.05983812317734359j)	0.336101770401001	0.001
1	(1.2905428617201344-0.29383150722458606j)	0.37166285514831543	0.1010990990990991
2	(1.4249053185943328-0.411494054907623j)	0.28653597831726074	0.2011981981981982
3	(1.5329897703919855-0.5028151639557389j)	0.31003403663635254	0.3012972972972973
4	(1.6323745186513006-0.5709196998476439j)	0.29952311515808105	0.4013963963963964
5	(1.7300171490710787-0.6289843595172939j)	0.3018958568572998	0.5014954954954955
6	(1.8207831603255091-0.6749117572514516j)	0.3011000156402588	0.6015945945945946
7	(1.9120636076787423-0.7087452994913843j)	0.2874259948730469	0.7016936936936937
8	(1.999935882011325-0.7370810942958629j)	0.300307035446167	0.8017927927927928
9	(2.084078612891312-0.7551268063203731j)	0.2922649383544922	0.9018918918918919
10	(2.1691314771352777-0.7677257680589995j)	0.28942227363586426	1.001990990990991
11	(2.2502072230183683-0.7751056463693705j)	0.2971336841583252	1.10209009009009
12	(2.3314608309351454-0.7738740684530716j)	0.2963879108428955	1.2021891891891892
13	(2.411962035255069-0.7686998767476332j)	0.30693912506103516	1.3022882882882882
14	(2.488536899994184-0.7556930656809548j)	0.2886359691619873	1.4023873873873873
15	(2.564972956974171-0.7364171123905979j)	0.29648375511169434	1.5024864864864864
16	(2.6370482311081784-0.7134685074596387j)	0.2979249954223633	1.6025855855855855
17	(2.7063379967149603-0.6834652033226111j)	0.28802990913391113	1.7026846846846846
18	(2.7744192558142546-0.650497975673531j)	0.302321195602417	1.8027837837837837
19	(2.8378301062096694-0.612611427047685j)	0.2875499725341797	1.9028828828828828
20	(2.9000583442974657-0.5687703599842553j)	0.293194055557251	2.002981981981982
21	(2.9583933509331235-0.5220947709375444j)	0.310823917388916	2.103081081081081
22	(3.011864636795563-0.46929486366968143j)	0.28692007064819336	2.2031801801801802
23	(3.062805126511273-0.41335602569843755j)	0.29789018630981445	2.303279279279279
24	(3.107679727703356-0.35481119827697416j)	0.2864813804626465	2.4033783783783784
25	(3.1492109226562355-0.2917249246817904j)	0.3167989253997803	2.5034774774774773
26	(3.18703256539998-0.22749388273545335j)	0.29887986183166504	2.6035765765765766
27	(3.2190983819105248-0.1593721328159321j)	0.28338098526000977	2.7036756756756755
28	(3.2481305054257086-0.0882731300234208j)	0.2992088794708252	2.8037747747747748
29	(3.270878010153136-0.016059910022367507j)	0.2860100269317627	2.9038738738738736
30	(3.291066881044306+0.06021447189700696j)	0.3014562129974365	3.003972972972973
31	(3.3012624734826113+0.1351550070007067j)	0.3005948066711426	3.104072072072072
32	(3.3075591057358555+0.21170167197431972j)	0.30036497116088867	3.204171171171171
33	(3.3101476002254784+0.2897548042833722j)	0.30161285400390625	3.3042702702702704
34	(3.307320873922973+0.36685345704619976j)	0.28636908531188965	3.4043693693693693
35	(3.2984957841917812+0.44567379746987945j)	0.3042898178100586	3.5044684684684686
36	(3.2855203026815047+0.5239211520554307j)	0.29225707054138184	3.6045675675675675
37	(3.26550527806957+0.6009984055846445j)	0.29190707206726074	3.7046666666666668
38	(3.2406706133790744+0.6781332401541874j)	0.30560994148254395	3.8047657657657656
39	(3.211014494504532+0.7522141998106028j)	0.3070039749145508	3.904864864864865
40	(3.1753136143989082+0.8252584445206792j)	0.2983231544494629	4.004963963963965
41	(3.1362591571849108+0.8965541864695185j)	0.29445719718933105	4.105063063063064
42	(3.0914789103763263+0.9647187612059824j)	0.29447412490844727	4.205162162162162
43	(3.0417903765952254+1.0317990804575599j)	0.3033449649810791	4.305261261261261
44	(2.988157390684287+1.094877542019241j)	0.2902519702911377	4.405360360360361
45	(2.928633837644208+1.1545878462942918j)	0.30307698249816895	4.50545945945946
46	(2.8660891246737026+1.2111706013475545j)	0.28870511054992676	4.605558558558559
47	(2.799563551895784+1.2624508202815385j)	0.29435276985168457	4.705657657657658
48	(2.7297412496870743+1.3111648979293626j)	0.3047058582305908	4.805756756756757
49	(2.6563974305842613+1.3546169846022598j)	0.2892427444458008	4.905855855855856
50	(2.5793343985608352+1.3935600349982336j)	0.30761289596557617	5.005954954954955
51	(2.4997834210895906+1.4288220216576946j)	0.3153059482574463	5.106054054054055
52	(2.417864240335618+1.4576720104179832j)	0.2927539348602295	5.206153153153154
53	(2.332793812853001+1.4817662340735995j)	0.30657100677490234	5.306252252252253
54	(2.2473347418177227+1.5005360895219184j)	0.293550968170166	5.4063513513513515
55	(2.159856926727226+1.5130103553236423j)	0.3068821430206299	5.506450450450451
56	(2.071352805859188+1.5213572129169095j)	0.32687997817993164	5.60654954954955
57	(1.982771886511641+1.5233966317415415j)	0.2890360355377197	5.706648648648649
58	(1.892396353755274+1.5199110189838403j)	0.2955210208892822	5.806747747747748
59	(1.8027880053018184+1.5112015014981965j)	0.2924931049346924	5.906846846846848
60	(1.7132959906741339+1.4953842545158456j)	0.2983851432800293	6.006945945945946
61	(1.6242069334440516+1.4747189339300077j)	0.3021061420440674	6.107045045045045
62	(1.5375418342046365+1.4480482064172486j)	0.2927520275115967	6.207144144144144
63	(1.4514151416785888+1.415582050219581j)	0.29673314094543457	6.307243243243244
64	(1.3675520895727389+1.3788113745472192j)	0.2835383415222168	6.407342342342343
65	(1.285955528780184+1.3356149016303422j)	0.3093738555908203	6.507441441441442
66	(1.205839505938154+1.2876318109034917j)	0.2908799648284912	6.607540540540541
67	(1.1297306450176154+1.2344653080343742j)	0.31098127365112305	6.70763963963964
68	(1.0563431478507583+1.1754284514109674j)	0.2990572452545166	6.807738738738739
69	(0.9867433354679194+1.1128219266017363j)	0.288236141204834	6.907837837837838
70	(0.9218441281022237+1.045156263502929j)	0.31398606300354004	7.007936936936938
71	(0.8599673184477401+0.9735935044432993j)	0.29477977752685547	7.108036036036037
72	(0.8031846015400672+0.8987432604778658j)	0.29532384872436523	7.2081351351351355
73	(0.7506912175485941+0.8190741094600144j)	0.30476808547973633	7.308234234234234
74	(0.7034667206385988+0.7354405241484181j)	0.26484084129333496	7.408333333333334
75	(0.6608969915298027+0.6508614684381802j)	0.3045179843902588	7.508432432432433
76	(0.6237734386543252+0.5619386080116868j)	0.2915809154510498	7.608531531531532
77	(0.5927577642041797+0.4717514823782655j)	0.29369068145751953	7.708630630630631
78	(0.5676068959342938+0.3787768857599368j)	0.29546213150024414	7.8087297297297305
79	(0.5472376885836387+0.28478676486649745j)	0.2932701110839844	7.908828828828829
80	(0.5336131066613923+0.18954542106359365j)	0.2978496551513672	8.008927927927928
81	(0.5253311232605387+0.09245958050968169j)	0.28624796867370605	8.109027027027027
82	(0.5232547987864556-0.004276593999160999j)	0.29804086685180664	8.209126126126126
83	(0.5281414862736092-0.10181551392966293j)	0.29131388664245605	8.309225225225225
84	(0.5382654527781763-0.19878319763069452j)	0.30414414405822754	8.409324324324324
85	(0.5551911575626529-0.29431563305642217j)	0.3024303913116455	8.509423423423423
86	(0.5777374310103848-0.3896503081882449j)	0.28470897674560547	8.609522522522521
87	(0.6056162990753686-0.4827927343303031j)	0.29649806022644043	8.709621621621622
88	(0.6402325061637393-0.5746240723543914j)	0.2881138324737549	8.80972072072072
89	(0.679851542492566-0.66473446560424j)	0.2941732406616211	8.90981981981982
90	(0.7256949133672874-0.7514050120575124j)	0.30057287216186523	9.009918918918919
91	(0.7773141042231209-0.8358799380390631j)	0.2829399108886719	9.110018018018017
92	(0.8333355583202694-0.9163645008591788j)	0.30293893814086914	9.210117117117116
93	(0.8938518551918655-0.991104481326595j)	0.26641273498535156	9.310216216216215
94	(0.9609057172864153-1.0665760749122932j)	0.2951481342315674	9.410315315315314
95	(1.0311823529293802-1.1351556255851132j)	0.29418325424194336	9.510414414414415
96	(1.106126916025195-1.2001929454791302j)	0.297929048538208	9.610513513513514
97	(1.1849845563783337-1.2600236790743178j)	0.2960350513458252	9.710612612612612
98	(1.2680102465220608-1.3143009189252735j)	0.2817678451538086	9.810711711711711
99	(1.3541093615940725-1.3640105540744414j)	0.3079969882965088	9.91081081081081
100	(1.4425926728897411-1.407394601824174j)	0.2962000370025635	10.010909909909909
101	(1.5343771079988628-1.445521792615557j)	0.29057979583740234	10.111009009009008
102	(1.627570354261671-1.4783542079968128j)	0.30484509468078613	10.211108108108109
103	(1.7231759983110297-1.5046039015832178j)	0.2845921516418457	10.311207207207207
104	(1.8207067031049784-1.5256467088886003j)	0.3055868148803711	10.411306306306306
105	(1.918754876681692-1.5399211813103024j)	0.2963688373565674	10.511405405405405
106	(2.0183580449285174-1.547696472043117j)	0.2975647449493408	10.611504504504504
107	(2.117574516300399-1.5498100489941389j)	0.3023979663848877	10.711603603603603
108	(2.216554456604383-1.5448940175148975j)	0.28867626190185547	10.811702702702702
109	(2.3156152618252817-1.5345541921542158j)	0.29997801780700684	10.9118018018018
110	(2.4130903772563546-1.5180799362856412j)	0.2937490940093994	11.011900900900901
111	(2.510196803153276-1.4949931363277702j)	0.2947080135345459	11.112
112	(2.605608462741808-1.466559634095285j)	0.3009641170501709	11.212099099099099
113	(2.698581337939975-1.4312946938579207j)	0.2874438762664795	11.312198198198198
114	(2.78981150742828-1.390448518877053j)	0.3075368404388428	11.412297297297297
115	(2.877369772794861-1.3443632525089193j)	0.2895040512084961	11.512396396396396
116	(2.9621664137954875-1.2922756919596057j)	0.30518412590026855	11.612495495495494
117	(3.043854550004369-1.235907979219607j)	0.2979602813720703	11.712594594594595
118	(3.1212894769677115-1.1741042877524264j)	0.2870781421661377	11.812693693693694
119	(3.195605169788311-1.1073137234665864j)	0.3177189826965332	11.912792792792793
120	(3.2650287491908885-1.036492940795236j)	0.28353309631347656	12.012891891891892
121	(3.329677835874015-0.9605776071012375j)	0.29773902893066406	12.11299099099099
122	(3.389848816053252-0.8814239398088335j)	0.2959287166595459	12.21309009009009
123	(3.444066237808931-0.7987750381040157j)	0.2907602787017822	12.313189189189188
124	(3.4937165525579594-0.7125573004166921j)	0.300889253616333	12.413288288288287
125	(3.5378600608603556-0.6242365422519034j)	0.28673672676086426	12.513387387387388
126	(3.574202960991978-0.5337451306680498j)	0.29828596115112305	12.613486486486487
127	(3.6092044688232003-0.4387827866185616j)	0.29079294204711914	12.713585585585585
128	(3.635529681593207-0.3434027817161849j)	0.2929563522338867	12.813684684684684
129	(3.656015935807097-0.24593583158444488j)	0.2974121570587158	12.913783783783783
130	(3.6704679591197396-0.1483963413237308j)	0.2711920738220215	13.013882882882882
131	(3.678607323683679-0.04959623010448322j)	0.30208897590637207	13.113981981981981
132	(3.6809068747755425+0.049146998094970584j)	0.2921590805053711	13.214081081081082
133	(3.6769145328289876+0.14747446386385366j)	0.30632901191711426	13.31418018018018
134	(3.666747369187185+0.2462388622156284j)	0.3012809753417969	13.41427927927928
135	(3.6508697449033827+0.3436530478286408j)	0.2833738327026367	13.514378378378378
136	(3.6280477188856333+0.43983930063093424j)	0.30916786193847656	13.614477477477477
137	(3.599850857522475+0.5346896211887093j)	0.2911510467529297	13.714576576576576
138	(3.5657546324210267+0.6266565946449698j)	0.29343485832214355	13.814675675675675
139	(3.5257876520328004+0.7168956044809616j)	0.30141210556030273	13.914774774774774
140	(3.4811559061429778+0.8042839902306844j)	0.2897961139678955	14.014873873873874
141	(3.430513133813429+0.8885130224616924j)	0.35590291023254395	14.114972972972973
142	(3.3749722351340696+0.9701531088599149j)	0.29557085037231445	14.215072072072072
143	(3.3145927037016802+1.047371592355661j)	0.29556870460510254	14.31517117117117
144	(3.248887341681268+1.1208985044585738j)	0.29790711402893066	14.41527027027027
145	(3.17960970158341+1.1901565540914687j)	0.28980588912963867	14.515369369369369
146	(3.105912371174818+1.2543223868753648j)	0.309816837310791	14.615468468468467
147	(3.0285212491804554+1.3145888240989687j)	0.2949228286743164	14.715567567567568
148	(2.948138625096386+1.3695240420987003j)	0.2933168411254883	14.815666666666667
149	(2.863734569518721+1.419481184464306j)	0.3015599250793457	14.915765765765766
150	(2.77692270519821+1.4645090235116385j)	0.28416895866394043	15.015864864864865
151	(2.6872667178371885+1.503279030738487j)	0.30739688873291016	15.115963963963964
152	(2.595381058039512+1.5367687626468864j)	0.3020448684692383	15.216063063063062
153	(2.502413766437363+1.564314036634486j)	0.3032190799713135	15.316162162162161
154	(2.4074669996977645+1.5858481497923411j)	0.33928918838500977	15.41626126126126
155	(2.3117746749613275+1.602281504195304j)	0.30052828788757324	15.51636036036036
156	(2.215453701821622+1.6121886260349887j)	0.31440305709838867	15.61645945945946
157	(2.118050412155119+1.6165007749687392j)	0.30683398246765137	15.716558558558559
158	(2.021305044473363+1.6148246817070504j)	0.2995309829711914	15.816657657657657
159	(1.9245561358057903+1.6065281785495067j)	0.3014199733734131	15.916756756756756
160	(1.8286960014252267+1.5929966672503741j)	0.29994702339172363	16.01685585585586
161	(1.734565763666244+1.573209394665639j)	0.30002522468566895	16.116954954954956
162	(1.6412323780804337+1.5479037512631713j)	0.2937650680541992	16.217054054054056
163	(1.5501830651009147+1.5174952725758386j)	0.28978991508483887	16.317153153153154
164	(1.4610008255743216+1.4809038745277023j)	0.29670119285583496	16.417252252252254
165	(1.3738905597366875+1.4394601817926507j)	0.28528809547424316	16.51735135135135
166	(1.2902886478274596+1.3924867541567465j)	0.3060438632965088	16.617450450450452
167	(1.209300616448239+1.3402284733664227j)	0.2945830821990967	16.717549549549553
168	(1.1321492060194558+1.2839010599298597j)	0.29123806953430176	16.81764864864865
169	(1.0588882403625615+1.222521901007902j)	0.2971827983856201	16.91774774774775
170	(0.9889042039753748+1.1573306817325766j)	0.2932300567626953	17.017846846846847
171	(0.9236458969091838+1.0881969578212338j)	0.30425214767456055	17.117945945945948
172	(0.8622933511057697+1.014660104428369j)	0.29595494270324707	17.218045045045045
173	(0.805751149579004+0.9375315569575515j)	0.29918599128723145	17.318144144144146
174	(0.754333098929952+0.8579713191611563j)	0.3054659366607666	17.418243243243246
175	(0.7075305220633324+0.7750114852593845j)	0.28868603706359863	17.518342342342343
176	(0.666461964145993+0.690027675719372j)	0.30881190299987793	17.618441441441444
177	(0.6304604179140426+0.6022589010772934j)	0.29079675674438477	17.71854054054054
178	(0.5994047884538415+0.5131619882862268j)	0.29598188400268555	17.818639639639642
179	(0.5744035824051229+0.42216243136670123j)	0.30097413063049316	17.91873873873874
180	(0.5544055471398958+0.32953874155114127j)	0.2870457172393799	18.01883783783784
181	(0.5404638779618951+0.2365604464198785j)	0.2993471622467041	18.11893693693694
182	(0.5324974571241989+0.14246070223850799j)	0.28919482231140137	18.219036036036037
183	(0.5296928082500008+0.04865543980157583j)	0.2974820137023926	18.319135135135138
184	(0.5331254500727477-0.04479650875203081j)	0.2899777889251709	18.419234234234235
185	(0.5416414117915138-0.13826281772485985j)	0.29114484786987305	18.519333333333336
186	(0.5556400166076537-0.23035762307975277j)	0.30518412590026855	18.619432432432433
187	(0.5756326349930019-0.32190538380907613j)	0.2839081287384033	18.719531531531533
188	(0.6005302424419424-0.4119728886277392j)	0.29988598823547363	18.81963063063063
189	(0.6313979048507368-0.4997946616837018j)	0.2951927185058594	18.91972972972973
190	(0.6673598687685833-0.5859957317356806j)	0.293118953704834	19.01982882882883
191	(0.7079695215153182-0.6690989851609628j)	0.29726719856262207	19.11992792792793
192	(0.7539319293778973-0.7496841692899259j)	0.28675222396850586	19.22002702702703
193	(0.8039090932948679-0.8276160231640577j)	0.2966272830963135	19.320126126126127
194	(0.8586879369805398-0.9018349824273083j)	0.30133914947509766	19.420225225225227
195	(0.918271132863131-0.9729370389161892j)	0.29617786407470703	19.520324324324324
196	(0.9810576264806924-1.0404170028262794j)	0.3016808032989502	19.620423423423425
197	(1.0485616836865443-1.1033985654580527j)	0.28487491607666016	19.720522522522526
198	(1.1191566731444889-1.1625394739166897j)	0.29506611824035645	19.820621621621623
199	(1.1929018607074477-1.2166211310755157j)	0.29260778427124023	19.920720720720723
200	(1.2700149780479513-1.2666617328753464j)	0.3033418655395508	20.02081981981982
201	(1.349259775331815-1.3120214123788279j)	0.2984597682952881	20.12091891891892
202	(1.431572267048281-1.3521750817342448j)	0.29961490631103516	20.221018018018018
203	(1.5160315803458135-1.3878659977471997j)	0.31285905838012695	20.32111711711712
204	(1.6020723388675775-1.4177462949127895j)	0.30596399307250977	20.42121621621622
205	(1.6901657183887406-1.4424785086501175j)	0.30657100677490234	20.521315315315316
206	(1.7787697470159185-1.4621235548564058j)	0.3181188106536865	20.621414414414417
207	(1.868441220931995-1.475938446162448j)	0.2976229190826416	20.721513513513514
208	(1.958863340832276-1.4850832984504871j)	0.2993340492248535	20.821612612612615
209	(2.049125384786596-1.4885589676791604j)	0.2953629493713379	20.921711711711712
210	(2.1399212893773307-1.4864016354892948j)	0.2900569438934326	21.021810810810813
211	(2.230247324947376-1.47939847469189j)	0.30359816551208496	21.121909909909913
212	(2.3195401754655793-1.4663891340138773j)	0.28734374046325684	21.22200900900901
213	(2.40833007038482-1.448194255063517j)	0.3021392822265625	21.32210810810811
214	(2.4949709421995325-1.4249825968095717j)	0.2925851345062256	21.422207207207208
215	(2.5804687052078554-1.3964251706759931j)	0.29711008071899414	21.52230630630631
216	(2.6640139048675473-1.3635402607316665j)	0.3046290874481201	21.622405405405406
217	(2.7451645259597863-1.325230066135993j)	0.28639793395996094	21.722504504504506
218	(2.8244413758562983-1.282274272960315j)	0.29935622215270996	21.822603603603604
219	(2.9003364021792026-1.234875192818286j)	0.2974860668182373	21.922702702702704
220	(2.973334361610126-1.1825209189068107j)	0.3087151050567627	22.022801801801805
221	(3.043117900431056-1.1266312585591582j)	0.29793596267700195	22.122900900900902
222	(3.1088764328823864-1.066560207801568j)	0.28528690338134766	22.223000000000003
223	(3.171580289659723-1.002709798834351j)	0.29888486862182617	22.3230990990991
224	(1.072965939329718+0.4219132500327762j)	0.1959397792816162	22.4231981981982
225	(3.2844624654151193-0.8648082515997461j)	0.2933521270751953	22.523297297297297
226	(3.3348756530560886-0.7911314133332047j)	0.2853710651397705	22.623396396396398
227	(3.3800806086531083-0.7145945251037435j)	0.3053700923919678	22.7234954954955
228	(3.4210085140525472-0.635272922927669j)	0.2947549819946289	22.823594594594596
229	(3.4570269570215997-0.5544283037367932j)	0.29001402854919434	22.923693693693696
230	(3.4869059086533567-0.4729746765664671j)	0.2645561695098877	23.023792792792793
231	(3.51454181815948-0.3865340459598725j)	0.28583788871765137	23.123891891891894
232	(3.535576843439192-0.30062127460286936j)	0.29671216011047363	23.22399099099099
233	(3.551668631580386-0.2130200849289403j)	0.28578686714172363	23.324090090090092
234	(3.562604457534456-0.12520026281586794j)	0.299314022064209	23.424189189189192
235	(3.5677167394379827-0.03670278752061762j)	0.2934582233428955	23.52428828828829
236	(3.5681478618550253+0.05189017966313414j)	0.2901270389556885	23.62438738738739
237	(3.563063253226084+0.13976732546656856j)	0.3014247417449951	23.724486486486487
238	(3.5528651599928676+0.22774849251536144j)	0.28790283203125	23.824585585585588
239	(3.5379578706390036+0.31462272205521113j)	0.29554295539855957	23.924684684684685
240	(3.5173214363765632+0.4005680193913703j)	0.297285795211792	24.024783783783786
241	(3.491995367836469+0.48550626955194454j)	0.29235124588012695	24.124882882882886
242	(3.4615013348029304+0.5681382902981653j)	0.30563807487487793	24.224981981981983
243	(3.4258674742473176+0.6491755638643415j)	0.28349804878234863	24.325081081081084
244	(3.386146531647017+0.7276946592823759j)	0.30518102645874023	24.42518018018018
245	(3.34145273165888+0.8034789932758815j)	0.29537391662597656	24.52527927927928
246	(3.292658451296748+0.877093238432116j)	0.2997441291809082	24.62537837837838
247	(3.2402533505916455+0.9469930933198918j)	0.2983880043029785	24.72547747747748
248	(3.1821917810201956+1.0144619414466016j)	0.2837851047515869	24.825576576576577
249	(3.1212332295133183+1.078204911277454j)	0.3137938976287842	24.925675675675677
250	(3.0562550647599753+1.1376639077835289j)	0.3651449680328369	25.025774774774778
251	(2.9879151258007552+1.1936584744951488j)	0.29640913009643555	25.125873873873875
252	(2.9169674509802572+1.2455103203100308j)	0.30133891105651855	25.225972972972976
253	(2.842473889157118+1.292419386803093j)	0.28829002380371094	25.326072072072073
254	(2.7657871093752195+1.3356946064926394j)	0.3025169372558594	25.426171171171173
255	(2.6864739042276344+1.373850869774264j)	0.29753994941711426	25.52627027027027
256	(2.60464232424782+1.4076809899877203j)	0.28792881965637207	25.62636936936937
257	(2.5214615783870076+1.4363473396083357j)	0.30190324783325195	25.72646846846847
258	(2.436282660490314+1.4597284982597132j)	0.2882249355316162	25.82656756756757
259	(2.3501905180203364+1.4785506926291965j)	0.2961287498474121	25.92666666666667
260	(2.263359350736061+1.491808079689729j)	0.2885770797729492	26.026765765765767
261	(2.175371701215363+1.5002995176457246j)	0.29680681228637695	26.126864864864867
262	(2.08746171062126+1.5037276240877144j)	0.29978108406066895	26.226963963963964
263	(1.999043213594796+1.501461771509093j)	0.28533005714416504	26.327063063063065
264	(1.9108223511391986+1.4944140513357635j)	0.2978990077972412	26.427162162162166
265	(1.823609035093173+1.4816838714526135j)	0.28719210624694824	26.527261261261263
266	(1.7368299177604443+1.4638338863912221j)	0.2929069995880127	26.627360360360363
267	(1.651727675805497+1.4413014387842575j)	0.3033020496368408	26.72745945945946
268	(1.5679638641227416+1.4133258149706895j)	0.292435884475708	26.82755855855856
269	(1.4855834726839778+1.3809448466043317j)	0.3055708408355713	26.927657657657658
270	(1.405332697272371+1.3426545723969388j)	0.27464771270751953	27.02775675675676
271	(1.3277161677691685+1.3010248203081594j)	0.30339813232421875	27.127855855855856
272	(1.2522909005009515+1.2544974798635686j)	0.312640905380249	27.227954954954956
273	(1.1801896934893281+1.202977284563961j)	0.28951597213745117	27.328054054054057
274	(1.1108360328140927+1.1476023801529978j)	0.2995588779449463	27.428153153153154
275	(1.0453681883200052+1.0883959187957877j)	0.29518985748291016	27.528252252252255
276	(0.9830709274509386+1.025002270918597j)	0.3011739253997803	27.628351351351352
277	(0.9244692141673625+0.9584916895205597j)	0.3074910640716553	27.728450450450453
278	(0.8702379839030197+0.8881058752920098j)	0.2873048782348633	27.82854954954955
279	(0.8197673929894171+0.8145202507296778j)	0.2979140281677246	27.92864864864865
280	(0.7742486512021634+0.7383513716262461j)	0.2906076908111572	28.02874774774775
281	(0.7332978302831249+0.659134903843975j)	0.29592299461364746	28.128846846846848
282	(0.6967908786401231+0.5780919805308337j)	0.3295919895172119	28.22894594594595
283	(0.6655706198064124+0.49489911657307073j)	0.28962087631225586	28.329045045045046
284	(0.6387455092484169+0.4096838231523606j)	0.3204231262207031	28.429144144144146
285	(0.6171913843616181+0.32335927135484277j)	0.3028721809387207	28.529243243243243
286	(0.6010143373031437+0.23525082791646523j)	0.2983100414276123	28.629342342342344
287	(0.5897412904537507+0.14652842311578257j)	0.3095419406890869	28.729441441441445
288	(0.5843574853889226+0.057406515886191556j)	0.287883996963501	28.829540540540542
289	(0.5839580861463666-0.03225887782307127j)	0.30226993560791016	28.929639639639642
290	(0.5887723579110147-0.121265803874015j)	0.28797221183776855	29.02973873873874
291	(0.5991634146992578-0.21028797985481296j)	0.29970264434814453	29.12983783783784
292	(0.6142818720690281-0.2986708088176744j)	0.299285888671875	29.229936936936937
293	(0.6351112208886786-0.38582029948873664j)	0.2864499092102051	29.330036036036038
294	(0.6611327344311023-0.4721747764078722j)	0.30124497413635254	29.43013513513514
295	(0.6920780252667771-0.5563767278421075j)	0.2885599136352539	29.530234234234236
296	(0.7285167411063475-0.6386890400500931j)	0.2971608638763428	29.630333333333336
297	(0.7692776522186833-0.7189027266797865j)	0.2999882698059082	29.730432432432433
298	(0.8148929859082441-0.7961457124509285j)	0.2920060157775879	29.830531531531534
299	(0.8651980351437013-0.8711723934071073j)	0.2976200580596924	29.93063063063063
300	(0.9195310676669604-0.9429482508588053j)	0.2842869758605957	30.03072972972973
301	(0.9787096624781206-1.0113225977249702j)	0.2982027530670166	30.13082882882883
302	(1.0418194092367572-1.075819753883647j)	0.2969820499420166	30.23092792792793
303	(1.1084723622517498-1.1370336358680702j)	0.2914268970489502	30.33102702702703
304	(1.1790863516220789-1.1940065933493944j)	0.30518293380737305	30.431126126126127
305	(1.2524366582638458-1.2466198002114535j)	0.28754425048828125	30.531225225225228
306	(1.3292179831690805-1.2945513366358468j)	0.29920005798339844	30.631324324324325
307	(1.4087517514291434-1.33843401247588j)	0.29494619369506836	30.731423423423426
308	(1.4906604094302447-1.3770969919401161j)	0.30161285400390625	30.831522522522523
309	(1.5753913154377965-1.4108300989667875j)	0.31124305725097656	30.931621621621623
310	(1.6615851082878963-1.4396911858893386j)	0.28911519050598145	31.031720720720724
311	(1.7495506501875733-1.4627878616475165j)	0.3038783073425293	31.13181981981982
312	(1.8388874088918323-1.4810009214646844j)	0.29338979721069336	31.23191891891892
313	(1.928732604591819-1.493701738742132j)	0.293565034866333	31.33201801801802
314	(2.019784068262208-1.5009831282131354j)	0.2992897033691406	31.43211711711712
315	(2.110971198688647-1.5032204878498154j)	0.28537797927856445	31.532216216216217
316	(2.2022423992153857-1.49941268620881j)	0.3021712303161621	31.632315315315317
317	(2.2935658249684123-1.490369535994534j)	0.2902801036834717	31.732414414414418
318	(2.3836750609117425-1.4757516962143338j)	0.3060019016265869	31.832513513513515
319	(2.4731028511420683-1.4554168336647875j)	0.3005397319793701	31.932612612612616
320	(2.5610809312936396-1.4302997678466893j)	0.29090213775634766	32.03271171171171
321	(2.647216890902913-1.3995784937270146j)	0.30933189392089844	32.13281081081081
322	(2.731986744445936-1.3638728031482001j)	0.29012584686279297	32.23290990990991
323	(2.814147116936247-1.323259740274823j)	0.29608702659606934	32.333009009009004
324	(2.8938110677080724-1.2771586988877055j)	0.293687105178833	32.43310810810811
325	(2.971042055977492-1.2267319685331113j)	0.2884032726287842	32.533207207207205
326	(3.0444465210448532-1.1714493235154066j)	0.2982361316680908	32.6333063063063
327	(3.114866947233277-1.1117769479530988j)	0.28316593170166016	32.733405405405406
328	(3.1813390061186606-1.0484105943394537j)	0.29986000061035156	32.8335045045045
329	(3.2439609564880407-0.9806417097487548j)	0.29320287704467773	32.9336036036036
330	(3.3028642593042346-0.9094614380319985j)	0.2886219024658203	33.0337027027027
331	(3.356924681220822-0.8346859498359168j)	0.29659414291381836	33.1338018018018
332	(3.4067618663766086-0.7563425802663943j)	0.2821049690246582	33.2339009009009
333	(3.4515543157275808-0.6755621801091455j)	0.2998690605163574	33.333999999999996
334	(3.4911268141926204-0.5918269812401424j)	0.28579211235046387	33.4340990990991
335	(3.526085892958916-0.5060239246984632j)	0.30004191398620605	33.5341981981982
336	(3.5554581884752876-0.4184577010937206j)	0.2997598648071289	33.634297297297294
337	(3.579774646387637-0.3287211512428248j)	0.2871220111846924	33.73439639639639
338	(3.598808693698504-0.23798850725003934j)	0.3067500591278076	33.834495495495496
339	(3.6118424950805816-0.1458923607440537j)	0.2868471145629883	33.93459459459459
340	(3.6196657729553703-0.05301696473868879j)	0.29798197746276855	34.03469369369369
341	(3.62117256811719+0.03994446458231132j)	0.29254984855651855	34.134792792792794
342	(3.617693574556973+0.1329161952516154j)	0.3324296474456787	34.23489189189189
343	(3.608682553399697+0.22535286133893928j)	0.3435530662536621	34.33499099099099
344	(3.593682571249528+0.3171849765775376j)	0.33263683319091797	34.435090090090085
345	(3.5735342027012513+0.4083933673339698j)	0.32430315017700195	34.53518918918919
346	(3.5477499137465722+0.4978633483190289j)	0.3645131587982178	34.63528828828829
347	(3.516217971647831+0.5860679332247631j)	0.35543203353881836	34.735387387387384
348	(3.4797784352109167+0.6720434269836169j)	0.3012049198150635	34.83548648648649
349	(3.4377529006775+0.7553936433897093j)	0.3017899990081787	34.935585585585585
350	(3.3909949947432887+0.8364821989757375j)	0.2904682159423828	35.03568468468468
351	(3.339621826880281+0.9142051574633651j)	0.2947547435760498	35.13578378378378
352	(3.2832134554250803+0.9890346754729635j)	0.31743407249450684	35.23588288288288
353	(3.222756540202792+1.060516485347174j)	0.29242968559265137	35.33598198198198
354	(3.1574137181599955+1.1278488540762486j)	0.30015015602111816	35.43608108108108
355	(3.088468675309111+1.1915574576935075j)	0.29073381423950195	35.53618018018018
356	(3.0158606868864704+1.2505487620088072j)	0.29818010330200195	35.63627927927928
357	(2.9393768031814473+1.305014703880451j)	0.3031187057495117	35.736378378378376
358	(2.8601504630170833+1.3550931706604812j)	0.28824806213378906	35.83647747747747
359	(2.77795649063805+1.3999071395490925j)	0.29714488983154297	35.93657657657658
360	(2.6888805733021757+1.4399409049472616j)	0.2638373374938965	36.036675675675674
361	(2.6057998713782764+1.4750354944451096j)	0.2973959445953369	36.13677477477477
362	(2.5168958241417525+1.504356546256962j)	0.2846980094909668	36.236873873873876
363	(2.425268037062204+1.5284623956893388j)	0.29166698455810547	36.33697297297297
364	(2.333177089900981+1.5465439829745329j)	0.29820704460144043	36.43707207207207
365	(2.2398076650633314+1.559263311896352j)	0.29062485694885254	36.53717117117117
366	(2.1463062015599763+1.5664747457128516j)	0.2990729808807373	36.63727027027027
367	(2.0521891925811317+1.567698152533978j)	0.28863000869750977	36.73736936936937
368	(1.9580139423162874+1.563685560884125j)	0.29746198654174805	36.837468468468465
369	(1.8645046671662098+1.5535760920971717j)	0.2957456111907959	36.93756756756757
370	(1.771296711428042+1.5377249096917691j)	0.29976391792297363	37.03766666666667
371	(1.6796372125846082+1.516481328909592j)	0.297468900680542	37.137765765765764
372	(1.5894379036636608+1.4892662955221454j)	0.2878110408782959	37.23786486486486
373	(1.500827521090005+1.4570925145958424j)	0.2961740493774414	37.337963963963965
374	(1.4147280079268862+1.419546731249644j)	0.3068220615386963	37.43806306306306
375	(1.3305479211825322+1.3766508690237182j)	0.2851388454437256	37.53816216216216
376	(1.2492249381036358+1.3290870028191943j)	0.3066518306732178	37.638261261261256
377	(1.1710828214100029+1.2761360295747564j)	0.28674793243408203	37.73836036036036
378	(1.0959613189315143+1.218701763084844j)	0.30280113220214844	37.83845945945946
379	(1.0250023533866361+1.1569221911108938j)	0.2979869842529297	37.938558558558555
380	(0.9576898515688842+1.0906525472534498j)	0.2891571521759033	38.03865765765766
381	(0.8944433308145152+1.0209563329386289j)	0.30070018768310547	38.138756756756756
382	(0.8357925466935485+0.9472532166192675j)	0.29255008697509766	38.23885585585585
383	(0.7811921025944658+0.87008411002213j)	0.3077230453491211	38.33895495495495
384	(0.7317269851930013+0.7899459589310647j)	0.2938871383666992	38.439054054054054
385	(0.6872196838529261+0.7064410009844763j)	0.2925748825073242	38.53915315315315
386	(0.6477053499195596+0.6207911691895731j)	0.30280399322509766	38.63925225225225
387	(0.6139509952122866+0.5328615676909503j)	0.293658971786499	38.73935135135135
388	(0.5851544328525192+0.4429340049460034j)	0.3054208755493164	38.83945045045045
389	(0.5619598082197594+0.35188093854903535j)	0.30231189727783203	38.93954954954955
390	(0.5444118332674035+0.25911657719665077j)	0.2924480438232422	39.039648648648644
391	(0.5321228460940186+0.16560300137949785j)	0.30301427841186523	39.13974774774775
392	(0.5260419979712608+0.07156393933066083j)	0.28464794158935547	39.239846846846845
393	(0.525499267843675-0.023011603378039897j)	0.30275988578796387	39.33994594594594
394	(0.5307000890500194-0.11690221545153842j)	0.29218602180480957	39.440045045045046
395	(0.5418865928277488-0.21051222164132044j)	0.2919919490814209	39.54014414414414
396	(0.558191684274894-0.3032112719703497j)	0.30361294746398926	39.64024324324324
397	(0.5803559251124648-0.3944870188685461j)	0.28614211082458496	39.74034234234234
398	(0.607931101311062-0.48476415973462533j)	0.3029921054840088	39.84044144144144
399	(0.6407382880719625-0.5728671752437924j)	0.2855830192565918	39.94054054054054
400	(0.67934004427614-0.6589084500070745j)	0.2911698818206787	40.040639639639636
401	(0.7227218967479027-0.742552563269433j)	0.29564499855041504	40.14073873873874
402	(0.7712247366730486-0.8228894858032065j)	0.290740966796875	40.24083783783784
403	(0.8245582694898338-0.9005060226951225j)	0.29734015464782715	40.340936936936934
404	(0.8820119594126911-0.9745481174179338j)	0.3011891841888428	40.44103603603603
405	(0.9442489771885274-1.0449405590754388j)	0.3030071258544922	40.541135135135136
406	(1.0104096810242178-1.1118365023758585j)	0.2993919849395752	40.64123423423423
407	(1.0805222367525005-1.1741305234143176j)	0.2919199466705322	40.74133333333333
408	(1.154627939354777-1.2322649919207853j)	0.3064119815826416	40.841432432432434
409	(1.231627732326713-1.2857080527021678j)	0.28948211669921875	40.94153153153153
410	(1.3119482947482486-1.3340387667993328j)	0.30416297912597656	41.04163063063063
411	(1.3948718287831117-1.3778788252121426j)	0.2978062629699707	41.141729729729725
412	(1.4800010411734488-1.4163165036598029j)	0.28391003608703613	41.24182882882883
413	(1.5677464876041203-1.4497005228090636j)	0.2999851703643799	41.34192792792793
414	(1.657002660900168-1.4778963191974779j)	0.2858240604400635	41.442027027027024
415	(1.7479824367116619-1.5001523723274968j)	0.30224108695983887	41.54212612612613
416	(1.8402277226938284-1.5171867076839622j)	0.29048705101013184	41.642225225225225
417	(1.9328280138012701-1.5283521010892094j)	0.29502415657043457	41.74232432432432
418	(2.0262412472144127-1.533834820544132j)	0.30449581146240234	41.84242342342342
419	(2.11948968121759-1.5340986250537614j)	0.2873969078063965	41.94252252252252
420	(2.212546986020949-1.5283591485544616j)	0.3123037815093994	42.04262162162162
421	(2.3054488458714593-1.517312313933326j)	0.30832505226135254	42.14272072072072
422	(2.3970853002466646-1.5006043665752355j)	0.28960275650024414	42.24281981981982
423	(2.4878170460949445-1.4780339049131175j)	0.30924010276794434	42.34291891891892
424	(2.576834975412081-1.4504288198469988j)	0.2881760597229004	42.443018018018016
425	(2.6636576355372004-1.41718269028073j)	0.29889774322509766	42.54311711711711
426	(2.7486649343696645-1.378970926530941j)	0.28714871406555176	42.64321621621622
427	(2.8308229236411915-1.335984536491956j)	0.2930009365081787	42.743315315315314
428	(2.910443756638374-1.2877462965893298j)	0.30011796951293945	42.84341441441441
429	(2.987168563325212-1.235167692973571j)	0.28337979316711426	42.94351351351351
430	(3.0601493088198737-1.1777922035863062j)	0.3001708984375	43.04361261261261
431	(3.1298470795712223-1.1160146541348297j)	0.2839009761810303	43.14371171171171
432	(3.195320623515356-1.0505627377601714j)	0.3015890121459961	43.24381081081081
433	(3.2566227385090976-0.980971782676322j)	0.2962379455566406	43.34390990990991
434	(3.3139480620429067-0.9082187530233616j)	0.29242706298828125	43.44400900900901
435	(3.366406413019939-0.8321874893504195j)	0.2999429702758789	43.544108108108105
436	(3.414550157260383-0.7528412092398038j)	0.2872180938720703	43.6442072072072
437	(3.457732271328146-0.6711275399978298j)	0.2990758419036865	43.74430630630631
438	(3.4955844175494675-0.5866047170095892j)	0.30776023864746094	43.8444054054054
439	(3.5278598991292487-0.5004593576825622j)	0.2833380699157715	43.9445045045045
440	(3.555905979000227-0.4121731575885259j)	0.29738283157348633	44.044603603603605
441	(3.5780633331922824-0.3224466209505674j)	0.2836730480194092	44.1447027027027
442	(3.594998392362095-0.23201928093346225j)	0.2953836917877197	44.2448018018018
443	(3.606144015154293-0.1405276535198121j)	0.29294919967651367	44.344900900900896
444	(3.6121758816833984-0.04840730933464332j)	0.30261898040771484	44.445
445	(3.612339647079242+0.043558036826392366j)	0.30826592445373535	44.5450990990991
446	(3.6068535008714293+0.13571552049950752j)	0.2867140769958496	44.645198198198194
447	(3.596123588613+0.22695815721369628j)	0.302631139755249	44.7452972972973
448	(3.579553487445349+0.3172721644799297j)	0.2948639392852783	44.845396396396396
449	(3.55800554792431+0.4066352159728084j)	0.2967691421508789	44.94549549549549
450	(3.531046037375784+0.4943369227059067j)	0.2999567985534668	45.04559459459459
451	(3.4988735491115426+0.5802321263435531j)	0.2937147617340088	45.145693693693694
452	(3.4618508047190732+0.6641412554409416j)	0.299058198928833	45.24579279279279
453	(3.419423558204091+0.7454226387048751j)	0.29379773139953613	45.34589189189189
454	(3.3723425460740297+0.8242849967830334j)	0.2965569496154785	45.44599099099099
455	(3.3208222930210547+0.8996661821393497j)	0.302933931350708	45.54609009009009
456	(3.2646142746268687+0.9719676326248382j)	0.29607701301574707	45.64618918918919
457	(3.2046859571173147+1.0408678036630055j)	0.30255603790283203	45.746288288288284
458	(3.1405259084131907+1.1057604598838515j)	0.2879219055175781	45.84638738738739
459	(3.0725227857315875+1.1671301288065117j)	0.30991196632385254	45.946486486486485
460	(3.001230921476323+1.2239857375813312j)	0.2967228889465332	46.04658558558558
461	(2.926242568361844+1.2763754016168534j)	0.2886059284210205	46.146684684684686
462	(2.8486421453676227+1.3243513433266083j)	0.3055880069732666	46.24678378378378
463	(2.7683716506987674+1.367135027392981j)	0.305311918258667	46.34688288288288
464	(2.6855629147440987+1.4054122552741408j)	0.2990860939025879	46.44698198198198
465	(2.601064120288964+1.4386238204899495j)	0.2952389717102051	46.54708108108108
466	(2.5143401641140777+1.466574136891173j)	0.2881178855895996	46.64718018018018
467	(2.4262161047653614+1.4896508797394088j)	0.29688096046447754	46.747279279279276
468	(2.337011429839849+1.506945677746976j)	0.2833578586578369	46.84737837837838
469	(2.246639337057305+1.5189916876876675j)	0.2992548942565918	46.94747747747748
470	(2.156233534177543+1.5256775693480278j)	0.29131317138671875	47.047576576576574
471	(2.0654593246666155+1.5266536598598894j)	0.2903449535369873	47.14767567567567
472	(1.9755020604183147+1.5231364373684042j)	0.28809690475463867	47.247774774774776
473	(1.884820019539774+1.5131173016488084j)	0.2839021682739258	47.34787387387387
474	(1.795121112660342+1.4981830174249082j)	0.2970128059387207	47.44797297297297
475	(1.7067807876592+1.4781281829742923j)	0.2835052013397217	47.548072072072074
476	(1.6198011537075099+1.4523586100780883j)	0.30045318603515625	47.64817117117117
477	(1.5343968414674958+1.4217686319578546j)	0.29341626167297363	47.74827027027027
478	(1.4514724793385434+1.3860859868525863j)	0.3036680221557617	47.848369369369365
479	(1.370502653841012+1.3454285318070047j)	0.3100316524505615	47.94846846846847
480	(1.2922295250291143+1.3004713468034483j)	0.28831005096435547	48.04856756756757
481	(1.2168653570227443+1.2505523907545228j)	0.2967369556427002	48.148666666666664
482	(1.1442317265002044+1.1963763929499724j)	0.2942488193511963	48.24876576576577
483	(1.0754034725871868+1.138000340831876j)	0.2947850227355957	48.348864864864865
484	(1.0100379922830103+1.0752795905943258j)	0.3013429641723633	48.44896396396396
485	(0.9485760761783413+1.0092390908874238j)	0.29064273834228516	48.54906306306306
486	(0.8914964107619938+0.9394784454468439j)	0.2996509075164795	48.64916216216216
487	(0.8382332340897642+0.8665290313336038j)	0.29531288146972656	48.74926126126126
488	(0.7896551280344526+0.7908224530646852j)	0.2959730625152588	48.84936036036036
489	(0.7455839717620784+0.7119112933363286j)	0.30712294578552246	48.949459459459455
490	(0.7060954161780862+0.6307963519056697j)	0.28639793395996094	49.04955855855856
491	(0.6719840630983827+0.5473579430837051j)	0.3058278560638428	49.149657657657656
492	(0.642621514941862+0.4619076590366373j)	0.29532790184020996	49.24975675675675
493	(0.618574817518238+0.3753357494430545j)	0.29007577896118164	49.34985585585586
494	(0.5998213137055906+0.2871885005195784j)	0.30023622512817383	49.449954954954954
495	(0.5859180896391665+0.19829452296528874j)	0.28643012046813965	49.55005405405405
496	(0.5776774510334204+0.10877984387640832j)	0.2967102527618408	49.65015315315315
497	(0.574563241071353+0.018543247589890344j)	0.2966339588165283	49.75025225225225
498	(0.5768537031774095-0.07133866763019103j)	0.43213796615600586	49.85035135135135
499	(0.5848618378038152-0.16114931993355286j)	0.3725447654724121	49.95045045045045
500	(0.5978204384686365-0.2502285520273547j)	0.30895113945007324	50.05054954954955
501	(0.6163140526944202-0.3380374149899256j)	0.3010828495025635	50.15064864864865
502	(0.6398676152833487-0.42497132553508055j)	0.31966686248779297	50.250747747747745
503	(0.6682737926956651-0.5100643426121989j)	0.28971004486083984	50.35084684684684
504	(0.7020896314953902-0.5934841013199081j)	0.3013010025024414	50.450945945945946
505	(0.7405199648891709-0.6749576996462909j)	0.2876458168029785	50.55104504504504
506	(0.783948210876982-0.7535922278147108j)	0.28800272941589355	50.65114414414414
507	(0.8321383185847998-0.829796930854957j)	0.2886698246002197	50.751243243243245
508	(0.8843820685716901-0.9027385136467015j)	0.28916406631469727	50.85134234234234
509	(0.9411823152628577-0.9723377009851762j)	0.29334402084350586	50.95144144144144
510	(1.0017376998585292-1.0388114732484994j)	0.287891149520874	51.051540540540536
511	(1.0656996959541323-1.101400241892239j)	0.2767369747161865	51.15163963963964
512	(1.1344362269172619-1.1600418421581056j)	0.28376102447509766	51.25173873873874
513	(1.2058229982134323-1.2146401425626014j)	0.28788185119628906	51.351837837837834
514	(1.2806619576404206-1.2645585774648795j)	0.28431177139282227	51.45193693693694
515	(1.3582510861719643-1.3102602108830699j)	0.2823629379272461	51.552036036036036
516	(1.4381273999468431-1.3509232978372752j)	0.2855699062347412	51.65213513513513
517	(1.5206134363567556-1.3869115058928012j)	0.2861340045928955	51.75223423423423
518	(1.6047546548883838-1.4181847642116623j)	0.28815793991088867	51.852333333333334
519	(1.6908228503738356-1.4440707781422109j)	0.291240930557251	51.95243243243243
520	(1.7784988999321891-1.4651362101757237j)	0.2837378978729248	52.05253153153153
521	(1.8669662312757918-1.4806863836655269j)	0.28365015983581543	52.15263063063063
522	(1.9565587747262048-1.4907811075605635j)	0.3139021396636963	52.25272972972973
523	(2.0463026746347017-1.4958297989328038j)	0.2828481197357178	52.35282882882883
524	(2.1360971596161344-1.4951825349160273j)	0.283797025680542	52.452927927927924
525	(2.2260001131296305-1.489526376280331j)	0.28119897842407227	52.55302702702703
526	(2.315090244439643-1.4785660215548289j)	0.2840566635131836	52.653126126126125
527	(2.4037544945151237-1.4620374981841948j)	0.2838568687438965	52.75322522522522
528	(2.4912756546589954-1.4405689845202492j)	0.2841620445251465	52.853324324324326
529	(2.5771240519663356-1.4135244570986398j)	0.28858399391174316	52.95342342342342
530	(2.661529303357162-1.381482569352956j)	0.29000186920166016	53.05352252252252
531	(2.7434843492981122-1.3446843941450761j)	0.2881050109863281	53.15362162162162
532	(2.823256903004599-1.3027690933957414j)	0.2867562770843506	53.25372072072072
533	(2.9006021081209172-1.2565747748917162j)	0.28928208351135254	53.35381981981982
534	(2.974804516537117-1.2056392845678654j)	0.2826838493347168	53.453918918918916
535	(3.0462690515726902-1.1501955475958296j)	0.28812408447265625	53.55401801801802
536	(3.1140624991137473-1.0908182316673631j)	0.34020304679870605	53.65411711711712
537	(3.1780953010006403-1.0270813612478318j)	0.2911827564239502	53.754216216216214
538	(3.2384534285091044-0.959919582044326j)	0.28230905532836914	53.85431531531531
539	(3.2943204739232597-0.8893288055101407j)	0.29247593879699707	53.954414414414416
540	(3.3462380748421165-0.8153019420610077j)	0.2990231513977051	54.05451351351351
541	(3.393686059107462-0.7386556845828232j)	0.28571271896362305	54.15461261261261
542	(3.4363068761798337-0.6589022126914938j)	0.2827489376068115	54.25471171171171
543	(3.4744490976746167-0.5767412780051593j)	0.2871859073638916	54.35481081081081
544	(3.507212681968241-0.49257533961496036j)	0.28158116340637207	54.45490990990991
545	(3.534974447547356-0.4062539297758847j)	0.2860260009765625	54.555009009009005
546	(3.5576651458712814-0.31883281352624526j)	0.29108309745788574	54.65510810810811
547	(3.5748121736660936-0.23005306178849994j)	0.28385305404663086	54.75520720720721
548	(3.5870759951348403-0.14027366446040657j)	0.28710103034973145	54.855306306306304
549	(3.5937752297995833-0.05013910093554208j)	0.28464293479919434	54.9554054054054
550	(3.5950051796062175+0.040722717717655454j)	0.288499116897583	55.055504504504505
551	(3.590978083433656+0.1312565779641246j)	0.2852013111114502	55.1556036036036
552	(3.5811604562812986+0.22147908541589767j)	0.28488707542419434	55.2557027027027
553	(3.566201747255689+0.3111200336820006j)	0.2841920852661133	55.3558018018018
554	(3.545902662349911+0.39930746353825874j)	0.28849291801452637	55.4559009009009
555	(3.5202119721646135+0.4864788078136699j)	0.28269267082214355	55.556
556	(3.4897504565283723+0.5719626553270656j)	0.29214000701904297	55.656099099099094
557	(3.4538521322100797+0.6554011219318263j)	0.2955660820007324	55.7561981981982
558	(3.413072402839159+0.7369606816619663j)	0.3005499839782715	55.856297297297296
559	(3.3668440154211803+0.8155968349196987j)	0.27791714668273926	55.95639639639639
560	(3.316989580694233+0.8914569521961639j)	0.2868669033050537	56.0564954954955
561	(3.262452072996893+0.9643318581830189j)	0.2859821319580078	56.156594594594594
562	(3.2033564643884898+1.0333458320169786j)	0.2871510982513428	56.25669369369369
563	(3.140262261326037+1.0992542774902487j)	0.2865478992462158	56.35679279279279
564	(3.0734021862393304+1.161224329294308j)	0.29131102561950684	56.45689189189189
565	(3.002803298303841+1.2189188505019317j)	0.2840299606323242	56.55699099099099
566	(2.9288853739305942+1.2726214591512406j)	0.29517388343811035	56.65709009009009
567	(2.8517706853186686+1.3213967229934553j)	0.2873830795288086	56.75718918918919
568	(2.7716887651962394+1.3656793771776206j)	0.28385114669799805	56.85728828828829
569	(2.6894845688134463+1.4050316801672542j)	0.2832679748535156	56.957387387387385
570	(2.6047413769622763+1.4392797056602975j)	0.29636693000793457	57.05748648648648
571	(2.518175185070127+1.4688193369057858j)	0.2901499271392822	57.157585585585586
572	(2.4300182866880475+1.4928035532938604j)	0.2817506790161133	57.25768468468468
573	(2.340138545334951+1.5116064608126707j)	0.2858011722564697	57.35778378378378
574	(2.2495950725739506+1.5250037913870873j)	0.30451321601867676	57.457882882882885
575	(2.158205285675658+1.532890511647304j)	0.2817070484161377	57.55798198198198
576	(2.066499566272447+1.5350132080138077j)	0.29361510276794434	57.65808108108108
577	(1.9751065706287574+1.5317436944030236j)	0.2920849323272705	57.758180180180176
578	(1.8836472840172396+1.5230584725340788j)	0.2856252193450928	57.85827927927928
579	(1.7930490046030538+1.509171419962758j)	0.28689098358154297	57.95837837837838
580	(1.7032953241945261+1.4894576621782476j)	0.2881500720977783	58.058477477477474
581	(1.6146140939390163+1.464610053236268j)	0.2862071990966797	58.15857657657658
582	(1.5279515835355097+1.434313087574118j)	0.28856515884399414	58.258675675675676
583	(1.4429729579864776+1.3986633311790717j)	0.28481483459472656	58.35877477477477
584	(1.360437977638882+1.3583508828048125j)	0.2818779945373535	58.45887387387387
585	(1.2805660466890822+1.3128526618168486j)	0.28647494316101074	58.558972972972974
586	(1.203150136060644+1.262820400539889j)	0.2848970890045166	58.65907207207207
587	(1.129144342713368+1.2082633470820892j)	0.2818481922149658	58.75917117117117
588	(1.0582906024636074+1.1489517859909797j)	0.28800201416015625	58.85927027027027
589	(0.9910989431315074+1.0857620416219305j)	0.2910337448120117	58.95936936936937
590	(0.9281570339644366+1.0183602195676544j)	0.2851600646972656	59.05946846846847
591	(0.86904538642223+0.9473108878041836j)	0.2923288345336914	59.159567567567564
592	(0.8145673446000927+0.8731198778392374j)	0.2940499782562256	59.25966666666667
593	(0.7645327589593052+0.7954255295270456j)	0.2898130416870117	59.359765765765765
594	(0.7189698718601889+0.7151087397025101j)	0.2859172821044922	59.45986486486486
595	(0.6785635498613738+0.63204663531921j)	0.2860379219055176	59.559963963963966
596	(0.6432070783162813+0.5466183795943589j)	0.2842581272125244	59.66006306306306
597	(0.6129574066546011+0.4590209911078552j)	0.282520055770874	59.76016216216216
598	(0.5879835580630934+0.36985120228640445j)	0.2856876850128174	59.86026126126126
599	(0.5687695730612037+0.27926223172492104j)	0.28905391693115234	59.96036036036036
600	(0.5550018621737017+0.1879126865419367j)	0.2846109867095947	60.06045945945946
601	(0.546486982771876+0.09554554858011974j)	0.28752589225769043	60.160558558558556
602	(0.5434799025025194+0.0030998904079042044j)	0.29343199729919434	60.26065765765765
603	(0.5463617418091355-0.08969602582113206j)	0.30721306800842285	60.36075675675676
604	(0.5545423410672337-0.18219668960898883j)	0.3204810619354248	60.460855855855854
605	(0.5686203407363791-0.2737749820357446j)	0.29593396186828613	60.56095495495495
606	(0.5881614510901735-0.36465670396771815j)	0.305009126663208	60.661054054054055
607	(0.6128925885051096-0.453875875218388j)	0.3101770877838135	60.76115315315315
608	(0.6432554083801976-0.5415661241958067j)	0.30222105979919434	60.86125225225225
609	(0.6785106145168949-0.6275244568447734j)	0.28780102729797363	60.96135135135135
610	(0.7190570990981909-0.7109451398515034j)	0.29889464378356934	61.06145045045045
611	(0.7647775752628695-0.7921460268486473j)	0.29410505294799805	61.16154954954955
612	(0.8150636869079526-0.8702495900803624j)	0.3018057346343994	61.261648648648645
613	(0.8703423819458604-0.9450325685670888j)	0.2839837074279785	61.36174774774775
614	(0.9297917772763874-1.0166119451180766j)	0.28551411628723145	61.461846846846846
615	(0.9933526604009237-1.0841385596845499j)	0.28836607933044434	61.56194594594594
616	(1.0611289837856868-1.1480187280285319j)	0.28745198249816895	61.66204504504504
617	(1.1323187834542205-1.2077708367070321j)	0.28749799728393555	61.762144144144145
618	(1.2073402085987979-1.2629040608911557j)	0.2827458381652832	61.86224324324324
619	(1.2855882590622478-1.3137349916211754j)	0.28551793098449707	61.96234234234234
620	(1.366576063710418-1.3593894439363354j)	0.2911961078643799	62.06244144144144
621	(1.4504903009713968-1.400106632845332j)	0.2877919673919678	62.16254054054054
622	(1.5363361216662355-1.4358663640208276j)	0.3010571002960205	62.26263963963964
623	(1.6242878495334487-1.4661010904010654j)	0.29819202423095703	62.362738738738734
624	(1.7140721911931323-1.491373082304998j)	0.2845921516418457	62.46283783783784
625	(1.8049792334015244-1.511035040546561j)	0.28504395484924316	62.562936936936936
626	(1.897328922762482-1.5250434434628408j)	0.2883491516113281	62.66303603603603
627	(1.9901757965078244-1.5336736840343188j)	0.28493404388427734	62.76313513513514
628	(2.083286957355453-1.5362699166745566j)	0.28498101234436035	62.863234234234234
629	(2.1765953723694804-1.533475930954947j)	0.2885589599609375	62.96333333333333
630	(2.269174907673167-1.5251077766839134j)	0.2890510559082031	63.06343243243243
631	(2.361373085125307-1.510986396248657j)	0.29186201095581055	63.16353153153153
632	(2.452581675668743-1.4916983057346176j)	0.28299808502197266	63.26363063063063
633	(2.542318286698818-1.4666040337089257j)	0.2906379699707031	63.36372972972973
634	(2.630738184049192-1.4361424858265823j)	0.28398633003234863	63.46382882882883
635	(2.7167974577006286-1.40050713554945j)	0.28540802001953125	63.56392792792793
636	(2.8006008561045093-1.3594018008491497j)	0.28533077239990234	63.664027027027025
637	(2.8818563905536845-1.3136934754841496j)	0.2814669609069824	63.76412612612612
638	(2.9599019547981316-1.2630620137167954j)	0.2905099391937256	63.864225225225226
639	(3.035153259449278-1.2077445247279353j)	0.28182458877563477	63.96432432432432
640	(3.106786935898598-1.1482432572722678j)	0.28829383850097656	64.06442342342343
641	(3.174658360669467-1.084100576079992j)	0.2836647033691406	64.16452252252253
642	(3.2387518342871626-1.0161512524528429j)	0.28368306159973145	64.26462162162163
643	(3.2981940913198375-0.9444610212131094j)	0.29596710205078125	64.36472072072073
644	(3.3534102757122053-0.8691272169747253j)	0.2969028949737549	64.46481981981982
645	(3.4039471434057673-0.7910180982527905j)	0.28496670722961426	64.56491891891892
646	(3.4495140166764564-0.7097418042245222j)	0.2854189872741699	64.66501801801802
647	(3.4905123685777797-0.6259212901775775j)	0.2863490581512451	64.76511711711713
648	(3.5260623243148057-0.5398821675300806j)	0.2838878631591797	64.86521621621623
649	(3.5564233651386874-0.451471737027456j)	0.2839832305908203	64.96531531531532
650	(3.5814441693107755-0.36172262343556755j)	0.2887909412384033	65.06541441441442
651	(3.600628360053849-0.2705268197241549j)	0.2867140769958496	65.16551351351352
652	(3.61462824839166-0.17832942561101506j)	0.2865912914276123	65.26561261261261
653	(3.622890828579201-0.08579131379445071j)	0.2814948558807373	65.36571171171171
654	(3.6255633135970675+0.007439573035663782j)	0.29499387741088867	65.46581081081082
655	(3.622884955173242+0.1004868218108581j)	0.2836287021636963	65.56590990990992
656	(3.6142007339016926+0.19323973946119932j)	0.28583192825317383	65.66600900900902
657	(3.6001218449709147+0.2855267474500066j)	0.29068684577941895	65.76610810810811
658	(3.5804129123909583+0.3763808983464507j)	0.2974679470062256	65.86620720720721
659	(3.555062383773735+0.46608030839659176j)	0.28481078147888184	65.96630630630631
660	(3.52474676697837+0.5539557978892709j)	0.293597936630249	66.0664054054054
661	(3.488944895602589+0.6396792850465474j)	0.2891099452972412	66.16650450450452
662	(3.448178700610885+0.7234637089093693j)	0.2836949825286865	66.26660360360361
663	(3.4025309726534716+0.8043508564492946j)	0.2890660762786865	66.36670270270271
664	(3.351713239864863+0.8824832974378318j)	0.2835662364959717	66.46680180180181
665	(3.296691948658731+0.9571606000993311j)	0.29727983474731445	66.5669009009009
666	(3.23683053852325+1.0285390124257117j)	0.28830432891845703	66.667
667	(3.172935857610532+1.0962032321788049j)	0.2847321033477783	66.7670990990991
668	(3.1052413479332177+1.1596936961580646j)	0.288834810256958	66.86719819819821
669	(3.0338862242793763+1.2189861872539989j)	0.28583407402038574	66.9672972972973
670	(2.9591476122616767+1.2741620504366638j)	0.287524938583374	67.0673963963964
671	(2.881132988541596+1.324380179184462j)	0.28574514389038086	67.1674954954955
672	(2.7999988648420944+1.370025852601119j)	0.30149102210998535	67.2675945945946
673	(2.716623594373535+1.410538354871327j)	0.3253769874572754	67.3676936936937
674	(2.6307314045446577+1.445734083147962j)	0.2969930171966553	67.46779279279279
675	(2.543080995134322+1.476020717812724j)	0.3975701332092285	67.5678918918919
676	(2.453945519463416+1.5007033017086053j)	0.318035364151001	67.667990990991
677	(2.363115694218142+1.5195978968401949j)	0.30001091957092285	67.7680900900901
678	(2.2716782174554977+1.5342414582162043j)	0.30806684494018555	67.8681891891892
679	(2.179291225696099+1.5424328726861776j)	0.29559993743896484	67.96828828828829
680	(2.086548782374364+1.5451880844554986j)	0.3153359889984131	68.06838738738739
681	(1.9942262682642184+1.5423361832613418j)	0.28987908363342285	68.16848648648649
682	(1.9018708384186076+1.5338159022147162j)	0.371135950088501	68.2685855855856
683	(1.8105680485096574+1.520047618751839j)	0.34540796279907227	68.3686846846847
684	(1.720226781317664+1.5005303043286753j)	0.29944586753845215	68.46878378378379
685	(1.6309864701712395+1.4759110689324344j)	0.2901921272277832	68.56888288288289
686	(1.5437009737657725+1.4458574687326877j)	0.3702518939971924	68.66898198198199
687	(1.4581088222548622+1.410382437624445j)	0.3191049098968506	68.76908108108108
688	(1.3750017934361023+1.3701128682863997j)	0.31586694717407227	68.86918018018018
689	(1.2946908888561848+1.324624580110469j)	0.30690932273864746	68.96927927927929
690	(1.217015058889861+1.2746156462850382j)	0.30030083656311035	69.06937837837839
691	(1.1428180230361291+1.220195044908725j)	0.30582404136657715	69.16947747747749
692	(1.0716284005984156+1.1611670106562222j)	0.3906669616699219	69.26957657657658
693	(1.0043872291213993+1.098462687054611j)	0.33217883110046387	69.36967567567568
694	(0.9411478452411618+1.0312093829343636j)	0.3873000144958496	69.46977477477478
695	(0.8817883629185559+0.9604219959047126j)	0.33022212982177734	69.56987387387387
696	(0.8271284904068019+0.8864615954216972j)	0.289644718170166	69.66997297297299
697	(0.777031893873585+0.8090964116781957j)	0.38071703910827637	69.77007207207208
698	(0.7314685978679313+0.7292281058606799j)	0.3369731903076172	69.87017117117118
699	(0.69106992176842+0.646743924219553j)	0.3117239475250244	69.97027027027028
700	(0.6553595974357845+0.561811357737249j)	0.2925071716308594	70.07036936936937
701	(0.6249324767077422+0.4751729743265997j)	0.29459095001220703	70.17046846846847
702	(0.5999477927130534+0.38653370639031387j)	0.294586181640625	70.27056756756757
703	(0.5801011921427195+0.29674446363235096j)	0.30966973304748535	70.37066666666668
704	(0.566051727695076+0.20610467162393092j)	0.292924165725708	70.47076576576578
705	(0.55726280597172+0.11459788156490441j)	0.2904481887817383	70.57086486486487
706	(0.5538742011490738+0.02312161940481834j)	0.32645416259765625	70.67096396396397
707	(0.5561813621636076-0.06861111805894045j)	0.3030970096588135	70.77106306306307
708	(0.5641700285368442-0.1602654662471716j)	0.3125331401824951	70.87116216216216
709	(0.576857432339911-0.2507238181506551j)	0.5073621273040771	70.97126126126126
710	(0.5955176556829159-0.3407097654682893j)	0.4153749942779541	71.07136036036037
711	(0.6193721356601338-0.4290552551942772j)	0.41034388542175293	71.17145945945947
712	(0.6487837740088425-0.5157878134863156j)	0.3223121166229248	71.27155855855857
713	(0.6829739406135639-0.6007081038814113j)	0.30933308601379395	71.37165765765766
714	(0.7222336658428944-0.6831090628200206j)	0.3009347915649414	71.47175675675676
715	(0.7664603356193509-0.7633565351326823j)	0.30027198791503906	71.57185585585586
716	(0.8151412850190451-0.8406834837390673j)	0.38361024856567383	71.67195495495496
717	(0.8687406141282067-0.9148379163650009j)	0.32450389862060547	71.77205405405407
718	(0.9265235617082614-0.985851249960697j)	0.29647207260131836	71.87215315315316
719	(0.9883709321726937-1.0528555665070387j)	0.30333685874938965	71.97225225225226
720	(1.0542961606115149-1.1162000097531193j)	0.30860304832458496	72.07235135135136
721	(1.12347874440755-1.1754989335379251j)	0.3540627956390381	72.17245045045046
722	(1.1962936351575237-1.230365424961134j)	0.3445291519165039	72.27254954954955
723	(1.2722455842954812-1.281141399924185j)	0.3343048095703125	72.37264864864865
724	(1.3509458790996314-1.326996026070306j)	0.2949528694152832	72.47274774774776
725	(1.4325917975764728-1.3680629862772016j)	0.3058602809906006	72.57284684684686
726	(1.5162188898701092-1.4042568214756241j)	0.3083672523498535	72.67294594594595
727	(1.6018867642067707-1.4350247457279464j)	0.2906191349029541	72.77304504504505
728	(1.6892817624608494-1.4609372437901205j)	0.3599281311035156	72.87314414414415
729	(1.7777265038255607-1.4814833083880705j)	0.44777917861938477	72.97324324324325
730	(1.867574296821361-1.4966618620219587j)	0.3282899856567383	73.07334234234234
731	(1.9580268177012954-1.5067186206344698j)	0.3209090232849121	73.17344144144145
732	(2.048886674047783-1.510967714969739j)	0.2900238037109375	73.27354054054055
733	(2.1400576451772686-1.5099231480188355j)	0.3082129955291748	73.37363963963965
734	(2.2305895433470457-1.5034067813289624j)	0.31368279457092285	73.47373873873875
735	(2.320726037908329-1.4912875890525636j)	0.32116007804870605	73.57383783783784
736	(2.4099022733582536-1.4741980667842498j)	0.4108707904815674	73.67393693693694
737	(2.4977143083596927-1.4516002184349004j)	0.3363838195800781	73.77403603603604
738	(2.5843844776253406-1.4238761165337612j)	0.4111311435699463	73.87413513513515
739	(2.6689801296200155-1.3911456306728707j)	0.2939620018005371	73.97423423423425
740	(2.7515484381838977-1.3530483718628257j)	0.2987251281738281	74.07433333333334
741	(2.8317458643339624-1.3103649586841701j)	0.2986879348754883	74.17443243243244
742	(2.909152575294005-1.2628706258787579j)	0.2918708324432373	74.27453153153154
743	(2.9833010040910626-1.2107863970041852j)	0.32305479049682617	74.37463063063063
744	(3.054327698722516-1.1547341544503846j)	0.31145715713500977	74.47472972972973
745	(3.121877706196867-1.0942224916390824j)	0.2902650833129883	74.57482882882883
746	(3.185980072799667-1.0299629840050832j)	0.3732600212097168	74.67492792792794
747	(3.245784911372372-0.9619461216394294j)	0.33515214920043945	74.77502702702704
748	(3.3015952670452493-0.8902279552789265j)	0.3298308849334717	74.87512612612613
749	(3.352922587780479-0.8156629198629562j)	0.3176689147949219	74.97522522522523
750	(3.3994768680931666-0.7379718890285103j)	0.2957282066345215	75.07532432432433
751	(3.441653160004169-0.6577775472908384j)	0.2875077724456787	75.17542342342342
752	(3.478846904431407-0.5752223700006633j)	0.2937629222869873	75.27552252252252
753	(3.510986566362423-0.49059875750677795j)	0.28501009941101074	75.37562162162163
754	(3.5382351782098342-0.40428010221763144j)	0.4551718235015869	75.47572072072073
755	(3.5596706258127235-0.31638568965196634j)	0.3080158233642578	75.57581981981983
756	(3.576590483329271-0.22714989434190658j)	0.31142187118530273	75.67591891891892
757	(3.587682450833465-0.13749414090822187j)	0.33432912826538086	75.77601801801802
758	(3.593387614511975-0.04707309586473385j)	0.3732290267944336	75.87611711711712
759	(3.5939945221676313+0.04329365980306754j)	0.3175811767578125	75.97621621621622
760	(3.5889301681141075+0.13355811751590363j)	0.3184010982513428	76.07631531531533
761	(3.578723901137292+0.2236418245672679j)	0.34548306465148926	76.17641441441442
762	(3.5630802841100326+0.31266671859869755j)	0.28703904151916504	76.27651351351352
763	(3.5418940072644336+0.4008440948727291j)	0.2869861125946045	76.37661261261262
764	(3.5157711961530578+0.4874717905677275j)	0.28452038764953613	76.47671171171172
765	(3.484528337517389+0.5722448756207411j)	0.27283310890197754	76.57681081081081
766	(3.447930783678431+0.6551117505253574j)	0.2827141284942627	76.67690990990991
767	(3.4073535035035687+0.7356323436890272j)	0.2756350040435791	76.77700900900902
768	(3.360825077806776+0.8134594989775319j)	0.2829420566558838	76.87710810810812
769	(3.310457279870894+0.8886815500297748j)	0.2862379550933838	76.97720720720721
770	(3.255448481187593+0.9604814494269649j)	0.28414106369018555	77.07730630630631
771	(3.1961693880625432+1.0291342827600982j)	0.28531599044799805	77.17740540540541
772	(3.1331669697120614+1.0938619949307156j)	0.2957179546356201	77.2775045045045
773	(3.066147390377657+1.1546853242981603j)	0.285876989364624	77.3776036036036
774	(2.995900509497534+1.211659465447187j)	0.2873210906982422	77.47770270270271
775	(2.9223511253727996+1.2640819984602927j)	0.28612399101257324	77.57780180180181
776	(2.845559741743502+1.3123265269333104j)	0.29283666610717773	77.67790090090091
777	(2.7662718526496666+1.355829699673244j)	0.2992279529571533	77.778
778	(2.6842062457892686+1.3943106866315418j)	0.28614306449890137	77.8780990990991
779	(2.600106476937987+1.4280709414344326j)	0.2823657989501953	77.9781981981982
780	(2.5143159911010375+1.456432141200496j)	0.2850220203399658	78.0782972972973
781	(2.4267403783861163+1.4797946994917015j)	0.3067960739135742	78.17839639639641
782	(2.3382330672215086+1.4980390465704063j)	0.31908297538757324	78.2784954954955
783	(2.2485668244161947+1.510741119047479j)	0.31165623664855957	78.3785945945946
784	(2.1581772887052924+1.518378765700812j)	0.30864810943603516	78.4786936936937
785	(2.067693492930292+1.5203482482938844j)	0.3520071506500244	78.5787927927928
786	(1.9769346635369118+1.5168360848204476j)	0.2869539260864258	78.6788918918919
787	(1.8868265913043256+1.508104925720257j)	0.29386234283447266	78.77899099099099
788	(1.7974152032734614+1.4937138896976194j)	0.31063079833984375	78.8790900900901
789	(1.7088274102857566+1.4743227404103751j)	0.3168661594390869	78.9791891891892
790	(1.6218136262400324+1.449652129207192j)	0.29076290130615234	79.0792882882883
791	(1.536073731394048+1.4196590756626453j)	0.30504703521728516	79.1793873873874
792	(1.4523276487342094+1.3848421755692324j)	0.2971820831298828	79.27948648648649
793	(1.3709361587866367+1.3447198020074724j)	0.31133103370666504	79.37958558558559
794	(1.2918414684709871+1.2999072444795403j)	0.2951648235321045	79.47968468468468
795	(1.215914136864154+1.25055206296424j)	0.3010890483856201	79.5797837837838
796	(1.1429007760589212+1.1965277184133378j)	0.30548810958862305	79.6798828828829
797	(1.0731417267131478+1.138585871311683j)	0.3139927387237549	79.77998198198199
798	(1.007140862895754+1.0763620378116636j)	0.3156399726867676	79.88008108108109
799	(0.9446200093939394+1.0102335414701158j)	0.31491994857788086	79.98018018018018
800	(0.8863685049379696+0.9406129589431445j)	0.3214399814605713	80.08027927927928
801	(0.8324140915492314+0.8672779529085727j)	0.29785799980163574	80.18037837837838
802	(0.7827997407751568+0.7911091698710933j)	0.30156421661376953	80.28047747747749
803	(0.7380504452706196+0.7120367959849832j)	0.29212212562561035	80.38057657657659
804	(0.697971908270152+0.6304004311426485j)	0.28716206550598145	80.48067567567568
805	(0.6627896350482285+0.5467427812745852j)	0.2858848571777344	80.58077477477478
806	(0.6327513421293356+0.4607683949200694j)	0.30864405632019043	80.68087387387388
807	(0.6076291332462069+0.3732020546969899j)	0.33707714080810547	80.78097297297298
808	(0.5881462070828364+0.28432205699368457j)	0.3558042049407959	80.88107207207207
809	(0.5739030298873514+0.1941662320331159j)	0.37754106521606445	80.98117117117118
810	(0.5650476418746789+0.103666082593666j)	0.3662121295928955	81.08127027027028
811	(0.5618356225119029+0.012625033347875514j)	0.40723085403442383	81.18136936936938
812	(0.5637040328461547-0.07847923582643529j)	0.35413694381713867	81.28146846846847
813	(0.571211110908135-0.16915962279217836j)	0.29782772064208984	81.38156756756757
814	(0.5841222555235566-0.2596297401134683j)	0.340134859085083	81.48166666666667
815	(0.6022977371223461-0.348970875224786j)	0.32342982292175293	81.58176576576577
816	(0.6261674063264469-0.43713136579227135j)	0.295306921005249	81.68186486486488
817	(0.6550330947042645-0.5238279844988296j)	0.30708789825439453	81.78196396396397
818	(0.6891188507421081-0.60831297898292j)	0.36360907554626465	81.88206306306307
819	(0.7282807416283178-0.6909099388846909j)	0.28429603576660156	81.98216216216217
820	(0.7720069113090586-0.7709426371403701j)	0.3062012195587158	82.08226126126127
821	(0.8207737341975994-0.848207718929211j)	0.3762397766113281	82.18236036036036
822	(0.8739853045049275-0.9227333663869494j)	0.2880568504333496	82.28245945945946
823	(0.9315955744352633-0.9936286477175067j)	0.311248779296875	82.38255855855857
824	(0.9936391974500163-1.0611020229766617j)	0.3781259059906006	82.48265765765767
825	(1.0592950077280883-1.1247122651218846j)	0.41446518898010254	82.58275675675677
826	(1.12883456612994-1.1840597267662276j)	0.3303408622741699	82.68285585585586
827	(1.201760658558885-1.2394983322728856j)	0.3906419277191162	82.78295495495496
828	(1.2777193260424977-1.290289229062665j)	0.36388111114501953	82.88305405405406
829	(1.3569693905391391-1.3365427528087754j)	0.4324662685394287	82.98315315315315
830	(1.43866206691841-1.3781001476832346j)	0.3789069652557373	83.08325225225227
831	(1.5228626519445754-1.4143590667763501j)	0.31430673599243164	83.18335135135136
832	(1.609204151712233-1.44572869587907j)	0.3138740062713623	83.28345045045046
833	(1.6969580727695008-1.4717202198055692j)	0.3191659450531006	83.38354954954956
834	(1.7863940047475497-1.4923518055752238j)	0.3564338684082031	83.48364864864865
835	(1.8767676466607304-1.5079064014152639j)	0.35154294967651367	83.58374774774775
836	(1.96793881592899-1.5177374537816073j)	0.3294670581817627	83.68384684684685
837	(2.059864523006917-1.522259648788209j)	0.3412210941314697	83.78394594594596
838	(2.1516409064347197-1.5212090450825237j)	0.3337070941925049	83.88404504504506
839	(2.243413097077822-1.514371637266692j)	0.3033270835876465	83.98414414414415
840	(2.334553370682312-1.5023221242565774j)	0.32347893714904785	84.08424324324325
841	(2.4245949129593933-1.4846008376877327j)	0.3761448860168457	84.18434234234235
842	(2.5137361321854743-1.4616141163570908j)	0.34248995780944824	84.28444144144144
843	(2.601137526398399-1.433497867475086j)	0.3244020938873291	84.38454054054054
844	(2.686873077201702-1.3998644315780548j)	0.3870220184326172	84.48463963963965
845	(2.7705975639042704-1.36136131811414j)	0.3260006904602051	84.58473873873875
846	(2.8512636846537136-1.3172615056898258j)	0.29580187797546387	84.68483783783785
847	(2.9300656387280064-1.2690927207705678j)	0.3130991458892822	84.78493693693694
848	(3.0052811636519214-1.2161557422964298j)	0.2941770553588867	84.88503603603604
849	(3.0771392539531153-1.1585296433596024j)	0.3017392158508301	84.98513513513514
850	(3.1457027034790217-1.096903738476428j)	0.3063640594482422	85.08523423423424
851	(3.210203851065139-1.0312529115862306j)	0.30832695960998535	85.18533333333335
852	(3.2709046191849542-0.961553015060622j)	0.32328128814697266	85.28543243243244
853	(3.327273016358018-0.8885575369894672j)	0.2918119430541992	85.38553153153154
854	(3.3789128105847452-0.8120180837416409j)	0.2858579158782959	85.48563063063064
855	(3.4261153114091045-0.7325791188446427j)	0.285402774810791	85.58572972972974
856	(3.468188908594274-0.6506362144915459j)	0.3034090995788574	85.68582882882883
857	(3.5053976814329415-0.5660404600761908j)	0.2939488887786865	85.78592792792793
858	(3.5376345975532786-0.4796134800847538j)	0.31121301651000977	85.88602702702703
859	(3.5643711417673134-0.39120116345777256j)	0.29218006134033203	85.98612612612614
860	(3.586014029773633-0.3011720363563495j)	0.2896602153778076	86.08622522522523
861	(3.601981196720393-0.21022085138650404j)	0.3042311668395996	86.18632432432433
862	(3.6123386787079266-0.1181805031970391j)	0.29496073722839355	86.28642342342343
863	(3.617362758310974-0.02591355997219269j)	0.32727813720703125	86.38652252252253
864	(3.6165523307358596+0.06644732245618057j)	0.30290985107421875	86.48662162162162
865	(3.6104566586128017+0.1588275827459571j)	0.3087170124053955	86.58672072072072
866	(3.598755273383183+0.25049946615677454j)	0.29740071296691895	86.68681981981983
867	(3.5814723342234407+0.3414931193847037j)	0.3324401378631592	86.78691891891893
868	(3.5589124139807273+0.4313241851820686j)	0.41884922981262207	86.88701801801803
869	(3.5306586296067364+0.5194644005526663j)	0.47985196113586426	86.98711711711712
870	(3.497217262004404+0.6059907266478544j)	0.37262916564941406	87.08721621621622
871	(3.4587752468099406+0.6900319228588487j)	0.39430999755859375	87.18731531531532
872	(3.4151134041081974+0.7717449240851944j)	0.39182615280151367	87.28741441441441
873	(3.3668992146524195+0.8507972120049787j)	0.29630184173583984	87.38751351351353
874	(3.313878130122579+0.9266623207993296j)	0.3067800998687744	87.48761261261262
875	(3.2562382044168476+0.9995097720804949j)	0.30008602142333984	87.58771171171172
876	(3.19448535190978+1.068539862781486j)	0.2914271354675293	87.68781081081082
877	(3.1284379278083025+1.1337421086055819j)	0.30602097511291504	87.78790990990991
878	(3.058664200394665+1.1948397903266694j)	0.2983417510986328	87.88800900900901
879	(2.9854386577266534+1.2514115543504125j)	0.3116416931152344	87.98810810810811
880	(2.9087803119588553+1.3037560716277907j)	0.40204429626464844	88.08820720720722
881	(2.829383154569796+1.3513888833681906j)	0.315126895904541	88.18830630630632
882	(2.746934808032117+1.3940260589202529j)	0.2984747886657715	88.28840540540541
883	(2.662095098115948+1.431881849728173j)	0.2890641689300537	88.38850450450451
884	(2.5752236901864927+1.4642222911531002j)	0.28995513916015625	88.48860360360361
885	(2.4863153378085965+1.4913376637818057j)	0.287883996963501	88.5887027027027
886	(2.396265486568628+1.5131334607367761j)	0.2906780242919922	88.6888018018018
887	(2.3049473808418317+1.5292428326858527j)	0.28732895851135254	88.78890090090091
888	(2.2127546341837707+1.5401710335905157j)	0.2932279109954834	88.88900000000001
889	(2.1202518212667636+1.5453618709759172j)	0.28885316848754883	88.9890990990991
890	(2.0272425704436507+1.5449268415329747j)	0.2706618309020996	89.0891981981982
891	(1.9346208273405237+1.5390383608661264j)	0.2855961322784424	89.1892972972973
892	(1.8425300027597107+1.5272220382770445j)	0.2835409641265869	89.2893963963964
893	(1.7511923670210587+1.5101031024024527j)	0.2895941734313965	89.3894954954955
894	(1.661389628928451+1.4874906628845566j)	0.2870609760284424	89.4895945945946
895	(1.5728486853648251+1.4594070213931138j)	0.2905097007751465	89.5896936936937
896	(1.4862035471365758+1.426351526378762j)	0.288100004196167	89.6897927927928
897	(1.4017756718394163+1.3878397755200482j)	0.2822139263153076	89.7898918918919
898	(1.3195300664511336+1.344373662979458j)	0.28621506690979004	89.889990990991
899	(1.2403737378243886+1.2960631287498439j)	0.2883188724517822	89.99009009009009
900	(1.1641774163878025+1.2428018461750985j)	0.2863340377807617	90.09018918918919
901	(1.0913276703038353+1.185378338155479j)	0.28403186798095703	90.1902882882883
902	(1.0223068471824424+1.1235403505083827j)	0.29735612869262695	90.2903873873874
903	(0.9567969839508623+1.0576731708327751j)	0.28978514671325684	90.3904864864865
904	(0.895537531047971+0.9881727120483127j)	0.3002440929412842	90.49058558558559
905	(0.8385407715211091+0.9147539280241586j)	0.301408052444458	90.59068468468469
906	(0.7859235994898781+0.8382243661330812j)	0.297868013381958	90.69078378378379
907	(0.738371016312808+0.7585965788921742j)	0.30127596855163574	90.79088288288288
908	(0.695500026003939+0.6761374543842242j)	0.300631046295166	90.890981981982
909	(0.6577701447826927+0.5915927268932634j)	0.30098605155944824	90.99108108108109
910	(0.625285773641996+0.5047001994930901j)	0.30263209342956543	91.09118018018019
911	(0.5977725950320504+0.41612264415021516j)	0.3022310733795166	91.19127927927929
912	(0.5759122110429351+0.3260929058423827j)	0.31438302993774414	91.29137837837838
913	(0.5593911871528383+0.23461118098197178j)	0.30287694931030273	91.39147747747748
914	(0.5484208023150201+0.14259001053285056j)	0.30780601501464844	91.49157657657658
915	(0.5432982037402416+0.04993654963684563j)	0.29895496368408203	91.59167567567569
916	(0.543475031493915-0.04280427316475127j)	0.3082270622253418	91.69177477477479
917	(0.549407568088699-0.13510469678578826j)	0.3036360740661621	91.79187387387388
918	(0.5608148342637749-0.2271756759823254j)	0.282512903213501	91.89197297297298
919	(0.5775372784037076-0.31819514669652266j)	0.31558775901794434	91.99207207207208
920	(0.600025192100893-0.4081357812967432j)	0.30176210403442383	92.09217117117117
921	(0.6276906383903496-0.49671350562411515j)	0.29992127418518066	92.19227027027027
922	(0.6607742506506018-0.5831305362284233j)	0.30800795555114746	92.29236936936938
923	(0.6991238292126946-0.6675991607433922j)	0.2945129871368408	92.39246846846848
924	(0.09066044201763068-0.34977931299268805j)	0.2215590476989746	92.49256756756758
925	(0.7902897260949335-0.8284169061012996j)	0.2998158931732178	92.59266666666667
926	(0.8428851346633879-0.9046551672991154j)	0.31763792037963867	92.69276576576577
927	(0.8999340524555844-0.9773368094616447j)	0.4029808044433594	92.79286486486487
928	(0.9615321805869551-1.046637865948162j)	0.3031308650970459	92.89296396396396
929	(1.0269338952523812-1.1120765808024111j)	0.29711413383483887	92.99306306306308
930	(1.0963588297661861-1.1731784855137364j)	0.28662681579589844	93.09316216216217
931	(1.1692632144118258-1.230230879030993j)	0.28606486320495605	93.19326126126127
932	(1.2452149633290137-1.2825524688425658j)	0.28550100326538086	93.29336036036037
933	(1.324419809515607-1.3302976219217826j)	0.28751373291015625	93.39345945945946
934	(1.4061036378732719-1.3733862802924632j)	0.28681492805480957	93.49355855855856
935	(1.4903556549058532-1.4112105075696686j)	0.28562092781066895	93.59365765765766
936	(1.5768828941481654-1.4441254861655142j)	0.29218292236328125	93.69375675675677
937	(1.664954416744277-1.4715906202384712j)	0.30396103858947754	93.79385585585587
938	(1.7547392347291109-1.4935698098242778j)	0.28591012954711914	93.89395495495496
939	(1.8454525459742883-1.5103566791282335j)	0.288210391998291	93.99405405405406
940	(1.936902998543351-1.5214108696395945j)	0.29111599922180176	94.09415315315316
941	(2.0290664712051574-1.5271868520845795j)	0.2848188877105713	94.19425225225226
942	(2.1211682318770766-1.5274312175643758j)	0.28766417503356934	94.29435135135135
943	(2.2134045613912985-1.5220981357635939j)	0.2975771427154541	94.39445045045046
944	(2.3049892619844545-1.5110947513954254j)	0.2842998504638672	94.49454954954956
945	(2.3955776842695338-1.4945169245716134j)	0.28967881202697754	94.59464864864866
946	(2.485212343492372-1.4725809271584185j)	0.2859070301055908	94.69474774774775
947	(2.573058262206299-1.4454985882241462j)	0.29090118408203125	94.79484684684685
948	(2.659176721141829-1.41300590535554j)	0.29570698738098145	94.89494594594595
949	(2.7433678592846706-1.375623000452982j)	0.28829312324523926	94.99504504504505
950	(2.824908785481785-1.333151470206863j)	0.294719934463501	95.09514414414416
951	(2.904020465740985-1.2857222708450442j)	0.2866818904876709	95.19524324324325
952	(2.9799321343328717-1.2338474876326562j)	0.31637096405029297	95.29534234234235
953	(3.0524592859874957-1.1772304277541261j)	0.2874939441680908	95.39544144144145
954	(3.1214346127154284-1.1166417635938615j)	0.2944309711456299	95.49554054054055
955	(3.1867319335734923-1.052010299841339j)	0.313507080078125	95.59563963963964
956	(3.24807774412702-0.9834684444886714j)	0.284121036529541	95.69573873873874
957	(3.305216587817315-0.9116531245125392j)	0.29316115379333496	95.79583783783785
958	(3.3577595134196594-0.8362731965312642j)	0.3120419979095459	95.89593693693695
959	(3.4059208073737284-0.7578990880323476j)	0.4396958351135254	95.99603603603605
960	(3.4489725687378585-0.6769458379668416j)	0.39001965522766113	96.09613513513514
961	(3.4871227632287183-0.5933405789576734j)	0.33464717864990234	96.19623423423424
962	(3.520304951520555-0.5079397510873465j)	0.3567631244659424	96.29633333333334
963	(3.548077772208034-0.42063519590185505j)	0.4137918949127197	96.39643243243243
964	(3.570884595768252-0.3317384595811248j)	0.4061882495880127	96.49653153153155
965	(3.5881789765508088-0.2418513323210465j)	0.36559104919433594	96.59663063063064
966	(3.599961702028061-0.15078082628584855j)	0.38977575302124023	96.69672972972974
967	(3.6064287972053464-0.05936307553932174j)	0.2978379726409912	96.79682882882884
968	(3.607071130987544+0.03219408784557265j)	0.2940070629119873	96.89692792792793
969	(3.602295362573379+0.1236399353678912j)	0.2924327850341797	96.99702702702703
970	(3.592341757618862+0.21451852007610106j)	0.2864837646484375	97.09712612612613
971	(3.576706393150254+0.3047404559851645j)	0.3064877986907959	97.19722522522522
972	(3.5559981583035354+0.3938419776548958j)	0.30108213424682617	97.29732432432434
973	(3.5297166615492768+0.4814166727322906j)	0.30695390701293945	97.39742342342343
974	(3.4982671009652844+0.567520683918959j)	0.3111441135406494	97.49752252252253
975	(3.4618008930319313+0.6512616756177348j)	0.3275911808013916	97.59762162162163
976	(3.4201305069035746+0.7327079199068202j)	0.30067873001098633	97.69772072072072
977	(3.3739862579452886+0.8115444599188033j)	0.2910768985748291	97.79781981981982
978	(3.323119392319933+0.8872243694045939j)	0.28836798667907715	97.89791891891892
979	(3.267791366889905+0.9600372683371571j)	0.3091421127319336	97.99801801801803
980	(3.208414573795747+1.029262009898854j)	0.3092620372772217	98.09811711711713
981	(3.144669281963719+1.0947806762028063j)	0.31141209602355957	98.19821621621622
982	(3.0772876222614927+1.156516683805406j)	0.3100621700286865	98.29831531531532
983	(3.0063319575883565+1.2137495576739676j)	0.3051319122314453	98.39841441441442
984	(2.931958261344824+1.2668081456833171j)	0.30458927154541016	98.49851351351352
985	(2.854895240354463+1.3152703219313693j)	0.29257702827453613	98.59861261261261
986	(2.774865214528208+1.3589227296522823j)	0.3090708255767822	98.69871171171172
987	(2.692440509617369+1.3980210292122948j)	0.38996100425720215	98.79881081081082
988	(2.607905100925789+1.4318603987926992j)	0.3264169692993164	98.89890990990992
989	(2.521206987378101+1.4606524538629972j)	0.2875857353210449	98.99900900900901
990	(2.4332297948777044+1.4842292389057075j)	0.2895200252532959	99.09910810810811
991	(2.343913711924189+1.502211630886062j)	0.34411072731018066	99.19920720720721
992	(2.2537002401005792+1.5151073948198803j)	0.3215920925140381	99.2993063063063
993	(2.163145897627159+1.52245427031604j)	0.34310388565063477	99.39940540540542
994	(2.0720230485369013+1.5244001985681703j)	0.3851451873779297	99.49950450450451
995	(1.981101951659447+1.5210313352591112j)	0.29958176612854004	99.59960360360361
996	(1.890509278037299+1.5120680765603831j)	0.289229154586792	99.69970270270271
997	(1.8004460595293659+1.4977911143146772j)	0.28804898262023926	99.7998018018018
998	(1.7117368367799675+1.4780698973514366j)	0.2829287052154541	99.8999009009009
999	(1.624191980897481+1.4529398832415832j)	0.29027581214904785	100.0
