	res_adaptive	time_adaptive	w
0	(-0.12097383446097786-0.04343872934113018j)	0.6949131488800049	0.001
1	(-0.3424392226971402-0.13856892120894043j)	0.3293418884277344	0.09633
2	(-0.40429790567195906-0.1668011244296723j)	0.3782830238342285	0.19166
3	(-0.44576485308287195-0.18622974865455044j)	0.36270999908447266	0.28698
4	(-0.47759104864149116-0.20160983977686484j)	0.2910730838775635	0.38231
5	(-0.5035805134097922-0.21462915955577272j)	0.41928911209106445	0.47764
6	(-0.5255804443500232-0.22610028897218942j)	0.3948099613189697	0.57297
7	(-0.5446390941747999-0.23648146963806227j)	0.3041849136352539	0.6683
8	(-0.5614180126191755-0.246058673553691j)	0.31812596321105957	0.76362
9	(-0.5763383800910982-0.25502276542536245j)	0.3066549301147461	0.85895
10	(-0.5898034432928668-0.263508424410193j)	0.31812095642089844	0.95428
11	(-0.6019629611094695-0.2716070189305666j)	0.293489933013916	1.04961
12	(-0.6130292651255329-0.27939704559508993j)	0.2928049564361572	1.14494
13	(-0.623140489641249-0.2869284633062483j)	0.2770349979400635	1.24026
14	(-0.6324096000754167-0.2942484253112626j)	0.28685879707336426	1.33559
15	(-0.6409281348579927-0.3013878214586162j)	0.2850208282470703	1.43092
16	(-0.6487729189554792-0.30837943358088826j)	0.2828531265258789	1.52625
17	(-0.6560082965405623-0.31523539516147403j)	0.29534292221069336	1.62157
18	(-0.6626872962099356-0.3219845727309774j)	0.305344820022583	1.7169
19	(-0.6688592811675428-0.32863836090306103j)	0.35633420944213867	1.81223
20	(-0.6745605815081372-0.33520302289597226j)	0.3097248077392578	1.90756
21	(-0.6798235132954583-0.34171111068599064j)	0.29624295234680176	2.00289
22	(-0.6846826030795705-0.3481476997803796j)	0.376629114151001	2.09821
23	(-0.6891642695646102-0.354530025360963j)	0.3061530590057373	2.19354
24	(-0.6932912904616654-0.3608634791320011j)	0.305316686630249	2.28887
25	(-0.6970868929443161-0.36715495971657003j)	0.3092479705810547	2.3842
26	(-0.7005712460154832-0.37340873175455935j)	0.31244587898254395	2.47953
27	(-0.7037476671623083-0.3796243136114624j)	0.35231614112854004	2.57485
28	(-0.7066475211302186-0.3858133336120262j)	0.40699028968811035	2.67018
29	(-0.7092814471822043-0.39197303944156664j)	0.30239224433898926	2.76551
30	(-0.7116603458248549-0.3981079510372513j)	0.3952460289001465	2.86084
31	(-0.7137949144315423-0.4042192365076812j)	0.40082287788391113	2.95617
32	(-0.7014809852726788-0.4083448430800116j)	0.286287784576416	3.05149
33	(-0.7173755476278322-0.4163796437960191j)	0.28116393089294434	3.14682
34	(-0.7187796927093774-0.4224226358565158j)	0.26764416694641113	3.24215
35	(-0.7201019705901845-0.4284657738943577j)	0.280869722366333	3.33748
36	(-0.7211641541122285-0.4344857631316474j)	0.28949403762817383	3.43281
37	(-0.7220368615142791-0.44048708561662375j)	0.28700900077819824	3.52813
38	(-0.7227237977024941-0.44647422467656434j)	0.278378963470459	3.62346
39	(-0.7232359547802585-0.4524472591494967j)	0.27864503860473633	3.71879
40	(-0.7235743400056169-0.45840537079801236j)	0.29569578170776367	3.81412
41	(-0.7237489996320088-0.4643500106073435j)	0.2855510711669922	3.90945
42	(-0.723758537324598-0.47027975451853743j)	0.38388586044311523	4.00477
43	(-0.7236133981723094-0.4761940337660684j)	0.31459689140319824	4.1001
44	(-0.723315867608664-0.48209846153497504j)	0.387969970703125	4.19543
45	(-0.722871081773147-0.48798604565261594j)	0.3065779209136963	4.29076
46	(-0.7222830407195086-0.49385954442455654j)	0.2957289218902588	4.38608
47	(-0.7215543160577678-0.4997200130911228j)	0.3910408020019531	4.48141
48	(-0.7206888971026846-0.5055648141664909j)	0.30444788932800293	4.57674
49	(-0.7196916699583258-0.5113957067047635j)	0.2992722988128662	4.67207
50	(-0.7185651120889377-0.5172109930426391j)	0.3088088035583496	4.7674
51	(-0.7173107677623051-0.5230095385799626j)	0.43709802627563477	4.86272
52	(-0.7159329420149614-0.528792215518019j)	0.29711079597473145	4.95805
53	(-0.7144346799802461-0.5345596895618495j)	0.39407801628112793	5.05338
54	(-0.7128172202172831-0.540311143554409j)	0.3720061779022217	5.14871
55	(-0.7110843283770257-0.5460448023523019j)	0.37964916229248047	5.24404
56	(-0.7092384630448363-0.5517598841282384j)	0.31192493438720703	5.33936
57	(-0.7072853101036604-0.557458016659687j)	0.2763388156890869	5.43469
58	(-0.7052149958597893-0.5631367218671661j)	0.30704307556152344	5.53002
59	(-0.703043617688544-0.5687972908314972j)	0.30041074752807617	5.62535
60	(-0.7007645611182785-0.574436713993288j)	0.2912590503692627	5.72068
61	(-0.6983842486128716-0.5800560338302704j)	0.2940540313720703	5.816
62	(-0.695901786069564-0.5856562082954608j)	0.3686058521270752	5.91133
63	(-0.693325344233887-0.5912334967510801j)	0.3312859535217285	6.00666
64	(-0.6906477452967733-0.5967900171056799j)	0.30385398864746094	6.10199
65	(-0.6878741352453173-0.6023237368348531j)	0.30385470390319824	6.19732
66	(-0.6850079190475058-0.6078344019239321j)	0.2913320064544678	6.29264
67	(-0.682049718026213-0.6133212235182167j)	0.3951089382171631	6.38797
68	(-0.6789986900934899-0.6187846296810852j)	0.318695068359375	6.4833
69	(-0.6758601742123264-0.6242234245089936j)	0.36672496795654297	6.57863
70	(-0.6726329861231887-0.6296337105255584j)	0.29094910621643066	6.67396
71	(-0.6693186271765995-0.6350236472813785j)	0.31624603271484375	6.76928
72	(-0.665919712047751-0.6403850966370332j)	0.31863903999328613	6.86461
73	(-0.6624352687915345-0.6457288789310655j)	0.2784428596496582	6.95994
74	(-0.6588727230799784-0.6510251278005692j)	0.35312604904174805	7.05527
75	(-0.6552258255056717-0.6563031447858402j)	0.3006887435913086	7.15059
76	(-0.6514969556991685-0.6615517124497465j)	0.2937498092651367	7.24592
77	(-0.6476932803726264-0.666772722660854j)	0.29665589332580566	7.34125
78	(-0.6438100455542395-0.671963535483351j)	0.29628705978393555	7.43658
79	(-0.6398490952977989-0.6771248645665882j)	0.2930629253387451	7.53191
80	(-0.6358146272912341-0.6822521438385896j)	0.29471898078918457	7.62723
81	(-0.6317045426949869-0.6873493085201401j)	0.2946510314941406	7.72256
82	(-0.6275198628039398-0.6924151709824208j)	0.2974560260772705	7.81789
83	(-0.6232641574460932-0.69744797360974j)	0.2879452705383301	7.91322
84	(-0.6189363230153031-0.7024473727445224j)	0.36231303215026855	8.00855
85	(-0.6145395146046387-0.707412189662094j)	0.39308905601501465	8.10387
86	(-0.6100712449988157-0.7123428505838987j)	0.3649411201477051	8.1992
87	(-0.6055352042713285-0.7172391688712261j)	0.4131309986114502	8.29453
88	(-0.600931842322862-0.7221004426298234j)	0.31999707221984863	8.38986
89	(-0.5962796019581902-0.7269318870882842j)	0.28627991676330566	8.48519
90	(-0.5915274065924367-0.7317133038409309j)	0.31060791015625	8.58051
91	(-0.5867231587309811-0.7364630777411212j)	0.2959311008453369	8.67584
92	(-0.5818620426395896-0.741176886075811j)	0.27938294410705566	8.77117
93	(-0.5769342307071441-0.7458540511786984j)	0.3838670253753662	8.8665
94	(-0.571940550332096-0.7504978539863763j)	0.37601208686828613	8.96183
95	(-0.5668946810705602-0.7550873023853379j)	0.3308877944946289	9.05715
96	(-0.5617826084455891-0.7596450236981103j)	0.30634498596191406	9.15248
97	(-0.5566104644303514-0.7641619264101506j)	0.2978391647338867	9.24781
98	(-0.5513796983338978-0.7686387169209707j)	0.29439377784729004	9.34314
99	(-0.5460983408809166-0.7730518155428101j)	0.280897855758667	9.43847
100	(-0.5407443449399857-0.7774675490287056j)	0.28125	9.53379
101	(-0.5353440369126985-0.7818207078952042j)	0.2851271629333496	9.62912
102	(-0.5298849630052007-0.7861293413140874j)	0.2879760265350342	9.72445
103	(-0.5243719520996911-0.7903947399503043j)	0.290971040725708	9.81978
104	(-0.5188049804737322-0.7946179411892941j)	0.3532218933105469	9.9151
105	(-0.513183548817346-0.7987957881280179j)	0.388491153717041	10.01043
106	(-0.5075088705453501-0.80292919147287j)	0.36150097846984863	10.10576
107	(-0.5017824396592551-0.8070191316512595j)	0.3892369270324707	10.20109
108	(-0.4960064415494412-0.8110613481301274j)	0.37403130531311035	10.29642
109	(-0.4901785457585424-0.8150577324253327j)	0.3360178470611572	10.39174
110	(-0.4843010895307741-0.8190094106714381j)	0.49785900115966797	10.48707
111	(-0.478373974931081-0.8229130632909549j)	0.4171769618988037	10.5824
112	(-0.47239833025720623-0.8267700933042461j)	0.347210168838501	10.67773
113	(-0.4663757349553018-0.8305785809062322j)	0.4125218391418457	10.77306
114	(-0.46024512836208775-0.834312197596936j)	0.3986988067626953	10.86838
115	(-0.45419001193272607-0.8380518143262203j)	0.37701416015625	10.96371
116	(-0.4480311234819199-0.8417179553344498j)	0.2955451011657715	11.05904
117	(-0.441821328421381-0.8453296210809642j)	0.325927734375	11.15437
118	(-0.43557041217913317-0.8488948026279821j)	0.36501288414001465	11.2497
119	(-0.4292771720276988-0.8524080133892071j)	0.31958913803100586	11.34502
120	(-0.42293808244543085-0.8558711891562027j)	0.27051687240600586	11.44035
121	(-0.41655884439087715-0.8592846763398228j)	0.31133103370666504	11.53568
122	(-0.41013692992154144-0.8626462083080759j)	0.31856298446655273	11.63101
123	(-0.40367554941646994-0.8659560180216901j)	0.29710912704467773	11.72634
124	(-0.39717445717613786-0.869213620519128j)	0.3418440818786621	11.82166
125	(-0.3906321258216473-0.8724186523464275j)	0.3632619380950928	11.91699
126	(-0.3840513077914049-0.8755711462977566j)	0.3308420181274414	12.01232
127	(-0.3774331198914755-0.8786708510229124j)	0.2926931381225586	12.10765
128	(-0.3707733947004162-0.8817147129864535j)	0.2774679660797119	12.20298
129	(-0.36408392212968615-0.884708209332915j)	0.29338502883911133	12.2983
130	(-0.3573551030560523-0.8876458357559607j)	0.2877471446990967	12.39363
131	(-0.3505912184293332-0.8905266040482729j)	0.2833259105682373	12.48896
132	(-0.34379010765222995-0.893358245696866j)	0.29460620880126953	12.58429
133	(-0.33695455805067087-0.896131302166813j)	0.2708749771118164	12.67961
134	(-0.33008964473184654-0.8988484831469798j)	0.2822237014770508	12.77494
135	(-0.32318929338030505-0.9015115088537278j)	0.3355598449707031	12.87027
136	(-0.31625545724817433-0.9041174875234018j)	0.30528998374938965	12.9656
137	(-0.3092908937924022-0.9066671010338814j)	0.27283811569213867	13.06093
138	(-0.3022964344751733-0.9091595848518046j)	0.29527902603149414	13.15625
139	(-0.2952598702565808-0.9115891949165054j)	0.29468488693237305	13.25158
140	(-0.2882153530060858-0.9139734861243852j)	0.30223894119262695	13.34691
141	(-0.2811313801634078-0.916295815808167j)	0.28603315353393555	13.44224
142	(-0.2740162958578202-0.9185582888192679j)	0.27640295028686523	13.53757
143	(-0.2668759897829926-0.9207646303822243j)	0.291881799697876	13.63289
144	(-0.25970944460141376-0.922912033702179j)	0.2721590995788574	13.72822
145	(-0.2525142337485223-0.9250006309398153j)	0.2832670211791992	13.82355
146	(-0.2452926933298415-0.9270290109498378j)	0.2870001792907715	13.91888
147	(-0.2380382765901085-0.929008294815879j)	0.2698040008544922	14.01421
148	(-0.23078105724562786-0.9309140205723908j)	0.2810821533203125	14.10953
149	(-0.22348303083739923-0.932763191341246j)	0.3053460121154785	14.20486
150	(-0.2161658765429747-0.9345544782377411j)	0.2788388729095459	14.30019
151	(-0.20882925118250611-0.9362897807694956j)	0.27896904945373535	14.39552
152	(-0.20145547869583114-0.9379529604498456j)	0.2645430564880371	14.49085
153	(-0.19407873386059254-0.9395689563724783j)	0.2964327335357666	14.58617
154	(-0.18667397134874314-0.941119544411208j)	0.2868669033050537	14.6815
155	(-0.17924928267692736-0.9426098635906207j)	0.28301525115966797	14.77683
156	(-0.17180416326626358-0.9440373300000445j)	0.29876089096069336	14.87216
157	(-0.1643407816849391-0.9454051607220468j)	0.2971022129058838	14.96749
158	(-0.15686103660970968-0.9467117384340304j)	0.27809619903564453	15.06281
159	(-0.1493594289466914-0.9479550984866827j)	0.3521299362182617	15.15814
160	(-0.14184192845007088-0.9491375604536053j)	0.2923421859741211	15.25347
161	(-0.13430905539025412-0.9502592032302146j)	0.2886948585510254	15.3488
162	(-0.12676076813382225-0.9513181119774641j)	0.2847108840942383	15.44412
163	(-0.1191970195338175-0.9523128261876583j)	0.2918846607208252	15.53945
164	(-0.11161875607289123-0.9532462710814481j)	0.2801241874694824	15.63478
165	(-0.10402402924841608-0.954116566921243j)	0.4046289920806885	15.73011
166	(-0.09641872807979918-0.9549256247575123j)	0.37989211082458496	15.82544
167	(-0.08880284548811401-0.9556712021729354j)	0.475722074508667	15.92076
168	(-0.08117036610647943-0.9563529849187595j)	0.28261899948120117	16.01609
169	(-0.07352879977720861-0.9569740895218386j)	0.3015439510345459	16.11142
170	(-0.06586865615370824-0.957524602408556j)	0.37737512588500977	16.20675
171	(-0.05821127707919893-0.9580244152973727j)	0.32502102851867676	16.30208
172	(-0.05054122874933309-0.958451904292527j)	0.3748140335083008	16.3974
173	(-0.04285798481494285-0.9588188324170736j)	0.3144969940185547	16.49273
174	(-0.035166428559418594-0.959118857209378j)	0.28029489517211914	16.58806
175	(-0.02747020032567138-0.959362250132019j)	0.3032503128051758	16.68339
176	(-0.019764977779737403-0.9595352470309564j)	0.2940688133239746	16.77872
177	(-0.0120540927491668-0.9596464281940289j)	0.3333921432495117	16.87404
178	(-0.004336618523664348-0.959693073852194j)	0.32853007316589355	16.96937
179	(0.0033862895970944717-0.9596765783664089j)	0.30164670944213867	17.0647
180	(0.011113099794559989-0.9595939851739865j)	0.38930583000183105	17.16003
181	(0.018845522041892382-0.9594496575849194j)	0.29822802543640137	17.25536
182	(0.02658017632119214-0.9592399242345341j)	0.31331777572631836	17.35068
183	(0.03431786986790841-0.9589667339451025j)	0.28598690032958984	17.44601
184	(0.042057890208462956-0.9586283567979574j)	0.37589502334594727	17.54134
185	(0.04979988628463805-0.9582272345577747j)	0.30161261558532715	17.63667
186	(0.057541801597065845-0.9577585075845338j)	0.31256818771362305	17.732
187	(0.06528273846074917-0.9572282288614701j)	0.33518099784851074	17.82732
188	(0.07302655961959437-0.9566316208549324j)	0.3277580738067627	17.92265
189	(0.08076964968556538-0.9559714583608063j)	0.31490516662597656	18.01798
190	(0.08850918124131207-0.9552472196498456j)	0.3160257339477539	18.11331
191	(0.09624663944969908-0.9544593594707981j)	0.2925539016723633	18.20863
192	(0.10398332178782155-0.9536049391802226j)	0.28312087059020996	18.30396
193	(0.11171404965803927-0.9526865500112298j)	0.3998732566833496	18.39929
194	(0.11944381578685032-0.9517055491093274j)	0.42789292335510254	18.49462
195	(0.1271681192545872-0.9506577124491189j)	0.5099267959594727	18.58995
196	(0.1348866113769686-0.9495480527935842j)	0.28679490089416504	18.68527
197	(0.1426019547268353-0.9483706007005115j)	0.40010976791381836	18.7806
198	(0.15030816871958463-0.9471315344681331j)	0.38326287269592285	18.87593
199	(0.15800893566793844-0.945828556221052j)	0.41257286071777344	18.97126
200	(0.16570209906461808-0.9444597459925402j)	0.3322889804840088	19.06659
201	(0.17338623690925947-0.9430269058196226j)	0.30691027641296387	19.16191
202	(0.18106244325597037-0.9415299619891908j)	0.38933515548706055	19.25724
203	(0.18873063634230902-0.9399703300972244j)	0.3553769588470459	19.35257
204	(0.19638650674039576-0.9383442341752796j)	0.32824182510375977	19.4479
205	(0.20403422549729028-0.9366555338974984j)	0.28817272186279297	19.54323
206	(0.2116695812623674-0.9349024271063495j)	0.2875189781188965	19.63855
207	(0.21929329051986024-0.9330877828971149j)	0.3259470462799072	19.73388
208	(0.22690599501175257-0.9312058991925171j)	0.3298490047454834	19.82921
209	(0.2345012545275038-0.9292576259805635j)	0.30589795112609863	19.92454
210	(0.24209264393920038-0.9272533736579023j)	0.33198022842407227	20.01987
211	(0.24966407279743985-0.9251837156128693j)	0.3334028720855713	20.11519
212	(0.25722012279304873-0.9230494059631094j)	0.3072550296783447	20.21052
213	(0.26476416250995105-0.9208534019122017j)	0.29053688049316406	20.30585
214	(0.27229215258732625-0.9185898667144613j)	0.28447389602661133	20.40118
215	(0.27980915976120757-0.9162585496853416j)	0.2696571350097656	20.49651
216	(0.2872969198760107-0.9138792390403949j)	0.2768871784210205	20.59183
217	(0.29477398609492816-0.9114309421170648j)	0.27818894386291504	20.68716
218	(0.3022333965748862-0.9089190577425497j)	0.3281569480895996	20.78249
219	(0.3096734764344933-0.9063432809969949j)	0.3477480411529541	20.87782
220	(0.31709564881258545-0.9037076064688878j)	0.34900522232055664	20.97314
221	(0.32449605012145033-0.901007992192282j)	0.37148213386535645	21.06847
222	(0.331878219685766-0.8982452251051198j)	0.3106880187988281	21.1638
223	(0.3392390177461607-0.8954240844115156j)	0.3238639831542969	21.25913
224	(0.3465780756366672-0.8925383817931591j)	0.5238838195800781	21.35446
225	(0.35389533751091184-0.8895928324744735j)	0.30121493339538574	21.44978
226	(0.36119262945540714-0.8865871792744582j)	0.29701709747314453	21.54511
227	(0.3684700785991583-0.8835218237040958j)	0.29679107666015625	21.64044
228	(0.3757103907321008-0.8803880351715526j)	0.31012892723083496	21.73577
229	(0.3829368382161465-0.8771957417973586j)	0.29621005058288574	21.8311
230	(0.3901351185954439-0.8739455262834914j)	0.29619503021240234	21.92642
231	(0.3973077920079363-0.8706317310737691j)	0.28836512565612793	22.02175
232	(0.40445983990424456-0.8672621637795166j)	0.35384607315063477	22.11708
233	(0.4115833693935797-0.8638302720859088j)	0.32807302474975586	22.21241
234	(0.4186817737851538-0.8603393851869895j)	0.30602598190307617	22.30774
235	(0.4257487386090657-0.8567880740130636j)	0.4196329116821289	22.40306
236	(0.4327890693832459-0.853176325992714j)	0.4127848148345947	22.49839
237	(0.4397981297152382-0.8495046962768462j)	0.3189511299133301	22.59372
238	(0.44678655270638956-0.8457770554181452j)	0.3247551918029785	22.68905
239	(0.4537405210456904-0.84198972569517j)	0.29675912857055664	22.78438
240	(0.46066584431889823-0.8381475992730674j)	0.32900500297546387	22.8797
241	(0.46755845147648867-0.8342420669992135j)	0.3543531894683838	22.97503
242	(0.47443377697241035-0.830287412417668j)	0.3706820011138916	23.07036
243	(0.4812507268112859-0.8262646235489467j)	0.32848215103149414	23.16569
244	(0.4880517047231612-0.8221839503388172j)	0.4148070812225342	23.26102
245	(0.4948195084026519-0.8180503340083847j)	0.35936570167541504	23.35634
246	(0.5015520948014355-0.8138602101626333j)	0.3553898334503174	23.45167
247	(0.5082516504830523-0.8096120005202929j)	0.36606788635253906	23.547
248	(0.5149205470963749-0.8053090561991925j)	0.3065757751464844	23.64233
249	(0.5215345346474864-0.800940601288311j)	0.3530879020690918	23.73765
250	(0.5281451722613224-0.7965324862995646j)	0.31760191917419434	23.83298
251	(0.5347094399067873-0.7920559147084985j)	0.3062260150909424	23.92831
252	(0.5412255557113854-0.7875317193638651j)	0.282289981842041	24.02364
253	(0.5477130469400461-0.7829634649832113j)	0.3241610527038574	24.11897
254	(0.5541702247856559-0.7783190122934238j)	0.3760361671447754	24.21429
255	(0.5605859051078197-0.7736291645720859j)	0.27889108657836914	24.30962
256	(0.5669600940041751-0.7688842323294931j)	0.36395907402038574	24.40495
257	(0.5732961088482454-0.7640856078105087j)	0.35942602157592773	24.50028
258	(0.579596277637362-0.7592352569406897j)	0.33037805557250977	24.59561
259	(0.5858549142169256-0.7543317395418507j)	0.2860910892486572	24.69093
260	(0.5920737893861407-0.7493754775314039j)	0.3276071548461914	24.78626
261	(0.5982518311060269-0.7443661004612686j)	0.3180201053619385	24.88159
262	(0.6043900546744291-0.7393049280282395j)	0.3635830879211426	24.97692
263	(0.6104863550850389-0.7341926380563146j)	0.37772607803344727	25.07225
264	(0.6165380506488042-0.7290283527080366j)	0.374251127243042	25.16757
265	(0.6225521368597704-0.7238127460714848j)	0.3362739086151123	25.2629
266	(0.6285223434550516-0.7185478808262046j)	0.3012661933898926	25.35823
267	(0.6344506196626043-0.7132324070140198j)	0.2837560176849365	25.45356
268	(0.6403337410090063-0.7078659448504406j)	0.2996358871459961	25.54889
269	(0.6460790535140344-0.7026614217550571j)	0.29673099517822266	25.64421
270	(0.6519582488458924-0.6970077546917459j)	0.28952813148498535	25.73954
271	(0.6577155440635202-0.6914727364382418j)	0.30382227897644043	25.83487
272	(0.6634222045066164-0.6859112251848276j)	0.31676602363586426	25.9302
273	(0.6690535740055797-0.6802895619652205j)	0.3464090824127197	26.02553
274	(0.6746938628207394-0.674644665655898j)	0.27669405937194824	26.12085
275	(0.6802596762415123-0.6689385718920735j)	0.3058590888977051	26.21618
276	(0.6857789621038552-0.6631877931768122j)	0.2983272075653076	26.31151
277	(0.6912514197918915-0.6573899464578044j)	0.3166208267211914	26.40684
278	(0.6966737903147071-0.6515454968757368j)	0.2948927879333496	26.50216
279	(0.702049764165228-0.6456548836578646j)	0.2990741729736328	26.59749
280	(0.7073778617520315-0.6397186961565602j)	0.2778639793395996	26.69282
281	(0.7126530520505003-0.6337387566624578j)	0.2794458866119385	26.78815
282	(0.7178686708590671-0.6277093260917743j)	0.2681739330291748	26.88348
283	(0.7230657302333228-0.6216477422839404j)	0.30089807510375977	26.9788
284	(0.7281899949097228-0.6155343894053402j)	0.29987096786499023	27.07413
285	(0.7332736175973018-0.6093798377830969j)	0.2984309196472168	27.16946
286	(0.7382975955679205-0.6031797931937921j)	0.2790689468383789	27.26479
287	(0.7432740233720104-0.5969390622800379j)	0.33642125129699707	27.36012
288	(0.7481987117853132-0.5906533009550745j)	0.28275203704833984	27.45544
289	(0.7530687024199808-0.5843320591296606j)	0.27845096588134766	27.55077
290	(0.7578900187760311-0.5779671818965773j)	0.3579847812652588	27.6461
291	(0.7626564497598582-0.5715617324815969j)	0.28562021255493164	27.74143
292	(0.7673715033968517-0.5651084529958246j)	0.29533910751342773	27.83676
293	(0.7720291790028699-0.5586293871582737j)	0.3685288429260254	27.93208
294	(0.7766489955988666-0.552108233320967j)	0.30603694915771484	28.02741
295	(0.7811887013979628-0.5455397445830275j)	0.29207277297973633	28.12274
296	(0.7856864011442086-0.5389373167376872j)	0.37094712257385254	28.21807
297	(0.7901303750008766-0.5322968402431967j)	0.3092479705810547	28.3134
298	(0.7945164445118585-0.5256205647804226j)	0.45840883255004883	28.40872
299	(0.7987929804681704-0.5188886520143221j)	0.32171106338500977	28.50405
300	(0.8031255375932581-0.5121521940439508j)	0.42971181869506836	28.59938
301	(0.8073448650899216-0.5053662246225857j)	0.47090888023376465	28.69471
302	(0.811504050126082-0.49854236567991295j)	0.2921617031097412	28.79004
303	(0.8156140784598039-0.4916855178307995j)	0.33942413330078125	28.88536
304	(0.8196637547425404-0.48479326067195805j)	0.3499729633331299	28.98069
305	(0.8236500461872566-0.47786447330994786j)	0.31139206886291504	29.07602
306	(0.8275874064128556-0.4709049389713691j)	0.28003573417663574	29.17135
307	(0.8314692746617416-0.46391311410249736j)	0.2763948440551758	29.26667
308	(0.8352832782834461-0.45688646888034856j)	0.283095121383667	29.362
309	(0.8390451100820846-0.4498277547786035j)	0.2986900806427002	29.45733
310	(0.8427445135426918-0.4427370302405128j)	0.27534008026123047	29.55266
311	(0.8463808683208272-0.4356143778744659j)	0.2765188217163086	29.64799
312	(0.8499657881424482-0.42846368667269663j)	0.36817002296447754	29.74331
313	(0.8534871905434662-0.42128084047823644j)	0.31461286544799805	29.83864
314	(0.8569503232226332-0.41406919482630355j)	0.3240010738372803	29.93397
315	(0.8603517849888191-0.40682801176359484j)	0.3166508674621582	30.0293
316	(0.8636915063076807-0.39955793008442364j)	0.3565700054168701	30.12463
317	(0.8669717043722596-0.39226016392860097j)	0.4498481750488281	30.21995
318	(0.8701914011095297-0.38493457951421045j)	0.3909130096435547	30.31528
319	(0.8733491113831539-0.37758110028102365j)	0.40388011932373047	30.41061
320	(0.8764449641195821-0.3702016899914716j)	0.39686083793640137	30.50594
321	(0.8794788024324908-0.3627957030728143j)	0.28525805473327637	30.60127
322	(0.8824534003252019-0.35536559423736097j)	0.28562426567077637	30.69659
323	(0.8853642087759317-0.34790912040935085j)	0.30311083793640137	30.79192
324	(0.8882110824276559-0.3404292725436892j)	0.27274298667907715	30.88725
325	(0.8910018528344386-0.33292383375508905j)	0.26964282989501953	30.98258
326	(0.8937205896487241-0.3253948353387385j)	0.2845780849456787	31.07791
327	(0.896379132815429-0.317843990522544j)	0.2780768871307373	31.17323
328	(0.8989764905710199-0.3102705999813543j)	0.27793192863464355	31.26856
329	(0.901510558370793-0.302675210081494j)	0.26928210258483887	31.36389
330	(0.9039790098407071-0.2950580390550934j)	0.2769589424133301	31.45922
331	(0.9063846392436141-0.28742020673611357j)	0.2702641487121582	31.55455
332	(0.908725820422213-0.27976302957859833j)	0.285830020904541	31.64987
333	(0.9110025768557947-0.2720852366909755j)	0.27706217765808105	31.7452
334	(0.9132148991589663-0.26438790259672973j)	0.28124308586120605	31.84053
335	(0.9153623117845785-0.25667150123320204j)	0.2723691463470459	31.93586
336	(0.9174499772234761-0.24894004968045313j)	0.2865769863128662	32.03118
337	(0.9194672724347873-0.24118868864537396j)	0.3290410041809082	32.12651
338	(0.921419924740728-0.23342043697035209j)	0.3088192939758301	32.22184
339	(0.923308174667256-0.2256355421940927j)	0.28117871284484863	32.31717
340	(0.9251304727443677-0.21783492515032782j)	0.2757420539855957	32.4125
341	(0.9268890810754828-0.21001991422918165j)	0.28178882598876953	32.50782
342	(0.9285829853977311-0.20218962284491482j)	0.2696521282196045	32.60315
343	(0.9302100262419205-0.19434468462199614j)	0.26808619499206543	32.69848
344	(0.9317635690419778-0.18648546672164248j)	0.27124881744384766	32.79381
345	(0.9332628234683477-0.17861418389296532j)	0.27678608894348145	32.88914
346	(0.9346922770681062-0.17073099027909114j)	0.27561092376708984	32.98446
347	(0.9360551110521924-0.16283106014795007j)	0.26530003547668457	33.07979
348	(0.9373492530695634-0.1549278425404192j)	0.2674880027770996	33.17512
349	(0.9385787402061083-0.1470107589003422j)	0.264667272567749	33.27045
350	(0.9397438226645094-0.13907961550299047j)	0.28129005432128906	33.36578
351	(0.940776409885862-0.1311375808216536j)	0.2656059265136719	33.4611
352	(0.9418705277424917-0.1231943185736365j)	0.2764759063720703	33.55643
353	(0.9428321106723956-0.11523754549169432j)	0.27794933319091797	33.65176
354	(0.9437278905140682-0.1072730677199154j)	0.2853560447692871	33.74709
355	(0.9445582916607673-0.09930107372009286j)	0.2774357795715332	33.84242
356	(0.9453190306536948-0.09132303532224834j)	0.2752799987792969	33.93774
357	(0.9460147781718209-0.08333771181639177j)	0.2800769805908203	34.03307
358	(0.946641356861933-0.07534675378218998j)	0.27985095977783203	34.1284
359	(0.947203097548588-0.0673505227969077j)	0.2735249996185303	34.22373
360	(0.9476955771250897-0.05934961748861943j)	0.2991197109222412	34.31906
361	(0.9481219304205405-0.051345408638756564j)	0.30068016052246094	34.41438
362	(0.9484798540871503-0.04333696338468636j)	0.2801070213317871	34.50971
363	(0.9487724769576198-0.035325400619207636j)	0.2732212543487549	34.60504
364	(0.9489969761521025-0.027311737989825398j)	0.2788379192352295	34.70037
365	(0.9491533394420089-0.01929686811228332j)	0.27585792541503906	34.79569
366	(0.9492436969962956-0.011280140708108625j)	0.289752721786499	34.89102
367	(0.9492634923020812-0.0032625882102010036j)	0.29962801933288574	34.98635
368	(0.9492188411852605+0.004754826577617088j)	0.28728294372558594	35.08168
369	(0.9491045805614551+0.012771918492811188j)	0.2805969715118408	35.17701
370	(0.9489236119386165+0.02078713737822807j)	0.2879180908203125	35.27233
371	(0.9486761303915293+0.028801614896788494j)	0.28539085388183594	35.36766
372	(0.948360802184796+0.036813691885381986j)	0.2822568416595459	35.46299
373	(0.9479774373383251+0.04482319131735157j)	0.27846407890319824	35.55832
374	(0.9475277949565044+0.05282914312214788j)	0.2808041572570801	35.65365
375	(0.9470105056839192+0.060830453975688495j)	0.28463292121887207	35.74897
376	(0.9464244854032644+0.06882815595900953j)	0.28342509269714355	35.8443
377	(0.9457709218109528+0.07682077069741985j)	0.3443880081176758	35.93963
378	(0.9450527886500668+0.08480776035990237j)	0.2869400978088379	36.03496
379	(0.9442647101409628+0.09278855382810769j)	0.2830839157104492	36.13029
380	(0.9434033103879441+0.10076117057777448j)	0.270313024520874	36.22561
381	(0.9424928160089093+0.10872855483580074j)	0.27320194244384766	36.32094
382	(0.9415007586586326+0.1166870778008843j)	0.28594422340393066	36.41627
383	(0.9404451055810558+0.12463737475314005j)	0.2830228805541992	36.5116
384	(0.9393226047418763+0.13257847004777146j)	0.2845888137817383	36.60693
385	(0.9381344760111102+0.14050938946103309j)	0.28846001625061035	36.70225
386	(0.9368775170333647+0.14843077430892343j)	0.2841188907623291	36.79758
387	(0.9355548868992286+0.15634157815727345j)	0.28250598907470703	36.89291
388	(0.9341655468674074+0.16424050017014594j)	0.27413105964660645	36.98824
389	(0.9327094352192538+0.17212845783432967j)	0.28229403495788574	37.08357
390	(0.9311889401440944+0.1800026362413843j)	0.27868008613586426	37.17889
391	(0.9295849726756296+0.18786322870193722j)	0.26872801780700684	37.27422
392	(0.9279434859131971+0.195713165888814j)	0.2841031551361084	37.36955
393	(0.9262209279644288+0.20354741202674415j)	0.27376890182495117	37.46488
394	(0.9244335732110973+0.21136622097759275j)	0.2757420539855957	37.5602
395	(0.922579132630316+0.2191705149889485j)	0.28018689155578613	37.65553
396	(0.9206627957126855+0.22695951315956475j)	0.27671074867248535	37.75086
397	(0.9186775654585908+0.23473193860355906j)	0.28612685203552246	37.84619
398	(0.9166296302017343+0.24248727781923948j)	0.272960901260376	37.94152
399	(0.9145133220129509+0.25022400479251106j)	0.28002476692199707	38.03684
400	(0.9123319181883056+0.257943823885457j)	0.28150296211242676	38.13217
401	(0.9100871835927926+0.26564520119543533j)	0.2785940170288086	38.2275
402	(0.9077762117381786+0.27332733716017416j)	0.28308987617492676	38.32283
403	(0.9053995950473908+0.28098953638765556j)	0.27985596656799316	38.41816
404	(0.902961341660028+0.28863098854180946j)	0.277637243270874	38.51348
405	(0.900455934783241+0.29625232834529946j)	0.28834104537963867	38.60881
406	(0.8978891015219568+0.30385254782829274j)	0.30103516578674316	38.70414
407	(0.8952517738407985+0.31142991128552866j)	0.3301069736480713	38.79947
408	(0.892560481420176+0.3189865795453194j)	0.2798898220062256	38.8948
409	(0.8897979347115386+0.32651838828940427j)	0.2769019603729248	38.99012
410	(0.8869762242653538+0.3340286277740107j)	0.27426815032958984	39.08545
411	(0.8840886279217978+0.3415131848046969j)	0.3106496334075928	39.18078
412	(0.8811394039871281+0.3489745321691182j)	0.2739279270172119	39.27611
413	(0.8781258273616805+0.3564092300373317j)	0.27228689193725586	39.37144
414	(0.8750503991280068+0.36381864661361946j)	0.28656005859375	39.46676
415	(0.8719124521743248+0.3712027749882725j)	0.2799060344696045	39.56209
416	(0.8687124505327641+0.37855965316201146j)	0.2788059711456299	39.65742
417	(0.8654485199567541+0.3858894072534959j)	0.2828972339630127	39.75275
418	(0.8621250874545713+0.39319136871239174j)	0.27497339248657227	39.84808
419	(0.8587395107103719+0.4004660102504377j)	0.26907992362976074	39.9434
420	(0.855290289931287+0.40770909440913095j)	0.27715206146240234	40.03873
421	(0.8517856438925018+0.4149255327567192j)	0.289334774017334	40.13406
422	(0.8482161589041506+0.4221116724056002j)	0.26557302474975586	40.22939
423	(0.8445857755365612+0.42926601075489074j)	0.2785911560058594	40.32471
424	(0.8408973781683031+0.43639075043663345j)	0.2848048210144043	40.42004
425	(0.8371481091248305+0.4434842792938569j)	0.2724130153656006	40.51537
426	(0.8333412552792984+0.4505462611356088j)	0.2766866683959961	40.6107
427	(0.8294684212277897+0.4575747086674392j)	0.27617692947387695	40.70603
428	(0.8255421206251082+0.46456067074778806j)	0.2641468048095703	40.80135
429	(0.8215531987995132+0.4715327437426845j)	0.2793240547180176	40.89668
430	(0.8175072888654727+0.47846143722920964j)	0.27826404571533203	40.99201
431	(0.8134019521669142+0.4853555998441127j)	0.32994580268859863	41.08734
432	(0.8092285144347604+0.49221221163479334j)	0.2699141502380371	41.18267
433	(0.8050189104126628+0.4990388729113319j)	0.27810215950012207	41.27799
434	(0.800745773714003+0.5058281239243676j)	0.2657899856567383	41.37332
435	(0.7964090040155333+0.5125790924651166j)	0.2901020050048828	41.46865
436	(0.7920135932149412+0.519293259582474j)	0.2845451831817627	41.56398
437	(0.7875652980939942+0.525971567958063j)	0.27812981605529785	41.65931
438	(0.7830481374039514+0.5326066110979586j)	0.27147579193115234	41.75463
439	(0.7784982834914684+0.5392121776717564j)	0.27916622161865234	41.84996
440	(0.7738839200403657+0.5457732714347212j)	0.274371862411499	41.94529
441	(0.7692107435134813+0.5522986073727076j)	0.27715086936950684	42.04062
442	(0.7644839820188014+0.5587821838948877j)	0.27985668182373047	42.13595
443	(0.7597028765539666+0.5652255601334248j)	0.2841339111328125	42.23127
444	(0.7548668842207774+0.5716289434147886j)	0.28319692611694336	42.3266
445	(0.7499761107531261+0.577990632811772j)	0.2779090404510498	42.42193
446	(0.7450318853832103+0.584310618768561j)	0.2816319465637207	42.51726
447	(0.7400357117368919+0.5905895565915309j)	0.3215808868408203	42.61259
448	(0.7349881819023887+0.5968265876658404j)	0.2729370594024658	42.70791
449	(0.7298851163687409+0.6030180514589689j)	0.28189897537231445	42.80324
450	(0.7247278605815842+0.6091738771435331j)	0.2642230987548828	42.89857
451	(0.7195240829512023+0.6152735089646335j)	0.30536317825317383	42.9939
452	(0.7142659302791712+0.621334056595721j)	0.269881010055542	43.08922
453	(0.7089581541427591+0.6273515787914183j)	0.2655448913574219	43.18455
454	(0.7035971607789572+0.6333227316753933j)	0.2841799259185791	43.27988
455	(0.698187744629421+0.6392501120362669j)	0.27590298652648926	43.37521
456	(0.6927276668708898+0.6451295457068147j)	0.27411675453186035	43.47054
457	(0.6872195668660143+0.6509633647999921j)	0.27180910110473633	43.56586
458	(0.6816620638201351+0.6567475633883035j)	0.26412272453308105	43.66119
459	(0.6760633958612774+0.6624947981710879j)	0.2651529312133789	43.75652
460	(0.6703972155025395+0.6681826396693509j)	0.28726696968078613	43.85185
461	(0.6646934651065752+0.6738271143984971j)	0.27985191345214844	43.94718
462	(0.6589444580537667+0.6794240151068239j)	0.26827406883239746	44.0425
463	(0.6531449471050662+0.6849694372960948j)	0.2795689105987549	44.13783
464	(0.6472997840276364+0.6904670863178464j)	0.27672696113586426	44.23316
465	(0.641408552487883+0.6959155947787066j)	0.2809751033782959	44.32849
466	(0.6354746079755678+0.7013147627103076j)	0.27063417434692383	44.42382
467	(0.6294854538665827+0.706658500006844j)	0.27356481552124023	44.51914
468	(0.6234590598963381+0.7119554811046541j)	0.2708323001861572	44.61447
469	(0.6173889648977244+0.7172025058580671j)	0.33089208602905273	44.7098
470	(0.6112720155946774+0.7223967042551043j)	0.27841806411743164	44.80513
471	(0.6051120439803931+0.7275390207152479j)	0.2812838554382324	44.90046
472	(0.5989134500410096+0.732629285580402j)	0.27025914192199707	44.99578
473	(0.5926613142132451+0.7376645868846511j)	0.27433300018310547	45.09111
474	(0.586371256135818+0.7426474658181269j)	0.2781848907470703	45.18644
475	(0.5800444808027567+0.7475755546939284j)	0.26342296600341797	45.28177
476	(0.573670189940947+0.752456372400207j)	0.27979612350463867	45.3771
477	(0.5672602815100596+0.7572798285079855j)	0.2776038646697998	45.47242
478	(0.5608036617867197+0.7620468814097506j)	0.27834320068359375	45.56775
479	(0.5543078274516189+0.766758946797671j)	0.2855048179626465	45.66308
480	(0.5477763245890859+0.7714189537331928j)	0.2785148620605469	45.75841
481	(0.5412038235189793+0.7760209149124752j)	0.2798910140991211	45.85373
482	(0.534592669056575+0.7805677150410176j)	0.263430118560791	45.94906
483	(0.527940444371364+0.7850577807084184j)	0.2663390636444092	46.04439
484	(0.5212531674320285+0.7894927863786492j)	0.267092227935791	46.13972
485	(0.5145291598517017+0.7938706434883309j)	0.2712390422821045	46.23505
486	(0.5077673548331054+0.798190779701418j)	0.35147714614868164	46.33037
487	(0.5009692947168841+0.8024541683449264j)	0.2754487991333008	46.4257
488	(0.49413558353137876+0.8066597234403448j)	0.2745089530944824	46.52103
489	(0.48726589424236755+0.8108067886343215j)	0.271198034286499	46.61636
490	(0.48036095288709746+0.8148965068686951j)	0.26566410064697266	46.71169
491	(0.4734250025599438+0.8189256231227162j)	0.3152141571044922	46.80701
492	(0.4664513127682729+0.8228975073294045j)	0.2997281551361084	46.90234
493	(0.4594417808360457+0.8268117778886475j)	0.32599902153015137	46.99767
494	(0.45240607822754575+0.830662710075812j)	0.3443441390991211	47.093
495	(0.4453358080908167+0.8344555575232401j)	0.36803770065307617	47.18833
496	(0.43823405366604296+0.8381889709246888j)	0.37846803665161133	47.28365
497	(0.43109896622910326+0.8418607136770245j)	0.2861900329589844	47.37898
498	(0.4239334767167019+0.8454730555188799j)	0.29340577125549316	47.47431
499	(0.41673915984386+0.8490204877805699j)	0.27739500999450684	47.56964
500	(0.40951352828247695+0.8525155264397304j)	0.2732119560241699	47.66497
501	(0.4022572308651752+0.8559439609994829j)	0.2649810314178467	47.76029
502	(0.3949753845854715+0.8593108781244885j)	0.32720422744750977	47.85562
503	(0.38766282335326524+0.8626173778407416j)	0.2723710536956787	47.95095
504	(0.3803244919081331+0.8658600475928577j)	0.27835583686828613	48.04628
505	(0.3729561226762158+0.8690428125615j)	0.27371788024902344	48.14161
506	(0.36556433358930807+0.8721586534626549j)	0.2777268886566162	48.23693
507	(0.3581443231375909+0.875214122662615j)	0.27345991134643555	48.33226
508	(0.35069959558846875+0.8782079468201439j)	0.2803161144256592	48.42759
509	(0.34323018358022833+0.8811385513664082j)	0.272432804107666	48.52292
510	(0.3357362683740642+0.8840035569153699j)	0.27669405937194824	48.61824
511	(0.3282188206073643+0.8868050239981322j)	0.2740750312805176	48.71357
512	(0.32067728360052816+0.8895463771685524j)	0.265988826751709	48.8089
513	(0.3131077512645875+0.8922180863526012j)	0.26546406745910645	48.90423
514	(0.305526383017564+0.8948321653619121j)	0.2627260684967041	48.99956
515	(0.2979136053183998+0.8973766612451997j)	0.274507999420166	49.09488
516	(0.29028513425711955+0.8998595437272321j)	0.27993106842041016	49.19021
517	(0.2826361201240771+0.90227205150387j)	0.2607612609863281	49.28554
518	(0.2749617703999256+0.904627635974862j)	0.27167701721191406	49.38087
519	(0.2672711281339718+0.906914715240297j)	0.27616000175476074	49.4762
520	(0.25956017900613626+0.9091360849458845j)	0.2793300151824951	49.57152
521	(0.25183120655019536+0.9112920038837234j)	0.32201290130615234	49.66685
522	(0.2440837681834762+0.913383046109057j)	0.28926515579223633	49.76218
523	(0.2363213945280681+0.9154063173417765j)	0.27059292793273926	49.85751
524	(0.2285411545790504+0.9173683328639717j)	0.2658078670501709	49.95284
525	(0.22074308424537503+0.9192596166225708j)	0.2798628807067871	50.04816
526	(0.2129302515676476+0.9210860358357288j)	0.2738480567932129	50.14349
527	(0.20510208446943817+0.9228469869551672j)	0.2751741409301758	50.23882
528	(0.19725872093324198+0.9245409618240286j)	0.27703094482421875	50.33415
529	(0.18940230645733425+0.9261678548279726j)	0.27713584899902344	50.42948
530	(0.18153078604707723+0.9277277479232051j)	0.27159714698791504	50.5248
531	(0.17364796904682384+0.9292231029530844j)	0.2802162170410156	50.62013
532	(0.1657527280760277+0.9306509835094645j)	0.3162660598754883	50.71546
533	(0.15784683334212374+0.9320104639209768j)	0.2718820571899414	50.81079
534	(0.14992706889627283+0.9333022170996079j)	0.27700090408325195	50.90612
535	(0.14199785903359358+0.9345296046899971j)	0.27390599250793457	51.00144
536	(0.13405790157695135+0.935688183952241j)	0.27505064010620117	51.09677
537	(0.12610873082107898+0.9367798169429704j)	0.3767061233520508	51.1921
538	(0.11815137834372219+0.9378039167002234j)	0.28807520866394043	51.28743
539	(0.11018473846037063+0.9387602178597094j)	0.2783980369567871	51.38276
540	(0.10221821797984698+0.9396555214765826j)	0.26497888565063477	51.47808
541	(0.09423003765434268+0.9404701018899835j)	0.2754020690917969	51.57341
542	(0.0862415962491288+0.9412234799720858j)	0.28270411491394043	51.66874
543	(0.07824756222419788+0.941909596379308j)	0.4063539505004883	51.76407
544	(0.07024821207266724+0.942527833031648j)	0.3228921890258789	51.85939
545	(0.06224234030765741+0.9430770973201013j)	0.29502105712890625	51.95472
546	(0.05423505336533985+0.9435597618303941j)	0.3895223140716553	52.05005
547	(0.046222326081115206+0.9439744979737067j)	0.37796592712402344	52.14538
548	(0.03820280360559092+0.9443165487219427j)	0.27926111221313477	52.24071
549	(0.030187770787490076+0.944598361405851j)	0.2900369167327881	52.33603
550	(0.022169384405440196+0.9448101447323415j)	0.4260578155517578	52.43136
551	(0.014145377665982561+0.9449507386413944j)	0.2790489196777344	52.52669
552	(0.006122350839229296+0.9450246630122954j)	0.2889211177825928	52.62202
553	(-0.0019002872492395184+0.9450314123779732j)	0.2998173236846924	52.71735
554	(-0.00992482474372297+0.9449705222376377j)	0.28172898292541504	52.81267
555	(-0.017945205674952502+0.9448389084100199j)	0.2763829231262207	52.908
556	(-0.025974943196975575+0.9446325474468984j)	0.32950401306152344	53.00333
557	(-0.03398508134323974+0.9443747804931235j)	0.30959224700927734	53.09866
558	(-0.04199992966610011+0.9440392018797148j)	0.3209199905395508	53.19399
559	(-0.05001613890328771+0.9436391091412493j)	0.33570384979248047	53.28931
560	(-0.05802328901471088+0.9431693783536381j)	0.33045291900634766	53.38464
561	(-0.06602830576953722+0.942631889675561j)	0.3516731262207031	53.47997
562	(-0.074029637380294+0.94202499249524j)	0.37642693519592285	53.5753
563	(-0.08202721714596922+0.9413485602807539j)	0.26242518424987793	53.67063
564	(-0.09001349927525865+0.9406105089631985j)	0.27420616149902344	53.76595
565	(-0.09799324906375745+0.9398017662887037j)	0.2843289375305176	53.86128
566	(-0.10596774841685552+0.9389240679131059j)	0.2781031131744385	53.95661
567	(-0.11393646254021406+0.9379804538463854j)	0.3421638011932373	54.05194
568	(-0.12189337434514486+0.9369671224666439j)	0.3205561637878418	54.14727
569	(-0.1298446738648154+0.9358889474413297j)	0.3304460048675537	54.24259
570	(-0.1377872585228378+0.934741253771165j)	0.2758181095123291	54.33792
571	(-0.14571595820519878+0.9335282454745311j)	0.27811670303344727	54.43325
572	(-0.15363552536540143+0.9322468330385844j)	0.278749942779541	54.52858
573	(-0.16154371031957315+0.9308983161485449j)	0.274672269821167	54.6239
574	(-0.1694408151999967+0.9294835122598978j)	0.26314377784729004	54.71923
575	(-0.177325649945414+0.9280009031855222j)	0.2756781578063965	54.81456
576	(-0.18519605770515246+0.9264517376184569j)	0.26667308807373047	54.90989
577	(-0.19306049457881352+0.9248381666683552j)	0.2731029987335205	55.00522
578	(-0.20090072085329402+0.9231511673409603j)	0.29166102409362793	55.10054
579	(-0.20873026136191863+0.9214044873074342j)	0.2727012634277344	55.19587
580	(-0.21654525963585003+0.9195877062719227j)	0.26654481887817383	55.2912
581	(-0.2243436551311216+0.9177062463662191j)	0.2687399387359619	55.38653
582	(-0.23212643169407438+0.9157582085883382j)	0.26358985900878906	55.48186
583	(-0.23989332550280063+0.9137459999200072j)	0.2632420063018799	55.57718
584	(-0.24763611651346457+0.9116710921350122j)	0.2599663734436035	55.67251
585	(-0.2553736993480149+0.9095147607741516j)	0.2630431652069092	55.76784
586	(-0.2630840188725043+0.9073100208613178j)	0.2666449546813965	55.86317
587	(-0.27077614860262783+0.9050329192342319j)	0.32279491424560547	55.9585
588	(-0.2784489473886636+0.9026913047945356j)	0.3065671920776367	56.05382
589	(-0.28610165741090615+0.9002856666547678j)	0.274385929107666	56.14915
590	(-0.2937345786614227+0.8978129069850647j)	0.2740311622619629	56.24448
591	(-0.3013470687180735+0.8952777416952056j)	0.27548694610595703	56.33981
592	(-0.30892321929739586+0.892677424441918j)	0.25586891174316406	56.43514
593	(-0.31651025086078005+0.8900200693916912j)	0.26073193550109863	56.53046
594	(-0.3240460783088194+0.8872851098523469j)	0.266679048538208	56.62579
595	(-0.3315669993454889+0.8844920427648941j)	0.27306699752807617	56.72112
596	(-0.3390626900408493+0.8816375439792364j)	0.2782101631164551	56.81645
597	(-0.34653295894884706+0.8787128165004376j)	0.27152419090270996	56.91178
598	(-0.3539820604589476+0.8757319473412832j)	0.2735888957977295	57.0071
599	(-0.3614040508093335+0.8726861576466027j)	0.2800149917602539	57.10243
600	(-0.3687975017823332+0.8695752509994715j)	0.2655458450317383	57.19776
601	(-0.37617602581694015+0.8664100273163824j)	0.2636740207672119	57.29309
602	(-0.3835089821872423+0.8631712283603781j)	0.27532434463500977	57.38841
603	(-0.3908226344330041+0.8598749086111153j)	0.266664981842041	57.48374
604	(-0.39810879033218904+0.856515085979876j)	0.2702920436859131	57.57907
605	(-0.4053670180054797+0.8530959032967433j)	0.263857364654541	57.6744
606	(-0.41259396924514846+0.8496153531750019j)	0.2760767936706543	57.76973
607	(-0.419790397537332+0.8460726574794739j)	0.2755470275878906	57.86505
608	(-0.4269549665213619+0.8424675594954878j)	0.26909518241882324	57.96038
609	(-0.4340941281519241+0.838804159374984j)	0.26961374282836914	58.05571
610	(-0.4411984472386566+0.835079460254883j)	0.27474117279052734	58.15104
611	(-0.4482718557927471+0.8312948484326979j)	0.26893019676208496	58.24637
612	(-0.45532263577876825+0.8274550364997924j)	0.26001405715942383	58.34169
613	(-0.46232261910204886+0.8235465995590208j)	0.268751859664917	58.43702
614	(-0.46929490473939245+0.8195814486611164j)	0.274644136428833	58.53235
615	(-0.4762364496895148+0.8155592552789032j)	0.27858781814575195	58.62768
616	(-0.4831387708372895+0.8114757842433684j)	0.31753993034362793	58.72301
617	(-0.490012784970436+0.8073372654707405j)	0.32659411430358887	58.81833
618	(-0.4968477033603014+0.8031384223493341j)	0.28716063499450684	58.91366
619	(-0.5036478062014539+0.7988815137358489j)	0.2720820903778076	59.00899
620	(-0.510422367739439+0.7945761196997418j)	0.27187204360961914	59.10432
621	(-0.5171386065689948+0.7901982253812745j)	0.28678202629089355	59.19965
622	(-0.5238265575682398+0.7857696491471624j)	0.28116703033447266	59.29497
623	(-0.5304796748460018+0.7812840810773201j)	0.27396607398986816	59.3903
624	(-0.5370905118587153+0.7767449002918572j)	0.27760887145996094	59.48563
625	(-0.5436649651145514+0.7721481558608192j)	0.2770659923553467	59.58096
626	(-0.5502006719019324+0.7674954382675515j)	0.31241488456726074	59.67629
627	(-0.5566958815967881+0.7627886448955791j)	0.2765989303588867	59.77161
628	(-0.5631544576982226+0.758027160327215j)	0.27472376823425293	59.86694
629	(-0.5695656962162859+0.7532084986411698j)	0.2865478992462158	59.96227
630	(-0.5759396687542111+0.7483374099268052j)	0.3157510757446289	60.0576
631	(-0.5822703889487318+0.7434122443349369j)	0.27625608444213867	60.15292
632	(-0.5885590412164305+0.7384331676195115j)	0.28289079666137695	60.24825
633	(-0.594807554543123+0.7334009884449635j)	0.2806220054626465	60.34358
634	(-0.6010115178244353+0.7283159719429484j)	0.28270912170410156	60.43891
635	(-0.6071716631994815+0.7231787973343979j)	0.2773630619049072	60.53424
636	(-0.613287907925423+0.7179887450460289j)	0.28314805030822754	60.62956
637	(-0.6193608622603679+0.7127473208415545j)	0.30893516540527344	60.72489
638	(-0.6253885877893719+0.7074549109320618j)	0.2824971675872803	60.82022
639	(-0.631370737623227+0.7021107876995101j)	0.2829587459564209	60.91555
640	(-0.6373073575364112+0.6967156619682151j)	0.3402409553527832	61.01088
641	(-0.6431997171381136+0.6912717689505331j)	0.277144193649292	61.1062
642	(-0.6490434810252111+0.6857773293764855j)	0.2812080383300781	61.20153
643	(-0.6548415349547999+0.6802343566257529j)	0.2823328971862793	61.29686
644	(-0.6605926536851466+0.6746411653575569j)	0.288999080657959	61.39219
645	(-0.6662979132487994+0.669001076084863j)	0.2643122673034668	61.48752
646	(-0.671948781385822+0.6633109690524394j)	0.2783639430999756	61.58284
647	(-0.6775553248457119+0.6575734234699093j)	0.2778952121734619	61.67817
648	(-0.6831123657246148+0.6517888457510831j)	0.27693700790405273	61.7735
649	(-0.6886201311850474+0.6459570084624133j)	0.2759721279144287	61.86883
650	(-0.6940786380086611+0.6400784263372779j)	0.27703309059143066	61.96416
651	(-0.6994918826816792+0.6341566579248393j)	0.26840782165527344	62.05948
652	(-0.7048378189440643+0.6281824008577821j)	0.2700626850128174	62.15481
653	(-0.7101491482256738+0.6221689993989925j)	0.276278018951416	62.25014
654	(-0.7154030895005382+0.6161079837042993j)	0.2741279602050781	62.34547
655	(-0.7206096619900135+0.610004442457613j)	0.27875208854675293	62.4408
656	(-0.7257599024247972+0.6038557844208949j)	0.28310298919677734	62.53612
657	(-0.730859298740832+0.5976638028218982j)	0.27597594261169434	62.63145
658	(-0.7359083750566996+0.5914297349548152j)	0.2732119560241699	62.72678
659	(-0.7408991018662603+0.5851508465394795j)	0.27726173400878906	62.82211
660	(-0.7458381306061453+0.5788311860706365j)	0.2746727466583252	62.91743
661	(-0.7507250423359277+0.5724702297493902j)	0.2842130661010742	63.01276
662	(-0.755556624649744+0.566067606580279j)	0.27777934074401855	63.10809
663	(-0.7603357396540947+0.5596247183242755j)	0.2751309871673584	63.20342
664	(-0.7650539838873609+0.5531389788966525j)	0.2642650604248047	63.29875
665	(-0.7697193855323394+0.5466155467881452j)	0.27215576171875	63.39407
666	(-0.7743327954771329+0.5400526472942624j)	0.27304506301879883	63.4894
667	(-0.7788884597437414+0.5334501991046119j)	0.2751040458679199	63.58473
668	(-0.7833889537405171+0.5268097994877667j)	0.27800989151000977	63.68006
669	(-0.7878315662483442+0.5201317174631385j)	0.2765347957611084	63.77539
670	(-0.7922180517682821+0.5134165343751755j)	0.27446889877319336	63.87071
671	(-0.7965452642123139+0.506663231809122j)	0.27541470527648926	63.96604
672	(-0.8008149417306646+0.49987358311859187j)	0.26490187644958496	64.06137
673	(-0.8050293937156094+0.49304791504821605j)	0.30869507789611816	64.1567
674	(-0.8091852228660914+0.4861867425745337j)	0.3065500259399414	64.25203
675	(-0.8148857696601375+0.47969357076978847j)	0.274385929107666	64.34735
676	(-0.8173195619179798+0.472360755549834j)	0.271500825881958	64.44268
677	(-0.8213049565740256+0.46536770797318816j)	0.2592127323150635	64.53801
678	(-0.8252197293842022+0.45839798793418335j)	0.26442885398864746	64.63334
679	(-0.8290771158087216+0.4513664853933522j)	0.26871299743652344	64.72867
680	(-0.8328776676562326+0.4443038493870875j)	0.27309679985046387	64.82399
681	(-0.8366164585708408+0.43720733469233897j)	0.27489185333251953	64.91932
682	(-0.8402973334456374+0.43007947892382603j)	0.2713499069213867	65.01465
683	(-0.8439276785017343+0.4229246399035502j)	0.26159095764160156	65.10998
684	(-0.8474737477559114+0.415733310204372j)	0.2754650115966797	65.20531
685	(-0.8509747882459893+0.4085164251763021j)	0.27311205863952637	65.30063
686	(-0.854407199059864+0.4012675522334721j)	0.2759218215942383	65.39596
687	(-0.8577803483642272+0.39399075811897355j)	0.27961087226867676	65.49129
688	(-0.8610924634637364+0.38668464776289263j)	0.273590087890625	65.58662
689	(-0.8643365728557719+0.3793509887360497j)	0.26697707176208496	65.68194
690	(-0.8675287259924227+0.37199172043061945j)	0.26934194564819336	65.77727
691	(-0.8706535931944646+0.36460500295860443j)	0.2744457721710205	65.8726
692	(-0.8738054542523862+0.3572067227775655j)	0.25816988945007324	65.96793
693	(-0.8767136462440345+0.3497517369876266j)	0.2805817127227783	66.06326
694	(-0.879649427377922+0.3422882987926523j)	0.374866247177124	66.15858
695	(-0.8825231931629126+0.33479905526434983j)	0.27438783645629883	66.25391
696	(-0.8853288475133819+0.3272840361802494j)	0.2695941925048828	66.34924
697	(-0.8880736565558757+0.31974860036521985j)	0.2753000259399414	66.44457
698	(-0.8907529353184784+0.31218872205321235j)	0.26279520988464355	66.5399
699	(-0.8933690564182131+0.30460696184418995j)	0.2712860107421875	66.63522
700	(-0.8959205837589963+0.29700265287537486j)	0.2815728187561035	66.73055
701	(-0.8984053362066154+0.28937691583099223j)	0.2735559940338135	66.82588
702	(-0.90084217040637+0.281732361424705j)	0.2588987350463867	66.92121
703	(-0.9031873875236465+0.27406363528980887j)	0.27099609375	67.01654
704	(-0.9054780224893765+0.2663680964596741j)	0.27631521224975586	67.11186
705	(-0.9077021948918825+0.25867222544597956j)	0.27642226219177246	67.20719
706	(-0.9098619406908284+0.25094749028452057j)	0.2744131088256836	67.30252
707	(-0.9119572542296543+0.24320568950925914j)	0.27356505393981934	67.39785
708	(-0.9139866832200012+0.2354461823188291j)	0.26990795135498047	67.49318
709	(-0.915949224193968+0.22766960210399095j)	0.2667810916900635	67.5885
710	(-0.9178459615573321+0.21987610502598007j)	0.27448487281799316	67.68383
711	(-0.9196766890190111+0.2120672736899689j)	0.275022029876709	67.77916
712	(-0.9214415628130435+0.20424303013529876j)	0.2772648334503174	67.87449
713	(-0.9231387179300692+0.19640425470231937j)	0.28139591217041016	67.96982
714	(-0.924769659132036+0.1885517477093039j)	0.2804732322692871	68.06514
715	(-0.9263331752544619+0.18068515531105553j)	0.27469778060913086	68.16047
716	(-0.9278300450380769+0.17280527916468702j)	0.2746129035949707	68.2558
717	(-0.9292605085606477+0.16491300217680582j)	0.26468682289123535	68.35113
718	(-0.9306246102151443+0.15701008594929933j)	0.2758049964904785	68.44645
719	(-0.9319199168733092+0.14909494708804663j)	0.31241393089294434	68.54178
720	(-0.93314805634489+0.14116897632066983j)	0.2747061252593994	68.63711
721	(-0.9343102455067712+0.13323287667233302j)	0.2838740348815918	68.73244
722	(-0.935403588399249+0.12528794092651796j)	0.27043581008911133	68.82777
723	(-0.93642939125791+0.11733340295626371j)	0.27727723121643066	68.92309
724	(-0.9373912924239249+0.10937054207067962j)	0.2767751216888428	69.01842
725	(-0.9382801099062827+0.1013995029865564j)	0.2792367935180664	69.11375
726	(-0.9391026863427674+0.09342131631104057j)	0.30846428871154785	69.20908
727	(-0.9398587329602367+0.08543644470855535j)	0.3363149166107178	69.30441
728	(-0.9405462079715693+0.07744623754201384j)	0.28154611587524414	69.39973
729	(-0.9411676064266392+0.06944977801049473j)	0.2772359848022461	69.49506
730	(-0.9417185566112186+0.06144828810785087j)	0.2839517593383789	69.59039
731	(-0.942203257302562+0.05344233063012636j)	0.28075194358825684	69.68572
732	(-0.9426179280400766+0.04543309047458393j)	0.27373170852661133	69.78105
733	(-0.9429629183661526+0.037420637121834764j)	0.2755270004272461	69.87637
734	(-0.9432442759382184+0.029405100744002394j)	0.27912402153015137	69.9717
735	(-0.9434554808563509+0.021387445684110388j)	0.28345179557800293	70.06703
736	(-0.9435974634854546+0.013368368777836568j)	0.2787919044494629	70.16236
737	(-0.9436578843702518+0.005348551476763549j)	0.2687678337097168	70.25769
738	(-0.9436848452179414-0.002671315547104095j)	0.2810540199279785	70.35301
739	(-0.9436205300415101-0.010691436585713462j)	0.2798309326171875	70.44834
740	(-0.9434900189907377-0.01871086911755907j)	0.29361510276794434	70.54367
741	(-0.9432899159556221-0.026728590200080966j)	0.27536892890930176	70.639
742	(-0.9430277199930219-0.034744744712649614j)	0.2879471778869629	70.73433
743	(-0.9426941395084649-0.042757237256622574j)	0.2841830253601074	70.82965
744	(-0.9422924915463946-0.050767605970609614j)	0.28003907203674316	70.92498
745	(-0.9418231080047024-0.058774117353531885j)	0.2856109142303467	71.02031
746	(-0.9412852354990574-0.06677638477538395j)	0.2769179344177246	71.11564
747	(-0.9406779374719374-0.07477285283679713j)	0.2824521064758301	71.21096
748	(-0.9400054334135058-0.08276487865504999j)	0.27591609954833984	71.30629
749	(-0.9392638237751466-0.09075079159667832j)	0.28080272674560547	71.40162
750	(-0.9384526346117232-0.0987299009093311j)	0.2981867790222168	71.49695
751	(-0.9375763325792448-0.10670209199197414j)	0.3382270336151123	71.59228
752	(-0.93663234178974-0.11466568762457224j)	0.2824287414550781	71.6876
753	(-0.9356210098164379-0.1226219697881514j)	0.27913808822631836	71.78293
754	(-0.9345400009227318-0.13056834850055138j)	0.27819013595581055	71.87826
755	(-0.9333923944356766-0.1385066141902897j)	0.27924680709838867	71.97359
756	(-0.9321767412282436-0.14643458713818114j)	0.27582502365112305	72.06892
757	(-0.9308944152214472-0.15435038717314453j)	0.28027892112731934	72.16424
758	(-0.9295451143290302-0.16225633273012066j)	0.2683560848236084	72.25957
759	(-0.9281328153590646-0.17015081838052415j)	0.2817118167877197	72.3549
760	(-0.9266454908120494-0.17803216762236995j)	0.2778818607330322	72.45023
761	(-0.9250951825107652-0.1859010144158334j)	0.28193187713623047	72.54556
762	(-0.9234782070224313-0.19375567908999097j)	0.27121710777282715	72.64088
763	(-0.9217941721336855-0.20159701550388098j)	0.2804379463195801	72.73621
764	(-0.9200430153991163-0.2094236451324252j)	0.27975916862487793	72.83154
765	(-0.9182264241864476-0.21723546699352853j)	0.2718369960784912	72.92687
766	(-0.9163430007754839-0.22503093701745477j)	0.2809281349182129	73.0222
767	(-0.9143982230863884-0.2328103575602999j)	0.3521389961242676	73.11752
768	(-0.9123777912090864-0.2405723107148754j)	0.2917311191558838	73.21285
769	(-0.9102924818028888-0.24831673235585255j)	0.38805580139160156	73.30818
770	(-0.9081495426070773-0.25604561170577134j)	0.4285149574279785	73.40351
771	(-0.9059366135702406-0.26375359609609483j)	0.3513929843902588	73.49884
772	(-0.9036591526070845-0.2714425779969825j)	0.38762879371643066	73.59416
773	(-0.9013189470680343-0.279113122542536j)	0.3991737365722656	73.68949
774	(-0.898906949400417-0.28676231321145906j)	0.43687891960144043	73.78482
775	(-0.8964331737829981-0.2943912116584135j)	0.4689657688140869	73.88015
776	(-0.8938957760641786-0.3019983131990401j)	0.33777499198913574	73.97547
777	(-0.8912914969471769-0.3095835306420922j)	0.3257720470428467	74.0708
778	(-0.8886254417799646-0.31714743314647054j)	0.27626585960388184	74.16613
779	(-0.8858944036199049-0.32468835192405976j)	0.32068896293640137	74.26146
780	(-0.8830989791323512-0.3322053260032777j)	0.2863888740539551	74.35679
781	(-0.8802215005032921-0.33969409401404893j)	0.2595851421356201	74.45211
782	(-0.8773237014426727-0.3471673976174724j)	0.2685880661010742	74.54744
783	(-0.8743318309476631-0.35460925378549335j)	0.2772190570831299	74.64277
784	(-0.8712832852474973-0.3620271254292553j)	0.27986621856689453	74.7381
785	(-0.8681705355862753-0.369418033382525j)	0.2822117805480957	74.83343
786	(-0.8649979216927933-0.37678303574934446j)	0.27156782150268555	74.92875
787	(-0.8617566025723665-0.38411950995106753j)	0.27511000633239746	75.02408
788	(-0.8584637084791961-0.39143124240725585j)	0.2821168899536133	75.11941
789	(-0.8550981442376033-0.3987111398090889j)	0.32033634185791016	75.21474
790	(-0.8516757949172885-0.40596396631156184j)	0.3547511100769043	75.31007
791	(-0.8481913766071612-0.4131862777285437j)	0.31210803985595703	75.40539
792	(-0.84464492944091-0.42037931572379716j)	0.34741711616516113	75.50072
793	(-0.8410382922019859-0.42754273368783013j)	0.3393700122833252	75.59605
794	(-0.8373708698972616-0.4346748184468005j)	0.3592379093170166	75.69138
795	(-0.833641648763393-0.44177490893287186j)	0.4555959701538086	75.78671
796	(-0.8298556166727349-0.44884360571198073j)	0.3819878101348877	75.88203
797	(-0.8260073185250382-0.45587958940005713j)	0.4057290554046631	75.97736
798	(-0.8220941291845828-0.4628815874623371j)	0.27588820457458496	76.07269
799	(-0.8181326089632437-0.46985293274077694j)	0.2946469783782959	76.16802
800	(-0.8141030971014553-0.4767927570011582j)	0.26245689392089844	76.26335
801	(-0.8100182372695782-0.4836886754914393j)	0.3047301769256592	76.35867
802	(-0.8058702103609504-0.49055322857529177j)	0.4771749973297119	76.454
803	(-0.8016739321648647-0.4973856408779177j)	0.2861020565032959	76.54933
804	(-0.7974149687724198-0.5041809147493983j)	0.29123401641845703	76.64466
805	(-0.7930974186508101-0.5109386388055454j)	0.4243898391723633	76.73998
806	(-0.7886654734454013-0.5176408719011556j)	0.3932371139526367	76.83531
807	(-0.7842919826975268-0.5243439983189742j)	0.35976076126098633	76.93064
808	(-0.7797990945678577-0.5309892199876034j)	0.2995281219482422	77.02597
809	(-0.7752589424828543-0.5375982046792308j)	0.41541600227355957	77.1213
810	(-0.7706602374489115-0.5441667304810731j)	0.3604762554168701	77.21662
811	(-0.7660029684039924-0.5506958556685524j)	0.3506612777709961	77.31195
812	(-0.7612903392411321-0.5571852421577437j)	0.4222688674926758	77.40728
813	(-0.7565248939358454-0.5636347437678584j)	0.2927110195159912	77.50261
814	(-0.75170414358143-0.5700440784946681j)	0.2923581600189209	77.59794
815	(-0.7468209349239273-0.5764065191291601j)	0.3523571491241455	77.69326
816	(-0.741899408622327-0.5827364955011096j)	0.29137706756591797	77.78859
817	(-0.7369181710861592-0.589019657902631j)	0.2734811305999756	77.88392
818	(-0.7318776932967955-0.5952601603391194j)	0.29216909408569336	77.97925
819	(-0.7267914707854787-0.6014591902220732j)	0.2776341438293457	78.07458
820	(-0.7216517461633564-0.6076140522333678j)	0.28054308891296387	78.1699
821	(-0.7164561824843789-0.6137237239125639j)	0.2790868282318115	78.26523
822	(-0.7112117875702217-0.6197903238002458j)	0.27459096908569336	78.36056
823	(-0.7059162649288455-0.6258121998309463j)	0.2743651866912842	78.45589
824	(-0.7005679768997982-0.6317882017011266j)	0.2771608829498291	78.55122
825	(-0.6951653562347544-0.6377162744923637j)	0.26337671279907227	78.64654
826	(-0.6897207540319373-0.6436026648437613j)	0.27884697914123535	78.74187
827	(-0.6842230293075622-0.649440681242317j)	0.27644991874694824	78.8372
828	(-0.6786754338358798-0.6552313614962963j)	0.2729179859161377	78.93253
829	(-0.6730779331320806-0.6609748157031972j)	0.29785609245300293	79.02786
830	(-0.6674356047112704-0.6666712527880063j)	0.2797842025756836	79.12318
831	(-0.6617405734074029-0.6723161240823627j)	0.2674860954284668	79.21851
832	(-0.655998731801424-0.677917007392575j)	0.27089810371398926	79.31384
833	(-0.6502100156938316-0.6834663932884095j)	0.2686340808868408	79.40917
834	(-0.6443744275575662-0.6889669085383625j)	0.2732231616973877	79.50449
835	(-0.6384924218318735-0.6944178364424307j)	0.276580810546875	79.59982
836	(-0.6325642188464871-0.6998187827769049j)	0.2731812000274658	79.69515
837	(-0.6265905908436877-0.705168714468431j)	0.26998281478881836	79.79048
838	(-0.6205713618255034-0.7104681947762483j)	0.2753269672393799	79.88581
839	(-0.614508764975361-0.7157127931628817j)	0.25826096534729004	79.98113
840	(-0.6083979523426053-0.7209106420385354j)	0.2751610279083252	80.07646
841	(-0.6022455254544425-0.7260547648757081j)	0.26726794242858887	80.17179
842	(-0.5960521734294351-0.7311450943006531j)	0.2664010524749756	80.26712
843	(-0.5898129000012584-0.7361855779846768j)	0.2729299068450928	80.36245
844	(-0.5835262537210385-0.7411673447538027j)	0.28222084045410156	80.45777
845	(-0.5772076267987309-0.7461008838036602j)	0.29998278617858887	80.5531
846	(-0.5708411983105939-0.7509785894842724j)	0.2685527801513672	80.64843
847	(-0.5644349290596482-0.7558029081270653j)	0.27179503440856934	80.74376
848	(-0.5579883717958478-0.7605715203380059j)	0.2741990089416504	80.83909
849	(-0.5515000829774588-0.7652844802756659j)	0.2763502597808838	80.93441
850	(-0.5449740390043791-0.7699442092396125j)	0.29737091064453125	81.02974
851	(-0.5384058650938368-0.7745460739973651j)	0.2667679786682129	81.12507
852	(-0.5318017767372628-0.7790938786921031j)	0.27480602264404297	81.2204
853	(-0.5251565621073822-0.783583859966959j)	0.27991700172424316	81.31573
854	(-0.5060745014952759-0.780886235583045j)	0.2330617904663086	81.41105
855	(-0.5117561710701266-0.792394872502248j)	0.2789952754974365	81.50638
856	(-0.5049953578954687-0.7967124982382385j)	0.26554393768310547	81.60171
857	(-0.4982081008985793-0.8009760576041156j)	0.2721250057220459	81.69704
858	(-0.491378334254907-0.8051809819902638j)	0.27158021926879883	81.79237
859	(-0.4845145974842269-0.8093267548364634j)	0.2757549285888672	81.88769
860	(-0.47761614786614714-0.813413382293693j)	0.2708308696746826	81.98302
861	(-0.47068446790970625-0.8174451310359867j)	0.26325082778930664	82.07835
862	(-0.46371269421562533-0.821411883489247j)	0.4185211658477783	82.17368
863	(-0.4567127229704644-0.8253237749376507j)	0.4142911434173584	82.269
864	(-0.44967674516153344-0.829174368806724j)	0.31365394592285156	82.36433
865	(-0.44261287943986005-0.8329652485850032j)	0.40927886962890625	82.45966
866	(-0.43551384368340285-0.8366945661613365j)	0.38951706886291504	82.55499
867	(-0.42838383121070717-0.8403649283977623j)	0.2726001739501953	82.65032
868	(-0.42122273781453484-0.8439736827187955j)	0.2808098793029785	82.74564
869	(-0.41402231475271695-0.847536298518852j)	0.3584718704223633	82.84097
870	(-0.40680961540410937-0.8510096270204743j)	0.44132399559020996	82.9363
871	(-0.3995597773508524-0.8544345118735299j)	0.38208580017089844	83.03163
872	(-0.39227845765271174-0.8578000248513539j)	0.37698817253112793	83.12696
873	(-0.3849725074959579-0.8610996139026511j)	0.3220560550689697	83.22228
874	(-0.3776375149810278-0.8643396484541326j)	0.3444669246673584	83.31761
875	(-0.3702731746513654-0.8675180689920828j)	0.278076171875	83.41294
876	(-0.36288350509160056-0.8706300704863494j)	0.34641194343566895	83.50827
877	(-0.3554674543393868-0.8736819407217726j)	0.331712007522583	83.6036
878	(-0.3480242498298287-0.876673065374329j)	0.38912391662597656	83.69892
879	(-0.34055942375709386-0.8795942290412597j)	0.42577099800109863	83.79425
880	(-0.33306942144297114-0.8824564475120782j)	0.3057739734649658	83.88958
881	(-0.3255537737017253-0.8852537505337249j)	0.27663493156433105	83.98491
882	(-0.3180148455388504-0.8879878195120413j)	0.30404090881347656	84.08024
883	(-0.31045154036091566-0.8906563944046952j)	0.3156321048736572	84.17556
884	(-0.3028709944199424-0.8932591898979199j)	0.3335549831390381	84.27089
885	(-0.29526273898802774-0.895801570033609j)	0.3534409999847412	84.36622
886	(-0.28763574727563407-0.898277726859096j)	0.2859930992126465	84.46155
887	(-0.27998798529653085-0.9006883165161443j)	0.2770390510559082	84.55688
888	(-0.2723205500393457-0.9030335587331171j)	0.28849267959594727	84.6522
889	(-0.26463275655893775-0.9053127977990101j)	0.25693535804748535	84.74753
890	(-0.2569253270965088-0.9075291923212068j)	0.28870511054992676	84.84286
891	(-0.2491983556008694-0.9096784286177096j)	0.37749505043029785	84.93819
892	(-0.24145972755602158-0.9117637579434379j)	0.45131587982177734	85.03351
893	(-0.23369566436831418-0.9137798303906495j)	0.3298459053039551	85.12884
894	(-0.22591823697799857-0.9157302297664625j)	0.28330421447753906	85.22417
895	(-0.218124061073667-0.9176167995099924j)	0.30179882049560547	85.3195
896	(-0.21031494143607193-0.9194334933911508j)	0.3293929100036621	85.41483
897	(-0.20248726511424414-0.9211869792869931j)	0.3486521244049072	85.51015
898	(-0.1946489113277846-0.9228743287602942j)	0.3872668743133545	85.60548
899	(-0.18680091677614707-0.9244982494603773j)	0.28337907791137695	85.70081
900	(-0.17892777425597917-0.9260456521728315j)	0.33797287940979004	85.79614
901	(-0.17104834417673043-0.9275313843896695j)	0.33350515365600586	85.89147
902	(-0.16315014866011496-0.9289441617138817j)	0.2860832214355469	85.98679
903	(-0.15525156828863845-0.9302999888231507j)	0.2966010570526123	86.08212
904	(-0.14733357030596644-0.931588775857561j)	0.2664499282836914	86.17745
905	(-0.13940815613953267-0.9328018692820225j)	0.2678689956665039	86.27278
906	(-0.13147338893051624-0.9339511451794955j)	0.28442907333374023	86.36811
907	(-0.12352776593403525-0.9350343449595421j)	0.2686779499053955	86.46343
908	(-0.11558858066801359-0.9360594252052887j)	0.30689501762390137	86.55876
909	(-0.10761157775736846-0.9369932334655673j)	0.2771022319793701	86.65409
910	(-0.09964007662039637-0.9378731682987336j)	0.28072595596313477	86.74942
911	(-0.09166159845692246-0.9386825610762032j)	0.33354616165161133	86.84475
912	(-0.08367942003025791-0.9394277481869524j)	0.28354692459106445	86.94007
913	(-0.07569016605126289-0.9401035474442869j)	0.290693998336792	87.0354
914	(-0.06769280168700231-0.9407098546329248j)	0.2945420742034912	87.13073
915	(-0.0596924237493604-0.9412498554294071j)	0.2856738567352295	87.22606
916	(-0.05168746918962236-0.9417205073376833j)	0.2880980968475342	87.32139
917	(-0.043683533300654-0.9421293907584491j)	0.2947967052459717	87.41671
918	(-0.035680279960673245-0.9424458572367971j)	0.2749948501586914	87.51204
919	(-0.02765386010242038-0.9427251339544591j)	0.3116769790649414	87.60737
920	(-0.01963295948757149-0.9429254169453712j)	0.2724118232727051	87.7027
921	(-0.011618800374533-0.9430549825766077j)	0.2597010135650635	87.79802
922	(-0.003600603435848282-0.9431183636406828j)	0.2750232219696045	87.89335
923	(0.004419291117145452-0.9431114893845614j)	0.27376222610473633	87.98868
924	(0.012436946790755077-0.9430380339475946j)	0.2743511199951172	88.08401
925	(0.020455524402976655-0.9428976217546629j)	0.26671314239501953	88.17934
926	(0.02846971322687053-0.942687933701726j)	0.274385929107666	88.27466
927	(0.036483776175494476-0.9424098295641857j)	0.2670881748199463	88.36999
928	(0.044495824878698687-0.9420623540266568j)	0.30536699295043945	88.46532
929	(0.05250343170165833-0.9416478968041722j)	0.31007838249206543	88.56065
930	(0.06050788455459888-0.9411661858269047j)	0.27486181259155273	88.65598
931	(0.06850713437316974-0.9406152643640615j)	0.3796100616455078	88.7513
932	(0.07650206771863743-0.9399970817808195j)	0.3696739673614502	88.84663
933	(0.08449145065896008-0.9393105750815341j)	0.40306782722473145	88.94196
934	(0.09247513378168332-0.9385565509171567j)	0.4093630313873291	89.03729
935	(0.10045074166751955-0.9377339461787572j)	0.2794919013977051	89.13262
936	(0.10841843200768231-0.9368453760144313j)	0.27096009254455566	89.22794
937	(0.11638326108733349-0.9358867169877718j)	0.28656482696533203	89.32327
938	(0.12433468229836031-0.9348617903325216j)	0.2689857482910156	89.4186
939	(0.1322794936546544-0.933767920587415j)	0.262113094329834	89.51393
940	(0.1402105808488131-0.93260924364049j)	0.25244593620300293	89.60926
941	(0.1481362053653093-0.9313803512199554j)	0.27015209197998047	89.70458
942	(0.15604970560741988-0.9300848478087655j)	0.2796361446380615	89.79991
943	(0.16395255449345908-0.9287217992803865j)	0.3447532653808594	89.89524
944	(0.17184223540330246-0.9272931897934948j)	0.2731001377105713	89.99057
945	(0.1797207986253203-0.9257962701804255j)	0.28236818313598633	90.0859
946	(0.18758428125020193-0.9242330884059573j)	0.2799842357635498	90.18122
947	(0.1954368476295762-0.9226013089268136j)	0.27292704582214355	90.27655
948	(0.20327335585523343-0.9209062662364804j)	0.27666783332824707	90.37188
949	(0.21109401197868888-0.9191429059112125j)	0.268359899520874	90.46721
950	(0.21890049141363704-0.9173127586442399j)	0.2712869644165039	90.56253
951	(0.2266926955057692-0.9154162525997639j)	0.27987003326416016	90.65786
952	(0.23446880922613939-0.9134553518233337j)	0.2731919288635254	90.75319
953	(0.24222531716300016-0.911425525328168j)	0.2737901210784912	90.84852
954	(0.24543579916936548-0.9156783110525284j)	0.22933006286621094	90.94385
955	(0.2576686584801869-0.9071980524366314j)	0.263092041015625	91.03917
956	(0.265389326124548-0.9049449260307608j)	0.27228713035583496	91.1345
957	(0.2730754607896017-0.9026551650764454j)	0.27873826026916504	91.22983
958	(0.2807405754927773-0.9002983993165996j)	0.27780795097351074	91.32516
959	(0.2883825579904103-0.8978744859662322j)	0.27461695671081543	91.42049
960	(0.2960084669962965-0.8953903621879754j)	0.2723703384399414	91.51581
961	(0.3036124272084571-0.8928416177590803j)	0.28067684173583984	91.61114
962	(0.3111926268235494-0.8902254627601695j)	0.2820470333099365	91.70647
963	(0.3187481020458907-0.8875445556996162j)	0.2785153388977051	91.8018
964	(0.3262820122494757-0.8848001019443226j)	0.2836947441101074	91.89713
965	(0.333791956827828-0.881992824563983j)	0.2774200439453125	91.99245
966	(0.34127998710244606-0.8791205851070896j)	0.28409314155578613	92.08778
967	(0.34874100594100077-0.8761856334124596j)	0.2933180332183838	92.18311
968	(0.35617716680151956-0.8731870017966235j)	0.2801980972290039	92.27844
969	(0.36358737497840393-0.8701278154204298j)	0.26485204696655273	92.37377
970	(0.3709733742752952-0.8670005498942737j)	0.28142595291137695	92.46909
971	(0.378331990983086-0.8638139039327901j)	0.28691530227661133	92.56442
972	(0.38566212797930066-0.860563650805966j)	0.2805061340332031	92.65975
973	(0.39296444335975417-0.8572514380201113j)	0.27446913719177246	92.75508
974	(0.40023788706230057-0.8538786568418198j)	0.2814321517944336	92.85041
975	(0.4074831716868849-0.8504420454870139j)	0.2851879596710205	92.94573
976	(0.4146997283559583-0.8469452760114041j)	0.33058881759643555	93.04106
977	(0.4218857182364373-0.8433879624115566j)	0.26805686950683594	93.13639
978	(0.4290406296629601-0.839767322073729j)	0.30918097496032715	93.23172
979	(0.43616487472394544-0.8360862112321024j)	0.2862401008605957	93.32704
980	(0.44325550702049366-0.8323454004191032j)	0.2736191749572754	93.42237
981	(0.45031781032216944-0.8285469989159479j)	0.28160810470581055	93.5177
982	(0.4573458028729054-0.8246857905649883j)	0.2995738983154297	93.61303
983	(0.4643409115804405-0.8207651746250368j)	0.2955639362335205	93.70836
984	(0.47130152510373957-0.8167865812642313j)	0.28713011741638184	93.80368
985	(0.4782287144015408-0.8127482733991636j)	0.27974700927734375	93.89901
986	(0.48512132233015687-0.8086506841454075j)	0.2865760326385498	93.99434
987	(0.49197924794529413-0.8044944560814573j)	0.2866842746734619	94.08967
988	(0.4988016611067566-0.8002801761589877j)	0.2843658924102783	94.185
989	(0.5055881334860198-0.7960102994817355j)	0.27903056144714355	94.28032
990	(0.512336650521545-0.7916803791109112j)	0.27433013916015625	94.37565
991	(0.5190483461975524-0.7872948438651282j)	0.2708320617675781	94.47098
992	(0.5257234802076244-0.7828507480339688j)	0.2771008014678955	94.56631
993	(0.5323600095912113-0.7783503662322444j)	0.271373987197876	94.66164
994	(0.5389582388370279-0.7737949087085139j)	0.2606689929962158	94.75696
995	(0.5455176285622723-0.7691833248710935j)	0.4213380813598633	94.85229
996	(0.5520371094597967-0.7645153290203861j)	0.3678274154663086	94.94762
997	(0.5585179099229967-0.7597890767139277j)	0.2923562526702881	95.04295
998	(0.5649728711981739-0.7550213342056988j)	0.3841829299926758	95.13828
999	(0.5713545798545221-0.7501806664773878j)	0.31272315979003906	95.2336
