	res_adaptive	time_adaptive	w
0	(24.272768351616897-0.24446733295142228j)	1.7205259799957275	0.001
1	(3.2191760076657987-1.916347544060536j)	0.3325791358947754	0.09633
2	(4.0007684323616015-2.8255912388907407j)	0.32082319259643555	0.19166
3	(4.690517254524154-3.568646031168683j)	0.2964181900024414	0.28698
4	(5.363462684771022-4.19587707517316j)	0.2832319736480713	0.38231
5	(6.037924287617984-4.7333558372700155j)	0.39833903312683105	0.47764
6	(6.72283900676216-5.192262031365196j)	0.3491978645324707	0.57297
7	(7.422673066165891-5.577457737982588j)	0.2835972309112549	0.6683
8	(8.139677618601993-5.8904862194190315j)	0.27178502082824707	0.76362
9	(8.868957662841058-6.126780079448697j)	0.2744100093841553	0.85895
10	(9.60492695939755-6.2894871158622605j)	0.2731900215148926	0.95428
11	(10.343399710910367-6.380334843352539j)	0.27814817428588867	1.04961
12	(11.080643806299262-6.400100973083612j)	0.2771918773651123	1.14494
13	(6.633856966680051-6.380473368469286j)	0.30132198333740234	1.24026
14	(12.532157533765204-6.22406288877505j)	0.33874082565307617	1.33559
15	(13.230772573109528-6.031309505211814j)	0.3072030544281006	1.43092
16	(13.904190421521967-5.773512395859128j)	0.5263080596923828	1.52625
17	(14.548970909464172-5.454162760229935j)	0.6179351806640625	1.62157
18	(15.158466373631907-5.072983271210649j)	0.35731005668640137	1.7169
19	(15.726137613916888-4.635468357534811j)	0.282451868057251	1.81223
20	(16.247188084333484-4.147279687804104j)	0.5043148994445801	1.90756
21	(16.718308665316307-3.6139915199626813j)	0.435758113861084	2.00289
22	(17.13806882233677-3.040895903365406j)	0.40477418899536133	2.09821
23	(17.500534207089217-2.430575529120008j)	0.3224751949310303	2.19354
24	(17.802798179110688-1.7908331907843684j)	0.5622570514678955	2.28887
25	(18.04328423286428-1.1287445796961166j)	0.38909482955932617	2.3842
26	(18.221730119055735-0.4507252566624276j)	0.2823450565338135	2.47953
27	(18.339514890975575+0.23749954335916496j)	0.28423285484313965	2.57485
28	(18.393188457682893+0.9319810525941277j)	0.2792339324951172	2.67018
29	(18.38387809084447+1.624650675310628j)	0.2727370262145996	2.76551
30	(18.31351814913814+2.308927049067743j)	0.27369117736816406	2.86084
31	(18.184926070800206+2.9793788958115637j)	0.3543999195098877	2.95617
32	(18.001895940912522+3.631594733301781j)	0.2839488983154297	3.05149
33	(17.763876573764005+4.261862147817555j)	0.41408395767211914	3.14682
34	(17.475180169635003+4.8639035938044435j)	0.3079862594604492	3.24215
35	(17.140337320759883+5.433337841148169j)	0.280163049697876	3.33748
36	(16.764138467968877+5.967150161160879j)	0.30048513412475586	3.43281
37	(16.351503039372805+6.4635334499876045j)	0.30307507514953613	3.52813
38	(15.904003873151337+6.920042611805523j)	0.29405689239501953	3.62346
39	(15.427440887421973+7.333497521124738j)	0.276231050491333	3.71879
40	(14.927271925382046+7.702533612221522j)	0.2731032371520996	3.81412
41	(14.40876957446574+8.02705215133091j)	0.2749509811401367	3.90945
42	(13.87567769974048+8.308098520673369j)	0.2807040214538574	4.00477
43	(13.330985147235154+8.544667963964468j)	0.27751827239990234	4.1001
44	(12.779904254724405+8.736816703727905j)	0.2737903594970703	4.19543
45	(12.227060437511135+8.885893333509811j)	0.2851231098175049	4.29076
46	(11.676769884411263+8.994470822331673j)	0.37560606002807617	4.38608
47	(11.129951371821562+9.06459076095292j)	0.27985286712646484	4.48141
48	(10.590084296400983+9.097117594427573j)	0.2878279685974121	4.57674
49	(10.060362749776136+9.09406623600914j)	0.29040002822875977	4.67207
50	(9.545472839643272+9.060189049408386j)	0.28134989738464355	4.7674
51	(9.041388833014395+8.993797284963051j)	0.375683069229126	4.86272
52	(8.55325758111717+8.901956543419033j)	0.3634669780731201	4.95805
53	(8.08105483378573+8.784688459878888j)	0.29419994354248047	5.05338
54	(7.626003628860827+8.644451184507295j)	0.40752291679382324	5.14871
55	(7.18870878328416+8.484164971468084j)	0.4515261650085449	5.24404
56	(6.769019467934971+8.307473785825222j)	0.42870092391967773	5.33936
57	(6.3647806912269305+8.114277841474092j)	0.29776692390441895	5.43469
58	(5.976710569837589+7.906252571860855j)	0.2833521366119385	5.53002
59	(5.6047129894759316+7.685126965036271j)	0.39262890815734863	5.62535
60	(5.248028459838682+7.452744706573044j)	0.3213231563568115	5.72068
61	(4.905318272566546+7.2112802943274605j)	0.39586496353149414	5.816
62	(4.574340255432809+6.958873697214279j)	0.3759138584136963	5.91133
63	(4.255507945832051+6.696298162082858j)	0.27726173400878906	6.00666
64	(3.9484055202551978+6.424095388059578j)	0.286376953125	6.10199
65	(3.6521134650800153+6.142712049495889j)	0.31917500495910645	6.19732
66	(3.3653422940366795+5.852590654726133j)	0.5125241279602051	6.29264
67	(3.0871201225484244+5.5507500543842j)	0.3730900287628174	6.38797
68	(2.8184433298387206+5.237207347768952j)	0.52760910987854	6.4833
69	(2.559582731368286+4.911703390358935j)	0.3015429973602295	6.57863
70	(2.310444810307151+4.5738129337346205j)	0.300739049911499	6.67396
71	(2.0707143568282826+4.222904931742267j)	0.2902567386627197	6.76928
72	(1.8415393007119487+3.8561065092688067j)	0.3177659511566162	6.86461
73	(1.6248632872316782+3.473500890759368j)	0.4066948890686035	6.95994
74	(1.422034175232584+3.074967780205135j)	0.5304889678955078	7.05527
75	(2.961497332460936+2.722543342624186j)	0.2762429714202881	7.15059
76	(1.0620109578432282+2.228765092702851j)	0.2988607883453369	7.24592
77	(0.9088383264406706+1.7790893340121812j)	0.27610087394714355	7.34125
78	(0.7771176135615182+1.3123474812930938j)	0.2739858627319336	7.43658
79	(0.668885457542433+0.8295333273647696j)	0.2752110958099365	7.53191
80	(0.5855571643781512+0.3318965694432531j)	0.27292799949645996	7.62723
81	(0.5296204469658353-0.18123323119086762j)	0.27524423599243164	7.72256
82	(-0.2662439280021925-0.7379659396649395j)	0.27819013595581055	7.81789
83	(0.5117141761681777-1.2455490414951984j)	0.2722318172454834	7.91322
84	(0.5538726144150511-1.791825675410258j)	0.2756798267364502	8.00855
85	(0.6314684687838819-2.3440259570874447j)	0.2754402160644531	8.10387
86	(0.747347325652788-2.9010327422315805j)	0.27394795417785645	8.1992
87	(0.9033117830112923-3.45890104751376j)	0.27553367614746094	8.29453
88	(1.1004324676272506-4.013755530735502j)	0.27698826789855957	8.38986
89	(1.3390042832274103-4.561834253477003j)	0.2728540897369385	8.48519
90	(1.6182668356350487-5.099552840968118j)	0.2759850025177002	8.58051
91	(1.9400366939636726-5.624465640127874j)	0.27349185943603516	8.67584
92	(2.3037971584859616-6.131595501426291j)	0.27634716033935547	8.77117
93	(2.7084294393552617-6.616541370216341j)	0.2748680114746094	8.8665
94	(3.152110200922203-7.075395928322684j)	0.29566311836242676	8.96183
95	(3.6321272709422594-7.5047396445948005j)	0.3023371696472168	9.05715
96	(4.148405164731523-7.901822770392853j)	0.3045003414154053	9.15248
97	(4.6978558509834265-8.261356353843533j)	0.28999996185302734	9.24781
98	(5.277195840508066-8.582008732258444j)	0.27756476402282715	9.34314
99	(5.8825011059619605-8.858851971102979j)	0.2759988307952881	9.43847
100	(6.5095430666141985-9.090663023496038j)	0.2750129699707031	9.53379
101	(7.1563461400880115-9.275494105416884j)	0.27338695526123047	9.62912
102	(7.818017916113763-9.410661479749681j)	0.27366185188293457	9.72445
103	(8.489698662404722-9.494692802767538j)	0.2716212272644043	9.81978
104	(9.165971865609606-9.526889848547926j)	0.2789490222930908	9.9151
105	(9.843673418485837-9.50756706517046j)	0.27231907844543457	10.01043
106	(10.518257707264425-9.437597402772736j)	0.27384281158447266	10.10576
107	(11.184767758760897-9.31532076833764j)	0.2734558582305908	10.20109
108	(11.838267838085985-9.14246114641494j)	0.2769460678100586	10.29642
109	(12.473812038414588-8.921099841899132j)	0.27525901794433594	10.39174
110	(13.088824826961087-8.653651072926461j)	0.27512526512145996	10.48707
111	(13.679132718594206-8.341579830343582j)	0.2731657028198242	10.5824
112	(14.240746231043982-7.987367338885411j)	0.2736477851867676	10.67773
113	(14.770004063118815-7.5942967893112225j)	0.27701616287231445	10.77306
114	(44.203876460166256-5.592393878561446j)	0.2764089107513428	10.86838
115	(15.720908205216546-6.707395020094298j)	0.2839939594268799	10.96371
116	(16.138972018089135-6.21989733546027j)	0.28244996070861816	11.05904
117	(16.515815053543918-5.707933218418467j)	0.27565693855285645	11.15437
118	(16.849954901822667-5.175838710053922j)	0.27433204650878906	11.2497
119	(17.140620769273724-4.628662352427332j)	0.2739298343658447	11.34502
120	(17.388831244019396-4.069113503656469j)	0.27753591537475586	11.44035
121	(17.593912754481924-3.5009381648974705j)	0.28431105613708496	11.53568
122	(17.755919682872253-2.927999710427415j)	0.273237943649292	11.63101
123	(17.87559518506839-2.354316012011132j)	0.27483391761779785	11.72634
124	(17.954378730094213-1.7842504472070317j)	0.27506303787231445	11.82166
125	(17.994800422066735-1.219190177844288j)	0.2746601104736328	11.91699
126	(17.997742591800566-0.6621834863622851j)	0.28821396827697754	12.01232
127	(17.96483632698082-0.1160242157968796j)	0.39829516410827637	12.10765
128	(17.898296867930007+0.41663885779376275j)	0.3096339702606201	12.20298
129	(17.800864428469136+0.9331765365240495j)	0.27324485778808594	12.2983
130	(17.67508388725687+1.433862498265034j)	0.3004441261291504	12.39363
131	(17.523593696148087+1.9170888093957408j)	0.30091190338134766	12.48896
132	(17.347445310377406+2.3815322061973427j)	0.2743959426879883	12.58429
133	(17.14926244686462+2.825780256037465j)	0.27878785133361816	12.67961
134	(16.932739899236083+3.2506437326261235j)	0.27974915504455566	12.77494
135	(16.699068016710925+3.6562565241511757j)	0.28623104095458984	12.87027
136	(16.44966637737676+4.042689945378141j)	0.2820441722869873	12.9656
137	(16.186512980739767+4.40996082936793j)	0.2743260860443115	13.06093
138	(15.911089991514741+4.7579568175394575j)	0.2804911136627197	13.15625
139	(15.625680831510472+5.088644426930798j)	0.2751452922821045	13.25158
140	(15.330457670161897+5.402753087722175j)	0.27448296546936035	13.34691
141	(15.025915318668876+5.700818548838643j)	0.3573777675628662	13.44224
142	(14.712713153162934+5.983256774383797j)	0.43865299224853516	13.53757
143	(14.391791324123488+6.250417632497155j)	0.38596415519714355	13.63289
144	(14.06340327128271+6.50431493314677j)	0.41944313049316406	13.72822
145	(13.726796239761027+6.745238278214483j)	0.35856056213378906	13.82355
146	(13.381547767191945+6.973248302699321j)	0.42821502685546875	13.91888
147	(13.028643765263293+7.187169553712179j)	0.3595139980316162	14.01421
148	(12.665054853604417+7.390215712427504j)	0.32640504837036133	14.10953
149	(12.292965960267372+7.580189018416998j)	0.3309340476989746	14.20486
150	(11.910292071585204+7.757298692065951j)	0.29204297065734863	14.30019
151	(11.516437744699394+7.920542575628622j)	0.283405065536499	14.39552
152	(11.111220398386262+8.068888446080345j)	0.2888498306274414	14.49085
153	(10.695133419721188+8.201356278282162j)	0.2798628807067871	14.58617
154	(10.266617485073173+8.31779598114016j)	0.28737306594848633	14.6815
155	(9.825498434117591+8.41606479695884j)	0.27947306632995605	14.77683
156	(9.37197821401749+8.494189841982514j)	0.28148913383483887	14.87216
157	(8.906742148073524+8.550381937752286j)	0.28115105628967285	14.96749
158	(8.431178990111665+8.58308433062025j)	0.27666592597961426	15.06281
159	(7.944413956900006+8.591147556687833j)	0.3447401523590088	15.15814
160	(7.448123061411213+8.572056394269314j)	0.37140727043151855	15.25347
161	(6.943695727089769+8.52345139504831j)	0.3595612049102783	15.3488
162	(6.433789504573305+8.443320638414583j)	0.3036501407623291	15.44412
163	(5.919648805665785+8.331487068478792j)	0.44181203842163086	15.53945
164	(5.403316310534183+8.185678317738459j)	0.38903284072875977	15.63478
165	(4.883367078723961+8.003852842990403j)	0.44155001640319824	15.73011
166	(4.375093684448087+7.785704397210247j)	0.340770959854126	15.82544
167	(3.870190780758042+7.5294963025599655j)	0.3035702705383301	15.92076
168	(3.3748788612618905+7.236219679887747j)	0.4122617244720459	16.01609
169	(2.89247667892318+6.90489783791577j)	0.501776933670044	16.11142
170	(2.426658106615009+6.535398241337754j)	0.3682081699371338	16.20675
171	(1.9813689622656756+6.128299952191747j)	0.3715198040008545	16.30208
172	(1.560741168237494+5.684961305651951j)	0.3466920852661133	16.3974
173	(1.167136586100653+5.207356024538495j)	0.7181932926177979	16.49273
174	(0.8041251777345239+4.696555164611399j)	0.36133766174316406	16.58806
175	(0.47512510994670587+4.154499176552916j)	0.3812730312347412	16.68339
176	(0.11928043411831946+3.5784909051585436j)	0.4303410053253174	16.77872
177	(-0.06604750661372741+2.9884589179719976j)	0.3798699378967285	16.87404
178	(-0.27397608073445123+2.371172691628854j)	0.3872559070587158	16.96937
179	(-0.4369718319775666+1.735169207530159j)	0.29529500007629395	17.0647
180	(-0.5527570419541707+1.0841806583068074j)	0.3913459777832031	17.16003
181	(-0.6195264245104539+0.42253107290720454j)	0.2788970470428467	17.25536
182	(-0.6360933371176325-0.24469674209663114j)	0.343217134475708	17.35068
183	(-0.6028663894018673-0.9139645081449805j)	0.3144090175628662	17.44601
184	(-0.5191043488827553-1.5810410359316946j)	0.2830820083618164	17.54134
185	(-0.38468348640370253-2.241430052364433j)	0.3251800537109375	17.63667
186	(-0.20015422859190396-2.890374313649142j)	0.31649303436279297	17.732
187	(0.03316596056303617-3.52267639387787j)	0.3605968952178955	17.82732
188	(0.3128226375982822-4.135455053426736j)	0.39733409881591797	17.92265
189	(0.6374382924837474-4.724625808613451j)	0.41077113151550293	18.01798
190	(1.0049168235289672-5.286261377583193j)	0.305311918258667	18.11331
191	(1.4126618883787094-5.816151534542818j)	0.33556103706359863	18.20863
192	(1.856057701367019-6.312250708398583j)	0.3162240982055664	18.30396
193	(2.3336499857395196-6.770058103545052j)	0.2917139530181885	18.39929
194	(2.8403706467964573-7.189314124875338j)	0.32700181007385254	18.49462
195	(3.3732821611511694-7.567051023748418j)	0.5514898300170898	18.58995
196	(3.928540306214588-7.9009611659534364j)	0.38668203353881836	18.68527
197	(4.500873747821718-8.190679278038305j)	0.3312339782714844	18.7806
198	(5.086867445069096-8.435704099503548j)	0.41798901557922363	18.87593
199	(5.682788367997356-8.635698205348936j)	0.4593636989593506	18.97126
200	(6.284774972966643-8.790473811768662j)	0.28736114501953125	19.06659
201	(6.888790749213281-8.89997929017378j)	0.34029436111450195	19.16191
202	(7.490264841335282-8.966096041552658j)	0.29938697814941406	19.25724
203	(8.086394378528947-8.990151587688207j)	0.3431878089904785	19.35257
204	(8.674208986907336-8.973554554158804j)	0.3679189682006836	19.4479
205	(9.250691766760868-8.917827531832469j)	0.2929420471191406	19.54323
206	(9.812721463769893-8.824691174709843j)	0.2932889461517334	19.63855
207	(10.357621515619144-8.697459589196594j)	0.33018016815185547	19.73388
208	(10.883962061853726-8.53845937568163j)	0.285855770111084	19.82921
209	(11.390241701884731-8.349960245509433j)	0.3052060604095459	19.92454
210	(11.874955552217006-8.134260800250278j)	0.3997201919555664	20.01987
211	(12.336435794379453-7.893803821325198j)	0.42795395851135254	20.11519
212	(12.774310236381817-7.63215603838362j)	0.3173549175262451	20.21052
213	(13.188587793682446-7.3515168813278455j)	0.30100584030151367	20.30585
214	(13.578819349723947-7.0539435740185645j)	0.2964138984680176	20.40118
215	(13.946265601273707-6.741356750711209j)	0.32750606536865234	20.49651
216	(14.289175531405817-6.415973094226205j)	0.3099079132080078	20.59183
217	(14.60947184118627-6.080480308709546j)	0.28827500343322754	20.68716
218	(14.90803159355027-5.736023621994828j)	0.2937281131744385	20.78249
219	(15.185647011414556-5.383667068400457j)	0.33411312103271484	20.87782
220	(15.44266428165755-5.024148087438616j)	0.2809872627258301	20.97314
221	(15.68011677016301-4.659524088003677j)	0.3171992301940918	21.06847
222	(15.899386152496719-4.290212943601517j)	0.2738227844238281	21.1638
223	(16.10154731549617-3.916364942680122j)	0.3225688934326172	21.25913
224	(16.287244547299494-3.5379325486683326j)	0.29670095443725586	21.35446
225	(-49.51336081127326-10.257139566700035j)	0.30020904541015625	21.44978
226	(16.61042192752222-2.7677424564319617j)	0.276965856552124	21.54511
227	(16.74966129794564-2.3763579124490644j)	0.33596229553222656	21.64044
228	(16.874485505146257-1.9798205342164443j)	0.2739551067352295	21.73577
229	(16.984636329387786-1.5775332327756038j)	0.27755093574523926	21.8311
230	(17.079272921222284-1.1689955879803053j)	0.2750411033630371	21.92642
231	(17.15873915424239-0.7548561285684532j)	0.27880287170410156	22.02175
232	(17.2225698527963-0.33407691421233277j)	0.295957088470459	22.11708
233	(17.269837740517016+0.09394930677632218j)	0.3056919574737549	22.21241
234	(17.29920695917885+0.529458872925415j)	0.3087007999420166	22.30774
235	(17.30898471768264+0.9722508663960135j)	0.273301362991333	22.40306
236	(17.298744766333968+1.4214615116834843j)	0.3019700050354004	22.49839
237	(17.267043956952+1.8773431291471212j)	0.333759069442749	22.59372
238	(17.212144938700153+2.3395063459864596j)	0.3523519039154053	22.68905
239	(17.131248246776238+2.8068708015327086j)	0.2701692581176758	22.78438
240	(17.025196907952292+3.278146124781971j)	0.27251625061035156	22.8797
241	(16.890724926421946+3.7513927453370672j)	0.35358619689941406	22.97503
242	(16.727038963743183+4.225563244295049j)	0.31928086280822754	23.07036
243	(16.532558492714788+4.698782237875671j)	0.35334300994873047	23.16569
244	(16.305844474633123+5.16861583179054j)	0.37631821632385254	23.26102
245	(16.045846636173476+5.631913977498234j)	0.3747258186340332	23.35634
246	(15.752715992020297+6.0864051580559835j)	0.4005298614501953	23.45167
247	(15.425879268349574+6.529523069572047j)	0.27916407585144043	23.547
248	(15.064316923532571+6.958152876312449j)	0.3571658134460449	23.64233
249	(14.668362574497488+7.368746151052166j)	0.4678819179534912	23.73765
250	(14.239260055574222+7.757801273173196j)	0.3338918685913086	23.83298
251	(13.777935378474952+8.122479889626353j)	0.34789323806762695	23.92831
252	(13.2854488811067+8.459719069592577j)	0.34807491302490234	24.02364
253	(12.762297725714589+8.766113159898566j)	0.34252214431762695	24.11897
254	(12.212957700507305+9.03830646999072j)	0.3223278522491455	24.21429
255	(11.638218833294202+9.273241033073248j)	0.34121108055114746	24.30962
256	(11.041494650685589+9.46867286919526j)	0.33048439025878906	24.40495
257	(10.425625378148142+9.622249724508634j)	0.34795618057250977	24.50028
258	(9.79380156157609+9.73160162272774j)	0.35076403617858887	24.59561
259	(9.14955598853415+9.794275198416663j)	0.29723286628723145	24.69093
260	(8.497877966889554+9.809333736935951j)	0.27596187591552734	24.78626
261	(7.842409468824648+9.775970638282034j)	0.29604196548461914	24.88159
262	(7.187052727877758+9.693544314158686j)	0.2921121120452881	24.97692
263	(6.536043298781791+9.561555681097564j)	0.3546781539916992	25.07225
264	(5.893730264131106+9.37972704364132j)	0.32129907608032227	25.16757
265	(5.2653822312238665+9.149472583798763j)	0.33997297286987305	25.2629
266	(4.654660875421676+8.872067629179222j)	0.2867579460144043	25.35823
267	(4.06543991188259+8.548975302722843j)	0.27831602096557617	25.45356
268	(3.501674572550177+8.181905129153456j)	0.2949190139770508	25.54889
269	(2.967391019094638+7.772887067020466j)	0.28246092796325684	25.64421
270	(2.466547593682157+7.325493529953626j)	0.2744479179382324	25.73954
271	(2.0017398237417554+6.8428406876832994j)	0.2737138271331787	25.83487
272	(1.5755920185923218+6.328118176197354j)	0.2779221534729004	25.9302
273	(1.1906384897927687+5.784720847052052j)	0.27436399459838867	26.02553
274	(0.8494152285084992+5.216328305851351j)	0.3308708667755127	26.12085
275	(0.5534970516443304+4.62777870871696j)	0.34262514114379883	26.21618
276	(0.30363979104415395+4.0230428645990095j)	0.3483850955963135	26.31151
277	(0.10045903642356713+3.4060403136817547j)	0.2744138240814209	26.40684
278	(-0.05548842383365199+2.780559107470609j)	0.28450798988342285	26.50216
279	(-0.16379334401622422+2.1512921357510097j)	0.2840099334716797	26.59749
280	(-0.22549313165188986+1.5224684341936368j)	0.293306827545166	26.69282
281	(-0.2417829965246618+0.8978556439745037j)	0.30037713050842285	26.78815
282	(-0.21396746796620789+0.28084707075334137j)	0.27724790573120117	26.88348
283	(-0.1433006550803451-0.32543964493999916j)	0.2822580337524414	26.9788
284	(-0.03157747810938294-0.9169386303701011j)	0.2736680507659912	27.07413
285	(0.11853082619584597-1.4908255860681587j)	0.3492727279663086	27.16946
286	(0.30438263014647454-2.044736222936562j)	0.3113279342651367	27.26479
287	(0.5234627645434243-2.5766923836822175j)	0.3502039909362793	27.36012
288	(0.7735414120954494-3.08506386426122j)	0.28202128410339355	27.45544
289	(1.0515653558811016-3.567271140207536j)	0.345980167388916	27.55077
290	(1.3542835598797232-4.022467500071379j)	0.3489680290222168	27.6461
291	(1.6787504035682597-4.450079116042976j)	0.2755770683288574	27.74143
292	(2.022347573350927-4.849830449208666j)	0.28621697425842285	27.83676
293	(2.3828786609143435-5.221637514516539j)	0.3650319576263428	27.93208
294	(2.7572567489419786-5.564587546955596j)	0.3513200283050537	28.02741
295	(3.1428130562737473-5.87956045455812j)	0.33322691917419434	28.12274
296	(3.5373161600604557-6.167435745779004j)	0.3206310272216797	28.21807
297	(3.9390520211389637-6.429192134807514j)	0.31122589111328125	28.3134
298	(4.346650464979779-6.665592357186696j)	0.2846190929412842	28.40872
299	(4.757917706995858-6.876981022244001j)	0.2983412742614746	28.50405
300	(5.171447816756064-7.065084046931996j)	0.27911376953125	28.59938
301	(5.586354386214405-7.231333755629134j)	0.27295374870300293	28.69471
302	(6.002138599597529-7.376885227595127j)	0.2815878391265869	28.79004
303	(6.4185566462173895-7.502597025426609j)	0.28968191146850586	28.88536
304	(8.316561579772799-7.392846482641145j)	0.30591392517089844	28.98069
305	(7.24996502127468-7.697942258230796j)	0.37850403785705566	29.07602
306	(7.6651147244935425-7.770065914318157j)	0.3549680709838867	29.17135
307	(8.080589230125291-7.8260904393231785j)	0.29784107208251953	29.26667
308	(8.496377133620182-7.86565554117981j)	0.34816575050354004	29.362
309	(8.912458417929475-7.88944870616011j)	0.3462491035461426	29.45733
310	(9.329336857205128-7.897839284729976j)	0.29838991165161133	29.55266
311	(9.747680044730654-7.890708505963074j)	0.29494810104370117	29.64799
312	(10.168197200007441-7.867428375482487j)	0.36269521713256836	29.74331
313	(10.59054598434627-7.826978268641454j)	0.39774107933044434	29.83864
314	(11.014753020049001-7.769075335178432j)	0.5573577880859375	29.93397
315	(11.441007828116465-7.693023148438558j)	0.33150482177734375	30.0293
316	(11.873718618184968-7.597069654832976j)	0.32924509048461914	30.12463
317	(12.29990564419853-7.481580723373994j)	0.33940911293029785	30.21995
318	(12.730980696990585-7.343312610766311j)	0.34211206436157227	30.31528
319	(13.16195494885547-7.182022634108874j)	0.3176460266113281	30.41061
320	(13.591965516453724-6.996591249161021j)	0.3039860725402832	30.50594
321	(14.019878023218881-6.78563033433824j)	0.3389928340911865	30.60127
322	(14.444293294741728-6.547457407626703j)	0.36168694496154785	30.69659
323	(14.862332068172986-6.28134613155078j)	0.3446800708770752	30.79192
324	(15.27225595041422-5.986718855805387j)	0.32913994789123535	30.88725
325	(15.672010555537149-5.662942181655483j)	0.603363037109375	30.98258
326	(16.059220131555264-5.3093649060168655j)	0.33818602561950684	31.07791
327	(16.431247737459245-4.925324077731451j)	0.31909799575805664	31.17323
328	(16.78433016014643-4.511488712388767j)	0.33470678329467773	31.26856
329	(17.116066985342695-4.0685048069599485j)	0.32538604736328125	31.36389
330	(17.423740647641424-3.5971042354513654j)	0.3591601848602295	31.45922
331	(17.70442677825245-3.098181876747623j)	0.4822959899902344	31.55455
332	(17.955010046258973-2.572871806434852j)	0.485914945602417	31.64987
333	(18.171998536668323-2.023681933776769j)	0.3806631565093994	31.7452
334	(18.35319131396765-1.4529441101644829j)	0.4213440418243408	31.84053
335	(18.49624310595012-0.8630500488578137j)	0.3574991226196289	31.93586
336	(18.59899695845066-0.2565767333693558j)	0.42232394218444824	32.03118
337	(18.65839138271667+0.3632538815494697j)	0.45059895515441895	32.12651
338	(18.673052456685205+0.9925038831382489j)	0.2971198558807373	32.22184
339	(18.641854153437727+1.6274626320524286j)	0.3167228698730469	32.31717
340	(18.563883157708133+2.2644306635068716j)	0.38015174865722656	32.4125
341	(18.438383452000892+2.899710735962913j)	0.4405791759490967	32.50782
342	(18.264048421519508+3.5287322378523314j)	0.327437162399292	32.60315
343	(18.042740908167293+4.147149288597408j)	0.3770749568939209	32.69848
344	(17.774137663986476+4.750649659715732j)	0.40670013427734375	32.79381
345	(17.459749451741857+5.3353765148002426j)	0.4306638240814209	32.88914
346	(17.10082638100196+5.897566325037174j)	0.489516019821167	32.98446
347	(16.698941397512648+6.432654892391579j)	0.49532222747802734	33.07979
348	(16.257740834913466+6.936941143249681j)	0.4331541061401367	33.17512
349	(15.777722133654434+7.406835298611819j)	0.48792195320129395	33.27045
350	(15.264258230481216+7.839701234182185j)	0.41283369064331055	33.36578
351	(14.719601105834998+8.232853097139998j)	0.3191230297088623	33.4611
352	(14.147369527627342+8.582884608447106j)	0.3404552936553955	33.55643
353	(13.552329354396244+8.886964206527646j)	0.4721851348876953	33.65176
354	(12.937233075010036+9.146548347483042j)	0.4186439514160156	33.74709
355	(12.307562738038232+9.357670829520709j)	0.3426637649536133	33.84242
356	(11.666673603659971+9.520683424338344j)	0.29760193824768066	33.93774
357	(11.019143840186345+9.634227689542655j)	0.33025312423706055	34.03307
358	(10.369558607331976+9.698828204073967j)	0.5045638084411621	34.1284
359	(9.722129183483013+9.715238451499648j)	0.27625203132629395	34.22373
360	(9.080707520195126+9.684544681133602j)	0.2753479480743408	34.31906
361	(8.448764607085476+9.608109122139698j)	0.27607297897338867	34.41438
362	(7.830468705906252+9.48672719995853j)	0.2761399745941162	34.50971
363	(7.2294568540195385+9.322987252183212j)	0.2724781036376953	34.60504
364	(6.64874403327948+9.119483363946394j)	0.2777061462402344	34.70037
365	(6.0908315234308805+8.879135114687253j)	0.2786581516265869	34.79569
366	(5.558021665905359+8.603616299521931j)	0.271618127822876	34.89102
367	(5.052933788346275+8.296259880925149j)	0.2737441062927246	34.98635
368	(4.577368508401+7.9603939484869795j)	0.27359485626220703	35.08168
369	(4.132516197910668+7.599326208922372j)	0.2748110294342041	35.17701
370	(3.718984756352288+7.216466586667007j)	0.2729811668395996	35.27233
371	(3.337691094754174+6.813824641470148j)	0.27190113067626953	35.36766
372	(2.9891470969037863+6.395101648876277j)	0.27560877799987793	35.46299
373	(2.673336316797412+5.963414037047971j)	0.27252197265625	35.55832
374	(2.3896834914775984+5.521732878129556j)	0.28279614448547363	35.65365
375	(2.1372092910001834+5.072578236423151j)	0.2789318561553955	35.74897
376	(1.9155403021877317+4.617709575500336j)	0.27904510498046875	35.8443
377	(1.7237895714518432+4.159836539876268j)	0.2688710689544678	35.93963
378	(1.5606648048021308+3.701085102827388j)	0.27173304557800293	36.03496
379	(1.4245540940971209+3.2431534446426697j)	0.2725861072540283	36.13029
380	(1.313656126682716+2.78716690943085j)	0.2745020389556885	36.22561
381	(1.2273447860827051+2.3339723913422032j)	0.276961088180542	36.32094
382	(1.1641412820832489+1.8848676536536657j)	0.2816181182861328	36.41627
383	(1.1223923569047398+1.4406852239702488j)	0.27419018745422363	36.5116
384	(1.1005564590369405+1.0017087293360887j)	0.29890894889831543	36.60693
385	(1.0971391510052302+0.5677184806278139j)	0.2935047149658203	36.70225
386	(1.1120719558060022+0.13874028883637976j)	0.28053903579711914	36.79758
387	(1.144084970124491-0.28492500621649774j)	0.27470827102661133	36.89291
388	(1.192221597637412-0.7035563984497029j)	0.27384185791015625	36.98824
389	(1.2558117554994723-1.1176025676300598j)	0.2758982181549072	37.08357
390	(1.3343707338490869-1.5279859156536033j)	0.30142903327941895	37.17889
391	(1.4287606982847922-1.9346973037761135j)	0.2845621109008789	37.27422
392	(1.5386488504928777-2.33790983481697j)	0.29245901107788086	37.36955
393	(1.6640232105608945-2.7379222086501778j)	0.34628891944885254	37.46488
394	(1.804909046601037-3.135206711857349j)	0.2852790355682373	37.5602
395	(1.9630723137704094-3.5301314673213406j)	0.2776651382446289	37.65553
396	(2.1390122093966255-3.922173959852191j)	0.2773120403289795	37.75086
397	(2.333423605197029-4.310842671672453j)	0.30034494400024414	37.84619
398	(2.547022573943333-4.695790608608441j)	0.32669711112976074	37.94152
399	(2.780581375016185-5.076621494161306j)	0.3287770748138428	38.03684
400	(3.0361678451862604-5.45242923206486j)	0.48633718490600586	38.13217
401	(-3.5410182118126823-7.1486261298840645j)	0.38327789306640625	38.2275
402	(3.615695752112814-6.182426070097847j)	0.4558751583099365	38.32283
403	(3.940975887946358-6.533698942962294j)	0.29323792457580566	38.41816
404	(4.290686428763791-6.873713067768047j)	0.27345895767211914	38.51348
405	(4.6661498652113425-7.2001638038079845j)	0.2840392589569092	38.60881
406	(5.067098775794886-7.510417449451632j)	0.3240039348602295	38.70414
407	(5.493208739210392-7.802132582865921j)	0.2752997875213623	38.79947
408	(5.944139453750588-8.07293110777675j)	0.2749030590057373	38.8948
409	(6.4193687141875975-8.320532008953277j)	0.2814650535583496	38.99012
410	(6.918506253054108-8.541749280301191j)	0.2785050868988037	39.08545
411	(7.440001370092222-8.733706163718992j)	0.2805049419403076	39.18078
412	(7.981183220650806-8.894086825782523j)	0.2991480827331543	39.27611
413	(8.540996641712425-9.020432428006055j)	0.29996395111083984	39.37144
414	(9.117116585747858-9.110728120261156j)	0.3467409610748291	39.46676
415	(9.707063801241592-9.161974888697115j)	0.2922487258911133	39.56209
416	(10.307523794266281-9.172297732990613j)	0.2734992504119873	39.65742
417	(10.915114932422872-9.140245767883009j)	0.30910491943359375	39.75275
418	(11.526817808647808-9.066163430228158j)	0.2998619079589844	39.84808
419	(12.138412445885276-8.9445331810567j)	0.27702927589416504	39.9434
420	(12.746836990897439-8.778441029064538j)	0.2810790538787842	40.03873
421	(13.346995181618988-8.566483448504894j)	0.26689910888671875	40.13406
422	(13.93629805841312-8.308749818128348j)	0.2743849754333496	40.22939
423	(14.509301807439764-8.006583615678114j)	0.27683401107788086	40.32471
424	(15.062974801162019-7.659918785370754j)	0.2757072448730469	40.42004
425	(15.592770314815873-7.270313245459633j)	0.27855992317199707	40.51537
426	(16.094210416788876-6.8398772739811555j)	0.2815988063812256	40.6107
427	(16.565063778872492-6.371106708621793j)	0.2696099281311035	40.70603
428	(17.0009315298834-5.866354579983311j)	0.27562904357910156	40.80135
429	(17.399015474117828-5.328440939505048j)	0.2759218215942383	40.89668
430	(17.756051183063786-4.760637130561337j)	0.27999329566955566	40.99201
431	(18.0694366565251-4.166846328647063j)	0.27428674697875977	41.08734
432	(18.337131542454898-3.5510919074021223j)	0.2724268436431885	41.18267
433	(18.55822128057444-2.917569487302838j)	0.27533626556396484	41.27799
434	(18.729831620301944-2.269833997466658j)	0.27855587005615234	41.37332
435	(18.852138249509863-1.6123021790087702j)	0.2824251651763916	41.46865
436	(18.924260953422348-0.9497207983161315j)	0.29242491722106934	41.56398
437	(18.946401940767448-0.2865564225414978j)	0.29426097869873047	41.65931
438	(18.919408751301724+0.37280354781507974j)	0.28365492820739746	41.75463
439	(18.843780224649507+1.0249510653266847j)	0.29707813262939453	41.84996
440	(18.720590580292864+1.6653167904562385j)	0.3207721710205078	41.94529
441	(18.551639815507638+2.289848502733158j)	0.28673696517944336	42.04062
442	(18.339285085012612+2.894843920589108j)	0.31726503372192383	42.13595
443	(18.086283125264778+3.47722129451953j)	0.3702809810638428	42.23127
444	(17.794392386949475+4.0342956526507585j)	0.2968559265136719	42.3266
445	(17.466858673667392+4.563014136366333j)	0.2846250534057617	42.42193
446	(17.1070901661165+5.060893822402755j)	0.28992486000061035	42.51726
447	(16.71772605323589+5.525937299990229j)	0.2956368923187256	42.61259
448	(16.303640941849213+5.9571050373862855j)	0.30469489097595215	42.70791
449	(15.86623778710503+6.353123587839541j)	0.2956099510192871	42.80324
450	(15.409974363110106+6.712957633316551j)	0.2778191566467285	42.89857
451	(14.93819556004968+7.0360745891056595j)	0.2742948532104492	42.9939
452	(10.708049201530612+6.502603551397566j)	0.27440905570983887	43.08922
453	(13.961926949123498+7.573202607155229j)	0.2749791145324707	43.18455
454	(13.462879507707635+7.7882262638048365j)	0.2885100841522217	43.27988
455	(12.960459992909488+7.9683215453793075j)	0.2735292911529541	43.37521
456	(12.457465553819212+8.11459658621365j)	0.27259182929992676	43.47054
457	(11.956734751522596+8.228650362302872j)	0.28891420364379883	43.56586
458	(11.459340695560446+8.312053694191237j)	0.29586005210876465	43.66119
459	(10.967170909399098+8.366399636798839j)	0.2679119110107422	43.75652
460	(10.48191667861054+8.393366419578943j)	0.4190080165863037	43.85185
461	(10.005060875696481+8.394171367503638j)	0.452301025390625	43.94718
462	(9.537920636082328+8.371222946622574j)	0.355072021484375	44.0425
463	(9.080046800828903+8.326252626490689j)	0.39786696434020996	44.13783
464	(8.631969809438385+8.260405385611447j)	0.4095778465270996	44.23316
465	(8.19484913147016+8.175239656074055j)	0.31551122665405273	44.32849
466	(7.768085731123926+8.072221585766155j)	0.27947115898132324	44.42382
467	(7.3519788505873525+7.952889481228777j)	0.2875521183013916	44.51914
468	(6.945270316385463+7.818042912989313j)	0.37544918060302734	44.61447
469	(6.548038576202648+7.668259390671038j)	0.4194629192352295	44.7098
470	(6.159985665666986+7.503996342654868j)	0.41161680221557617	44.80513
471	(5.780836170694725+7.326506148020808j)	0.43115878105163574	44.90046
472	(5.409835147557639+7.134796309232982j)	0.3166079521179199	44.99578
473	(5.046207804808946+6.929785021726323j)	0.2937660217285156	45.09111
474	(4.689954894292979+6.7106830520833665j)	0.2946622371673584	45.18644
475	(4.341125191254892+6.47717179381963j)	0.2835080623626709	45.28177
476	(3.9997017351968327+6.22903797128081j)	0.32424092292785645	45.3771
477	(3.6655132244082305+5.965844906901916j)	0.3471810817718506	45.47242
478	(3.3386603732955416+5.686235247758367j)	0.3160877227783203	45.56775
479	(3.020656800153393+5.390132487753959j)	0.3001279830932617	45.66308
480	(2.7106232071974263+5.074961112168109j)	0.37273597717285156	45.75841
481	(2.411439258598573+4.7423737365794505j)	0.32782697677612305	45.85373
482	(2.122973121344093+4.390499200163714j)	0.28548765182495117	45.94906
483	(1.8471042953364067+4.018752440887713j)	0.2985990047454834	46.04439
484	(1.5857018330802466+3.6265225891806385j)	0.29421305656433105	46.13972
485	(1.3406921590128194+3.213924953456186j)	0.33304309844970703	46.23505
486	(1.1138876451306041+2.7812730222026847j)	0.28153014183044434	46.33037
487	(0.9071104322867616+2.3280421462382965j)	0.30400896072387695	46.4257
488	(0.7229202247312798+1.854729551358792j)	0.28963494300842285	46.52103
489	(0.563857151582605+1.362179824197705j)	0.3049201965332031	46.61636
490	(0.43234205848859847+0.8516562673017571j)	0.28980493545532227	46.71169
491	(0.3304088091328659+0.32506816707360686j)	0.3029811382293701	46.80701
492	(0.2601200138248323-0.21697536878834472j)	0.28790903091430664	46.90234
493	(0.22411093479423672-0.7722251836842314j)	0.3234679698944092	46.99767
494	(0.2244544822773439-1.3380457696644252j)	0.32703304290771484	47.093
495	(0.26303829350331265-1.9117111684298949j)	0.2889828681945801	47.18833
496	(0.3410495729236787-2.489957141173218j)	0.2898728847503662	47.28365
497	(0.4599460656431223-3.0707005531778044j)	0.36194705963134766	47.37898
498	(0.6211250203605769-3.6500221851723462j)	0.31742000579833984	47.47431
499	(0.8252422042556715-4.224234533157095j)	0.32756900787353516	47.56964
500	(1.0725508467721243-4.789508581109227j)	0.31134724617004395	47.66497
501	(1.3625735514062978-5.341782580376596j)	0.4657711982727051	47.76029
502	(1.6952903421517016-5.878133881778973j)	0.3734400272369385	47.85562
503	(2.0698621408416384-6.394081439756034j)	0.2935459613800049	47.95095
504	(2.4851505261339057-6.885737102792112j)	0.2771568298339844	48.04628
505	(2.939108975714279-7.3491612704309075j)	0.2833399772644043	48.14161
506	(3.4292345069769685-7.780895501261984j)	0.30304384231567383	48.23693
507	(-14.238638773844274-12.662034172471143j)	0.27765703201293945	48.33226
508	(4.509615891367478-8.537031310864297j)	0.27417540550231934	48.42759
509	(5.0934975224010595-8.8557018881486j)	0.2640409469604492	48.52292
510	(5.702069400087524-9.128419764808541j)	0.2938041687011719	48.61824
511	(6.330991687563316-9.35675380668865j)	0.2890470027923584	48.71357
512	(6.9768763288051145-9.537504932920523j)	0.28149986267089844	48.8089
513	(7.6353886349089635-9.669194788435153j)	0.2873039245605469	48.90423
514	(8.302265241160313-9.75060052117596j)	0.28444576263427734	48.99956
515	(8.972400222950217-9.781384123910469j)	0.3008449077606201	49.09488
516	(9.642032687605127-9.761995228226604j)	0.2929501533508301	49.19021
517	(10.306951115279208-9.6924114173911j)	0.2999122142791748	49.28554
518	(10.96226917772221-9.573502370597371j)	0.2936971187591553	49.38087
519	(11.604805714436662-9.406039198684583j)	0.3477320671081543	49.4762
520	(12.228805980094114-9.192353229757382j)	0.3489241600036621	49.57152
521	(12.831933838294162-8.934676388662458j)	0.2960810661315918	49.66685
522	(13.411287580762886-8.63593502783906j)	0.2873039245605469	49.76218
523	(13.961107559903159-8.2959348339584j)	0.2925271987915039	49.85751
524	(14.480692000300998-7.920530487559392j)	0.28092074394226074	49.95284
525	(14.966394850689356-7.5124170206179j)	0.308211088180542	50.04816
526	(15.417059844072186-7.07497702805423j)	0.3380858898162842	50.14349
527	(15.830647110342117-6.611515551457572j)	0.30121612548828125	50.23882
528	(16.205704562238505-6.125534924147161j)	0.29422712326049805	50.33415
529	(16.5410845746069-5.620842656068388j)	0.2998809814453125	50.42948
530	(16.836091969252855-5.101421355406952j)	0.39561915397644043	50.5248
531	(17.091548268867964-4.570740094166984j)	0.32974791526794434	50.62013
532	(17.30705373263177-4.032059999064711j)	0.31421899795532227	50.71546
533	(17.483301562004353-3.4886800179489548j)	0.3129761219024658	50.81079
534	(17.620830709735024-2.9439420522474053j)	0.2726280689239502	50.90612
535	(17.720548178047707-2.399466931790183j)	0.2670297622680664	51.00144
536	(17.785824419640196-1.8627111210365754j)	0.32508397102355957	51.09677
537	(17.81656466003311-1.3307523496448894j)	0.41582322120666504	51.1921
538	(17.81481799199208-0.8075011206582321j)	0.38103795051574707	51.28743
539	(17.782467985315108-0.2950074768246189j)	0.3156709671020508	51.38276
540	(17.721824782000766+0.2047420238690938j)	0.3266770839691162	51.47808
541	(17.635061888844515+0.6912695637991453j)	0.30019283294677734	51.57341
542	(17.5240991238786+1.1635406394893888j)	0.281674861907959	51.66874
543	(17.39063750556258+1.6208010176554613j)	0.2738358974456787	51.76407
544	(17.23658808518661+2.062280779176919j)	0.2728302478790283	51.85939
545	(17.064402208761503+2.488023453445702j)	0.2747609615325928	51.95472
546	(16.875380174967965+2.898394647311954j)	0.2736341953277588	52.05005
547	(16.67084647200213+3.293650250884669j)	0.2746241092681885	52.14538
548	(16.452058831124617+3.673945634042288j)	0.281022310256958	52.24071
549	(16.220095956397884+4.03924923612077j)	0.2810368537902832	52.33603
550	(15.97632117854602+4.390923187535538j)	0.277543306350708	52.43136
551	(15.72086713192369+4.729095950970048j)	0.2851603031158447	52.52669
552	(15.454565323603509+5.05562001276206j)	0.2846107482910156	52.62202
553	(15.177060109345522+5.369409227896961j)	0.2775697708129883	52.71735
554	(14.888718669298692+5.671142479999915j)	0.276932954788208	52.81267
555	(14.589678968183154+5.962003097543436j)	0.28293490409851074	52.908
556	(14.2794327226845+6.242032177071401j)	0.27706217765808105	53.00333
557	(13.957162824940776+6.511140344699154j)	0.30789709091186523	53.09866
558	(13.622553109520954+6.769034933856737j)	0.3603818416595459	53.19399
559	(13.275277072654008+7.015119641537401j)	0.5309281349182129	53.28931
560	(12.91481529054053+7.249668944130693j)	0.3436708450317383	53.38464
561	(12.540160456232428+7.47177318033946j)	0.3107750415802002	53.47997
562	(12.15083755893949+7.680134818016639j)	0.3048717975616455	53.5753
563	(11.746430159120129+7.873506532667568j)	0.33591294288635254	53.67063
564	(11.32703316132724+8.050304022591265j)	0.3418869972229004	53.76595
565	(10.892247133502496+8.209755577247275j)	0.5382168292999268	53.86128
566	(10.441925978766832+8.349908323228323j)	0.2931709289550781	53.95661
567	(9.976373431620281+8.468447106318363j)	0.30292582511901855	54.05194
568	(9.496159504300383+8.56346829628968j)	0.33446598052978516	54.14727
569	(9.002662476424609+8.633075349280842j)	0.2893941402435303	54.24259
570	(8.496338752385299+8.67564159535674j)	0.3704509735107422	54.33792
571	(7.978541770751725+8.68876840616894j)	0.4289259910583496	54.43325
572	(7.451059775706456+8.670374482018502j)	0.32219696044921875	54.52858
573	(6.916318793016467+8.618469778322204j)	0.4165163040161133	54.6239
574	(6.376364488477726+8.531773983959448j)	0.325606107711792	54.71923
575	(5.833581171796273+8.408915579249731j)	0.2953639030456543	54.81456
576	(5.290675174916594+8.248092425924694j)	0.3197810649871826	54.90989
577	(4.750943332172504+8.048319652402684j)	0.29086804389953613	55.00522
578	(4.218133984294781+7.8088120579032445j)	0.2988109588623047	55.10054
579	(3.695016849851797+7.529700065467528j)	0.38828301429748535	55.19587
580	(3.1889139139024825+7.211744873789332j)	0.32619690895080566	55.2912
581	(2.692250345611339+6.851976159209052j)	0.28984618186950684	55.38653
582	(2.2200589748452444+6.454136788967693j)	0.28771114349365234	55.48186
583	(1.7727688693624934+6.0185885696387675j)	0.308513879776001	55.57718
584	(1.7910202059825464+5.6722335526417655j)	0.3306610584259033	55.67251
585	(0.9648002427423872+5.041454046313114j)	0.2949841022491455	55.76784
586	(0.6111093121145155+4.503697357304729j)	0.3025951385498047	55.86317
587	(0.2955191595885327+3.9366010381990604j)	0.3362429141998291	55.9585
588	(0.021055395808644017+3.3434415079763085j)	0.30892205238342285	56.05382
589	(-0.2104954861699183+2.7277198983145436j)	0.3062870502471924	56.14915
590	(-0.3967481842856862+2.092911328030741j)	0.2898750305175781	56.24448
591	(-0.5355701737596618+1.4426331583143879j)	0.2738771438598633	56.33981
592	(-2.1801946023991596+0.3304743277808939j)	0.28290629386901855	56.43514
593	(-0.665173970339567+0.11315197401391397j)	0.31874990463256836	56.53046
594	(-0.6548878309883096-0.5572554098779238j)	0.3103640079498291	56.62579
595	(-0.5940895059533984-1.2259143217809783j)	0.3274390697479248	56.72112
596	(-0.4830378648012357-1.8883239268684198j)	0.33960509300231934	56.81645
597	(-0.32228820912697076-2.5400719541642083j)	0.2779529094696045	56.91178
598	(-0.11297414425162167-3.176536708717773j)	0.2821660041809082	57.0071
599	(0.14248199187370147-3.793957719199181j)	0.29023289680480957	57.10243
600	(0.44279788476246973-4.38860643888313j)	0.32514405250549316	57.19776
601	(0.7850182513095427-4.956833561133599j)	0.34865307807922363	57.29309
602	(1.167267672671391-5.494970787378977j)	0.44249701499938965	57.38841
603	(1.585639070235951-5.999914220690536j)	0.46910524368286133	57.48374
604	(2.032770990766838-6.473498319331029j)	0.27793383598327637	57.57907
605	(2.5178393346823653-6.900675328859676j)	0.28945493698120117	57.6744
606	(3.024895493367927-7.292689933327003j)	0.4227750301361084	57.76973
607	(3.5541270621706373-7.642963082309406j)	0.31863999366760254	57.86505
608	(4.1012943022423745-7.950790004917187j)	0.7253429889678955	57.96038
609	(4.662573150353172-8.215672850424276j)	1.3998608589172363	58.05571
610	(5.234107845602661-8.43806263794457j)	0.8659520149230957	58.15104
611	(5.813132722166776-8.61589440481092j)	0.7811460494995117	58.24637
612	(6.3947994011973215-8.752076496887465j)	0.45298099517822266	58.34169
613	(6.975792685401984-8.846362652336222j)	0.45148324966430664	58.43702
614	(7.552860696526766-8.900341025552294j)	0.6091067790985107	58.53235
615	(8.12332652650089-8.915621940761833j)	0.5123939514160156	58.62768
616	(8.68434675055707-8.893703068636126j)	0.480633020401001	58.72301
617	(9.233163453722769-8.835865791314509j)	0.469494104385376	58.81833
618	(9.76761447564148-8.745671131201565j)	0.4646263122558594	58.91366
619	(10.286029433407608-8.624698682627713j)	0.3462562561035156	59.00899
620	(10.786841354693028-8.475395873216012j)	0.4152379035949707	59.10432
621	(11.26909484349597-8.299760012645482j)	0.4587388038635254	59.19965
622	(11.731380838597545-8.100163780490202j)	0.3801288604736328	59.29497
623	(12.173109139841527-7.879459488900842j)	0.611583948135376	59.3903
624	(12.59440642574658-7.640259679149408j)	0.5741119384765625	59.48563
625	(12.994977819013194-7.38299874227163j)	0.4446139335632324	59.58096
626	(13.375172990729661-7.111004852763655j)	0.48720717430114746	59.67629
627	(13.734861539675432-6.825218354104958j)	0.519024133682251	59.77161
628	(14.074849732561821-6.528130819032224j)	0.42176198959350586	59.86694
629	(14.39607778676599-6.220657294372323j)	0.3983922004699707	59.96227
630	(14.699133040444433-5.903829546372345j)	0.694281816482544	60.0576
631	(14.984718761734307-5.578194913035073j)	0.5100369453430176	60.15292
632	(15.25328001270839-5.245021206845295j)	0.5129032135009766	60.24825
633	(15.505883190093211-4.904645110726717j)	0.5681118965148926	60.34358
634	(15.743552615028433-4.5573651641160495j)	0.48818016052246094	60.43891
635	(15.966531670934016-4.2028208046729025j)	0.47654199600219727	60.53424
636	(16.175409791437275-3.8408525089928363j)	0.44629502296447754	60.62956
637	(16.369994661683513-3.4717449586305387j)	0.4976630210876465	60.72489
638	(16.555113802195766-3.0937343907895096j)	0.4400908946990967	60.82022
639	(16.71840507876667-2.7100562729037154j)	0.6963257789611816	60.91555
640	(16.871839892011018-2.3163291940591435j)	0.5650911331176758	61.01088
641	(17.010322205455896-1.9132973181178823j)	0.5013759136199951	61.1062
642	(17.13353803192082-1.5009680099655638j)	0.4608602523803711	61.20153
643	(17.24080933442405-1.0788182652993346j)	0.42139720916748047	61.29686
644	(17.330930421573633-0.6465234070464678j)	0.5293128490447998	61.39219
645	(17.402535957597284-0.20382815813662702j)	0.4507780075073242	61.48752
646	(17.453878825249518+0.24911929478281536j)	0.39980292320251465	61.58284
647	(17.483831780225636+0.7114077436541821j)	0.5185821056365967	61.67817
648	(17.490835430464763+1.1831079096462087j)	0.5233700275421143	61.7735
649	(17.473161943976038+1.6633332766595306j)	0.3114321231842041	61.86883
650	(17.42879838552707+2.1510809595826883j)	0.3006100654602051	61.96416
651	(17.35576552780255+2.644737809255866j)	0.3281221389770508	62.05948
652	(17.253002770415605+3.1425708965815975j)	0.316256046295166	62.15481
653	(17.11922418377166+3.6429570899722696j)	0.4328501224517822	62.25014
654	(16.952392323976657+4.143801000782721j)	0.4855797290802002	62.34547
655	(16.747803771649348+4.641398082660302j)	0.5422680377960205	62.4408
656	(16.51500053680577+5.1363392963506485j)	0.31891703605651855	62.53612
657	(16.243055554325572+5.622110788790641j)	0.33737874031066895	62.63145
658	(15.935132214055535+6.09721062674107j)	0.27688074111938477	62.72678
659	(15.59128275257953+6.558595403790003j)	0.273698091506958	62.82211
660	(15.209948215889078+7.0022779076932045j)	0.27794408798217773	62.91743
661	(14.793754839389246+7.4250000876640545j)	0.2811927795410156	63.01276
662	(14.343191358626548+7.823483927333288j)	0.2836570739746094	63.10809
663	(13.859569237510433+8.194466368547511j)	0.3036682605743408	63.20342
664	(13.34466934423641+8.534861984886138j)	0.31804704666137695	63.29875
665	(12.799685550214916+8.840917306876092j)	0.28869175910949707	63.39407
666	(12.228374790646003+9.109676960142469j)	0.3547649383544922	63.4894
667	(11.634548419475982+9.3389804290896j)	0.28145813941955566	63.58473
668	(11.017576243246934+9.525267463294878j)	0.31029582023620605	63.68006
669	(10.38444183432322+9.667475110598966j)	0.28133583068847656	63.77539
670	(9.737843315828576+9.763147741024337j)	0.2788810729980469	63.87071
671	(9.081437100303866+9.810422168568246j)	0.2813889980316162	63.96604
672	(8.419961360676364+9.808870992799836j)	0.30976009368896484	64.06137
673	(7.75731804742012+9.757694429270392j)	0.29372191429138184	64.1567
674	(7.101438783039955+9.657996318930339j)	0.4096088409423828	64.25203
675	(6.445579416805743+9.505713659202863j)	0.3181929588317871	64.34735
676	(5.805608561434852+9.305618774486085j)	0.33269309997558594	64.44268
677	(5.181935235553595+9.057701447234898j)	0.41449594497680664	64.53801
678	(4.5785285943135605+8.76359720748065j)	0.3460087776184082	64.63334
679	(3.99919267921447+8.425024962201464j)	0.31763195991516113	64.72867
680	(3.447934795193037+8.043979990892806j)	0.38672614097595215	64.82399
681	(2.9284389875805017+7.623831180923631j)	0.5335538387298584	64.91932
682	(2.443551115262059+7.167597759738994j)	0.3004567623138428	65.01465
683	(1.9960470902900933+6.67845531781059j)	0.2825968265533447	65.10998
684	(1.5882123813656246+6.159899219804542j)	0.2873518466949463	65.20531
685	(1.2223986078166402+5.615377643551174j)	0.28626418113708496	65.30063
686	(0.9004432531054494+5.049546768653006j)	0.2825651168823242	65.39596
687	(0.6231360165906017+4.4661582222866025j)	0.28530097007751465	65.49129
688	(0.39119660961941083+3.869417431744712j)	0.2815742492675781	65.58662
689	(0.20488511080317406+3.262862889133784j)	0.2829320430755615	65.68194
690	(0.06467499955439127+2.6508605974623176j)	0.2845609188079834	65.77727
691	(-0.030195175302947685+2.0375715694851237j)	0.28887295722961426	65.8726
692	(-0.08070525320998101+1.4265465275177212j)	0.28210926055908203	65.96793
693	(-0.08841214367727798+0.8214422743318858j)	0.47310400009155273	66.06326
694	(-0.05445125245629093+0.2251526020019191j)	0.3254849910736084	66.15858
695	(0.01956802751410716-0.3588075588543048j)	0.34470391273498535	66.25391
696	(0.13135273573564446-0.9274522614288199j)	0.3898739814758301	66.34924
697	(0.27826023944478795-1.478487595939431j)	0.36790895462036133	66.44457
698	(0.45792574451022133-2.0099217171949926j)	0.5005030632019043	66.5399
699	(0.6678253298315792-2.5201847029694915j)	0.8068809509277344	66.63522
700	(0.9057792746034026-3.0072435258846846j)	0.4841740131378174	66.73055
701	(1.1685473530321158-3.4699345208090766j)	0.4673161506652832	66.82588
702	(1.4533446838905384-3.9077642655702665j)	0.4140160083770752	66.92121
703	(1.7578475161309952-4.32034625171261j)	0.34215807914733887	67.01654
704	(2.079513154316445-4.707498809544454j)	0.3391578197479248	67.11186
705	(2.4161914066575503-5.068861482644538j)	0.3350088596343994	67.20719
706	(2.7651940148578644-5.404812512638366j)	0.4360687732696533	67.30252
707	(3.1246337798631845-5.716330052257959j)	0.4406461715698242	67.39785
708	(3.492592120289934-6.004022350434673j)	0.3266580104827881	67.49318
709	(3.868166187468205-6.26869383767027j)	0.2833130359649658	67.5885
710	(4.249320547351603-6.510931794951317j)	0.2808070182800293	67.68383
711	(4.635038641024994-6.731898759403j)	0.4033050537109375	67.77916
712	(5.021643237692036-6.9252027642708605j)	0.28205394744873047	67.87449
713	(5.417290391946837-7.115245449852352j)	0.3693110942840576	67.96982
714	(5.812735296839247-7.278907891032534j)	0.3277759552001953	68.06514
715	(6.210805103876909-7.425176378796257j)	0.28324198722839355	68.16047
716	(6.611216153316453-7.5548811818897965j)	0.2843039035797119	68.2558
717	(7.014164281095598-7.668730648165658j)	0.3501598834991455	68.35113
718	(7.4202898640507815-7.767152190005206j)	0.409883975982666	68.44645
719	(7.8295162953711435-7.849898741754226j)	0.3397078514099121	68.54178
720	(8.24257847045358-7.917025395729833j)	0.36005091667175293	68.63711
721	(8.659292814292135-7.9687862212126115j)	0.3060190677642822	68.73244
722	(9.08021127750569-8.004718459427867j)	0.4622030258178711	68.82777
723	(9.506296082665095-8.024301844418403j)	0.35611391067504883	68.92309
724	(9.937171469938525-8.026137069924232j)	0.33530282974243164	69.01842
725	(10.372777501652006-8.009593155953073j)	0.4081859588623047	69.11375
726	(10.813036261176554-7.97388779075933j)	0.29126977920532227	69.20908
727	(11.258030495692367-7.917470315371613j)	0.40241003036499023	69.30441
728	(11.707395420961264-7.839261644657272j)	0.38707685470581055	69.39973
729	(12.159868430575836-7.737248399719453j)	0.2880241870880127	69.49506
730	(12.614590669696394-7.6104630013422065j)	0.2978990077972412	69.59039
731	(13.070321006501981-7.457600545189772j)	0.31174492835998535	69.68572
732	(13.52528515873075-7.277415819000647j)	0.30065464973449707	69.78105
733	(13.979191384603512-7.068054883829077j)	0.47145700454711914	69.87637
734	(14.42810361082672-6.828580135293626j)	0.4925811290740967	69.9717
735	(14.870141629943113-6.558432328755188j)	0.3028709888458252	70.06703
736	(15.303583953110428-6.256605283726815j)	0.3772261142730713	70.16236
737	(15.72527611249269-5.9228981937817595j)	0.3887779712677002	70.25769
738	(16.132498798366395-5.5566539602257725j)	0.33812689781188965	70.35301
739	(16.521837622274003-5.1581571268363895j)	0.525688886642456	70.44834
740	(16.89032060797711-4.728141575243226j)	0.3595888614654541	70.54367
741	(17.235213076533167-4.26730505054268j)	0.2988719940185547	70.639
742	(17.553626270088596-3.7767191631506103j)	0.2982468605041504	70.73433
743	(17.84143833655506-3.257835511948219j)	0.39114999771118164	70.82965
744	(18.0954691208477-2.7129090323169764j)	0.3903520107269287	70.92498
745	(18.315239155110383-2.1435278521728485j)	0.45885300636291504	71.02031
746	(18.495683537955568-1.5532103342437384j)	0.45258331298828125	71.11564
747	(18.635500864505307-0.9442283810985961j)	0.42711901664733887	71.21096
748	(18.731854619686747-0.32004517678553857j)	0.4207749366760254	71.30629
749	(18.782987352566806+0.3157685105291259j)	0.4422287940979004	71.40162
750	(18.787595882005558+0.9592198982661824j)	0.6279470920562744	71.49695
751	(18.74477497210037+1.6065366058074737j)	0.8897440433502197	71.59228
752	(18.653752457553747+2.2539588529292596j)	0.5943648815155029	71.6876
753	(18.513671975592267+2.8966566849137623j)	0.5213308334350586	71.78293
754	(18.325090185093703+3.5309719628787684j)	0.6690778732299805	71.87826
755	(18.088243284450943+4.152183912415849j)	0.2836952209472656	71.97359
756	(17.804708360159125+4.755971876959016j)	0.2745537757873535	72.06892
757	(17.476275009451275+5.338872819145428j)	0.257904052734375	72.16424
758	(17.102967229356643+5.896163702151731j)	0.2782597541809082	72.25957
759	(16.68893971178193+6.424364463361908j)	0.2694108486175537	72.3549
760	(16.235635445914593+6.91960946124177j)	0.2826502323150635	72.45023
761	(15.74728224266527+7.379201873526997j)	0.2738211154937744	72.54556
762	(15.2264514167988+7.800291106356873j)	0.27573609352111816	72.64088
763	(14.676496614765695+8.179778449695146j)	0.27994704246520996	72.73621
764	(14.101592785503279+8.515702833030234j)	0.27547502517700195	72.83154
765	(13.506006034818116+8.80638598655315j)	0.2773129940032959	72.92687
766	(12.89349707165425+9.05053691112293j)	0.28096723556518555	73.0222
767	(12.268389265576758+9.247531607498132j)	0.29346323013305664	73.11752
768	(11.634482646851515+9.396411059457165j)	0.2764730453491211	73.21285
769	(10.996562763271161+9.497269274619867j)	0.2796950340270996	73.30818
770	(10.358749562159234+9.550724329568975j)	0.2789161205291748	73.40351
771	(9.724953770882657+9.557631922652426j)	0.27881908416748047	73.49884
772	(9.0984852729282+9.51946778871459j)	0.3058178424835205	73.59416
773	(8.483344396465574+9.43695667413558j)	0.320842981338501	73.68949
774	(7.883172553012004+9.312594282688384j)	0.2795090675354004	73.78482
775	(7.300832565088019+9.148515598658898j)	0.27947211265563965	73.88015
776	(6.7390527411158825+8.947497784695056j)	0.28052711486816406	73.97547
777	(6.199989340886886+8.711531173268764j)	0.27893900871276855	74.0708
778	(5.68591894269342+8.443928702613867j)	0.27193498611450195	74.16613
779	(5.1990859831287874+8.14685208582117j)	0.27539515495300293	74.26146
780	(4.740449804623018+7.824124734918842j)	0.2753148078918457	74.35679
781	(4.310692532912878+7.478757263170687j)	0.27948904037475586	74.45211
782	(3.9107052298677023+7.113036053039973j)	0.27779412269592285	74.54744
783	(3.5410622577627624+6.730228639785436j)	0.27933692932128906	74.64277
784	(3.2017317622857853+6.333075476708297j)	0.28519606590270996	74.7381
785	(2.8924293351597936+5.924519141586189j)	0.27782464027404785	74.83343
786	(2.6120158464237218+5.506946551808138j)	0.2820899486541748	74.92875
787	(2.360433423840818+5.0820256246548725j)	0.2792646884918213	75.02408
788	(2.136584900435956+4.652179495948362j)	0.27617597579956055	75.11941
789	(2.2360533330708234+4.33643095277702j)	0.2878727912902832	75.21474
790	(1.7678385577453215+3.7850697071679855j)	0.27774906158447266	75.31007
791	(1.619874837476282+3.3506429550304757j)	0.2845780849456787	75.40539
792	(1.4949329086537202+2.9165113060894443j)	0.27806591987609863	75.50072
793	(1.3918094188998509+2.4838950992255757j)	0.30005812644958496	75.59605
794	(1.3091921520462728+2.0534506763015186j)	0.29628801345825195	75.69138
795	(1.2455685999038533+1.6256538576637176j)	0.27398109436035156	75.78671
796	(1.2000013511963201+1.2001898223743521j)	0.2812979221343994	75.88203
797	(1.1718774243311967+0.776879935459863j)	0.2765500545501709	75.97736
798	(1.1606110705035437+0.35592941551180635j)	0.2770388126373291	76.07269
799	(1.1655283420129654-0.06289017297576882j)	0.28089213371276855	76.16802
800	(1.1860072384468574-0.4800390248156985j)	0.27805399894714355	76.26335
801	(1.221965161225564-0.8959289186658677j)	0.2797369956970215	76.35867
802	(1.2740289053228804-1.3113296393994411j)	0.2861011028289795	76.454
803	(1.3422374452486339-1.7258689232777689j)	0.27951979637145996	76.54933
804	(1.4270374712296008-2.13994707378493j)	0.28417301177978516	76.64466
805	(1.5286032748772058-2.553783631799854j)	0.2827892303466797	76.73998
806	(1.6483861185406674-2.9677926042547425j)	0.27965593338012695	76.83531
807	(1.7872957658105024-3.3812963806664125j)	0.278562068939209	76.93064
808	(1.9473040579436878-3.7942441082098766j)	0.27032899856567383	77.02597
809	(2.1263799974913016-4.204825183050288j)	0.27762794494628906	77.1213
810	(2.3283967118899422-4.613590258960783j)	0.28401613235473633	77.21662
811	(2.554032692315605-5.019155067177417j)	0.2791149616241455	77.31195
812	(2.804379922036744-5.419840510490213j)	0.28293299674987793	77.40728
813	(3.0800491440445636-5.8139563939276515j)	0.29074716567993164	77.50261
814	(3.3820880314341655-6.199829287413521j)	0.2816760540008545	77.59794
815	(3.7107913987260073-6.5756807984947425j)	0.2737600803375244	77.69326
816	(4.067332777377509-6.9390848725496195j)	0.2759087085723877	77.78859
817	(4.45181735796562-7.28712947408033j)	0.2770659923553467	77.88392
818	(4.8641930719952-7.6174722070201835j)	0.27980589866638184	77.97925
819	(5.303643197673463-7.927470423985264j)	0.2786288261413574	78.07458
820	(5.76975286864967-8.214611904424123j)	0.2811698913574219	78.1699
821	(6.261819462807868-8.47546373542555j)	0.28429222106933594	78.26523
822	(6.779267483923922-8.707934551740363j)	0.2724168300628662	78.36056
823	(7.318755398123853-8.908613568629466j)	0.279163122177124	78.45589
824	(7.879546233046494-9.0746321979726j)	0.2812621593475342	78.55122
825	(8.4585605702027-9.204677358445352j)	0.2946639060974121	78.64654
826	(9.05374997794218-9.295257811929819j)	0.27899599075317383	78.74187
827	(9.661710948698115-9.344128521358051j)	0.2994210720062256	78.8372
828	(10.279294035823924-9.350536901355401j)	0.287477970123291	78.93253
829	(10.902704209488698-9.312345930498841j)	0.3652980327606201	79.02786
830	(11.528665556840792-9.228587528537215j)	0.3007051944732666	79.12318
831	(12.15311958674388-9.097952949687295j)	0.2793560028076172	79.21851
832	(12.771996161420965-8.920677041588633j)	0.29230690002441406	79.31384
833	(13.380865234492045-8.696256201915778j)	0.2794051170349121	79.40917
834	(13.975761985306228-8.425846805799237j)	0.28705787658691406	79.50449
835	(14.552943657492579-8.10997342035906j)	0.2765688896179199	79.59982
836	(15.108081974119973-7.7496965337342285j)	0.27962589263916016	79.69515
837	(15.637188349461669-7.3469914638240175j)	0.3059382438659668	79.79048
838	(16.136202778672438-6.90411177503672j)	0.31787800788879395	79.88581
839	(16.601818012523744-6.42410530122129j)	0.3221721649169922	79.98113
840	(17.031208474385174-5.908951017289297j)	0.31139397621154785	80.07646
841	(17.420939401876147-5.362437488177741j)	0.359907865524292	80.17179
842	(17.76823678304875-4.7877503561917685j)	0.29944705963134766	80.26712
843	(18.070926006958324-4.18909100052809j)	0.3074150085449219	80.36245
844	(18.327393091394782-3.5707850494645195j)	0.3388209342956543	80.45777
845	(18.53629162639917-2.9361689627407213j)	0.29548001289367676	80.5531
846	(18.696260037905745-2.2897975001667366j)	0.3315558433532715	80.64843
847	(18.806755703156178-1.6360567451161954j)	0.4421541690826416	80.74376
848	(18.867712773162165-0.9795296486800185j)	0.31638002395629883	80.83909
849	(18.88004424585692-0.32463122814800727j)	0.2814798355102539	80.93441
850	(18.843830658043+0.3253521130195818j)	0.28524231910705566	81.02974
851	(18.76075424761477+0.965888404306888j)	0.27454113960266113	81.12507
852	(18.63171160883795+1.5928766021434742j)	0.2778172492980957	81.2204
853	(18.45945082873847+2.203027542783529j)	0.28986501693725586	81.31573
854	(18.245618594629825+2.7924173669663626j)	0.28359007835388184	81.41105
855	(18.221447230018256+3.457663377478527j)	0.24819183349609375	81.50638
856	(17.704341792164175+3.899793170418301j)	0.278275728225708	81.60171
857	(17.381785781749993+4.411847662644298j)	0.2810029983520508	81.69704
858	(17.03065272340963+4.893983577793962j)	0.2912309169769287	81.79237
859	(16.652316280927064+5.343927334264315j)	0.27566003799438477	81.88769
860	(16.250503245741918+5.761339662360779j)	0.28460121154785156	81.98302
861	(15.82832274863203+6.1447595109738256j)	0.27692604064941406	82.07835
862	(15.389119874830683+6.493491534592574j)	0.2789778709411621	82.17368
863	(14.936435646443568+6.807699158083419j)	0.2817866802215576	82.269
864	(14.472972582278532+7.087846616518387j)	0.28599071502685547	82.36433
865	(14.001548540556675+7.334430658813897j)	0.28803014755249023	82.45966
866	(13.524763619654697+7.547922528153004j)	0.2814509868621826	82.55499
867	(13.045342066979282+7.729327022955046j)	0.27623486518859863	82.65032
868	(12.565603588703231+7.879574855119846j)	0.2750730514526367	82.74564
869	(12.087275066516154+8.00109784911046j)	0.2829592227935791	82.84097
870	(11.611691273762972+8.094529765659512j)	0.2747199535369873	82.9363
871	(11.140833109647867+8.161401122740507j)	0.2734720706939697	83.03163
872	(10.67565821130056+8.203506938781972j)	0.2784247398376465	83.12696
873	(10.21721193296988+8.222196136716688j)	0.28864312171936035	83.22228
874	(9.765738711056633+8.219620112041074j)	0.2778511047363281	83.31761
875	(9.321596093215124+8.196459677127j)	0.27039384841918945	83.41294
876	(8.885263993530817+8.154365912135226j)	0.3524589538574219	83.50827
877	(8.456719798991642+8.094348667286367j)	0.28030896186828613	83.6036
878	(8.036008948455944+8.017798707134805j)	0.4407389163970947	83.69892
879	(7.622136454026945+7.92534622507024j)	0.2891418933868408	83.79425
880	(7.215055494240833+7.81748635233877j)	0.27433109283447266	83.88958
881	(6.814416170200598+7.694470367497081j)	0.3582117557525635	83.98491
882	(6.419938518252607+7.5566922369192095j)	0.2799050807952881	84.08024
883	(6.031469111777264+7.404810065577937j)	0.27721619606018066	84.17556
884	(5.6478221204564445+7.237776955452357j)	0.2816650867462158	84.27089
885	(5.269203958618045+7.055312458545892j)	0.2753620147705078	84.36622
886	(4.8956927710136116+6.857052845497498j)	0.2786259651184082	84.46155
887	(4.5274297738547515+6.642281611327011j)	0.28305983543395996	84.55688
888	(4.1645383954233015+6.410637455312233j)	0.2773091793060303	84.6522
889	(3.8071822858135302+6.160770792298451j)	0.2833211421966553	84.74753
890	(3.4562464703029425+5.891780735101868j)	0.2727091312408447	84.84286
891	(3.1125830338904548+5.602781964219075j)	0.2803459167480469	84.93819
892	(2.777942853611105+5.293227978782282j)	0.27943921089172363	85.03351
893	(2.4527585502136007+4.96243478966595j)	0.28700900077819824	85.12884
894	(2.1389359390769873+4.60927826496728j)	0.276141881942749	85.22417
895	(1.838643688306715+4.2332253353141205j)	0.28250718116760254	85.3195
896	(1.553842926097538+3.8343785308611196j)	0.2807631492614746	85.41483
897	(1.2866357058600744+3.412728946394673j)	0.27659082412719727	85.51015
898	(1.0390735710548278+2.9682112676963937j)	0.31333184242248535	85.60548
899	(0.8136137622731492+2.501033655272572j)	0.3040282726287842	85.70081
900	(0.6129897601793555+2.0120932925733026j)	0.28442978858947754	85.79614
901	(0.4398129193093389+1.5026588742050333j)	0.27442002296447754	85.89147
902	(0.29646813632172697+0.9742459348921754j)	0.2795438766479492	85.98679
903	(0.18492518476625203+0.42821775225880315j)	0.34685420989990234	86.08212
904	(0.10833045275544065-0.13333260186410906j)	0.33602309226989746	86.17745
905	(0.06835632424427379-0.7080064645178388j)	0.28650712966918945	86.27278
906	(0.06736770476467119-1.2929312846449332j)	0.2831699848175049	86.36811
907	(0.10669131092716233-1.8849775777800521j)	0.29360270500183105	86.46343
908	(0.18794650055406104-2.4813964580128216j)	0.2892909049987793	86.55876
909	(0.31235932070624495-3.078751137943878j)	0.2865569591522217	86.65409
910	(0.480920391519319-3.673022068222278j)	0.28636884689331055	86.74942
911	(0.6940625473749467-4.2603595944855925j)	0.28804707527160645	86.84475
912	(0.9512065523097264-4.836958083948737j)	0.28701114654541016	86.94007
913	(1.2526677722558535-5.3990640484188805j)	0.2737720012664795	87.0354
914	(1.5976513032245885-5.94264398614512j)	0.28035998344421387	87.13073
915	(1.9848799045964285-6.463711240769357j)	0.28408193588256836	87.22606
916	(2.4127010518901724-6.958087870067218j)	0.2972228527069092	87.32139
917	(2.8786734854620835-7.422140380501658j)	0.27937793731689453	87.41671
918	(3.3807681307412607-7.852934096722242j)	0.28751325607299805	87.51204
919	(3.9164905677463797-8.246753591949979j)	0.2810502052307129	87.60737
920	(4.482350730330873-8.600668990061399j)	0.2834899425506592	87.7027
921	(5.074724547015115-8.911620040092286j)	0.2681539058685303	87.79802
922	(5.689967335522116-9.177767905366702j)	0.28457069396972656	87.89335
923	(6.324243087424655-9.39723661435505j)	0.2905910015106201	87.98868
924	(6.973418927671695-9.568280474585432j)	0.2849738597869873	88.08401
925	(7.633491224843126-9.689619577437446j)	0.2724637985229492	88.17934
926	(8.29921211015038-9.7606542310767j)	0.2864670753479004	88.27466
927	(8.966775854199867-9.781668675084195j)	0.27881789207458496	88.36999
928	(9.63191308962036-9.75278605114924j)	0.2797219753265381	88.46532
929	(10.29028058572183-9.674350904287957j)	0.27409887313842773	88.56065
930	(10.937515480864956-9.547740255458331j)	0.2811760902404785	88.65598
931	(11.569355626311125-9.373925702184394j)	0.29225707054138184	88.7513
932	(12.182485865846388-9.155927413092952j)	0.2928750514984131	88.84663
933	(12.773397333577845-8.895227174546314j)	0.28416895866394043	88.94196
934	(13.338538167898808-8.594579721092195j)	0.2755157947540283	89.03729
935	(13.87522953314256-8.256688692034489j)	0.2819809913635254	89.13262
936	(14.380431380715358-7.884985939687167j)	0.2786397933959961	89.22794
937	(14.852673105973814-7.482743896824602j)	0.27623701095581055	89.32327
938	(15.289828161697258-7.053383533365937j)	0.28508901596069336	89.4186
939	(15.690481811318502-6.600033759972934j)	0.2743990421295166	89.51393
940	(16.053446821378596-6.126420849748052j)	0.2782552242279053	89.60926
941	(16.378543127135828-5.636276496460553j)	0.27559995651245117	89.70458
942	(16.66520761115183-5.132981381491603j)	0.2803640365600586	89.79991
943	(16.913892702575655-4.619937883168367j)	0.2869229316711426	89.89524
944	(17.124563843644463-4.100396832864037j)	0.2870919704437256	89.99057
945	(17.29865126726358-3.5769421080631743j)	0.288114070892334	90.0859
946	(17.436237839564022-3.0532290655440333j)	0.2780778408050537	90.18122
947	(17.540126260362328-2.531437720439274j)	0.35045719146728516	90.27655
948	(17.61004438430448-2.01424592031053j)	0.2789580821990967	90.37188
949	(17.647122225963773-1.5029300444399656j)	0.256990909576416	90.46721
950	(17.65762789628853-1.0002221626435306j)	0.281247615814209	90.56253
951	(17.63884658159059-0.5070799132913226j)	0.28214287757873535	90.65786
952	(17.594370734806393-0.024897139384277622j)	0.27544498443603516	90.75319
953	(17.52573383487326+0.4457762364650195j)	0.2737081050872803	90.84852
954	(17.43433148838345+0.9039368221382897j)	0.2776210308074951	90.94385
955	(17.322865491157668+1.3491755606433609j)	0.2777531147003174	91.03917
956	(17.192954848942446+1.7812666253163627j)	0.2793619632720947	91.1345
957	(17.04558721348245+2.200580459915007j)	0.2980339527130127	91.22983
958	(16.88205766930652+2.607313906277807j)	0.3354761600494385	91.32516
959	(16.703654756134505+3.001701828326344j)	0.2975270748138428	91.42049
960	(16.510910520129563+3.3838338506037795j)	0.28762102127075195	91.51581
961	(16.305279831559275+3.7544556892255163j)	0.297321081161499	91.61114
962	(16.08690563874025+4.114422385576221j)	0.30445384979248047	91.70647
963	(15.85605351366376+4.463984820740409j)	0.290543794631958	91.8018
964	(15.612696599753223+4.803713862436153j)	0.29230499267578125	91.89713
965	(15.356763665435112+5.133631084461414j)	0.29567813873291016	91.99245
966	(15.088199755489715+5.454090427511293j)	0.28949594497680664	92.08778
967	(14.80648599016009+5.765667468021206j)	0.27699899673461914	92.18311
968	(14.510795212822982+6.06811950446949j)	0.3267252445220947	92.27844
969	(14.200828813314235+6.361072142153802j)	0.3090839385986328	92.37377
970	(13.875823080754357+6.643597810240728j)	0.2897920608520508	92.46909
971	(13.535415801271688+6.915755356065019j)	0.2749512195587158	92.56442
972	(13.178280585507544+7.176445020940449j)	0.27681922912597656	92.65975
973	(12.8041440997368+7.424461197188268j)	0.28074026107788086	92.75508
974	(12.41299335449038+7.6580155728446275j)	0.2928950786590576	92.85041
975	(12.003094795466154+7.8763785936514426j)	0.31852126121520996	92.94573
976	(11.576162049477238+8.077588623404324j)	0.27942728996276855	93.04106
977	(11.130941971928866+8.259746636164593j)	0.28058576583862305	93.13639
978	(10.667796953062645+8.420548492551585j)	0.2832949161529541	93.23172
979	(10.18760267884847+8.55742876923263j)	0.28696608543395996	93.32704
980	(9.691388169514925+8.669183851874742j)	0.2769792079925537	93.42237
981	(9.179878459364566+8.753599567958592j)	0.27610015869140625	93.5177
982	(8.65447020801802+8.808194090536396j)	0.32990407943725586	93.61303
983	(8.116838575251746+8.83054187259651j)	0.28816795349121094	93.70836
984	(7.569315197225491+8.818665767985161j)	0.2782618999481201	93.80368
985	(7.0142270236483855+8.771064224117131j)	0.2797529697418213	93.89901
986	(6.453722832074692+8.686281143269735j)	0.2789430618286133	93.99434
987	(5.891808238954614+8.562392356692715j)	0.399385929107666	94.08967
988	(5.33034343281842+8.398199852035962j)	0.3828909397125244	94.185
989	(4.773334364539512+8.192931822703029j)	0.2901160717010498	94.28032
990	(4.22436635383778+7.946537495382048j)	0.2801799774169922	94.37565
991	(3.686815415588791+7.658639479396269j)	0.28567075729370117	94.47098
992	(3.164358608785719+7.3292911317168015j)	0.2783370018005371	94.56631
993	(2.6608980896025143+6.959160383576385j)	0.288409948348999	94.66164
994	(2.1806275670195387+6.549014550057036j)	0.2740790843963623	94.75696
995	(1.7266387486282166+6.1011336577040325j)	0.2810659408569336	94.85229
996	(1.3024380206773065+5.616757641299369j)	0.28571009635925293	94.94762
997	(0.9120818615947632+5.098532571625769j)	0.2792398929595947	95.04295
998	(0.5585221954429753+4.548567203002264j)	0.2740011215209961	95.13828
999	(0.24487209196951265+3.969964465320309j)	0.2875630855560303	95.2336
