	res_adaptive	time_adaptive	w
0	(-1.0590818900237249+0.050183902802992j)	0.46177005767822266	0.001
1	(-0.9990911981098728-0.006954620963436093j)	0.42765021324157715	0.09633
2	(-1.0032962425674912-0.015280823201728817j)	0.3553049564361572	0.19166
3	(-1.0001610124049944-0.02281944088484676j)	0.3646829128265381	0.28698
4	(-1.0008623431573282-0.028342512347967124j)	0.4746110439300537	0.38231
5	(-0.9992009387736553-0.037835034900984874j)	0.4404747486114502	0.47764
6	(-1.0005435350562497-0.047064078738909075j)	0.46240901947021484	0.57297
7	(-0.9994629517541186-0.05338464899752533j)	0.6577579975128174	0.6683
8	(-0.9998572027223138-0.060408509335078374j)	0.32964420318603516	0.76362
9	(-0.997719331539717-0.06851352929079893j)	0.6429719924926758	0.85895
10	(-0.997453419831158-0.07782121345796708j)	0.44879913330078125	0.95428
11	(-0.9969840628585122-0.08422997089654341j)	0.4019320011138916	1.04961
12	(-0.9945424619077147-0.09160139057605649j)	0.3305521011352539	1.14494
13	(-0.9951256783084728-0.09903933078182686j)	0.3524479866027832	1.24026
14	(-0.9952300769017361-0.10797008786109266j)	0.333510160446167	1.33559
15	(-0.9935787357847616-0.114659209518888j)	0.317227840423584	1.43092
16	(-0.9915924590894885-0.12117782605083968j)	0.35763096809387207	1.52625
17	(-0.991559933317092-0.12935149119215186j)	0.3540811538696289	1.62157
18	(-0.9894834074863998-0.13744840378304554j)	0.3277280330657959	1.7169
19	(-0.9893805811415903-0.1447744771859431j)	0.3264172077178955	1.81223
20	(-0.9880437793905968-0.15101057324802086j)	0.3457520008087158	1.90756
21	(-0.9866439394942913-0.15922900288789316j)	0.33681583404541016	2.00289
22	(-0.984860428644282-0.16681713970908008j)	0.3755021095275879	2.09821
23	(-0.9844378431806466-0.1746938492452941j)	0.32048487663269043	2.19354
24	(-0.9835844967070674-0.18115379933193504j)	0.3318912982940674	2.28887
25	(-0.9816772455164587-0.1890937725502752j)	0.3241569995880127	2.3842
26	(-0.9810950627189166-0.19743165129202184j)	0.31985902786254883	2.47953
27	(-0.9787107343748058-0.20450671929595454j)	0.3176860809326172	2.57485
28	(-0.9780772015825308-0.2115118041215484j)	0.31856203079223633	2.67018
29	(-0.9757572862683981-0.21903003228879098j)	0.46948981285095215	2.76551
30	(-0.974235458474452-0.22758567788419415j)	0.5642380714416504	2.86084
31	(-0.9727571357405375-0.2345705847617774j)	0.4210062026977539	2.95617
32	(-0.9712364282862788-0.24182538250330887j)	0.32082080841064453	3.05149
33	(-0.968772076947208-0.24890137727704953j)	0.32128477096557617	3.14682
34	(-0.9673812208103726-0.25490339032022424j)	0.3553769588470459	3.24215
35	(-0.9648202413761806-0.26435096912226647j)	0.32001590728759766	3.33748
36	(-0.9620043928787068-0.2709707404129075j)	0.32088208198547363	3.43281
37	(-0.9607103426082495-0.2785438436499636j)	0.3598039150238037	3.52813
38	(-0.9571059030532733-0.28516067243729404j)	0.3660008907318115	3.62346
39	(-0.9559624518970024-0.29362277697955597j)	0.32294297218322754	3.71879
40	(-0.9535306637396389-0.2999130545958273j)	0.3292539119720459	3.81412
41	(-0.9508645225732147-0.30745766209869485j)	0.3290224075317383	3.90945
42	(-0.9483832932968876-0.31489353814179155j)	0.330718994140625	4.00477
43	(-0.946345973639307-0.32242970924211584j)	0.37878894805908203	4.1001
44	(-0.9443025081192374-0.3287939049680847j)	0.33576011657714844	4.19543
45	(-0.9413474863253825-0.3360444297809745j)	0.33025407791137695	4.29076
46	(-0.9385303631775654-0.34325326641209375j)	0.3338050842285156	4.38608
47	(-0.9360448203555648-0.3508810021052655j)	0.3730151653289795	4.48141
48	(-0.9341597435054845-0.35762470383770817j)	0.32050490379333496	4.57674
49	(-0.9310293175120893-0.36458088746912265j)	0.35198473930358887	4.67207
50	(-0.928377006892334-0.37255273812804224j)	0.3289482593536377	4.7674
51	(-0.9250343882191162-0.37907930843002346j)	0.39198994636535645	4.86272
52	(-0.9229559799423266-0.38629976387272513j)	0.34046316146850586	4.95805
53	(-0.9197460991310686-0.3930058956892364j)	0.3270907402038574	5.05338
54	(-0.9163271895584179-0.40077827647217057j)	0.3836359977722168	5.14871
55	(-0.913651429823551-0.407820291412442j)	0.37419605255126953	5.24404
56	(-0.9106309207650627-0.41463110926598035j)	0.3885812759399414	5.33936
57	(-0.907406619153287-0.42116759730318576j)	0.32669806480407715	5.43469
58	(-0.9034157943531422-0.4284373521596255j)	0.3634028434753418	5.53002
59	(-0.900413095030928-0.435564184593461j)	0.3231508731842041	5.62535
60	(-0.8969225359483295-0.4416382584335139j)	0.3296020030975342	5.72068
61	(-0.8940245126103779-0.4488927664378263j)	0.31873512268066406	5.816
62	(-0.8897859185102308-0.4555376478324715j)	0.3258490562438965	5.91133
63	(-0.886400048363558-0.46265322347754817j)	0.3306868076324463	6.00666
64	(-0.883195560562836-0.46870469546022153j)	0.3204011917114258	6.10199
65	(-0.8791855817474973-0.47526502891060024j)	0.4022679328918457	6.19732
66	(-0.8755311365106887-0.48216768862566917j)	0.31675291061401367	6.29264
67	(-0.8717545447735928-0.4891697280616011j)	0.3213009834289551	6.38797
68	(-0.8686826306341306-0.4954672860183337j)	0.33107495307922363	6.4833
69	(-0.8646457842920128-0.5017474698954858j)	0.31729888916015625	6.57863
70	(-0.8609180049244288-0.5090085710147731j)	0.3160221576690674	6.67396
71	(-0.8565189071026171-0.5152428907509007j)	0.3248460292816162	6.76928
72	(-0.8532637190668555-0.5218908998552958j)	0.3283820152282715	6.86461
73	(-0.8492751618543775-0.5280214723550465j)	0.31776881217956543	6.95994
74	(-0.8449151099024359-0.5350995426252473j)	0.3321681022644043	7.05527
75	(-0.8406362615405975-0.5409749597112173j)	0.3292860984802246	7.15059
76	(-0.8369726141014268-0.5479122667755036j)	0.3218727111816406	7.24592
77	(-0.8329399774795618-0.553977664812151j)	0.36938905715942383	7.34125
78	(-0.8280778515463423-0.5606189083460993j)	0.35802698135375977	7.43658
79	(-0.8239735283543939-0.5673165771262452j)	0.6071958541870117	7.53191
80	(-0.8197109129960022-0.5733643929478695j)	0.5123047828674316	7.62723
81	(-0.8155986924430371-0.5794404874900658j)	0.3123347759246826	7.72256
82	(-0.810488693780296-0.5855190949524774j)	0.29189610481262207	7.81789
83	(-0.8059410625049739-0.5920881791166327j)	0.3405880928039551	7.91322
84	(-0.8016756590263111-0.5976839077154819j)	0.30599093437194824	8.00855
85	(-0.7973178075657608-0.6042419329418001j)	0.30953216552734375	8.10387
86	(-0.7922340106366403-0.6098088182304607j)	0.3210117816925049	8.1992
87	(-0.7873076484730703-0.6161135830653817j)	0.3132510185241699	8.29453
88	(-0.7831274258332739-0.6218335817311094j)	0.33426880836486816	8.38986
89	(-0.7781892664198448-0.6273338723679763j)	0.29309582710266113	8.48519
90	(-0.7733623207210338-0.6335422831037361j)	0.3179478645324707	8.58051
91	(-0.7681706217094066-0.639511200753601j)	0.3278310298919678	8.67584
92	(-0.763866613355701-0.6454621543023009j)	0.34783220291137695	8.77117
93	(-0.75903598657335-0.6508312222637949j)	0.32286906242370605	8.8665
94	(-0.7538046751830649-0.6570474271696811j)	0.3162808418273926	8.96183
95	(-0.7485214735498064-0.6624120354124128j)	0.3441169261932373	9.05715
96	(-0.743857735165474-0.6685483851196817j)	0.39718198776245117	9.15248
97	(-0.7390582218011545-0.6739305805660204j)	0.37952685356140137	9.24781
98	(-0.7334260062528539-0.6797664970336534j)	0.30756092071533203	9.34314
99	(-0.7283831598716626-0.6858349148530529j)	0.3099210262298584	9.43847
100	(-0.7230789491941934-0.6910289506828613j)	0.3534548282623291	9.53379
101	(-0.7181756094478823-0.696486049065592j)	0.34219908714294434	9.62912
102	(-0.7123253235069874-0.7018379334498801j)	0.2963838577270508	9.72445
103	(-0.7067999824154799-0.7077165482012995j)	0.29314613342285156	9.81978
104	(-0.7015511557304415-0.7128190721551755j)	0.28644895553588867	9.9151
105	(-0.6964107839209102-0.718322287179548j)	0.293734073638916	10.01043
106	(-0.6905541468275318-0.7232143398002578j)	0.2893409729003906	10.10576
107	(-0.6846452181288691-0.7287302813497436j)	0.2912259101867676	10.20109
108	(-0.6794722311219478-0.7337658241565745j)	0.2899787425994873	10.29642
109	(-0.6738820167547953-0.7393057876402982j)	0.2850492000579834	10.39174
110	(-0.6681741939447831-0.7438844624353114j)	0.3628661632537842	10.48707
111	(-0.6620496893736523-0.74895949120719j)	0.28665876388549805	10.5824
112	(-0.6567553977089715-0.7540927739088308j)	0.2838108539581299	10.67773
113	(-0.65116033014579-0.7585902346688903j)	0.28388404846191406	10.77306
114	(-0.6452270878821895-0.7638688860148846j)	0.2879512310028076	10.86838
115	(-0.6390534698912131-0.7685340958474023j)	0.28641486167907715	10.96371
116	(-0.6334724785709878-0.7737368115164043j)	0.28742384910583496	11.05904
117	(-0.6279640270970208-0.778270733301178j)	0.2874917984008789	11.15437
118	(-0.6216665526854885-0.7831404118595781j)	0.28686070442199707	11.2497
119	(-0.6155997566573758-0.7875588012924586j)	0.28415894508361816	11.34502
120	(-0.6096095554404246-0.7927013087165471j)	0.28566789627075195	11.44035
121	(-0.6040143573978825-0.7973491955803933j)	0.2893381118774414	11.53568
122	(-0.597561051345095-0.8018168757086321j)	0.2856578826904297	11.63101
123	(-0.5912439455415699-0.8068540678582177j)	0.2913961410522461	11.72634
124	(-0.5851524701204404-0.8109552194878644j)	0.30867815017700195	11.82166
125	(-0.579295527602812-0.8156720454477862j)	0.2950100898742676	11.91699
126	(-0.5728258341522391-0.8197564446286888j)	0.32500386238098145	12.01232
127	(-0.5661243834988836-0.8243815157534893j)	0.3151419162750244	12.10765
128	(-0.5601119225769413-0.8286378247417958j)	0.3621358871459961	12.20298
129	(-0.5538872226772735-0.8330956103246863j)	0.356823205947876	12.2983
130	(-0.5475080721059856-0.836894971108253j)	0.36753416061401367	12.39363
131	(-0.5406160586164872-0.8410127391441475j)	0.32181596755981445	12.48896
132	(-0.53446127285427-0.8452442502704745j)	0.3496367931365967	12.58429
133	(-0.5279369791183677-0.8495423878440237j)	0.2978019714355469	12.67961
134	(-0.5216762777711725-0.8532027915734719j)	0.29581689834594727	12.77494
135	(-0.5147948560153415-0.8568488272018511j)	0.29427194595336914	12.87027
136	(-0.5084064619785164-0.8610246274742759j)	0.3050367832183838	12.9656
137	(-0.5022658557576458-0.8645916044477828j)	0.3009028434753418	13.06093
138	(-0.4953900524321259-0.8686863399528025j)	0.3025400638580322	13.15625
139	(-0.48865021597071623-0.8719995139305448j)	0.351093053817749	13.25158
140	(-0.4819633111681765-0.8760321615116313j)	0.29726624488830566	13.34691
141	(-0.4756464521821132-0.8795496781505929j)	0.3010869026184082	13.44224
142	(-0.4688541956705249-0.8831635650848995j)	0.2925910949707031	13.53757
143	(-0.4620998259497645-0.8865241502528896j)	0.2942960262298584	13.63289
144	(-0.4551093834672248-0.8902927898784392j)	0.2933950424194336	13.72822
145	(-0.4486773573934111-0.8940613277625489j)	0.2975888252258301	13.82355
146	(-0.44175808638435343-0.8972096928452229j)	0.29526805877685547	13.91888
147	(-0.4344672622526049-0.9008384950700504j)	0.2991609573364258	14.01421
148	(-0.4278152326019394-0.9037895701400576j)	0.32784605026245117	14.10953
149	(-0.42079775209307124-0.9077742586049912j)	0.29337286949157715	14.20486
150	(-0.4141375474313914-0.9104083931173568j)	0.297321081161499	14.30019
151	(-0.40667291070189904-0.9135057921687906j)	0.2953519821166992	14.39552
152	(-0.39982408857572055-0.9167702380577615j)	0.29735803604125977	14.49085
153	(-0.39288233971276354-0.9199121091656199j)	0.2972710132598877	14.58617
154	(-0.38606149237024034-0.9226846759066096j)	0.29340219497680664	14.6815
155	(-0.3789328024738325-0.9249100257546448j)	0.30176591873168945	14.77683
156	(-0.3715842093457756-0.9283642233929018j)	0.30275988578796387	14.87216
157	(-0.36491290666014364-0.9308902732983779j)	0.300459623336792	14.96749
158	(-0.35762332473231573-0.9340104223243313j)	0.30009913444519043	15.06281
159	(-0.35038921393718-0.936234947806083j)	0.3088798522949219	15.15814
160	(-0.34313266376464224-0.9390863707998975j)	0.39844822883605957	15.25347
161	(-0.33566500330213933-0.941048303823909j)	0.5517978668212891	15.3488
162	(-0.3289045215571807-0.9444046673972621j)	0.3409409523010254	15.44412
163	(-0.3218926667856547-0.9464578912507133j)	0.305574893951416	15.53945
164	(-0.3144620556077455-0.9490089791514151j)	0.3512110710144043	15.63478
165	(-0.3075903445061766-0.9517002515504708j)	0.38150691986083984	15.73011
166	(-0.3003785696591017-0.9537999289918706j)	0.3837401866912842	15.82544
167	(-0.29307001093360113-0.9559562201068911j)	0.4412710666656494	15.92076
168	(-0.28552487312481095-0.9581606332230698j)	0.5548050403594971	16.01609
169	(-0.2783127116613015-0.9607845743357284j)	0.6052861213684082	16.11142
170	(-0.2711315634098578-0.9627249414752794j)	0.3281078338623047	16.20675
171	(-0.26336224355468996-0.9647921416171659j)	0.4367969036102295	16.30208
172	(-0.25627328825024986-0.96651362474522j)	0.3649630546569824	16.3974
173	(-0.24869508745812402-0.9688724323628393j)	0.29994916915893555	16.49273
174	(-0.2415069258861901-0.9706874688320086j)	0.4034266471862793	16.58806
175	(-0.23373270887847658-0.9721951901105716j)	0.3556551933288574	16.68339
176	(-0.22619184386957863-0.9741648227207339j)	0.3318207263946533	16.77872
177	(-0.21884977674539124-0.9759225626037054j)	0.36936116218566895	16.87404
178	(-0.21160710269165056-0.9776234230912038j)	0.31335878372192383	16.96937
179	(-0.20404015834826428-0.9787475686110637j)	0.2989499568939209	17.0647
180	(-0.19636635934586566-0.9803862957146845j)	0.32860684394836426	17.16003
181	(-0.18932754317200418-0.9818762073458509j)	0.44129276275634766	17.25536
182	(-0.18154807823513763-0.9835308703972596j)	0.3837571144104004	17.35068
183	(-0.1742349625815059-0.9844597051753461j)	0.5303747653961182	17.44601
184	(-0.16650273338464927-0.9857481371643421j)	0.5347259044647217	17.54134
185	(-0.15932463077490716-0.9872749803622944j)	0.5488348007202148	17.63667
186	(-0.15196747211930411-0.9882420862789187j)	0.29696202278137207	17.732
187	(-0.14428248605987298-0.9893665236526681j)	0.4659287929534912	17.82732
188	(-0.13655863689719705-0.9903196081362655j)	0.4785490036010742	17.92265
189	(-0.12910555687690345-0.9917694473521743j)	0.3259859085083008	18.01798
190	(-0.12178967423926362-0.9926484060477796j)	0.4041881561279297	18.11331
191	(-0.11413156455871382-0.9934519960197813j)	0.4393768310546875	18.20863
192	(-0.10646520656105235-0.9941078955090881j)	0.4090240001678467	18.30396
193	(-0.09869904646542088-0.9953023153656422j)	0.3065030574798584	18.39929
194	(-0.09134174573020826-0.996095626585007j)	0.35903310775756836	18.49462
195	(-0.0834277112477374-0.996500879123305j)	0.37565016746520996	18.58995
196	(-0.0761724625104615-0.9970582224365887j)	0.349017858505249	18.68527
197	(-0.06817402731590383-0.9978278953911336j)	0.3283071517944336	18.7806
198	(-0.059769577375845484-1.000460095904197j)	0.4071469306945801	18.87593
199	(-0.05300011619902684-0.9985229913760829j)	0.29029321670532227	18.97126
200	(-0.045087540280599414-0.9989508532286271j)	0.40900492668151855	19.06659
201	(-0.03762142714715311-0.9993391611476798j)	0.3099241256713867	19.16191
202	(-0.030030763587926668-0.9998119167964676j)	0.3201017379760742	19.25724
203	(-0.022573589535024585-0.9996266688847271j)	0.34921717643737793	19.35257
204	(-0.014693760601414807-0.9996510178079727j)	0.3067309856414795	19.4479
205	(-0.0073457552681744365-0.9999730624869634j)	0.3245561122894287	19.54323
206	(0.000583464999593053-1.000091045302086j)	0.3146641254425049	19.63855
207	(0.007841033128019648-0.9998496212188822j)	0.2972588539123535	19.73388
208	(0.015600120439938359-0.9995334406383274j)	0.30611324310302734	19.82921
209	(0.023140725430940978-0.9997509282192185j)	0.2993457317352295	19.92454
210	(0.03042996380249241-0.9995089313964411j)	0.2894771099090576	20.01987
211	(0.038259523889213165-0.999208514896758j)	0.28484582901000977	20.11519
212	(0.04586398652177398-0.9986410827520683j)	0.35021471977233887	20.21052
213	(0.053634395546302005-0.9986119831437523j)	0.2900428771972656	20.30585
214	(0.06085547737554364-0.9979850401332078j)	0.30149197578430176	20.40118
215	(0.0688133591867881-0.9976203821681957j)	0.2976999282836914	20.49651
216	(0.07616927147335234-0.9969457753092579j)	0.3745291233062744	20.59183
217	(0.08411037164076257-0.9965264459175597j)	0.3447690010070801	20.68716
218	(0.09158217035277372-0.9961293532600093j)	0.31897807121276855	20.78249
219	(0.09923722337715707-0.9950797241960531j)	0.39957094192504883	20.87782
220	(0.10654447971655973-0.9943654658555032j)	0.3030390739440918	20.97314
221	(0.11451715229304427-0.9934717957902799j)	0.3021368980407715	21.06847
222	(0.1221427375356735-0.9928475978751176j)	0.299854040145874	21.1638
223	(0.12956531414951378-0.991581269402501j)	0.2864799499511719	21.25913
224	(0.13742062688955814-0.9903776978409378j)	0.28997802734375	21.35446
225	(0.14478948696231314-0.9894510494512356j)	0.2868039608001709	21.44978
226	(0.15252056071765763-0.9885044236497968j)	0.2852311134338379	21.54511
227	(0.1597475577984998-0.9871471442206449j)	0.29334020614624023	21.64044
228	(0.16739379988068231-0.9855888438939735j)	0.2995762825012207	21.73577
229	(0.1748726300883262-0.9845609512956803j)	0.3127102851867676	21.8311
230	(0.18261881470401686-0.9831791640533123j)	0.33728694915771484	21.92642
231	(0.18975726292306488-0.9818092137940604j)	0.42531895637512207	22.02175
232	(0.19715948445038478-0.9800256303536341j)	0.47752904891967773	22.11708
233	(0.2047667032763722-0.9787496716918631j)	0.311417818069458	22.21241
234	(0.21191107698544398-0.9773649101631449j)	0.3933281898498535	22.30774
235	(0.21958965265842778-0.9755884723981281j)	0.28627729415893555	22.40306
236	(0.2267911096066409-0.9736935942307032j)	0.29961705207824707	22.49839
237	(0.23448325802933595-0.972067879525542j)	0.2930762767791748	22.59372
238	(0.24176518595990265-0.970590953651223j)	0.2872471809387207	22.68905
239	(0.24915894527186516-0.9684860660433123j)	0.3145618438720703	22.78438
240	(0.25634052154774556-0.9665335283090782j)	0.33979105949401855	22.8797
241	(0.2640139258959015-0.9644955322227997j)	0.2907838821411133	22.97503
242	(0.2714606129233134-0.9627872678252836j)	0.28775596618652344	23.07036
243	(0.2786569856311547-0.9604869986881521j)	0.32819509506225586	23.16569
244	(0.2863000371724932-0.9581197790446305j)	0.3068201541900635	23.26102
245	(0.2933253819173904-0.9560111936514624j)	0.31854796409606934	23.35634
246	(0.3008729509883876-0.9539465893593309j)	0.3354380130767822	23.45167
247	(0.30789983567914153-0.9515318039302358j)	0.327009916305542	23.547
248	(0.3151544222221331-0.9490167743389413j)	0.32251811027526855	23.64233
249	(0.3223644874970711-0.9466099117850323j)	0.3120577335357666	23.73765
250	(0.3298918162102741-0.9441278244357412j)	0.32393884658813477	23.83298
251	(0.33682153036410484-0.9416490447980042j)	0.320742130279541	23.92831
252	(0.34388392272263096-0.93870041213891j)	0.3138911724090576	24.02364
253	(0.35117560617889687-0.9361966109635754j)	0.36479687690734863	24.11897
254	(0.35845822365800084-0.933433207262971j)	0.29891419410705566	24.21429
255	(0.3653833964394075-0.9308851397999038j)	0.28940606117248535	24.30962
256	(0.37218279348847094-0.9278619025422394j)	0.3040909767150879	24.40495
257	(0.37945699721909365-0.9250435978083467j)	0.29421496391296387	24.50028
258	(0.38652977084500745-0.9231117646504263j)	0.29045724868774414	24.59561
259	(0.39357533404116885-0.9192804422683297j)	0.28890085220336914	24.69093
260	(0.40023013176104155-0.9162571307611034j)	0.288377046585083	24.78626
261	(0.40741639938519797-0.9130980179916852j)	0.3650228977203369	24.88159
262	(0.41448079639596924-0.9103285724676169j)	0.33698201179504395	24.97692
263	(0.4212575852579089-0.9070504418185711j)	0.3103978633880615	25.07225
264	(0.42804143850625265-0.9038140103255807j)	0.31786513328552246	25.16757
265	(0.4350576825040426-0.9003301792986187j)	0.3164699077606201	25.2629
266	(0.44221360635419005-0.8972039103972761j)	0.32557082176208496	25.35823
267	(0.4488605654385174-0.8938072481098679j)	0.35370373725891113	25.45356
268	(0.4557988575221686-0.8899951958786758j)	0.29708099365234375	25.54889
269	(0.46235012483203564-0.886706078264541j)	0.28519487380981445	25.64421
270	(0.4694620820267241-0.8831467404453092j)	0.28791117668151855	25.73954
271	(0.4760238366751516-0.8796417111691566j)	0.3018918037414551	25.83487
272	(0.4826077707740699-0.8756187802931746j)	0.3410019874572754	25.9302
273	(0.48944066474802306-0.8719507436276557j)	0.32216715812683105	26.02553
274	(0.4961519316683438-0.868238025203675j)	0.30594897270202637	26.12085
275	(0.5026744465326575-0.8646076444599893j)	0.30708885192871094	26.21618
276	(0.5089474692969018-0.8605260814394349j)	0.30712175369262695	26.31151
277	(0.515657440165519-0.8565667815892387j)	0.3305778503417969	26.40684
278	(0.5222645499252518-0.8525776005075738j)	0.34485387802124023	26.50216
279	(0.5287794286692445-0.8487753681632685j)	0.313859224319458	26.59749
280	(0.5348646475750388-0.8447248027693056j)	0.3239631652832031	26.69282
281	(0.5414032547230626-0.8404938311044993j)	0.3285839557647705	26.78815
282	(0.5479026331228045-0.8367011663419566j)	0.3296360969543457	26.88348
283	(0.5543430786487659-0.832204193475278j)	0.30722904205322266	26.9788
284	(0.5603863322603446-0.8281781756684343j)	0.29923009872436523	27.07413
285	(0.5667173801677383-0.8237110519836615j)	0.30231189727783203	27.16946
286	(0.57328324119703-0.8195887028603959j)	0.4037821292877197	27.26479
287	(0.5793705312751518-0.8152957970312296j)	0.4076039791107178	27.36012
288	(0.5854947327755048-0.8108247424004584j)	0.3097977638244629	27.45544
289	(0.5915990096398641-0.8061708736429847j)	0.3091731071472168	27.55077
290	(0.5981020186158527-0.8016321627875425j)	0.43163275718688965	27.6461
291	(0.6041294882009547-0.7972048497902093j)	0.2888331413269043	27.74143
292	(0.6100935679194435-0.7922293518613137j)	0.35857725143432617	27.83676
293	(0.6160028593331507-0.7878296873247612j)	0.3422558307647705	27.93208
294	(0.6222846355273713-0.7828833543770405j)	0.33246779441833496	28.02741
295	(0.6282584529421629-0.7782797760909534j)	0.3984799385070801	28.12274
296	(0.6338875982117803-0.7732483655205706j)	0.4102041721343994	28.21807
297	(0.6399045206364633-0.7682410649684965j)	0.29507994651794434	28.3134
298	(0.6457922110356602-0.7634229598759166j)	0.34594202041625977	28.40872
299	(0.6516965887806058-0.7586049820393502j)	0.4005088806152344	28.50405
300	(0.6571008489264705-0.7536129961279713j)	0.3492710590362549	28.59938
301	(0.6628601813404318-0.7483903191238883j)	0.37880706787109375	28.69471
302	(0.6686397398900676-0.7436339541558232j)	0.29566502571105957	28.79004
303	(0.6744353473063992-0.7382693982690153j)	0.3943476676940918	28.88536
304	(0.6797575514930041-0.7333234021230006j)	0.29070496559143066	28.98069
305	(0.6852588539102931-0.727951694016187j)	0.40413594245910645	29.07602
306	(0.6910605498598055-0.7229092505324501j)	0.3774840831756592	29.17135
307	(0.6965069002989824-0.7173360343303717j)	0.29027676582336426	29.26667
308	(0.7018601596181614-0.7123510417111673j)	0.3983640670776367	29.362
309	(0.7071312626040843-0.7068796593520421j)	0.31978392601013184	29.45733
310	(0.7128448982321716-0.7014672860345004j)	0.35842323303222656	29.55266
311	(0.7181731950102563-0.6962327138083483j)	0.37896084785461426	29.64799
312	(0.7233730143777277-0.6906607149196442j)	0.29993700981140137	29.74331
313	(0.7284547620426499-0.6851137572673026j)	0.40386009216308594	29.83864
314	(0.7339360901639078-0.6793308052720323j)	0.37503790855407715	29.93397
315	(0.7392126149609015-0.6738862516257308j)	0.3282890319824219	30.0293
316	(0.7440822157353812-0.6680444346654862j)	0.37540388107299805	30.12463
317	(0.7491593772021355-0.6626176837071971j)	0.3437047004699707	30.21995
318	(0.7542876406165631-0.6565498843236734j)	0.32248592376708984	30.31528
319	(0.759454027597606-0.6508518647798858j)	0.39664292335510254	30.41061
320	(0.7640788735799547-0.6450414480383939j)	0.3489670753479004	30.50594
321	(0.7689525931036016-0.6389426299124376j)	0.36411309242248535	30.60127
322	(0.7738816159216892-0.633190086000462j)	0.3375370502471924	30.69659
323	(0.7788685445355548-0.6272348664994997j)	0.31269216537475586	30.79192
324	(0.7833707350298045-0.6214701800509546j)	0.3174889087677002	30.88725
325	(0.7879310287258642-0.6152957439010902j)	0.318479061126709	30.98258
326	(0.7928252686306548-0.609426354081336j)	0.3612039089202881	31.07791
327	(0.7974818740023824-0.6031250608392957j)	0.3316307067871094	31.17323
328	(0.8019663308295145-0.5973408357022412j)	0.3554389476776123	31.26856
329	(0.8062791555177181-0.591151914701607j)	0.37386226654052734	31.36389
330	(0.8110478448870073-0.5849796574413559j)	0.34631800651550293	31.45922
331	(0.8155250412056032-0.5790576974804182j)	0.32355403900146484	31.55455
332	(0.8198590267819245-0.5726451958486566j)	0.4167501926422119	31.64987
333	(0.8240031001229386-0.5664505997357354j)	0.3252410888671875	31.7452
334	(0.8285306318782649-0.5599711436272873j)	0.35956573486328125	31.84053
335	(0.8329654702400852-0.5538301322584764j)	0.3744328022003174	31.93586
336	(0.8370164512190718-0.5473739617375756j)	0.30898261070251465	32.03118
337	(0.8410507104082429-0.5411376924913982j)	0.3474881649017334	32.12651
338	(0.8452350185807531-0.5344186589505154j)	0.41117000579833984	32.22184
339	(0.8495396460754254-0.5280002773462915j)	0.30527687072753906	32.31717
340	(0.8532950378719012-0.5215237016888418j)	0.3078470230102539	32.4125
341	(0.8573323637832522-0.5152013932699965j)	0.31670594215393066	32.50782
342	(0.8611266124848223-0.5083608497746085j)	0.30643320083618164	32.60315
343	(0.8651980985751715-0.5016724453781634j)	0.36771726608276367	32.69848
344	(0.8688006929306887-0.4952238707113082j)	0.28844189643859863	32.79381
345	(0.8723396127836172-0.48837797975777986j)	0.2895998954772949	32.88914
346	(0.8761899464744468-0.4818479402552567j)	0.2847769260406494	32.98446
347	(0.8799499832448159-0.47494950604990893j)	0.29459214210510254	33.07979
348	(0.8834807262398596-0.4684839403427794j)	0.34914183616638184	33.17512
349	(0.8867457777329615-0.4616955534614061j)	0.43813419342041016	33.27045
350	(0.8904480315942562-0.4548853886099474j)	0.29731202125549316	33.36578
351	(0.8938512854280813-0.4479042366306201j)	0.34996724128723145	33.4611
352	(0.8973449121047822-0.44133062476211177j)	0.2874009609222412	33.55643
353	(0.9004454975912256-0.4346053305011234j)	0.2929048538208008	33.65176
354	(0.903892415815548-0.42757301106094353j)	0.3171861171722412	33.74709
355	(0.9073547905104342-0.4208838084845753j)	0.3219289779663086	33.84242
356	(0.910395562398626-0.41377282486870987j)	0.3103358745574951	33.93774
357	(0.9134144237246536-0.40705359531995366j)	0.30687904357910156	34.03307
358	(0.9165358442446713-0.39984915862091364j)	0.31206798553466797	34.1284
359	(0.9198618837272762-0.3928834833640186j)	0.3023710250854492	34.22373
360	(0.9226645074009915-0.3859123475476733j)	0.38107967376708984	34.31906
361	(0.9255792564111347-0.37900984689691697j)	0.46912574768066406	34.41438
362	(0.928342160287771-0.371720862055859j)	0.35825586318969727	34.50971
363	(0.9314059134937654-0.3644819101951684j)	0.3534510135650635	34.60504
364	(0.9340436808722464-0.3575131369157256j)	0.2958040237426758	34.70037
365	(0.9368462823577047-0.3504971755690539j)	0.2895090579986572	34.79569
366	(0.9392732729233269-0.34321868536208033j)	0.2988259792327881	34.89102
367	(0.9419759635001486-0.3357831783456584j)	0.2878890037536621	34.98635
368	(0.9444940392157719-0.32878379387706635j)	0.2985038757324219	35.08168
369	(0.9466573528482876-0.3215342082612238j)	0.2966132164001465	35.17701
370	(0.9493060713402437-0.3143899609476361j)	0.2864418029785156	35.27233
371	(0.9516132459178867-0.30687398072354327j)	0.2981388568878174	35.36766
372	(0.9540275338650319-0.29978564154419085j)	0.2889139652252197	35.46299
373	(0.956017061348515-0.29265892493494255j)	0.3013019561767578	35.55832
374	(0.9582900861176816-0.28521805891715013j)	0.29662489891052246	35.65365
375	(0.9603857449521603-0.2777950033778935j)	0.29100918769836426	35.74897
376	(0.9626708908053132-0.2705550542148091j)	0.36923909187316895	35.8443
377	(0.9645892710440248-0.26348612886269224j)	0.42034196853637695	35.93963
378	(0.9665532576102711-0.25595904797727775j)	0.43715405464172363	36.03496
379	(0.9687985924819054-0.248620065564445j)	0.43570709228515625	36.13029
380	(0.9704449557746058-0.24110290423580505j)	0.33406686782836914	36.22561
381	(0.9723823029346336-0.2339779063098655j)	0.3266911506652832	36.32094
382	(0.9739764173489743-0.22642510809324967j)	0.2931370735168457	36.41627
383	(0.975951541001901-0.21883012573803015j)	0.33014988899230957	36.5116
384	(0.9775695244971432-0.2115231439761105j)	0.29137468338012695	36.60693
385	(0.9791561937819264-0.2041487127539634j)	0.3056201934814453	36.70225
386	(0.9805119537304178-0.1966198707141071j)	0.32969188690185547	36.79758
387	(0.9821048580125039-0.18884601455579414j)	0.3099961280822754	36.89291
388	(0.983570178590747-0.1814855012096059j)	0.3324921131134033	36.98824
389	(0.984607903124363-0.1739375929084657j)	0.29921698570251465	37.08357
390	(0.9861121674138076-0.16657965756012594j)	0.2962329387664795	37.17889
391	(0.9872773933857996-0.15875494770193282j)	0.3146641254425049	37.27422
392	(0.9885777376010604-0.15131112307628086j)	0.3006448745727539	37.36955
393	(0.9894252345854551-0.14392574991912754j)	0.2895069122314453	37.46488
394	(0.9907485173181262-0.13636396801766393j)	0.30878210067749023	37.5602
395	(0.9915235551818641-0.12861539630930957j)	0.2969779968261719	37.65553
396	(0.9926290443108923-0.12106537963759027j)	0.30190372467041016	37.75086
397	(0.9933981344655671-0.1137836326470878j)	0.28829312324523926	37.84619
398	(0.994144841677171-0.10609325956856874j)	0.30874109268188477	37.94152
399	(0.9949063906535683-0.09844002276476349j)	0.3087639808654785	38.03684
400	(0.9957723606124034-0.09077800814197556j)	0.3302431106567383	38.13217
401	(0.9965115808098377-0.08348668019350916j)	0.32158899307250977	38.2275
402	(0.9969857468863367-0.07583674236665622j)	0.3325498104095459	38.32283
403	(0.9978069313591903-0.06807989757598634j)	0.28930187225341797	38.41816
404	(0.998042787318882-0.060446281094286264j)	0.33262109756469727	38.51348
405	(0.9987166432547069-0.05302815356435092j)	0.37460994720458984	38.60881
406	(0.998953642585243-0.04543691301916131j)	0.45728516578674316	38.70414
407	(0.9993967106477037-0.03753150657043158j)	0.4544949531555176	38.79947
408	(0.9997850473453473-0.03000128289578849j)	0.2864058017730713	38.8948
409	(0.9999510661515851-0.022440159759197637j)	0.3094489574432373	38.99012
410	(0.9999869474630924-0.01490832608932055j)	0.296583890914917	39.08545
411	(0.9999988887942222-0.00697809897085816j)	0.2846672534942627	39.18078
412	(1.00017517554102+0.0006402501709988073j)	0.29210591316223145	39.27611
413	(0.9998833972795745+0.008125324209867418j)	0.3822758197784424	39.37144
414	(1.0000338453125435+0.015693233470441853j)	0.3300352096557617	39.46676
415	(0.9996446956328552+0.023516744354187546j)	0.3027956485748291	39.56209
416	(0.9995638195076834+0.03120914933172883j)	0.324995756149292	39.65742
417	(0.9991752499475121+0.03855863230309092j)	0.2938518524169922	39.75275
418	(0.998683706723475+0.04625722268822183j)	0.2974708080291748	39.84808
419	(0.998383913362133+0.05391832689880277j)	0.3233180046081543	39.9434
420	(0.9980148710530491+0.06165209569556704j)	0.3032491207122803	40.03873
421	(0.997583472824778+0.06896776745125283j)	0.302886962890625	40.13406
422	(0.9968553509797822+0.07654711609112988j)	0.3148040771484375	40.22939
423	(0.9962624364228416+0.084228515921178j)	0.30004024505615234	40.32471
424	(0.9955903117329392+0.0919614746246985j)	0.29628801345825195	40.42004
425	(0.9950929028017904+0.09935706997658308j)	0.2847938537597656	40.51537
426	(0.994184109725233+0.10683246344499184j)	0.3885350227355957	40.6107
427	(0.9934530398317374+0.11466528749399318j)	0.3672749996185303	40.70603
428	(0.9923248561882868+0.122162147025203j)	0.3337407112121582	40.80135
429	(0.9916680697607788+0.12971164738602742j)	0.33261704444885254	40.89668
430	(0.9905886664660498+0.1371969841543596j)	0.29653000831604004	40.99201
431	(0.9894718260789015+0.14494777473782938j)	0.2994070053100586	41.08734
432	(0.9885328250096975+0.15254513402115394j)	0.3026740550994873	41.18267
433	(0.9872727494264225+0.15998803760706615j)	0.3175392150878906	41.27799
434	(0.9860671211194391+0.16737197813333066j)	0.31162381172180176	41.37332
435	(0.9845418162836537+0.17507275654734356j)	0.32735776901245117	41.46865
436	(0.9832989178584403+0.18272440552600017j)	0.3353128433227539	41.56398
437	(0.9817788761266846+0.18998662589500387j)	0.3541140556335449	41.65931
438	(0.9805167279912199+0.19750588646105638j)	0.31682705879211426	41.75463
439	(0.9786908301688124+0.20499367719920053j)	0.3240549564361572	41.84996
440	(0.9766982105572038+0.21256378268578457j)	0.2895669937133789	41.94529
441	(0.9755245825870665+0.21982475461891915j)	0.30962705612182617	42.04062
442	(0.9736032322317996+0.22717941511881634j)	0.29651784896850586	42.13595
443	(0.9719567456069077+0.2346858045559608j)	0.28762006759643555	42.23127
444	(0.9700560545623791+0.24223874192526676j)	0.2899448871612549	42.3266
445	(0.9683931390339073+0.24943620572811287j)	0.29467296600341797	42.42193
446	(0.9663309105135514+0.25665663164106217j)	0.30100393295288086	42.51726
447	(0.9644229237396837+0.2642253288101146j)	0.31868910789489746	42.61259
448	(0.9621861239570948+0.2715682579845201j)	0.32380223274230957	42.70791
449	(0.96035860587474+0.2788843954182758j)	0.34166598320007324	42.80324
450	(0.9582087605361284+0.2859926587015838j)	0.31220412254333496	42.89857
451	(0.9559387757867673+0.2935134871718337j)	0.3839988708496094	42.9939
452	(0.9532571588523814+0.301346279547949j)	0.3300960063934326	43.08922
453	(0.9514307926729869+0.308079311712203j)	0.2932131290435791	43.18455
454	(0.9491707297071229+0.3151687846211857j)	0.3799459934234619	43.27988
455	(0.9465526486206441+0.322546402240241j)	0.29339098930358887	43.37521
456	(0.9441934291303937+0.3299638336605655j)	0.2914998531341553	43.47054
457	(0.9415862887131616+0.33700496061733j)	0.29457902908325195	43.56586
458	(0.9391641336825811+0.3441174573330086j)	0.2996852397918701	43.66119
459	(0.936266119337367+0.3512784515004102j)	0.2932438850402832	43.75652
460	(0.9335411835444355+0.35864180048658595j)	0.32256603240966797	43.85185
461	(0.9308440790327767+0.3655636737486444j)	0.3275179862976074	43.94718
462	(0.927778826483297+0.3726429670871379j)	0.29853320121765137	44.0425
463	(0.9250987275269164+0.37966619399416096j)	0.30309200286865234	44.13783
464	(0.9220306968343066+0.38687954733781293j)	0.2953970432281494	44.23316
465	(0.9192226948725923+0.39377963624203277j)	0.30713987350463867	44.32849
466	(0.9160582082270965+0.4005506418990063j)	0.3328282833099365	44.42382
467	(0.9131222090837484+0.40769995236742973j)	0.2890918254852295	44.51914
468	(0.9097385765874427+0.4146817262888451j)	0.2877171039581299	44.61447
469	(0.9067666422729014+0.42160881598939326j)	0.3736240863800049	44.7098
470	(0.9035524790209204+0.42825715705185596j)	0.4057900905609131	44.80513
471	(0.9001860950104335+0.4352857057987913j)	0.29986095428466797	44.90046
472	(0.8967063338343959+0.44208865844732537j)	0.29680919647216797	44.99578
473	(0.8934910464663357+0.4490477132103739j)	0.3019840717315674	45.09111
474	(0.8899715468676842+0.4560431037354588j)	0.35019588470458984	45.18644
475	(0.8865539317966572+0.4625305176114276j)	0.2933499813079834	45.28177
476	(0.8831418101172369+0.46951835538746056j)	0.41036319732666016	45.3771
477	(0.879394968400134+0.47608658581612506j)	0.4223301410675049	45.47242
478	(0.8759717396358317+0.48273478385027424j)	0.32808589935302734	45.56775
479	(0.8720796928664524+0.4893854077751275j)	0.3315310478210449	45.66308
480	(0.8682908560107263+0.496292421073146j)	0.3504140377044678	45.75841
481	(0.8644721198083769+0.5026996608734748j)	0.3182699680328369	45.85373
482	(0.8608185497340485+0.509375173672934j)	0.33241701126098633	45.94906
483	(0.8567589807933986+0.5158002265150122j)	0.295612096786499	46.04439
484	(0.8526176753172761+0.5225115558190608j)	0.35690999031066895	46.13972
485	(0.8487480481287467+0.5289480478525526j)	0.3678910732269287	46.23505
486	(0.8447709975861375+0.5354943777008206j)	0.363584041595459	46.33037
487	(0.8404855058315057+0.541797994912503j)	0.4484221935272217	46.4257
488	(0.836201046327459+0.548162409012013j)	0.4900979995727539	46.52103
489	(0.8321485579713377+0.5545584077126947j)	0.4687478542327881	46.61636
490	(0.8279264492474576+0.5606087819327377j)	0.3700709342956543	46.71169
491	(0.8236696378420638+0.5671172281705749j)	0.3765110969543457	46.80701
492	(0.8190985429904518+0.5732694286679434j)	0.418903112411499	46.90234
493	(0.8148161593224087+0.579619024164704j)	0.46788501739501953	46.99767
494	(0.8099179560908882+0.5853296909038905j)	0.33987903594970703	47.093
495	(0.80594301969168+0.5917916720244707j)	0.38237690925598145	47.18833
496	(0.8013282357876147+0.59787707034395j)	0.3271827697753906	47.28365
497	(0.796773316690347+0.6041423775080643j)	0.3129861354827881	47.37898
498	(0.7924105469573711+0.6101565043276655j)	0.32219505310058594	47.47431
499	(0.7876136189604694+0.6161230193829252j)	0.3379030227661133	47.56964
500	(0.7829297913153513+0.6222896265476764j)	0.3660299777984619	47.66497
501	(0.7780417169251459+0.6280983544403806j)	0.4226870536804199	47.76029
502	(0.7734413131624536+0.6341710814797258j)	0.3849151134490967	47.85562
503	(0.7685080963429113+0.6399327885613428j)	0.31820106506347656	47.95095
504	(0.7634134698736336+0.6459806884351309j)	0.4058539867401123	48.04628
505	(0.7585884580756602+0.65181184474685j)	0.3641960620880127	48.14161
506	(0.7536623780904272+0.6575752341940196j)	0.44840288162231445	48.23693
507	(0.7486261370686222+0.6631574530168651j)	0.557509183883667	48.33226
508	(0.7432724813176851+0.6688948056049536j)	0.42209696769714355	48.42759
509	(0.7382408703111077+0.6746298106821192j)	0.3880119323730469	48.52292
510	(0.7331237131883487+0.6802930615485041j)	0.37825918197631836	48.61824
511	(0.7279989761553475+0.6857355571916257j)	0.33658313751220703	48.71357
512	(0.7225040754197334+0.6911412817260947j)	0.29703211784362793	48.8089
513	(0.7172468840535422+0.6967520883072638j)	0.2963228225708008	48.90423
514	(0.7121003938827264+0.7019965961853056j)	0.29415392875671387	48.99956
515	(0.7066793125936914+0.7076265789945945j)	0.29442715644836426	49.09488
516	(0.7011452973261669+0.7127514292656376j)	0.29927587509155273	49.19021
517	(0.6956563356208446+0.7182016350861778j)	0.3072361946105957	49.28554
518	(0.6904325233860484+0.7234362704685061j)	0.2989802360534668	49.38087
519	(0.6848302814227625+0.7285655068296366j)	0.32132506370544434	49.4762
520	(0.6793200738777103+0.7338553350502663j)	0.2968592643737793	49.57152
521	(0.6734839772331491+0.739008195731128j)	0.30077385902404785	49.66685
522	(0.6680756142856739+0.7442482122781028j)	0.32381582260131836	49.76218
523	(0.662384529516381+0.7491944994434634j)	0.301541805267334	49.85751
524	(0.6564714673693639+0.754422875582327j)	0.3030271530151367	49.95284
525	(0.650715914778361+0.7591844599419246j)	0.3145289421081543	50.04816
526	(0.6450277509866609+0.7643723919623715j)	0.29604005813598633	50.14349
527	(0.6392466952690626+0.7691649484919791j)	0.28623175621032715	50.23882
528	(0.6330962837512282+0.7740681291515643j)	0.28443217277526855	50.33415
529	(0.6272182753923201+0.7790192377349837j)	0.3460659980773926	50.42948
530	(0.6213203167887774+0.7837418108434178j)	0.30147504806518555	50.5248
531	(0.6154351373209663+0.7884021598943792j)	0.32456493377685547	50.62013
532	(0.609196949203638+0.7929099881806936j)	0.29161500930786133	50.71546
533	(0.6030551659684917+0.797711757187515j)	0.2954981327056885	50.81079
534	(0.5971686607819494+0.8020494839605501j)	0.2971210479736328	50.90612
535	(0.5910037451861484+0.8068451150869526j)	0.30971193313598633	51.00144
536	(0.5847114856879287+0.8110847135399981j)	0.3626229763031006	51.09677
537	(0.5784070291726477+0.8156099068608222j)	0.2973921298980713	51.1921
538	(0.5724217419618709+0.8199483810393585j)	0.30133986473083496	51.28743
539	(0.5661247286136268+0.8241153838448929j)	0.30189990997314453	51.38276
540	(0.5597804302154359+0.8284801827125119j)	0.285383939743042	51.47808
541	(0.5533096371289692+0.8327557129003362j)	0.28583717346191406	51.57341
542	(0.5471766167228082+0.837065392955801j)	0.28516411781311035	51.66874
543	(0.5408496399253105+0.8410641278300816j)	0.30319786071777344	51.76407
544	(0.5343361497710936+0.8451829108274588j)	0.42209386825561523	51.85939
545	(0.5277593441834425+0.8491870367303146j)	0.3377249240875244	51.95472
546	(0.5213870241851837+0.8534221333113572j)	0.34386205673217773	52.05005
547	(0.5149992105228418+0.8572950011126835j)	0.33146190643310547	52.14538
548	(0.5082141702336954+0.8612404460664376j)	0.28510308265686035	52.24071
549	(0.5017266447058426+0.8649106993653704j)	0.3042590618133545	52.33603
550	(0.49506879540602433+0.8689733711379721j)	0.2886390686035156	52.43136
551	(0.4885747414005025+0.8727329585234814j)	0.3009617328643799	52.52669
552	(0.4816877964772418+0.8763264845979336j)	0.29589295387268066	52.62202
553	(0.47489077222767334+0.8801384787436973j)	0.389707088470459	52.71735
554	(0.4682622946197736+0.8836744470525814j)	0.32071828842163086	52.81267
555	(0.4616212461079519+0.8873030482550467j)	0.34349966049194336	52.908
556	(0.4547291641447635+0.8905771001786293j)	0.3729228973388672	53.00333
557	(0.4477569933812853+0.894090746592358j)	0.2978689670562744	53.09866
558	(0.4411338989612893+0.8974472690004349j)	0.4066591262817383	53.19399
559	(0.4342170519403712+0.9009595895459932j)	0.3111240863800049	53.28931
560	(0.427377462834263+0.9039968504572732j)	0.3838629722595215	53.38464
561	(0.42030245887606177+0.9071952905388952j)	0.34583115577697754	53.47997
562	(0.4135660540833206+0.9104745475051178j)	0.34559011459350586	53.5753
563	(0.4067313356135336+0.9134233286907887j)	0.3105888366699219	53.67063
564	(0.3996546211104838+0.9165982421562049j)	0.2948901653289795	53.76595
565	(0.3925406681968219+0.9195024408093425j)	0.2898280620574951	53.86128
566	(0.3856166603014252+0.9226719942210447j)	0.28669190406799316	53.95661
567	(0.37876321570014576+0.9255163877843147j)	0.28878188133239746	54.05194
568	(0.37151159273913564+0.9283957759595525j)	0.30999112129211426	54.14727
569	(0.3644476166209655+0.9310427474231064j)	0.3161430358886719	54.24259
570	(0.35729456049942065+0.934023711842696j)	0.3217148780822754	54.33792
571	(0.35034993619962235+0.9367765935670063j)	0.28690099716186523	54.43325
572	(0.34302946231248027+0.9393252802880331j)	0.2899317741394043	54.52858
573	(0.3359857836840456+0.9418050300504592j)	0.287060022354126	54.6239
574	(0.3286188131711312+0.9445020216174337j)	0.2936410903930664	54.71923
575	(0.3215211356570243+0.9471280424180112j)	0.2856309413909912	54.81456
576	(0.31420684359206325+0.9493697785205648j)	0.286649227142334	54.90989
577	(0.30674091765459316+0.9518081691375307j)	0.36299800872802734	55.00522
578	(0.2996248027039944+0.9540789715827173j)	0.2881903648376465	55.10054
579	(0.2923478782902755+0.9565130061559799j)	0.2862548828125	55.19587
580	(0.28508800794359845+0.958511017240992j)	0.289233922958374	55.2912
581	(0.27756213135428004+0.9605870291279364j)	0.28543686866760254	55.38653
582	(0.2703622621967581+0.9627705553272758j)	0.28742408752441406	55.48186
583	(0.2629216882055043+0.9649141822619628j)	0.28575825691223145	55.57718
584	(0.25571645183490416+0.9667477811162037j)	0.2973947525024414	55.67251
585	(0.2481687258122547+0.968432855923078j)	0.27707481384277344	55.76784
586	(0.24088133452492005+0.9705244415647785j)	0.28439998626708984	55.86317
587	(0.23370521145282963+0.9722604734200785j)	0.28986287117004395	55.9585
588	(0.2261238486554194+0.9740890924639939j)	0.2929351329803467	56.05382
589	(0.21869312029855548+0.9755841006704109j)	0.2873802185058594	56.14915
590	(0.2111985844770402+0.9773983379515344j)	0.2961609363555908	56.24448
591	(0.2039619290587873+0.9790597719682799j)	0.28803300857543945	56.33981
592	(0.19639006841669643+0.98049087927175j)	0.36527180671691895	56.43514
593	(0.18895877203296751+0.9818575095130962j)	0.2896859645843506	56.53046
594	(0.181318522787073+0.9833900482217902j)	0.28492307662963867	56.62579
595	(0.17394112512757043+0.9849355775742304j)	0.30608105659484863	56.72112
596	(0.1663927947557136+0.9860910215972475j)	0.3336210250854492	56.81645
597	(0.15862575498216208+0.9874074012540559j)	0.2840750217437744	56.91178
598	(0.15125209315824234+0.9884813860013105j)	0.29296278953552246	57.0071
599	(0.14369766111581073+0.989828123093871j)	0.2862660884857178	57.10243
600	(0.13619837441271748+0.9907533119585745j)	0.28830885887145996	57.19776
601	(0.1284062352783759+0.9916778468339088j)	0.2832670211791992	57.29309
602	(0.121026067295878+0.992648867759385j)	0.28469300270080566	57.38841
603	(0.11331607093493085+0.9937080786279726j)	0.28549909591674805	57.48374
604	(0.1058687419687091+0.9944521134722153j)	0.2916829586029053	57.57907
605	(0.09816524452058306+0.9950555291218314j)	0.28996992111206055	57.6744
606	(0.09055717153951287+0.9958706852924974j)	0.2863020896911621	57.76973
607	(0.08288450894442206+0.9965891755030274j)	0.28340816497802734	57.86505
608	(0.07545264393497308+0.9971944737233611j)	0.2944471836090088	57.96038
609	(0.06786084464007924+0.9975029624265557j)	0.2880558967590332	58.05571
610	(0.06018293918046402+0.9981023083977727j)	0.2842600345611572	58.15104
611	(0.05280986622938749+0.9986168294062618j)	0.2881309986114502	58.24637
612	(0.04515253452376333+0.9989079745541138j)	0.2862370014190674	58.34169
613	(0.037525794738279106+0.9991353780631516j)	0.2872302532196045	58.43702
614	(0.029781141782035225+0.9994513315685111j)	0.2888331413269043	58.53235
615	(0.022297153149094084+0.9998597942320625j)	0.2873096466064453	58.62768
616	(0.014703598354628533+0.9998910268182625j)	0.28577208518981934	58.72301
617	(0.007112424562873643+0.9999133208315267j)	0.2900428771972656	58.81833
618	(-0.0006563631968261596+0.9999190246466216j)	0.29074692726135254	58.91366
619	(-0.008297397507153914+1.0001329115398745j)	0.2881789207458496	59.00899
620	(-0.015840245848552204+0.9999620460272547j)	0.2888152599334717	59.10432
621	(-0.023705949839540108+0.9997302862308128j)	0.28824496269226074	59.19965
622	(-0.03112760207953852+0.9994843281262507j)	0.2916727066040039	59.29497
623	(-0.03890805796684338+0.9994031415007876j)	0.2876100540161133	59.3903
624	(-0.04641250332343777+0.999052860972433j)	0.4103257656097412	59.48563
625	(-0.054172343724538+0.9984599160275194j)	0.29118800163269043	59.58096
626	(-0.06185134795648556+0.998116310001067j)	0.28882789611816406	59.67629
627	(-0.06945286758679348+0.9976698367145632j)	0.28534793853759766	59.77161
628	(-0.07694335906438182+0.9971527995645069j)	0.2875487804412842	59.86694
629	(-0.0842970279921948+0.9967800531443836j)	0.2807798385620117	59.96227
630	(-0.09223159128967229+0.995660104884026j)	0.2857170104980469	60.0576
631	(-0.09986093570182447+0.9949692996234148j)	0.294003963470459	60.15292
632	(-0.10736653582912364+0.9942805170322531j)	0.2879600524902344	60.24825
633	(-0.11478479750229481+0.9932417120200075j)	0.2989671230316162	60.34358
634	(-0.1224679121243823+0.9923264518480099j)	0.285581111907959	60.43891
635	(-0.1298915916489219+0.9915681074826076j)	0.2861900329589844	60.53424
636	(-0.13763811936922665+0.9904737906185022j)	0.2977008819580078	60.62956
637	(-0.14494655362691378+0.9893411015779457j)	0.28486108779907227	60.72489
638	(-0.15257769574579838+0.9881407249223781j)	0.28830599784851074	60.82022
639	(-0.16012034091690003+0.9871972386299492j)	0.2892270088195801	60.91555
640	(-0.16751923288084447+0.9859261776068005j)	0.2868337631225586	61.01088
641	(-0.17503181550340124+0.984562925535114j)	0.2834129333496094	61.1062
642	(-0.18257968729767748+0.983094899050359j)	0.2867410182952881	61.20153
643	(-0.1902313179491688+0.9818656429510639j)	0.28526902198791504	61.29686
644	(-0.1976024929345821+0.9804325042880767j)	0.29048800468444824	61.39219
645	(-0.20520842183487126+0.9787027511377866j)	0.2859499454498291	61.48752
646	(-0.2124722908309456+0.9771563160073844j)	0.28643274307250977	61.58284
647	(-0.22016075404586782+0.9755637070522643j)	0.34699130058288574	61.67817
648	(-0.2275265633790038+0.973949801423465j)	0.28611302375793457	61.7735
649	(-0.23493786668291416+0.971946790786253j)	0.3789339065551758	61.86883
650	(-0.24249149266516556+0.9701254695190081j)	0.3054049015045166	61.96416
651	(-0.24984220671355217+0.9683108847574244j)	0.29410386085510254	62.05948
652	(-0.2572100085063248+0.966488897702112j)	0.4772682189941406	62.15481
653	(-0.26441941282546927+0.9643120607819717j)	0.3590881824493408	62.25014
654	(-0.2718808478155917+0.9621885524138635j)	0.34366369247436523	62.34547
655	(-0.2790868626176261+0.9602676690119862j)	0.32857704162597656	62.4408
656	(-0.28658882900198923+0.9580941002797252j)	0.3224310874938965	62.53612
657	(-0.2936497675341157+0.9558232816937481j)	0.3002450466156006	62.63145
658	(-0.3009802509611748+0.9534343051753981j)	0.2954568862915039	62.72678
659	(-0.3082517427646034+0.9513354289420812j)	0.2928891181945801	62.82211
660	(-0.3155488865582088+0.9490807706657007j)	0.29591798782348633	62.91743
661	(-0.32263418297724933+0.9464842304438945j)	0.2929658889770508	63.01276
662	(-0.32982024066148363+0.9438744711963827j)	0.3213229179382324	63.10809
663	(-0.3360183696513017+0.9414372713957414j)	0.2944669723510742	63.20342
664	(-0.34420373734278664+0.9390190838115606j)	0.29419898986816406	63.29875
665	(-0.35136886367548986+0.9362780685052424j)	0.3128829002380371	63.39407
666	(-0.35841925043226086+0.933484598944728j)	0.30442285537719727	63.4894
667	(-0.36575419896903116+0.9307796436597379j)	0.3193337917327881	63.58473
668	(-0.37280725694308736+0.9281122136552704j)	0.32506895065307617	63.68006
669	(-0.379862582828014+0.9250382474742214j)	0.30257701873779297	63.77539
670	(-0.38676311497464533+0.9222208269891462j)	0.30073976516723633	63.87071
671	(-0.3940025124017225+0.919151711197598j)	0.2993772029876709	63.96604
672	(-0.40105309948656737+0.9162544698146249j)	0.3435971736907959	64.06137
673	(-0.4078940080103725+0.9130077215186201j)	0.33145618438720703	64.1567
674	(-0.414973877392978+0.909737296528766j)	0.3323829174041748	64.25203
675	(-0.4218497385931491+0.9066510538454152j)	0.29659509658813477	64.34735
676	(-0.4288629906410253+0.9034847551824202j)	0.311629056930542	64.44268
677	(-0.43553027963461177+0.9001376857576696j)	0.29827094078063965	64.53801
678	(-0.4424075183327798+0.8966153967420062j)	0.2943580150604248	64.63334
679	(-0.44924990415709687+0.8933948298157414j)	0.2932159900665283	64.72867
680	(-0.45618942618927827+0.8898686591613889j)	0.2945821285247803	64.82399
681	(-0.46275925054947076+0.8864517964153455j)	0.2918703556060791	64.91932
682	(-0.46942921428478396+0.8827481709979523j)	0.29525089263916016	65.01465
683	(-0.4762722865831007+0.8792831796210381j)	0.2950918674468994	65.10998
684	(-0.4828267780122654+0.8757783135813517j)	0.3611180782318115	65.20531
685	(-0.4895336277180611+0.8721615082594969j)	0.37996912002563477	65.30063
686	(-0.4960701370032706+0.8681280052417091j)	0.3619720935821533	65.39596
687	(-0.5028671076865099+0.864360954778851j)	0.2960391044616699	65.49129
688	(-0.5094255735148681+0.8606976694538373j)	0.3274497985839844	65.58662
689	(-0.5159655070195888+0.8566577339881757j)	0.2954440116882324	65.68194
690	(-0.5223353906584016+0.8527170748599717j)	0.2979161739349365	65.77727
691	(-0.5290075601304585+0.8486260664155718j)	0.29522109031677246	65.8726
692	(-0.5355612762116582+0.8447297518158605j)	0.29680395126342773	65.96793
693	(-0.5418719790372825+0.8405061742251158j)	0.3492701053619385	66.06326
694	(-0.5481906674486513+0.8364717409876613j)	0.2906811237335205	66.15858
695	(-0.5546556573425725+0.8320850634029798j)	0.2901418209075928	66.25391
696	(-0.5611518384118398+0.8279018067582131j)	0.2883450984954834	66.34924
697	(-0.5672806027208818+0.8235707301346831j)	0.2897489070892334	66.44457
698	(-0.5735616267928316+0.8190058978216691j)	0.2852208614349365	66.5399
699	(-0.5797721506499218+0.8147594086189793j)	0.2895071506500244	66.63522
700	(-0.5861369201576325+0.810276130457657j)	0.28469085693359375	66.73055
701	(-0.5922376823899295+0.805135229189763j)	0.2795901298522949	66.82588
702	(-0.5981564949063177+0.8011467264701626j)	0.2865478992462158	66.92121
703	(-0.6043577573159835+0.7966469903912345j)	0.2882099151611328	67.01654
704	(-0.6104950728691105+0.791928309142087j)	0.2860889434814453	67.11186
705	(-0.6164309472602264+0.7874146659514609j)	0.2867250442504883	67.20719
706	(-0.6222281628076503+0.7826179721980335j)	0.289539098739624	67.30252
707	(-0.628326347892501+0.7778599814293343j)	0.28672099113464355	67.39785
708	(-0.6342236272699591+0.7732727216210041j)	0.2873568534851074	67.49318
709	(-0.6401483603643132+0.7682511273352712j)	0.29955601692199707	67.5885
710	(-0.6458020162500258+0.7633980652529341j)	0.38108396530151367	67.68383
711	(-0.6517372551610955+0.7583719242785993j)	0.2944831848144531	67.77916
712	(-0.6576227106357923+0.7535668012685732j)	0.2942330837249756	67.87449
713	(-0.6632459438793042+0.748476789612725j)	0.2981688976287842	67.96982
714	(-0.6688561179175716+0.7434467112404252j)	0.29422712326049805	68.06514
715	(-0.6745723319236163+0.7381764457476615j)	0.2943563461303711	68.16047
716	(-0.6801059045252795+0.7329810836567032j)	0.3031010627746582	68.2558
717	(-0.6858403426153146+0.7277963192852485j)	0.29694485664367676	68.35113
718	(-0.6913391147681276+0.7227341487337556j)	0.33536291122436523	68.44645
719	(-0.6967971446026612+0.7172745371476171j)	0.29677271842956543	68.54178
720	(-0.7024495102824574+0.711879998347932j)	0.31306004524230957	68.63711
721	(-0.7077566469098795+0.7065830985346466j)	0.299727201461792	68.73244
722	(-0.7130000295550569+0.7009700384924651j)	0.30187392234802246	68.82777
723	(-0.7183713889119735+0.6956832437602762j)	0.30225300788879395	68.92309
724	(-0.7237785780426423+0.690020940500178j)	0.29551005363464355	69.01842
725	(-0.7289782048883441+0.6846116899835235j)	0.2972097396850586	69.11375
726	(-0.7339643662254882+0.6789533622935802j)	0.3000211715698242	69.20908
727	(-0.7392226095540303+0.6732989870869193j)	0.2907891273498535	69.30441
728	(-0.744376896249048+0.6675797857049429j)	0.2908780574798584	69.39973
729	(-0.7494833491017063+0.662022141019596j)	0.2944009304046631	69.49506
730	(-0.7543007016650919+0.6563516585112857j)	0.29583120346069336	69.59039
731	(-0.7593540088220129+0.650492558301496j)	0.29942989349365234	69.68572
732	(-0.7646266988114988+0.6448810193850633j)	0.2866811752319336	69.78105
733	(-0.7692894036112325+0.6388490810613211j)	0.2983589172363281	69.87637
734	(-0.7740098662019813+0.6331400786303708j)	0.30900120735168457	69.9717
735	(-0.7788292978599244+0.6271028825439056j)	0.29634594917297363	70.06703
736	(-0.783806554380112+0.6212275980346906j)	0.2996351718902588	70.16236
737	(-0.7884394504825715+0.6152961356168523j)	0.2965419292449951	70.25769
738	(-0.7930586241299905+0.6092909127692758j)	0.3015470504760742	70.35301
739	(-0.7976284813877605+0.6031148713172851j)	0.2840158939361572	70.44834
740	(-0.8024259047366299+0.5969493769834918j)	0.31871891021728516	70.54367
741	(-0.8069175493159211+0.5909084712763164j)	0.2881650924682617	70.639
742	(-0.8112790219866953+0.584541760601807j)	0.286470890045166	70.73433
743	(-0.815710183383389+0.5785263889955815j)	0.28819990158081055	70.82965
744	(-0.8202337621626352+0.572105714222817j)	0.28510212898254395	70.92498
745	(-0.8245896643424784+0.5659361553895004j)	0.28533196449279785	71.02031
746	(-0.8286658819235246+0.5595483222827239j)	0.2857179641723633	71.11564
747	(-0.8330262253004184+0.553358212700481j)	0.29038310050964355	71.21096
748	(-0.837223263521108+0.546764988706247j)	0.28583312034606934	71.30629
749	(-0.8414338125354264+0.5404459635954844j)	0.2943131923675537	71.40162
750	(-0.8455849092715191+0.5342387722569628j)	0.2949070930480957	71.49695
751	(-0.8493648417528352+0.5275057410705167j)	0.2836780548095703	71.59228
752	(-0.8534031142709174+0.5209835588521836j)	0.2840240001678467	71.6876
753	(-0.8574562353246097+0.5144950381082989j)	0.2841012477874756	71.78293
754	(-0.8612168810768519+0.5081253053055594j)	0.29073476791381836	71.87826
755	(-0.865018775144154+0.5014489847411012j)	0.2877650260925293	71.97359
756	(-0.8690259773530669+0.4949195059241962j)	0.2828969955444336	72.06892
757	(-0.8726793898782662+0.48811881958898595j)	0.2945280075073242	72.16424
758	(-0.8763776315008528+0.4816784343635265j)	0.2882213592529297	72.25957
759	(-0.8799379572184723+0.47492595646301367j)	0.29924488067626953	72.3549
760	(-0.8837521452552443+0.46814116471220546j)	0.34955286979675293	72.45023
761	(-0.8873164873033709+0.46151148791819163j)	0.2846217155456543	72.54556
762	(-0.8907512364758496+0.45472828990012604j)	0.29126691818237305	72.64088
763	(-0.8940905865783708+0.44791938514172325j)	0.28749966621398926	72.73621
764	(-0.8976873362857725+0.44089794333099647j)	0.32971978187561035	72.83154
765	(-0.9005966462607125+0.4341979982269126j)	0.3631601333618164	72.92687
766	(-0.9041228218334063+0.4271751538233481j)	0.32086992263793945	73.0222
767	(-0.9074236211127347+0.42043345426797707j)	0.2905921936035156	73.11752
768	(-0.9106046982967999+0.4132729653888051j)	0.29436421394348145	73.21285
769	(-0.9138375771342632+0.40634610016621886j)	0.2836430072784424	73.30818
770	(-0.9167029629109755+0.3994226072202449j)	0.2865729331970215	73.40351
771	(-0.9196794169278786+0.3922797817961416j)	0.28693413734436035	73.49884
772	(-0.9227130023116583+0.38529472869316156j)	0.28762388229370117	73.59416
773	(-0.9257279849868996+0.37821729480443467j)	0.28613924980163574	73.68949
774	(-0.9285301094022377+0.3713049660955349j)	0.2904980182647705	73.78482
775	(-0.9309152268759668+0.36418502657766694j)	0.2901921272277832	73.88015
776	(-0.9339663469800665+0.3570124071038325j)	0.28377294540405273	73.97547
777	(-0.9367326632280332+0.3498032674835683j)	0.289996862411499	74.0708
778	(-0.9393705665334741+0.3428705318357679j)	0.2887251377105713	74.16613
779	(-0.9418281281894043+0.3356871564661771j)	0.28498411178588867	74.26146
780	(-0.9445519167649277+0.3284404193470429j)	0.28377509117126465	74.35679
781	(-0.9468898181171435+0.32112840673248305j)	0.2918248176574707	74.45211
782	(-0.9494440862292101+0.3140773454194892j)	0.28615283966064453	74.54744
783	(-0.951704743153548+0.30688774399854346j)	0.2837259769439697	74.64277
784	(-0.9540641581013972+0.29925436755701235j)	0.29441213607788086	74.7381
785	(-0.9565310061806458+0.29226027046736386j)	0.28395581245422363	74.83343
786	(-0.9586388670888992+0.2849499213395764j)	0.2844209671020508	74.92875
787	(-0.9607305363291173+0.27773321182364663j)	0.28554415702819824	75.02408
788	(-0.9628225550481013+0.27018981314901624j)	0.2918729782104492	75.11941
789	(-0.965006603433011+0.2628321960229935j)	0.2888939380645752	75.21474
790	(-0.966812548859904+0.25551797120328157j)	0.2842979431152344	75.31007
791	(-0.9688448397880319+0.24824706554823123j)	0.2994680404663086	75.40539
792	(-0.9705841161632889+0.24067974228793548j)	0.3196117877960205	75.50072
793	(-0.9725049010296077+0.23318320895578318j)	0.2843449115753174	75.59605
794	(-0.974145042548177+0.22590869102972366j)	0.2838919162750244	75.69138
795	(-0.9756827637824248+0.21838366857128197j)	0.287092924118042	75.78671
796	(-0.9774314969522567+0.2109734407234395j)	0.28652310371398926	75.88203
797	(-0.9790531434618877+0.20338454765021274j)	0.28307080268859863	75.97736
798	(-0.9805760163568449+0.19610329118492645j)	0.2885007858276367	76.07269
799	(-0.9818714275105389+0.18863902812547717j)	0.289031982421875	76.16802
800	(-0.9834180373319408+0.18109341544713498j)	0.29469895362854004	76.26335
801	(-0.9846982677075942+0.17347606075592598j)	0.29273390769958496	76.35867
802	(-0.9861103977158997+0.16611915553261453j)	0.2927060127258301	76.454
803	(-0.9872270785182578+0.15870518981854254j)	0.29543089866638184	76.54933
804	(-0.9884994010419282+0.15103610657569916j)	0.29345107078552246	76.64466
805	(-0.9894827978592623+0.14346064415240567j)	0.28813600540161133	76.73998
806	(-0.9907415581038042+0.13596836761535636j)	0.2853240966796875	76.83531
807	(-0.9917176334981191+0.12856187416324133j)	0.29018378257751465	76.93064
808	(-0.9926629727072311+0.12082482607322775j)	0.28547000885009766	77.02597
809	(-0.9937447553398004+0.11322355036818121j)	0.2860832214355469	77.1213
810	(-0.9944512225725135+0.10566890734822298j)	0.28634119033813477	77.21662
811	(-0.9928005597379432+0.09709457404998334j)	0.2988729476928711	77.31195
812	(-0.995897815748761+0.09048522558298638j)	0.3207547664642334	77.40728
813	(-0.9966897307884564+0.08275778445297793j)	0.4267880916595459	77.50261
814	(-0.9972241317889288+0.07527645983853964j)	0.4120750427246094	77.59794
815	(-0.9978811878581543+0.06771828428347354j)	0.299271821975708	77.69326
816	(-0.9981916301200777+0.06005742325138774j)	0.4615499973297119	77.78859
817	(-0.9986475410871634+0.0526630226448927j)	0.4223511219024658	77.88392
818	(-0.9990326456505649+0.04479717965170882j)	0.38955211639404297	77.97925
819	(-0.9991422959505127+0.0372089804521093j)	0.2989180088043213	78.07458
820	(-0.9995458916883765+0.02958390569707242j)	0.39882493019104004	78.1699
821	(-0.9996648225299631+0.021809725889836873j)	0.3436729907989502	78.26523
822	(-0.9999041901399482+0.014301627014192853j)	0.2918999195098877	78.36056
823	(-0.9998447129473437+0.006819167975319895j)	0.31164026260375977	78.45589
824	(-0.9999084898003637-0.0009172657799035866j)	0.360044002532959	78.55122
825	(-0.9997930334814754-0.008599922064112864j)	0.36424803733825684	78.64654
826	(-0.9998562318213482-0.016187787268082843j)	0.30629611015319824	78.74187
827	(-0.9996787619266012-0.023619965998399772j)	0.30762434005737305	78.8372
828	(-0.9994409045970166-0.03136475399085786j)	0.2861621379852295	78.93253
829	(-0.9993847700503321-0.039018689466839895j)	0.2866177558898926	79.02786
830	(-0.998896451136683-0.04665831607544901j)	0.2839982509613037	79.12318
831	(-0.9986034156873477-0.054111141694482834j)	0.2875182628631592	79.21851
832	(-0.9980647679372296-0.06181474399314496j)	0.2867410182952881	79.31384
833	(-0.9977112811712499-0.06957603159130987j)	0.2845008373260498	79.40917
834	(-0.9970193266988145-0.0770960802068586j)	0.3020169734954834	79.50449
835	(-0.9965673189078595-0.08462334244211361j)	0.2852590084075928	79.59982
836	(-0.9957551837912365-0.09224082263589539j)	0.28905534744262695	79.69515
837	(-0.9950483084005602-0.10003738076915147j)	0.28659677505493164	79.79048
838	(-0.994301495088516-0.10752625381334596j)	0.2827949523925781	79.88581
839	(-0.9935333983886594-0.11509214448073724j)	0.2863497734069824	79.98113
840	(-0.9924959675511026-0.1225996918135408j)	0.28711390495300293	80.07646
841	(-0.9914314944690127-0.13034043583546673j)	0.28459906578063965	80.17179
842	(-0.9905026898865824-0.1378370756820657j)	0.28522324562072754	80.26712
843	(-0.9892708542336848-0.14523218034542573j)	0.32674312591552734	80.36245
844	(-0.988389439777599-0.1528947654440122j)	0.2785227298736572	80.45777
845	(-0.9869128196142185-0.1604522234829528j)	0.28382420539855957	80.5531
846	(-0.9857782593809733-0.1679743649688834j)	0.28592991828918457	80.64843
847	(-0.9844413799789337-0.1752745335901193j)	0.290255069732666	80.74376
848	(-0.9830114791314744-0.18284966058081753j)	0.28488802909851074	80.83909
849	(-0.9815377913896238-0.1903729884361139j)	0.2915921211242676	80.93441
850	(-0.9801608956238638-0.19792194527032686j)	0.28484296798706055	81.02974
851	(-0.978728309068712-0.20520772044148483j)	0.283646821975708	81.12507
852	(-0.977040437942737-0.21269581132846688j)	0.28377699851989746	81.2204
853	(-0.9755428789126671-0.22029438766436554j)	0.2853844165802002	81.31573
854	(-0.9736677630489936-0.22767739067552203j)	0.2878239154815674	81.41105
855	(-0.9720944625146597-0.2350148522766752j)	0.2833280563354492	81.50638
856	(-0.9701747908125055-0.2423975663120808j)	0.29264307022094727	81.60171
857	(-0.968327325089221-0.2500036769948182j)	0.2855360507965088	81.69704
858	(-0.9664787821925613-0.2573299396588891j)	0.2841222286224365	81.79237
859	(-0.9645050080398606-0.2646477656576811j)	0.4165661334991455	81.88769
860	(-0.9623840314922145-0.271920853045351j)	0.4390997886657715	81.98302
861	(-0.9601766027254065-0.27944001010532743j)	0.3312499523162842	82.07835
862	(-0.9581154116842852-0.2867547151148048j)	0.38514208793640137	82.17368
863	(-0.955948106569754-0.2940372759318749j)	0.40097975730895996	82.269
864	(-0.9536537355222334-0.3012108238646849j)	0.37635302543640137	82.36433
865	(-0.9511328094441788-0.3085598894677195j)	0.3593318462371826	82.45966
866	(-0.9488347177355998-0.31585402301545795j)	0.3431580066680908	82.55499
867	(-0.9463678090730452-0.32287036094063754j)	0.3818659782409668	82.65032
868	(-0.9439936786730435-0.33020782472540167j)	0.3662247657775879	82.74564
869	(-0.941242657170867-0.33734726528032566j)	0.3323349952697754	82.84097
870	(-0.9386885685308136-0.34460054151115316j)	0.4275848865509033	82.9363
871	(-0.9361359576270852-0.35156205402644997j)	0.36376380920410156	83.03163
872	(-0.9333242635714197-0.3586613134919877j)	0.4447600841522217	83.12696
873	(-0.9304428323241755-0.3659488816876112j)	0.3085970878601074	83.22228
874	(-0.9277174195990971-0.3729943001410223j)	0.31490397453308105	83.31761
875	(-0.9250411731393668-0.37997132935090505j)	0.3750758171081543	83.41294
876	(-0.9220535091038262-0.38694261565644317j)	0.29021310806274414	83.50827
877	(-0.9190907706080425-0.3941539876704706j)	0.332136869430542	83.6036
878	(-0.9159373018431133-0.4010472343314557j)	0.3612937927246094	83.69892
879	(-0.9130601034409753-0.4080693355793187j)	0.35886621475219727	83.79425
880	(-0.9099036263333091-0.41492431020609666j)	0.3164510726928711	83.88958
881	(-0.9066137526592337-0.42203231098687094j)	0.34844970703125	83.98491
882	(-0.9034816232145468-0.42899028199257233j)	0.3826770782470703	84.08024
883	(-0.9002871794883857-0.43611151545322235j)	0.30431103706359863	84.17556
884	(-0.8968626882673184-0.4425668761132483j)	0.3815469741821289	84.27089
885	(-0.8932713338224509-0.4494797280548498j)	0.398212194442749	84.36622
886	(-0.889876287497181-0.4563821742157186j)	0.34163904190063477	84.46155
887	(-0.8863430668733672-0.46296823088910477j)	0.2940967082977295	84.55688
888	(-0.8829244359104158-0.4698000774287646j)	0.3015460968017578	84.6522
889	(-0.8791109593552535-0.4764735556813328j)	0.2859508991241455	84.74753
890	(-0.8754445776555823-0.4832755419477949j)	0.2858610153198242	84.84286
891	(-0.8718264458980293-0.4897679260698708j)	0.2894771099090576	84.93819
892	(-0.8681176934914102-0.4965588776548565j)	0.28589296340942383	85.03351
893	(-0.8641691472045999-0.5030036992330059j)	0.28377389907836914	85.12884
894	(-0.8602456325045639-0.5096653653813392j)	0.28902220726013184	85.22417
895	(-0.8565137043974338-0.5161286680766273j)	0.28414273262023926	85.3195
896	(-0.852500956773731-0.5225173409563276j)	0.28594303131103516	85.41483
897	(-0.8484679437054853-0.5290754854177139j)	0.28806209564208984	85.51015
898	(-0.844314644711394-0.5355687489756915j)	0.28662705421447754	85.60548
899	(-0.840402305450527-0.5420352356879072j)	0.29320383071899414	85.70081
900	(-0.8362733075828609-0.5483015346166416j)	0.2842879295349121	85.79614
901	(-0.8319799774270173-0.5548170363628191j)	0.3153841495513916	85.89147
902	(-0.8276565922072389-0.5610075126054457j)	0.35662198066711426	85.98679
903	(-0.8234869193466408-0.5674581819659483j)	0.2887120246887207	86.08212
904	(-0.8192255721745054-0.5736384632278829j)	0.2869229316711426	86.17745
905	(-0.814660003352616-0.5799430455893299j)	0.2834649085998535	86.27278
906	(-0.8102621067435157-0.5862900770072956j)	0.2845489978790283	86.36811
907	(-0.8058770264127281-0.5924295767604485j)	0.288560152053833	86.46343
908	(-0.8013448102679502-0.5984618709872688j)	0.28635692596435547	86.55876
909	(-0.7965742216333203-0.6045149958776264j)	0.2836310863494873	86.65409
910	(-0.7918942089808485-0.6107161003540533j)	0.2884500026702881	86.74942
911	(-0.7872961831171749-0.6166042212001858j)	0.28499317169189453	86.84475
912	(-0.7826515829768719-0.6227019968400478j)	0.2853989601135254	86.94007
913	(-0.7777547746951954-0.62850664295679j)	0.2863888740539551	87.0354
914	(-0.7728236808131903-0.6345051485755692j)	0.2833061218261719	87.13073
915	(-0.7681135955413061-0.640318668964865j)	0.28742194175720215	87.22606
916	(-0.7631603409712044-0.645987795296928j)	0.29259204864501953	87.32139
917	(-0.7582331879667366-0.6519058819937733j)	0.2842130661010742	87.41671
918	(-0.7531037686141204-0.6576727117363699j)	0.290830135345459	87.51204
919	(-0.7482548607933013-0.6634627952947848j)	0.2858400344848633	87.60737
920	(-0.7432100329307637-0.6689662200495922j)	0.28345704078674316	87.7027
921	(-0.7380298177942574-0.6747101029047654j)	0.28505611419677734	87.79802
922	(-0.7327559713665519-0.6802484813471255j)	0.29068613052368164	87.89335
923	(-0.7276586940131522-0.6859524540671037j)	0.3361239433288574	87.98868
924	(-0.7225427130891414-0.6913927580476925j)	0.2849149703979492	88.08401
925	(-0.7171144105643352-0.696928907192892j)	0.2876706123352051	88.17934
926	(-0.7117685144229544-0.7022523512922916j)	0.28559398651123047	88.27466
927	(-0.7064021009774835-0.7078410458231321j)	0.2837870121002197	88.36999
928	(-0.7011388447126813-0.7132155815522527j)	0.2844250202178955	88.46532
929	(-0.6955363600072323-0.7184992031972858j)	0.3031120300292969	88.56065
930	(-0.6899679738752408-0.7239556312202856j)	0.29706788063049316	88.65598
931	(-0.6844718057659595-0.729072461940611j)	0.283782958984375	88.7513
932	(-0.6798679209816999-0.7340124388264267j)	0.2594900131225586	88.84663
933	(-0.6732921075001367-0.7393971687013999j)	0.2887861728668213	88.94196
934	(-0.6674800767971063-0.7446040963615286j)	0.28789806365966797	89.03729
935	(-0.6619003318553093-0.7496473283355529j)	0.2870609760284424	89.13262
936	(-0.6561930917671948-0.7547727689820213j)	0.28377699851989746	89.22794
937	(-0.6504137368483449-0.7595926751496238j)	0.2884650230407715	89.32327
938	(-0.644428980974402-0.7645151090339769j)	0.29696202278137207	89.4186
939	(-0.6386981693882693-0.7694555885325993j)	0.3186941146850586	89.51393
940	(-0.6328853492855717-0.7741214941876426j)	0.28412604331970215	89.60926
941	(-0.6269367528809083-0.7790687234062923j)	0.28472185134887695	89.70458
942	(-0.6208522417465975-0.783716340423909j)	0.28639793395996094	89.79991
943	(-0.6149309101376047-0.7885412007135248j)	0.2873542308807373	89.89524
944	(-0.6090646564327453-0.7931086911914119j)	0.2855379581451416	89.99057
945	(-0.6028958971250227-0.797733087190838j)	0.2896876335144043	90.0859
946	(-0.596754397948011-0.8022370784191671j)	0.2876441478729248	90.18122
947	(-0.5906137973640566-0.8069063876293457j)	0.28493213653564453	90.27655
948	(-0.5846299149762509-0.8114065933698154j)	0.31538891792297363	90.37188
949	(-0.5783325447361674-0.8157857464587902j)	0.2896080017089844	90.46721
950	(-0.572114013027855-0.820085326420923j)	0.2849128246307373	90.56253
951	(-0.5657524510801062-0.8245422919170375j)	0.29024291038513184	90.65786
952	(-0.5595819339566418-0.8289569956631386j)	0.2847719192504883	90.75319
953	(-0.5531945366428352-0.8330977413037199j)	0.29529595375061035	90.84852
954	(-0.5466527602516476-0.8373958527939009j)	0.2893519401550293	90.94385
955	(-0.5403542387677187-0.8414264691510711j)	0.2913670539855957	91.03917
956	(-0.5339538829098602-0.8456968929243128j)	0.29563212394714355	91.1345
957	(-0.5275061605874511-0.8496250413800005j)	0.2876548767089844	91.22983
958	(-0.5208143985889157-0.853602458074326j)	0.28695034980773926	91.32516
959	(-0.5143557301731448-0.8576171216558203j)	0.2929208278656006	91.42049
960	(-0.5078078085971689-0.8615807011287937j)	0.28746914863586426	91.51581
961	(-0.5013086351754116-0.8653346723397526j)	0.29363584518432617	91.61114
962	(-0.49455283106963666-0.8689998774214088j)	0.29189395904541016	91.70647
963	(-0.4879332507598436-0.872841783773371j)	0.3007659912109375	91.8018
964	(-0.481436100734391-0.876430818041677j)	0.29698705673217773	91.89713
965	(-0.4746491527402103-0.8802104711871922j)	0.28847718238830566	91.99245
966	(-0.46789020319750113-0.883617966581185j)	0.3311450481414795	92.08778
967	(-0.4611040700193081-0.8872569735833514j)	0.29315686225891113	92.18311
968	(-0.45452578560706136-0.8907675029964616j)	0.2897191047668457	92.27844
969	(-0.4476787473451813-0.8941269417102631j)	0.29374003410339355	92.37377
970	(-0.44081928721160835-0.8974743155926262j)	0.28681206703186035	92.46909
971	(-0.4338773458749876-0.9008768598212314j)	0.286653995513916	92.56442
972	(-0.42714170756944503-0.9042959053506809j)	0.29045772552490234	92.65975
973	(-0.42023885013658413-0.9074364035263807j)	0.28690576553344727	92.75508
974	(-0.41313532725979457-0.910721801804913j)	0.29235315322875977	92.85041
975	(-0.40647173190551583-0.9132373170992765j)	0.2729790210723877	92.94573
976	(-0.39930526912278086-0.9169650659488455j)	0.2855381965637207	93.04106
977	(-0.39235262253456404-0.9199079982606718j)	0.2844736576080322	93.13639
978	(-0.38512433846664523-0.9228555950134275j)	0.2836000919342041	93.23172
979	(-0.3782244932522917-0.9256984351159557j)	0.28464388847351074	93.32704
980	(-0.37106514687918296-0.9287298671320976j)	0.3078458309173584	93.42237
981	(-0.36405722083098846-0.9314938109952542j)	0.28611111640930176	93.5177
982	(-0.35679313906567073-0.9341071382522185j)	0.2870657444000244	93.61303
983	(-0.3496242099027025-0.9368892921823779j)	0.28733301162719727	93.70836
984	(-0.34277433980351707-0.9395082795502824j)	0.30000901222229004	93.80368
985	(-0.33540956191127624-0.9421649016547964j)	0.2892458438873291	93.89901
986	(-0.32777120142750105-0.944349336428368j)	0.29268789291381836	93.99434
987	(-0.32089206190730457-0.9470287022452089j)	0.29149818420410156	94.08967
988	(-0.31385594827387564-0.9494645781578906j)	0.29010581970214844	94.185
989	(-0.3064691475963185-0.9519172449219871j)	0.35753393173217773	94.28032
990	(-0.2992905153156913-0.9540477921188405j)	0.31284403800964355	94.37565
991	(-0.2919162098598066-0.9563130735213917j)	0.32186388969421387	94.47098
992	(-0.2847622098495186-0.9586434479404525j)	0.28921008110046387	94.56631
993	(-0.277504854028728-0.9606978641716523j)	0.29322075843811035	94.66164
994	(-0.27012489150099184-0.9627649353170357j)	0.29038476943969727	94.75696
995	(-0.2626927889677837-0.9647608177886968j)	0.28409504890441895	94.85229
996	(-0.2553657818265951-0.9669317077469166j)	0.2860231399536133	94.94762
997	(-0.24807930424861516-0.9688114093452527j)	0.2896249294281006	95.04295
998	(-0.24049875684204852-0.9706603156590387j)	0.28435301780700684	95.13828
999	(-0.23321004039165505-0.9723642119195897j)	0.28449320793151855	95.2336
