	res_adaptive	time_adaptive	w
0	(3.8037678865521984-1.6826704521667102j)	2.732908010482788	0.001
1	(-29.381562084717014-10.457159306638j)	0.49635982513427734	0.09633
2	(-4.847175249425617+35.00441211667866j)	0.4362790584564209	0.19166
3	(22.882624264878455-4.594108211511726j)	0.44176316261291504	0.28698
4	(-6.158683860230116-6.228932328177743j)	0.41500377655029297	0.38231
5	(5.544878298467907-7.1012468662854555j)	0.41608405113220215	0.47764
6	(-26.085606637043938-9.174824103207484j)	0.4257340431213379	0.57297
7	(-3.1512070893896675+35.449124590795016j)	0.45256614685058594	0.6683
8	(30.39357436130619-8.529882915296247j)	0.4532461166381836	0.76362
9	(-13.835920663759966-17.24396584734548j)	0.4214358329772949	0.85895
10	(-3.6087558507085875+3.99061949031653j)	0.43344688415527344	0.95428
11	(-15.103449925577651-4.323416732724626j)	0.5142781734466553	1.04961
12	(-1.1849262385897599+29.602085794343168j)	0.527191162109375	1.14494
13	(32.161210699091995-11.230699065700891j)	0.4999399185180664	1.24026
14	(-20.73351219683773-24.43633798023123j)	0.5100967884063721	1.33559
15	(-11.341729523575076+16.036010784376455j)	0.4672739505767822	1.43092
16	(-0.7579165976332569+0.1747004840118051j)	0.48151111602783203	1.52625
17	(-0.2556847182156554+18.171050121341338j)	0.4897480010986328	1.62157
18	(27.54573072277255-11.552553225067307j)	0.4744870662689209	1.7169
19	(-24.646286172489365-26.38182209118394j)	0.4988119602203369	1.81223
20	(-15.966271777889961+26.065228774588164j)	0.5503828525543213	1.90756
21	(14.038359464380168+3.046454822678588j)	0.527198076248169	2.00289
22	(-1.0767580141836353+3.36485614559351j)	0.46891117095947266	2.09821
23	(17.659841675689265-8.752272876641939j)	0.4847397804260254	2.19354
24	(-24.11092495408223-23.1071404172659j)	0.49643397331237793	2.28887
25	(-16.91070287080251+31.651627268847367j)	0.5017259120941162	2.3842
26	(26.23240818545273+3.8089097393798936j)	0.5092520713806152	2.47953
27	(-3.723412354218573-11.844107285236813j)	0.5592570304870605	2.57485
28	(4.717533051520466-2.873577005710578j)	0.5321178436279297	2.67018
29	(-18.625637234855397-15.778899535581113j)	0.7680628299713135	2.76551
30	(-14.584852132740505+31.252024066931597j)	0.782019853591919	2.86084
31	(33.26207016237522+2.7525244212803424j)	0.6354470252990723	2.95617
32	(-7.556554718428494-24.411939083438668j)	0.5231790542602539	3.05149
33	(-8.516698145945307+5.1641091819792j)	0.5205750465393066	3.14682
34	(-8.834582234302454-6.3462037656011745j)	0.5366711616516113	3.24215
35	(-10.147031909133396+24.58272792889376j)	0.49163007736206055	3.33748
36	(33.61942443079195+0.762763979924987j)	0.5466351509094238	3.43281
37	(-11.386378262288705-31.89305737857852j)	0.5449779033660889	3.52813
38	(-19.375412494765687+13.703588505435192j)	0.5152759552001953	3.62346
39	(3.543583801067383+2.9887210231402754j)	0.5391972064971924	3.71879
40	(-5.115202753684615+12.717902403160622j)	0.5898041725158691	3.81412
41	(27.18407371974298-0.9874235793550454j)	0.5182979106903076	3.90945
42	(-13.79169492158038-32.95691971311531j)	0.5998818874359131	4.00477
43	(-25.856519115573565+20.712645303055655j)	0.5768320560455322	4.1001
44	(16.04272769383624+10.283055785303933j)	0.6658768653869629	4.19543
45	(-0.9267258202508675-2.100050729294007j)	1.2843782901763916	4.29076
46	(15.257723937023298-1.4377011720616983j)	1.3046789169311523	4.38608
47	(-13.54389352373729-27.648080233924595j)	0.9620211124420166	4.48141
48	(-27.024921118856966+24.26955037673331j)	0.5557403564453125	4.57674
49	(25.9783028761645+14.291677195736103j)	0.6343612670898438	4.67207
50	(1.4501886543949651-16.91823148922363j)	0.5636789798736572	4.7674
51	(0.29001228911126764-0.005681483481054017j)	0.5741848945617676	4.86272
52	(-10.003326697719096-17.33312515631983j)	0.6215610504150391	4.95805
53	(-23.14325121310536+23.06748139862981j)	0.5903360843658447	5.05338
54	(31.053151708488375+14.691969185892805j)	0.5634920597076416	5.14871
55	(1.7499738377799599-28.70441465998932j)	0.6058268547058105	5.24404
56	(-14.66297927553016+3.2160031908505156j)	0.5472419261932373	5.33936
57	(-3.3760258907266567-4.351836422285994j)	0.6278328895568848	5.43469
58	(-15.533418773661605+16.79631177523932j)	0.5756227970123291	5.53002
59	(29.908717773896747+12.060608699328611j)	0.6013140678405762	5.62535
60	(0.4256889140529907-35.000777697933245j)	0.5498678684234619	5.72068
61	(-26.60033361865343+7.431544209452201j)	0.6196837425231934	5.816
62	(5.240047423448432+8.526434272134557j)	0.6351222991943359	5.91133
63	(-6.1896322203630225+6.309857377305268j)	0.5561079978942871	6.00666
64	(22.471104426583192+7.642469074176079j)	0.7630231380462646	6.10199
65	(-1.529723847601261-34.492029049367446j)	0.6559031009674072	6.19732
66	(-33.227974805239235+11.328051467855778j)	0.6025469303131104	6.29264
67	(14.045259686548114+18.723046000910486j)	0.5576777458190918	6.38797
68	(2.7269797390951362-6.494577038118202j)	0.5819082260131836	6.4833
69	(10.024930540638602+2.9462466219119032j)	0.6354720592498779	6.57863
70	(-2.933522978386395-27.271450121639965j)	0.6471872329711914	6.67396
71	(-33.37516125867826+13.465329839599132j)	0.6498560905456543	6.76928
72	(20.943128468960555+24.401375939024128j)	0.5928399562835693	6.86461
73	(9.403997989745587-19.034392920291673j)	0.5865421295166016	6.95994
74	(-5.0241511242234225-0.688867029848052j)	0.6359379291534424	7.05527
75	(-2.7983842021650043-14.834186208189024j)	0.6015911102294922	7.15059
76	(-27.330746942498045+12.661201926733806j)	0.5645828247070312	7.24592
77	(24.03818280571447+24.821440969055722j)	0.6083190441131592	7.34125
78	(12.772418868312254-28.603965482570548j)	0.6177630424499512	7.43658
79	(-19.644542718387896-2.4458598652481713j)	0.5642712116241455	7.53191
80	(-0.6844736126545539+0.24369739032508939j)	0.6425149440765381	7.62723
81	(-16.605732658369767+8.413431888307606j)	0.613670825958252	7.72256
82	(22.139365579910386+20.426656333986394j)	0.5934228897094727	7.81789
83	(12.684097896418745-32.989439512268746j)	0.6431760787963867	7.91322
84	(-30.831138786331923-2.2316822852767366j)	0.6339149475097656	8.00855
85	(3.1473301069063133+14.87646610312078j)	0.5814049243927002	8.10387
86	(-3.624003056893187+1.102355833380129j)	0.6984648704528809	8.1992
87	(15.11541916191484+12.650293214458314j)	0.6552150249481201	8.29453
88	(9.852441945014906-30.989904167678937j)	0.5482611656188965	8.38986
89	(-36.260253784464126-0.6430573612930282j)	0.6163179874420166	8.48519
90	(7.742360751335603+26.136644893862993j)	0.6575391292572021	8.58051
91	(8.86617985058193-7.995795371022824j)	0.6417808532714844	8.67584
92	(4.018629103341724+3.5145597690935935j)	0.6900699138641357	8.77117
93	(5.574439098157309-22.739449563927273j)	0.6172339916229248	8.8665
94	(-34.80046733196456+1.255754662113592j)	0.654026985168457	8.96183
95	(11.69649905342732+31.875838502406367j)	0.6164760589599609	9.05715
96	(18.397611848801333-16.953072722623965j)	0.6093761920928955	9.15248
97	(-9.089540016125975-4.887881930734272j)	0.6019387245178223	9.24781
98	(1.3237389707636193-9.719269302160429j)	0.6271538734436035	9.34314
99	(-26.75660646949382+2.2889623305425477j)	0.5809080600738525	9.43847
100	(13.544069945824354+31.165777808496102j)	0.6364128589630127	9.53379
101	(23.311067776141257-23.62283757124711j)	0.6250932216644287	9.62912
102	(-21.53075552846795-10.889108863879082j)	0.6050539016723633	9.72445
103	(-1.6709264371803114+5.519810123087171j)	0.633126974105835	9.81978
104	(-13.809596835260935+1.5624868376783754j)	0.6626150608062744	9.9151
105	(12.187653016169179+24.454552734223775j)	0.6699399948120117	10.01043
106	(23.06236366237487-26.15606191289917j)	0.6728930473327637	10.10576
107	(-30.60016733044579-13.59739184231695j)	0.8058488368988037	10.20109
108	(-2.759107806276611+19.89249705282364j)	0.7123751640319824	10.29642
109	(1.3576371578603599-1.207995360670249j)	0.6202168464660645	10.39174
110	(7.265439425607671+13.415764412339122j)	0.6986761093139648	10.48707
111	(18.260515065646633-23.493625226689083j)	0.6568548679351807	10.5824
112	(-34.18410070094788-13.035366105137767j)	0.5855612754821777	10.67773
113	(-2.0101375674664936+30.43798913511761j)	0.6101219654083252	10.77306
114	(15.652756744191409-5.58945351415918j)	0.620851993560791	10.86838
115	(-0.6567326364993948+0.533218725376408j)	0.6669058799743652	10.96371
116	(10.439068229621931-15.689037680953861j)	0.6601262092590332	11.05904
117	(-31.25645442611594-10.0342046564033j)	0.7057571411132812	11.15437
118	(-0.1637192147588422+34.993649503183484j)	0.6980023384094238	11.2497
119	(26.23752171180016-10.480324804793261j)	0.6549520492553711	11.34502
120	(-10.133697344743558-11.481388727847623j)	0.6517210006713867	11.44035
121	(1.625394227342176-3.9867317775695876j)	0.6265490055084229	11.53568
122	(-22.156997754745124-5.9304112663942306j)	0.6362879276275635	11.63101
123	(1.6647573229153192+32.6063544269191j)	0.592055082321167	11.72634
124	(31.13500297991171-14.392672565034113j)	0.7109620571136475	11.82166
125	(-19.12232114941309-20.2880414981584j)	0.6749849319458008	11.91699
126	(-6.171500392958433+9.389037896625641j)	0.624610185623169	12.01232
127	(-8.56257854466439-2.14652536830991j)	0.6655781269073486	12.10765
128	(2.3240055503688595+23.804816951749004j)	0.6136116981506348	12.20298
129	(29.625151174326085-15.862587715869441j)	0.6731152534484863	12.2983
130	(-25.43980132629743-24.412847087028403j)	0.6568188667297363	12.39363
131	(-11.435027957678885+21.684412765299466j)	0.6919822692871094	12.48896
132	(6.846369181244466+0.21740766180307602j)	0.6397268772125244	12.58429
133	(1.030263192143309+10.437488217179093j)	0.6697549819946289	12.67961
134	(22.348616653545463-13.882911698505069j)	0.6465878486633301	12.77494
135	(-27.304133299821714-23.504913702299177j)	0.6240091323852539	12.87027
136	(-13.455556920881069+30.215678102314502j)	0.6897139549255371	12.9656
137	(20.95026358923071+0.6765167546727824j)	0.6748430728912354	13.06093
138	(-2.3433616336288354-4.720023445861279j)	0.6149961948394775	13.15625
139	(11.11556363148986-8.250367206083274j)	0.7056798934936523	13.25158
140	(-23.800073960355984-18.328975835295935j)	0.7165911197662354	13.34691
141	(-12.421423602255555+32.981932115112556j)	0.6840789318084717	13.44224
142	(30.86084807556174-0.5289293648694962j)	0.6735842227935791	13.53757
143	(-7.189216295245764-18.582862707979746j)	0.670172929763794	13.63289
144	(-1.5492216280284166+0.2875087709794748j)	0.6271343231201172	13.72822
145	(-15.172510121026427-10.502098684030761j)	0.6898648738861084	13.82355
146	(-9.267184497389044+29.143385237281752j)	0.6235990524291992	13.91888
147	(34.55391618763435-2.5482247876711384j)	0.6452679634094238	14.01421
148	(-12.268037055827747-28.4237146247552j)	0.7120611667633057	14.10953
149	(-12.987191994173454+10.11860154738206j)	0.6302120685577393	14.20486
150	(-2.8599333573932695-2.0401117072846584j)	0.6602389812469482	14.30019
151	(-5.351013239783591+19.252375140771107j)	0.6717700958251953	14.39552
152	(31.300074328842502-4.213999495383966j)	0.6572408676147461	14.49085
153	(-16.02172893743746-32.445291649671496j)	0.6427946090698242	14.58617
154	(-21.00131459207042+19.096718228878952j)	0.7174317836761475	14.6815
155	(10.767400029903234+5.1456017111180685j)	0.6126539707183838	14.77683
156	(-2.0269596919115296+5.1691915592029485j)	0.6736469268798828	14.87216
157	(21.830673370160635-4.420364537938978j)	0.6814868450164795	14.96749
158	(-17.005033742399085-30.13485097538029j)	0.6084029674530029	15.06281
159	(-24.302331208154065+25.025343506796954j)	0.6752529144287109	15.15814
160	(22.89118990056425+9.700024143758558j)	0.6363050937652588	15.25347
161	(-0.2593717914848792-10.30871594348508j)	0.7131638526916504	15.3488
162	(8.15674516345132-2.505726529547634j)	0.7156317234039307	15.44412
163	(-14.320085954258467-22.320514231629716j)	0.7247788906097412	15.53945
164	(-22.731810691931734+26.200261627511438j)	0.6930539608001709	15.63478
165	(30.868151248675375+11.097009023564967j)	0.8044652938842773	15.73011
166	(-0.3603953946704159-24.04414148182324j)	0.7699589729309082	15.82544
167	(-6.871392209308975+1.4912529421792118j)	0.6741437911987305	15.92076
168	(-7.926185504939767-10.931682700190096j)	0.6800358295440674	16.01609
169	(-17.19857015107488+21.86281938994868j)	0.6980099678039551	16.11142
170	(32.822765863714004+9.671243158548359j)	0.6710877418518066	16.20675
171	(-1.9301225099634962-33.23343452314367j)	0.8532021045684814	16.30208
172	(-20.197141126116392+6.7911019102672485j)	0.7421648502349854	16.3974
173	(1.2424025665607188+1.4788399647993171j)	0.7219419479370117	16.49273
174	(-9.387575860297215+12.460002166312597j)	0.6953790187835693	16.58806
175	(28.12485606907608+6.466233934047509j)	1.3885939121246338	16.68339
176	(-4.010034672273854-36.020005291803855j)	0.6756107807159424	16.77872
177	(-29.21475605520744+12.025258326159909j)	0.6620149612426758	16.87404
178	(11.41577482141086+12.326558885910268j)	0.6396028995513916	16.96937
179	(-1.288423986362877-0.3832866791694748j)	0.6776430606842041	17.0647
180	(17.51947439437404+2.826904662564653j)	0.6786072254180908	17.16003
181	(-5.403278152855046-31.887647293348515j)	0.7246568202972412	17.25536
182	(-32.31785785471911+15.583268697721481j)	0.6619040966033936	17.35068
183	(20.35713283459171+19.563457869766843j)	0.6809568405151367	17.44601
184	(5.30383873706518-14.16101744026393j)	0.7174010276794434	17.54134
185	(3.0531084155032504+0.0327048713540814j)	0.6458742618560791	17.63667
186	(-5.067052555876165-21.76961529488068j)	0.6979629993438721	17.732
187	(-29.199007608945188+16.057276867900736j)	0.7268402576446533	17.82732
188	(25.872161348823994+22.093522141558953j)	0.6850359439849854	17.92265
189	(9.200093081891524-26.01183152537166j)	0.6936118602752686	18.01798
190	(-12.37817298692101-1.101438513948846j)	0.754173994064331	18.11331
191	(-2.47146573258268-7.825363150931768j)	0.6829822063446045	18.20863
192	(-20.864776566314383+12.667843640367314j)	0.6672370433807373	18.30396
193	(26.35611509704534+19.94174761295195j)	0.7044718265533447	18.39929
194	(10.051678742009743-33.344491173780966j)	0.684995174407959	18.49462
195	(-25.636496259893555-0.43430312301849483j)	0.7018039226531982	18.58995
196	(2.1736125862072178+7.035245370580421j)	0.7097599506378174	18.68527
197	(-9.3488850637169+5.548534667174345j)	0.646604061126709	18.7806
198	(21.217371968585713+14.151821042003947j)	0.6336789131164551	18.87593
199	(8.347002036877038-34.43474012315173j)	0.7098329067230225	18.97126
200	(-34.019564904489386+1.4790308804796624j)	0.666146993637085	19.06659
201	(7.9224258033665995+19.800715616840805j)	0.6814031600952148	19.16191
202	(2.7855964886770503-4.179432824625752j)	0.6721451282501221	19.25724
203	(11.103130245549554+6.4578839488375j)	0.6944320201873779	19.35257
204	(5.187677787557281-28.840065849749344j)	0.6689417362213135	19.4479
205	(-35.84856226139565+3.587876707523341j)	0.7546589374542236	19.54323
206	(13.288420925074298+28.003760829631027j)	0.6706018447875977	19.63855
207	(13.041846676928673-14.599671434846485j)	0.6804368495941162	19.73388
208	(-2.1783043372507978-1.1961719405721556j)	0.783703088760376	19.82921
209	(1.9225327163992905-17.527778450265455j)	0.7120621204376221	19.92454
210	(-30.82210223671966+4.682498419350459j)	0.6948778629302979	20.01987
211	(16.623525336864056+30.22990792673878j)	0.6737241744995117	20.11519
212	(19.534237201042423-23.399141621139687j)	0.662909746170044	20.21052
213	(-15.99927557310124-7.138177534677066j)	0.6800823211669922	20.30585
214	(-0.27253061636235976-2.7063751727860152j)	0.6952810287475586	20.40118
215	(-20.07031884535612+3.796400091540015j)	0.6623327732086182	20.49651
216	(16.57795674169803+26.384027026150417j)	0.8306059837341309	20.59183
217	(21.358324205875245-28.40530772846421j)	0.912106990814209	20.68716
218	(-27.467065913459905-10.352962887004809j)	0.7636280059814453	20.78249
219	(-0.7348409114184147+12.640865017326316j)	0.7176651954650879	20.87782
220	(-5.889485024662783+0.5437299855579987j)	0.7466278076171875	20.97314
221	(12.493479706958247+17.625405291332598j)	0.7439060211181641	21.06847
222	(18.717847484576513-28.121452487342648j)	0.7233810424804688	21.1638
223	(-34.06592113816734-10.668091753510904j)	0.7462890148162842	21.25913
224	(0.5013975208676165+25.3949373324599j)	0.7378358840942383	21.35446
225	(8.770804830264204-4.690168614371353j)	0.8415908813476562	21.44978
226	(4.696472643524925+6.090758887645812j)	0.7251298427581787	21.54511
227	(12.775927448357157-22.138555271570297j)	0.7029728889465332	21.64044
228	(-34.22904780186345-8.703721797618362j)	0.7403600215911865	21.73577
229	(2.7391881986799387+32.97057831879431j)	0.7247276306152344	21.8311
230	(20.961428644627226-10.800242121934868j)	0.7053167819976807	21.92642
231	(-5.515360906138803-5.670581407329112j)	0.8265159130096436	22.02175
232	(5.298137379555813-11.303901483734933j)	0.691551923751831	22.11708
233	(-27.71798216517268-5.624455826600087j)	0.7006299495697021	22.21241
234	(4.84474738535018+33.87652648745314j)	0.7165191173553467	22.30774
235	(28.363626049508397-16.193258065736654j)	0.7750310897827148	22.40306
236	(-16.08346063682128-15.26403178120428j)	0.732151985168457	22.49839
237	(-1.8310946791634768+2.396852642496869j)	0.696627140045166	22.59372
238	(-15.710592461953729-2.7469544625577313j)	0.8040492534637451	22.68905
239	(5.6163258011365755+28.024792526695574j)	0.712003231048584	22.78438
240	(29.763287391382303-19.20181887736486j)	0.7576310634613037	22.8797
241	(-24.636577379221645-20.971008429463254j)	0.7081599235534668	22.97503
242	(-7.074845834990636+16.22613511678074j)	0.7313222885131836	23.07036
243	(-0.5690407850539144-1.1392835110067185j)	0.7032828330993652	23.16569
244	(4.1773370009476+16.73813604853357j)	0.7037742137908936	23.26102
245	(25.26026199144983-18.541905622194193j)	0.7157261371612549	23.35634
246	(-29.03896934353027-22.08188262281476j)	0.7082211971282959	23.45167
247	(-9.59390167941865+27.283979315845208j)	0.7119321823120117	23.547
248	(14.655948090229616-1.3007577381457445j)	0.7795107364654541	23.64233
249	(0.2964487367204498+2.431079370363705j)	0.750593900680542	23.73765
250	(16.185977051148303-13.710514924558414j)	0.6589629650115967	23.83298
251	(-27.922942273241127-18.970756391211363j)	0.7562069892883301	23.92831
252	(-9.386886668685781+33.140653690884534j)	0.710852861404419	24.02364
253	(26.878382301329566-3.0292786240028953j)	0.7336170673370361	24.11897
254	(-5.466963151320353-11.921602363565192j)	0.7378239631652832	24.21429
255	(4.733393017856714-5.210790422924302j)	0.7660040855407715	24.30962
256	(-21.06490364405295-12.904719467269203j)	0.7044589519500732	24.40495
257	(-7.197148989492586+32.40056862984726j)	0.6941120624542236	24.50028
258	(33.64475435221261-5.489748956344961j)	0.6867039203643799	24.59561
259	(-11.851685033580763-23.449547696778545j)	0.6821200847625732	24.69093
260	(-6.566654229187917+5.476924065675769j)	0.6761770248413086	24.78626
261	(-9.514359832489578-5.663999265124992j)	0.7426331043243408	24.88159
262	(-4.2310298235746515+25.03566989335727j)	0.7540910243988037	24.97692
263	(33.65962248835464-7.484831739975501j)	0.7346019744873047	25.07225
264	(-13.26359836234783-21.649611918478833j)	0.7180249691009521	25.16757
265	(-15.437933708215295+16.168447072507128j)	0.7714340686798096	25.2629
266	(4.573990878951969+0.9411555595342025j)	0.7373249530792236	25.35823
267	(-1.7609957997960812+12.42485424873924j)	0.7239160537719727	25.45356
268	(27.050488280162064-7.834567250094546j)	0.7438170909881592	25.54889
269	(-19.763489655429854-30.546673609856494j)	0.7344040870666504	25.64421
270	(-20.33666801283913+24.448121613034736j)	0.7599003314971924	25.73954
271	(18.370546628226442+5.52033324761406j)	0.7328388690948486	25.83487
272	(-0.7315445194342031-2.9257611856232266j)	0.7254278659820557	25.9302
273	(15.318846156299557-5.7690086146636j)	0.7263479232788086	26.02553
274	(-18.420397707782904-25.401273638100687j)	0.7149779796600342	26.12085
275	(-20.744663435606498+28.234837299642813j)	0.7473359107971191	26.21618
276	(28.978967932448338+7.412714525219942j)	0.7550399303436279	26.31151
277	(-1.4770410476599194-17.912523478483983j)	0.7717130184173584	26.40684
278	(0.9865642535801727-1.2174188524043443j)	0.7749502658843994	26.50216
279	(-12.799761428487194-16.0304812234428j)	0.7460660934448242	26.59749
280	(-17.19414351516557+26.30411988584006j)	0.6917397975921631	26.69282
281	(34.07839646685104+6.778295576701154j)	0.7288110256195068	26.78815
282	(-3.6256537388698487-29.50428766227195j)	0.7285199165344238	26.88348
283	(-12.967331628307873+5.084022866366757j)	0.7105731964111328	26.9788
284	(-3.5930935744630146-4.687302089177178j)	0.623833179473877	27.07413
285	(-11.046313795842696+18.618390784706968j)	0.678617000579834	27.16946
286	(32.451326416887525+4.472506542173512j)	0.7078118324279785	27.26479
287	(-6.220687850735562-35.3909115915173j)	0.7160780429840088	27.36012
288	(-23.765994795419275+11.730048700624318j)	0.6809618473052979	27.45544
289	(7.546606680467366+6.145808778263259j)	0.7379610538482666	27.55077
290	(-4.07720253412438+6.4362364771436695j)	0.8386061191558838	27.6461
291	(24.28421890412323+1.7273836031132177j)	0.7315921783447266	27.74143
292	(-8.013888262971902-34.480644154652964j)	0.7325689792633057	27.83676
293	(-29.422104806960245+16.959072133719783j)	0.7282800674438477	27.93208
294	(18.31678034774232+14.315509099370237j)	0.6866850852966309	28.02741
295	(1.993718314820562-7.93163406410713j)	0.7732009887695312	28.12274
296	(11.149667996566393-0.24757251104774802j)	0.7173480987548828	28.21807
297	(-7.865568566147259-27.111401998649427j)	0.7890670299530029	28.3134
298	(-29.124570267869515+19.110143159483528j)	0.7430741786956787	28.40872
299	(26.278251779540508+18.46154754129475j)	0.7323262691497803	28.50405
300	(5.929978356429382-21.5776461374627j)	0.768486738204956	28.59938
301	(-4.315184466102042-0.6394409376863439j)	0.7487962245941162	28.69471
302	(-5.124038411832907-14.955585050514946j)	0.7178020477294922	28.79004
303	(-23.371091369559785+17.090910792697322j)	0.7821488380432129	28.88536
304	(29.421257792860935+18.255055591944753j)	0.7392961978912354	28.98069
305	(7.247741489542491-31.629770595145953j)	0.7346251010894775	29.07602
306	(-18.971935357497355+0.7151338701576488j)	0.7108969688415527	29.17135
307	(0.11322367921048704-0.6242467479034421j)	0.7808449268341064	29.26667
308	(-13.752195826217033+10.71980850986348j)	0.7175819873809814	29.362
309	(26.664032397786062+14.353977175937764j)	0.6807889938354492	29.45733
310	(6.264975344514846-35.88780883790249j)	0.7444722652435303	29.55266
311	(-29.85897946420612+3.282843805702726j)	0.7372081279754639	29.64799
312	(6.9355557457609045+12.914583548223574j)	0.7826821804046631	29.74331
313	(-2.562136472118693+0.8791266049219212j)	0.7642590999603271	29.83864
314	(18.19698475350524+8.259592384411537j)	0.6752738952636719	29.93397
315	(3.9303948228912464-33.32420642405344j)	0.7826230525970459	30.0293
316	(-34.8255712700502+5.993562581866304j)	0.704664945602417	30.12463
317	(13.80127870896354+22.993295462127673j)	0.7478408813476562	30.21995
318	(7.773793911647433-10.609834010268173j)	0.7699570655822754	30.31528
319	(5.448272511203212+1.661751687632971j)	0.7422280311584473	30.41061
320	(1.4861586701146994-24.339906654556117j)	0.7498407363891602	30.50594
321	(-32.984869951279975+7.56668553157008j)	0.7402029037475586	30.60127
322	(18.887106344991643+27.804660669809664j)	0.7356071472167969	30.69659
323	(15.244538728159766-21.342993338526398j)	0.7176308631896973	30.79192
324	(-9.111820824380201-3.7992234421869155j)	0.7228138446807861	30.88725
325	(0.06531493538300093-10.69484349633158j)	0.7160811424255371	30.98258
326	(-24.884173413187657+6.917860325789498j)	0.7500529289245605	31.07791
327	(20.56259150314912+26.745122936976315j)	0.7493700981140137	31.17323
328	(18.673961854284915-28.872792810354667j)	0.7346177101135254	31.26856
329	(-22.518280883715345-7.049433978123044j)	0.7410380840301514	31.36389
330	(0.3367222265862595+4.858017469113471j)	0.7255277633666992	31.45922
331	(-12.355049486988515+3.5269312027676416j)	0.7922768592834473	31.55455
332	(17.84912052418689+20.482950412705907j)	0.7334961891174316	31.64987
333	(17.917754190715307-31.276177684961674j)	0.7578439712524414	31.7452
334	(-31.937431572033887-7.7817214613230945j)	0.9762370586395264	31.84053
335	(2.292688281712799+19.16382372172395j)	0.6691672801971436	31.93586
336	(1.920111194018618-2.3354313505930158j)	0.7893092632293701	32.03118
337	(10.744464726685568+10.73380477742275j)	0.7376651763916016	32.12651
338	(13.792668623477317-27.644942329421866j)	0.6731729507446289	32.22184
339	(-35.30577688945523-6.461584179593352j)	0.6880908012390137	32.31717
340	(5.242424392513635+29.347903399594674j)	0.8537390232086182	32.4125
341	(15.001705513854802-9.586775474398335j)	0.7561142444610596	32.50782
342	(0.31846866164272464-0.19077150953690727j)	0.7857940196990967	32.60315
343	(7.787379913748191-18.35322134260522j)	0.7526829242706299	32.69848
344	(-31.794305646431777-4.116699505105142j)	0.6791291236877441	32.79381
345	(8.017268234155972+33.426998059932075j)	0.7451190948486328	32.88914
346	(24.346002743555015-16.56079411698885j)	0.6570188999176025	32.98446
347	(-11.445394239655595-9.939630868331932j)	0.7870841026306152	33.07979
348	(1.6279909402927062-5.041822302106117j)	0.7792119979858398	33.17512
349	(-22.01677004112775-1.9838313661748639j)	0.7367329597473145	33.27045
350	(9.32002757842637+30.72636914191688j)	0.7554440498352051	33.36578
351	(28.32943721109744-21.386096725439597j)	0.7509002685546875	33.4611
352	(-22.059370848356615-16.652564054110265j)	0.8800971508026123	33.55643
353	(-3.1868287034973592+9.690655467883467j)	0.7097420692443848	33.65176
354	(-7.910628059566427-1.1024506557550566j)	0.746544361114502	33.74709
355	(8.139390793827632+21.993994827995436j)	0.7620949745178223	33.84242
356	(26.554660820246365-22.48206732487732j)	0.7494759559631348	33.93774
357	(-29.080156525664012-19.33965928555856j)	0.7529928684234619	34.03307
358	(-5.749181467309903+22.833576836647303j)	0.7830972671508789	34.1284
359	(7.668823394933379-1.9912748124127997j)	0.6902279853820801	34.22373
360	(4.095725037670186+9.209429619242627j)	0.7032468318939209	34.31906
361	(19.860859274388933-18.99914888055105j)	0.6992099285125732	34.41438
362	(-30.69198324102546-18.037403563075443j)	0.7438650131225586	34.50971
363	(-5.926294874880766+31.61405878167874j)	0.7250769138336182	34.60504
364	(21.56957609111164-4.473881476832596j)	0.6973178386688232	34.70037
365	(-2.36040564000767-4.889882377963186j)	0.7656991481781006	34.79569
366	(10.062001000444065-11.116649032472825j)	0.7760379314422607	34.89102
367	(-26.159778053622052-13.68255703200931j)	0.7641541957855225	34.98635
368	(-4.32060117792444+34.115422243561675j)	0.7700860500335693	35.08168
369	(31.017607059247286-7.694704887811899j)	0.7816760540008545	35.17701
370	(-9.982520053752346-17.410850921001728j)	0.7316739559173584	35.27233
371	(-0.5265200437242843-0.09677428394404888j)	0.7830390930175781	35.36766
372	(-16.065981535723665-7.8065780832430685j)	0.7696731090545654	35.46299
373	(-2.023334456679814+29.714490590024997j)	0.7388172149658203	35.55832
374	(34.21023787300797-10.418198842798127j)	0.7141728401184082	35.65365
375	(-16.988880956231423-25.94593367773201j)	0.6763319969177246	35.74897
376	(-9.643044142155857+11.930084179185732j)	0.9139077663421631	35.8443
377	(-2.238589398890059-2.0828899703931274j)	0.7496960163116455	35.93963
378	(-0.24739639064044827+19.23550759506444j)	0.7037911415100098	36.03496
379	(30.683972973166668-11.340428369753239j)	0.6571750640869141	36.13029
380	(-21.481102868292012-29.06435067880168j)	0.7392580509185791	36.22561
381	(-15.585799059121907+22.401298237628925j)	0.8718311786651611	36.32094
382	(12.602539727684835+2.1175807511746085j)	0.7435388565063477	36.41627
383	(0.07199966056915647+4.784783217680895j)	0.7381207942962646	36.5116
384	(21.384152275858114-9.538888437923266j)	0.8420929908752441	36.60693
385	(-21.939846691582375-26.567066085303427j)	0.7049849033355713	36.70225
386	(-17.55643493860879+28.90200622569776j)	0.8108038902282715	36.79758
387	(25.418487016242967+4.058217280651242j)	0.7406671047210693	36.89291
388	(-1.4227431405974946-10.699701770710869j)	0.7360718250274658	36.98824
389	(8.42008074088424-4.785064750245896j)	0.7362408638000488	37.08357
390	(-17.659778987247744-19.457345425144837j)	0.739886999130249	37.17889
391	(-15.755420846366624+29.73327209318039j)	0.7289090156555176	37.27422
392	(33.513202827860674+3.776520504665689j)	0.7852537631988525	37.36955
393	(-4.37989500679126-24.083053373282716j)	0.7877881526947021	37.46488
394	(-5.431035344087317+2.290025987742495j)	0.7097539901733398	37.5602
395	(-9.008763526919871-9.628676768123281j)	0.7113058567047119	37.65553
396	(-11.234697750173334+24.347840701297116j)	0.6752088069915771	37.75086
397	(35.13171150679564+1.9978168977375397j)	0.7304291725158691	37.84619
398	(-7.822821435080044-32.70991475483278j)	0.8017840385437012	37.94152
399	(-17.338226513423468+10.279116418632416j)	0.7273211479187012	38.03684
400	(2.5656535887872858+0.6176842171645618j)	0.7777879238128662	38.13217
401	(-5.546991500615826+13.533076042192324j)	0.7611789703369141	38.2275
402	(29.859865312855653-0.1369335844064592j)	0.7892911434173584	38.32283
403	(-10.424386412349921-34.963823668575j)	0.7527258396148682	38.41816
404	(-25.04350176830118+17.30082583965398j)	0.8221650123596191	38.51348
405	(14.791087282877232+9.116460565899601j)	0.7175002098083496	38.60881
406	(-0.29921773713884936-0.7019287983923016j)	0.768953800201416	38.70414
407	(18.728748508872904-1.4553924116157884j)	0.7214558124542236	38.79947
408	(-10.907314475237417-30.595471221469808j)	0.7639608383178711	38.8948
409	(-27.312072287690995+21.44314795704042j)	0.9433028697967529	38.99012
410	(25.051713425989327+14.34056688002909j)	0.9986228942871094	39.08545
411	(3.276020653984111-15.529335141444893j)	0.8945269584655762	39.18078
412	(4.001965523553235-1.1403247144514j)	1.0870089530944824	39.27611
413	(-8.447462762215325-20.737512948014416j)	0.853377103805542	39.37144
414	(-24.141276712579145+21.267240938440448j)	0.7334709167480469	39.46676
415	(30.973089448963712+15.678406266271747j)	0.837841272354126	39.56209
416	(4.6169053771928175-27.901415252405066j)	0.7916810512542725	39.65742
417	(-11.314222985550218+1.0004914959866933j)	0.7834639549255371	39.75275
418	(-2.982173580811537-7.61639607409943j)	0.7666740417480469	39.84808
419	(-16.680816026919327+16.223758120754763j)	0.7033262252807617	39.9434
420	(30.99005509361446+13.495987213173727j)	0.7324700355529785	40.03873
421	(3.924428296075946-35.214118085309735j)	0.8121588230133057	40.13406
422	(-24.12261647472741+4.447434120766104j)	0.8253157138824463	40.22939
423	(4.679182341701356+5.969065957093249j)	0.8995311260223389	40.32471
424	(-6.8929812838747635+6.871356884303385j)	0.750709056854248	40.42004
425	(24.752996230042257+8.919386772360898j)	0.7825040817260742	40.51537
426	(2.037004273336044-35.88523926043539j)	0.8159580230712891	40.6107
427	(-31.898701593207228+8.091413788228621j)	0.7062768936157227	40.70603
428	(12.978229132799441+17.268950777797343j)	0.7073800563812256	40.80135
429	(2.9492542148738865-5.157671314186798j)	0.7273681163787842	40.89668
430	(13.253262413719531+3.5300479253058854j)	0.7887260913848877	40.99201
431	(0.12644320628707195-29.71435620452408j)	0.7782578468322754	41.08734
432	(-33.22244326075375+10.554434740390223j)	0.739081859588623	41.18267
433	(19.94063921522428+24.18098760330745j)	0.7615818977355957	41.27799
434	(10.806229568211805-17.466823449699103j)	0.7290349006652832	41.37332
435	(-1.3299415450187313-1.1547462436225557j)	0.6831221580505371	41.46865
436	(-0.6922959593250315-17.935026577989582j)	0.8270959854125977	41.56398
437	(-28.055425896981447+10.591584045903856j)	0.7542078495025635	41.65931
438	(23.662112421245418+25.684015304026197j)	0.6725459098815918	41.75463
439	(15.316746584491813-27.39448251172892j)	0.7352447509765625	41.84996
440	(-16.076573143639717-4.051104179967642j)	0.73372483253479	41.94529
441	(-2642.4215254246287+7944.158779094623j)	0.7433071136474609	42.04062
442	(-17.707373471347225+7.494830260696798j)	0.9228858947753906	42.13595
443	(22.808421440392017+21.929710553655337j)	0.7724950313568115	42.23127
444	(16.053240642195874-32.63367202737504j)	0.8002538681030273	42.3266
445	(-27.94567703696201-4.771674501948307j)	0.7922279834747314	42.42193
446	(3.033238667397669+12.17271161873927j)	0.8596889972686768	42.51726
447	(-4.506677577521396+1.3701782202838027j)	0.9893620014190674	42.61259
448	(16.98453844683939+14.23522921120023j)	1.032383918762207	42.70791
449	(13.52985332303933-31.764339754274307j)	1.0028679370880127	42.80324
450	(-34.441442050828385-3.673418657378665j)	0.8350250720977783	42.89857
451	(6.9154167933356465+24.400501752893692j)	0.7577540874481201	42.9939
452	(8.741834004387371-6.790938980324973j)	0.816558837890625	43.08922
453	(6.948003531542448+4.604326591897343j)	0.7272160053253174	43.18455
454	(8.971823720896515-24.634063414818748j)	0.9295408725738525	43.27988
455	(-34.16617827534101-1.6941165709948738j)	0.7734458446502686	43.37521
456	(10.69044500398832+31.35001445904515j)	0.7452297210693359	43.47054
457	(19.385237740092286-15.287100723616629j)	0.7644271850585938	43.56586
458	(-5.491406599942906-4.73770191488186j)	0.7814390659332275	43.66119
459	(3.9287583030907802-12.441032461685278j)	0.8335082530975342	43.75652
460	(-27.133175682563333-0.021029449450690407j)	0.8793280124664307	43.85185
461	(12.93924987125958+31.802882603767635j)	0.696099042892456	43.94718
462	(25.490103578047737-22.07714113222354j)	0.7372267246246338	44.0425
463	(-17.82071329668474-11.880865416018917j)	0.7679519653320312	44.13783
464	(-0.17163836092450835+2.473574184585472j)	0.7694947719573975	44.23316
465	(-14.771837300258394+0.3049173645874008j)	0.7478249073028564	44.32849
466	(12.468434210080748+25.927550871568627j)	0.7210321426391602	44.42382
467	(26.221433638774656-25.275385670435583j)	0.7678451538085938	44.51914
468	(-27.362600132168392-15.642871969305087j)	0.6984190940856934	44.61447
469	(-2.400842215995687+17.11407044553651j)	0.7641110420227051	44.7098
470	(0.3811277212291494-1.2662784637194757j)	0.7514431476593018	44.80513
471	(8.701080244683515+15.203527643576617j)	0.6984169483184814	44.90046
472	(21.948820122537867-23.651160969071757j)	0.7151687145233154	44.99578
473	(-31.879097716233698-15.77640197177541j)	0.8369927406311035	45.09111
474	(-2.5457714946757086+28.465123703709107j)	0.7465939521789551	45.18644
475	(15.236081519671593-4.583683628346084j)	0.802778959274292	45.28177
476	(1.9152371184909103+2.044880326518495j)	0.7620861530303955	45.3771
477	(14.081172137065703-16.99631148952916j)	0.7822070121765137	45.47242
478	(-30.115604318625067-12.93512254673975j)	0.6630220413208008	45.56775
479	(-1.1119543176536961+34.15591682724275j)	0.7467820644378662	45.66308
480	(26.819706300885585-8.802943517227735j)	0.686898946762085	45.75841
481	(-6.718093029454442-10.760653937001155j)	0.6931500434875488	45.85373
482	(4.658200730169265-6.256855362466619j)	0.7708389759063721	45.94906
483	(-22.12172833590256-8.407943370358682j)	0.7528152465820312	46.04439
484	(0.8782437996121288+32.97978787403933j)	0.7530717849731445	46.13972
485	(32.90956993571728-12.59544437632049j)	0.7490072250366211	46.23505
486	(-15.363881828634415-20.666041274332628j)	0.8177978992462158	46.33037
487	(-4.15371727588497+6.582368594868298j)	0.7063431739807129	46.4257
488	(-9.298932567382815-3.71721595915585j)	0.766740083694458	46.52103
489	(2.2409056692438973+25.16513562225192j)	0.7432460784912109	46.61636
490	(32.49300474642793-14.518316625088882j)	0.7539048194885254	46.71169
491	(-21.925309523688625-25.916971525531398j)	0.7938880920410156	46.80701
492	(-10.583899669690188+18.909215957252222j)	0.7296702861785889	46.90234
493	(5.863880919412976-0.180360547103668j)	0.7958219051361084	46.99767
494	(2.02052968026831+12.329375548104792j)	0.7547240257263184	47.093
495	(25.944133586032063-13.44683145422049j)	0.7754189968109131	47.18833
496	(-24.556037882374405-25.87591996464866j)	0.7453110218048096	47.28365
497	(-13.6334144427278+28.041844552418056j)	0.8513188362121582	47.37898
498	(20.309136502515567+1.4352718028573772j)	0.7692327499389648	47.47431
499	(-0.18172127447524544-2.8761676193684704j)	0.7515838146209717	47.56964
500	(14.894477793993918-8.94235176042806j)	0.817669153213501	47.66497
501	(-22.150291003948432-21.088310696508646j)	0.7394368648529053	47.76029
502	(-13.230486605289645+31.8376793940507j)	0.7673149108886719	47.85562
503	(31.065287810813963+1.0891617739573913j)	0.7188611030578613	47.95095
504	(-4.042110274437468-17.34632545495788j)	0.7104551792144775	48.04628
505	(1.8295247404121553-1.4677510297525143j)	0.7427351474761963	48.14161
506	(-14.681235629446226-13.067120041931815j)	0.74310302734375	48.23693
507	(-10.155470369319358+29.2110854051258j)	0.7332561016082764	48.33226
508	(35.90318069019135-0.5735421104594103j)	0.7778060436248779	48.42759
509	(-8.563519878394397-28.19504122912857j)	0.7887110710144043	48.52292
510	(-10.494546382295203+7.637371550000402j)	0.8064980506896973	48.61824
511	(-3.2979497123763593-3.87124874071129j)	0.7415909767150879	48.71357
512	(-5.743687751933024+20.42107615032966j)	0.7831647396087646	48.8089
513	(33.810864232537426-2.4632115266306993j)	0.9444880485534668	48.90423
514	(-12.325251419029147-33.36783661070024j)	0.8119370937347412	48.99956
515	(-19.633877669880363+16.38458860654645j)	0.774158239364624	49.09488
516	(9.85744516841699+4.4163432697739795j)	0.7218072414398193	49.19021
517	(-1.4739046653720376+7.066064956463526j)	0.7862269878387451	49.28554
518	(25.23403154333707-3.414119579929322j)	0.8608999252319336	49.38087
519	(-13.880387250720235-32.05956240774243j)	0.7363901138305664	49.4762
520	(-24.07796406493969+22.722465621617374j)	0.7039341926574707	49.57152
521	(22.09317144506722+10.170080666570106j)	0.7517669200897217	49.66685
522	(1.4579053933113908-8.22932803114132j)	0.8290872573852539	49.76218
523	(11.966243794396242-2.5713808007154784j)	1.039194107055664	49.85751
524	(-12.186141781682297-24.843419800063522j)	1.1080749034881592	49.95284
525	(-23.326834036345193+24.774853150156527j)	0.8727962970733643	50.04816
526	(30.73046894942595+12.576482481003579j)	0.7950677871704102	50.14349
527	(2.4505013502026944-22.36468495839444j)	0.7633061408996582	50.23882
528	(-3.241129157767287+0.30484916605910417j)	0.7267358303070068	50.33415
529	(-6.956741339306788-13.495023580348425j)	0.7154500484466553	50.42948
530	(-18.10815592042109+21.605305590801844j)	0.7637839317321777	50.5248
531	(33.74121921494506+11.73357958879387j)	0.7868328094482422	50.62013
532	(1.6346329961190644-32.43057158328112j)	0.7940080165863037	50.71546
533	(-17.284717834062747+4.717932127085722j)	0.745211124420166	50.81079
534	(1.1630145947389177-0.5498518617576003j)	0.7080981731414795	50.90612
535	(-10.026968266163117+13.376857473387012j)	0.6963121891021729	51.00144
536	(30.21999807574838+8.534670845704j)	0.7313940525054932	51.09677
537	(-0.21890150299508093-36.344295193136865j)	0.7901310920715332	51.1921
538	(-27.381982882815137+9.5262435927062j)	0.7303869724273682	51.28743
539	(10.665146277603275+11.281280543926242j)	0.7110757827758789	51.38276
540	(-1.141527196114561+1.4315648759927906j)	0.741020917892456	51.47808
541	(20.63764361047571+4.344503260312554j)	0.7452919483184814	51.57341
542	(-1.9671328976239-33.30557092816649j)	0.7121658325195312	51.66874
543	(-31.655925758038915+13.233694176538123j)	0.6906189918518066	51.76407
544	(19.47441931244633+19.718299018714553j)	0.737403154373169	51.85939
545	(6.558685462249595-11.938636319889275j)	0.7019050121307373	51.95472
546	(6.7808004623862335+0.5829000031269667j)	0.7514338493347168	52.05005
547	(-2.4787867826210093-23.9678667488039j)	0.7318828105926514	52.14538
548	(-29.51026535492426+14.4028786777731j)	0.7046518325805664	52.24071
549	(25.43938184030857+23.370363880449187j)	0.7870171070098877	52.33603
550	(11.610827766712319-23.963728116832918j)	0.6939382553100586	52.43136
551	(-8.60211352751908-1.6870495890799915j)	0.7180831432342529	52.52669
552	(-1.0135341157552595-10.292435781229699j)	0.7543442249298096	52.62202
553	(-21.711932700836172+12.088131402230339j)	0.7151079177856445	52.71735
554	(26.837821499920185+21.99303940875747j)	0.7238819599151611	52.81267
555	(13.379420051056027-32.00413645328463j)	0.7143042087554932	52.908
556	(-22.385235925459202-2.0359453389449804j)	0.7346389293670654	53.00333
557	(2.5026279056913037+4.884635104412478j)	0.732896089553833	53.09866
558	(-10.162246538089489+6.169111781111478j)	0.7514359951019287	53.19399
559	(22.856482150209896+16.44957689323368j)	0.7347359657287598	53.28931
560	(12.125653532026622-34.15275859842332j)	0.7608158588409424	53.38464
561	(-31.736603898576526-0.7571145583882632j)	0.6928458213806152	53.47997
562	(7.4015229038683295+18.482240916596794j)	0.7879190444946289	53.5753
563	(2.5672648352743788-2.5269974690311887j)	0.7744340896606445	53.67063
564	(13.853603944363371+8.418206906312374j)	0.7404701709747314	53.76595
565	(8.847080225825122-29.699966774238163j)	0.7245590686798096	53.86128
566	(-34.73772484613735+1.2618168359705066j)	0.7418279647827148	53.95661
567	(12.406836637238065+27.83213538504975j)	0.7780730724334717	54.05194
568	(13.831387124257128-12.329299299903276j)	0.7645151615142822	54.14727
569	(1.3640443358306098-0.06327463436075831j)	0.8184719085693359	54.24259
570	(4.90478284106181-19.314188636008296j)	0.8045549392700195	54.33792
571	(-30.797250905039874+2.8420728797447676j)	0.7657210826873779	54.43325
572	(15.960461393586932+31.24661204993952j)	0.7843000888824463	54.52858
573	(21.497979695032427-21.06827554928581j)	1.112989902496338	54.6239
574	(-12.180846902519935-7.109742922490333j)	0.9272692203521729	54.71923
575	(1.6595478438837892-4.978677094339109j)	1.1102700233459473	54.81456
576	(-20.778224600127746+2.9035110075412476j)	1.0253949165344238	54.90989
577	(16.65412928899078+28.338033040461884j)	1.0923268795013428	55.00522
578	(24.364504518995997-26.58293768123947j)	0.8612360954284668	55.10054
579	(-23.958972306135763-11.423097035160488j)	0.8520650863647461	55.19587
580	(0.0284561903914895+10.457481699799066j)	0.8295290470123291	55.2912
581	(-6.797315888442441+0.835744525881406j)	1.0039448738098145	55.38653
582	(13.65861506883827+20.053612627147075j)	0.8859467506408691	55.48186
583	(22.379548083871374-27.24472607821165j)	0.7469940185546875	55.57718
584	(-31.374363455628632-12.554488668211922j)	0.7788610458374023	55.67251
585	(0.26713706221141287+23.858291442374295j)	1.0274529457092285	55.76784
586	(8.246322926078244-3.268105240149086j)	1.1837131977081299	55.86317
587	(7.017354273377556+8.411103814389937j)	0.9520409107208252	55.9585
588	(16.545331522935513-22.39900312398294j)	1.0415241718292236	56.05382
589	(-32.66349732229354-10.91158580408457j)	0.8527648448944092	56.14915
590	(1.923375887921038+32.48655415031752j)	0.8692278861999512	56.24448
591	(21.30592488254477-8.57250924886979j)	0.8471770286560059	56.33981
592	(-2.253123534810558-4.001930659415404j)	0.9849758148193359	56.43514
593	(8.597946211560027-12.60732366029821j)	0.7748701572418213	56.53046
594	(-27.308031492729157-7.572945158056424j)	0.7176299095153809	56.62579
595	(3.991846054250823+34.57231861235596j)	0.7044708728790283	56.72112
596	(29.847067958885717-13.675389410791889j)	0.7123129367828369	56.81645
597	(-12.332403553252924-14.62249560668039j)	1.1456477642059326	56.91178
598	(0.5396972061506483+0.41130555087567067j)	1.0502352714538574	57.0071
599	(-16.20190313060123-3.9126437537167336j)	0.8484280109405518	57.10243
600	(5.324673463622695+29.816920912622244j)	0.713604211807251	57.19776
601	(32.37221824732908-16.97513546556614j)	0.7975308895111084	57.29309
602	(-20.96238032082158-21.46982009565037j)	0.8463249206542969	57.38841
603	(-5.863958617959552+14.096689507473634j)	0.7434501647949219	57.48374
604	(-1.4843127471591429-1.1843725955164404j)	0.6801059246063232	57.57907
605	(4.857482206673115+19.204511710962166j)	0.7286121845245361	57.6744
606	(28.703994280904183-17.10611087447661j)	0.7425577640533447	57.76973
607	(-26.001117827984842-23.544255285229255j)	0.7273800373077393	57.86505
608	(-9.487961730814467+25.589888160422426j)	0.843980073928833	57.96038
609	(13.89560393292582-0.15922473973705475j)	0.8234970569610596	58.05571
610	(2.136951636563603+5.020787859642151j)	1.032517910003662	58.15104
611	(19.96369997580972-13.366173552927568j)	0.8193221092224121	58.24637
612	(-25.921291079053386-20.974483110602314j)	0.8328070640563965	58.34169
613	(-10.056572680517217+32.36276256643j)	0.8837807178497314	58.43702
614	(26.812611149021947-0.9218792053741449j)	0.8559622764587402	58.53235
615	(-2.5731561872055018-9.784454948912554j)	0.756080150604248	58.62768
616	(8.263547815359653-5.976925854404222j)	0.702117919921875	58.72301
617	(-20.23951124853521-14.880335356673129j)	0.7178900241851807	58.81833
618	(-8.124167487773384+32.7995881497323j)	0.8744528293609619	58.91366
619	(34.641046917299484-2.8685372753088156j)	0.9296348094940186	59.00899
620	(-8.270172615582364-22.220752410657454j)	0.7762739658355713	59.10432
621	(-3.8085912358698124+3.8618061934073165j)	0.726093053817749	59.19965
622	(-9.723024740038085-7.049542738861163j)	0.8882019519805908	59.29497
623	(-4.835396483342654+26.59002189752076j)	0.7549350261688232	59.3903
624	(35.81974324244813-4.921055065338175j)	0.8833348751068115	59.48563
625	(-13.444133313907898-29.898026375488936j)	0.9976022243499756	59.58096
626	(-13.783508563855797+14.18322846512131j)	1.0142090320587158	59.67629
627	(3.7316906960255922+0.5691770357175012j)	0.9830060005187988	59.77161
628	(-1.5460385598754263+14.828808762032692j)	1.0968818664550781	59.86694
629	(30.18710106205165-5.880134077952655j)	0.8862287998199463	59.96227
630	(-16.46030128735185-31.516746365341486j)	0.7774562835693359	60.0576
631	(-19.85092478906178+22.669637387746683j)	0.7231528759002686	60.15292
632	(17.448464761038764+6.343454950686896j)	0.6694991588592529	60.24825
633	(0.5993826050108101-0.16802776952269688j)	0.7372591495513916	60.34358
634	(19.000637277838617-4.81570430069937j)	0.6857931613922119	60.43891
635	(-16.018040117610674-27.104222849022417j)	0.7948930263519287	60.53424
636	(-21.202832695356175+27.203305074142264j)	0.7248740196228027	60.62956
637	(28.54876772611054+9.322037918721541j)	0.7154097557067871	60.72489
638	(0.9826047127902919-15.38948875592984j)	0.709036111831665	60.82022
639	(4.648055315090263-1.4039557766297635j)	0.7683398723602295	60.91555
640	(-11.55169456581533-17.942885089008588j)	0.7927191257476807	61.01088
641	(-18.13459692306986+26.37006590801326j)	0.773932933807373	61.1062
642	(34.58845564305487+9.405280855844065j)	0.7060947418212891	61.20153
643	(-0.3060081029241548-27.73367282402369j)	0.684638261795044	61.29686
644	(-9.890872697189064+3.915066589038578j)	0.8002469539642334	61.39219
645	(-3.468212661552686-6.227215821924887j)	0.8614928722381592	61.48752
646	(-11.895520167262601+19.883162025642136j)	0.8135111331939697	61.58284
647	(34.115823155156775+7.275688855634533j)	0.8002300262451172	61.67817
648	(-2.5236269258461856-34.69916502646475j)	0.8070499897003174	61.7735
649	(-21.695768099740977+9.981051815746603j)	0.9141550064086914	61.86883
650	(6.853605971431685+5.472562330392663j)	1.0081939697265625	61.96416
651	(-4.287516892228525+8.699774061986485j)	1.2112267017364502	62.05948
652	(27.027609653209677+4.129699211835563j)	1.198941946029663	62.15481
653	(-4.519684356334817-34.91729178764015j)	0.8919899463653564	62.25014
654	(-28.53166719014757+15.183755874056887j)	1.2652270793914795	62.34547
655	(17.313447977905614+14.797362753533282j)	1.001694917678833	62.4408
656	(2.8087263740960835-5.103744275374755j)	0.9260339736938477	62.53612
657	(14.626797125515798+1.2848115118602799j)	0.986541748046875	62.63145
658	(-5.10631604314513-28.442136572528785j)	1.1145479679107666	62.72678
659	(-29.30492340953786+17.87906880693305j)	1.0706379413604736	62.82211
660	(25.542859061177793+20.11290126127942j)	1.1426639556884766	62.91743
661	(7.900007801691658-18.754861439882966j)	1.2790677547454834	63.01276
662	(-0.6296525350504374-0.22589126443826701j)	1.0994441509246826	63.10809
663	(-3.4507684068570867-16.718249063672157j)	1.1945841312408447	63.20342
664	(-24.239662623956022+16.84254414034211j)	1.0447900295257568	63.29875
665	(29.46681635357067+20.79786369653489j)	1.1835191249847412	63.39407
666	(10.214654555003866-29.372799694779705j)	0.7847139835357666	63.4894
667	(-15.663096914451838+0.04661517909163848j)	0.9256546497344971	63.58473
668	(0.6119725752536663-2.2435594142069095j)	0.8561151027679443	63.68006
669	(-14.769033115463971+11.658374087673916j)	0.8293588161468506	63.77539
670	(27.81429286386089+17.32536905785936j)	0.935211181640625	63.87071
671	(9.81910105728658-34.60953244004814j)	0.869603157043457	63.96604
672	(-27.419267772516946+1.8446840098464445j)	0.7499630451202393	64.06137
673	(6.465159120818629+11.986090525689287j)	0.756054162979126	64.1567
674	(-3.149919935872339+2.9238563475879498j)	0.8423891067504883	64.25203
675	(20.478899495030223+11.029833627184932j)	0.8598239421844482	64.34735
676	(7.5146593554639525-33.190630628276175j)	0.7704577445983887	64.44268
677	(-33.53492862689628+4.294967008815409j)	1.0601921081542969	64.53801
678	(12.79943565232858+23.138591410954373j)	0.8433160781860352	64.63334
679	(8.07961776754918-7.809554573703945j)	0.8280019760131836	64.72867
680	(8.625558779108445+3.7260314803889454j)	0.8612809181213379	64.82399
681	(4.531781511658259-25.225756556299867j)	0.9127650260925293	64.91932
682	(-32.84359246623793+6.188335434254978j)	0.9440228939056396	65.01465
683	(17.92072349590079+29.146089230450272j)	0.8771729469299316	65.10998
684	(16.686058981483143-18.31925101507794j)	0.919874906539917	65.20531
685	(-5.508563275418827-2.7883953549434195j)	0.8249509334564209	65.30063
686	(2.134576898324873-12.216652926915302j)	0.8163721561431885	65.39596
687	(-25.611191503062773+6.3680102435376735j)	0.8239090442657471	65.49129
688	(20.18776379205331+29.116657293582627j)	0.9852161407470703	65.58662
689	(21.21271913693072-26.201243058816374j)	0.9460837841033936	65.68194
690	(-19.06607294158972-7.171824109677049j)	0.7116999626159668	65.77727
691	(1.2177837094583492+3.2495577805017413j)	0.7933552265167236	65.8726
692	(-13.457678642529148+4.114168985846517j)	0.7439730167388916	65.96793
693	(18.47077721682787+23.471662853789596j)	0.8023409843444824	66.06326
694	(21.229656935025915-29.44524156900314j)	0.7546670436859131	66.15858
695	(-29.182084227805426-8.830562528823002j)	0.7677600383758545	66.25391
696	(2.0978652793235253+18.04063584027794j)	0.7636141777038574	66.34924
697	(1.0201094953840528-0.5761966794720011j)	0.8189268112182617	66.44457
698	(12.516294610982838+13.778317967021172j)	0.8278450965881348	66.5399
699	(17.363247005821684-26.926856731523955j)	0.7004430294036865	66.63522
700	(-33.62188129496802-7.992495305732446j)	0.7399559020996094	66.73055
701	(4.313967620353187+29.173194860405506j)	0.8451299667358398	66.82588
702	(14.831970637356658-6.909081653632684j)	0.7886970043182373	66.92121
703	(3.108338693726976+2.343513849458774j)	0.8171467781066895	67.01654
704	(11.036676186201188-18.737853308791554j)	0.7647349834442139	67.11186
705	(-31.29691453506104-5.5612353650582165j)	0.7911748886108398	67.20719
706	(6.886817912863188+34.43452917251826j)	0.7657530307769775	67.30252
707	(25.24726318254064-13.435106599682456j)	0.7783610820770264	67.39785
708	(-8.02916943117703-8.349799008232972j)	1.0010859966278076	67.49318
709	(4.049181033868601-6.241750279605644j)	1.4037160873413086	67.5885
710	(-22.530637640005327-2.787456499900597j)	1.9364428520202637	67.68383
711	(8.564269184166381+32.862146005601836j)	1.3237268924713135	67.77916
712	(30.3743537369138-18.389350086546298j)	1.4681999683380127	67.87449
713	(-18.565658599066587-16.200649760517162j)	1.06734299659729	67.96982
714	(-1.8979598534334885+8.174111207288265j)	0.8729698657989502	68.06514
715	(-3.2519823220608854-1.3032958731838948j)	0.7561581134796143	68.16047
716	(8.241016901022274+24.93278458991728j)	0.8164792060852051	68.2558
717	(29.527149933666244-20.153332203483668j)	0.7859859466552734	68.35113
718	(-26.08003980595853-19.93843501742319j)	1.0949361324310303	68.44645
719	(-5.620651167645479+21.580659641005187j)	1.083028793334961	68.54178
720	(6.535039491564514-0.5634419589617272j)	0.8775002956390381	68.63711
721	(5.318282575876054+12.43070804014119j)	0.909743070602417	68.73244
722	(23.313772796788086-17.706269651732427j)	0.794896125793457	68.82777
723	(-28.642651062710147-19.318785720632317j)	0.8413169384002686	68.92309
724	(-6.704255807523838+31.14728710324099j)	0.8209478855133057	69.01842
725	(20.972831241337317-1.9895128129655992j)	0.8655710220336914	69.11375
726	(-0.035488308241165056-1.96425962041496j)	1.12437105178833	69.20908
727	(13.421465762546541-10.963937879689434j)	1.0384650230407715	69.30441
728	(-25.287705995832145-15.112453745622354j)	0.9100100994110107	69.39973
729	(-5.52959366180408+34.76633581816631j)	1.048201084136963	69.49506
730	(31.385324801361282-4.56087391232505j)	0.884692907333374	69.59039
731	(-6.854022383465909-15.285612692569503j)	0.8752119541168213	69.68572
732	(2.1874505991701714-0.9010408281867094j)	0.903684139251709	69.78105
733	(-16.309593992696655-8.809808458326106j)	1.0708200931549072	69.87637
734	(-3.0871898311415937+31.54898959470219j)	1.0121879577636719	69.9717
735	(35.726185817231496-7.180054019565506j)	0.8740940093994141	70.06703
736	(-13.556312661832616-24.918941036901792j)	0.8566679954528809	70.16236
737	(-7.972119697711304+10.593653559558422j)	0.9224698543548584	70.25769
738	(-3.2645314601485267-2.1796025961552057j)	1.0575542449951172	70.35301
739	(-0.6288481923167636+22.028884777509475j)	1.1150321960449219	70.44834
740	(33.24356887667908-8.569503241237697j)	0.8155272006988525	70.54367
741	(-18.324809084575183-29.157216770901208j)	0.8578507900238037	70.639
742	(-15.101304080330443+21.097045169164584j)	0.8648619651794434	70.73433
743	(11.315252229925491+3.183855311500395j)	0.8212800025939941	70.82965
744	(0.7336306915004109+8.079400093687399j)	0.8662509918212891	70.92498
745	(24.61985805264239-7.6840767058639745j)	0.8409080505371094	71.02031
746	(-19.5770387494276-27.51912415449221j)	0.8718328475952148	71.11564
747	(-18.11899793522966+28.188014334233973j)	0.7657220363616943	71.21096
748	(24.451051936151877+6.263150627122937j)	0.8753647804260254	71.30629
749	(0.38106622381538413-7.477371546355191j)	0.8385019302368164	71.40162
750	(11.791098084933632-4.066083920095605j)	0.7967569828033447	71.49695
751	(-16.415846007219383-20.78728302005598j)	0.8409249782562256	71.59228
752	(-16.96094843965463+30.03274223118276j)	0.7862980365753174	71.6876
753	(33.3627804607717+6.818305787270102j)	0.8548259735107422	71.78293
754	(-1.6249992197579572-21.483804167369737j)	0.8403661251068115	71.87826
755	(-2.4998210827430305+1.9435645668907133j)	0.7800149917602539	71.97359
756	(-8.938575948275748-10.760058836022367j)	0.8636469841003418	72.06892
757	(-12.530903026690002+25.835732409615904j)	0.8915677070617676	72.16424
758	(36.08780590354563+5.373695933593169j)	0.8425910472869873	72.25957
759	(-4.546760222938917-31.124873395576138j)	0.8580090999603271	72.3549
760	(-15.321812596267758+9.207655045973016j)	0.8380670547485352	72.45023
761	(1.6933746528083833+0.21618573828353757j)	0.8659830093383789	72.54556
762	(-6.364050316756357+16.09701772141875j)	0.86385178565979	72.64088
763	(31.932567972169384+2.9924705380782806j)	0.8237147331237793	72.73621
764	(-7.192747719931737-34.5293946032744j)	0.8971419334411621	72.83154
765	(-24.196387455725333+16.026827373139877j)	0.9022278785705566	72.92687
766	(13.435695681278093+9.806864595888237j)	0.7793738842010498	73.0222
767	(-0.19269656522967457+2.5629035534462927j)	0.8393497467041016	73.11752
768	(21.64830658729923+0.9123223640194578j)	0.8447821140289307	73.21285
769	(-8.28027875910209-31.155950588429143j)	1.0538759231567383	73.30818
770	(-27.601958959057978+20.545821046273012j)	0.7773528099060059	73.40351
771	(23.78692136863995+16.21229969921653j)	0.8229219913482666	73.49884
772	(4.5193492894830705-12.10634738547693j)	1.1613960266113281	73.59416
773	(7.281414322535628+0.14500300983477676j)	0.9636251926422119	73.68949
774	(-6.84085206863187-21.88781969233128j)	1.0715551376342773	73.78482
775	(-25.261351025605666+21.237520325645892j)	0.847649097442627	73.88015
776	(30.343522279307365+18.540745751745348j)	0.7824969291687012	73.97547
777	(6.919893028264443-24.898321361791815j)	0.8314049243927002	74.0708
778	(-8.255723091475213+1.1553871129680646j)	0.854719877243042	74.16613
779	(-2.564712675773885-8.799777844101053j)	0.791597843170166	74.26146
780	(-18.1249405329861+17.34213968742016j)	0.8101940155029297	74.35679
781	(31.379791444067344+16.900898339015292j)	0.8760721683502197	74.45211
782	(6.941781070975509-33.099183855901494j)	0.782390832901001	74.54744
783	(-21.816870730978916+3.7085341477503873j)	0.7945079803466797	74.64277
784	(4.028513990161063+5.318306820542695j)	0.7826180458068848	74.7381
785	(-8.081376240365312+9.138994863015212j)	1.1873610019683838	74.83343
786	(26.287466011956077+12.314113329462712j)	0.9799418449401855	74.92875
787	(5.241445565157935-34.90340962069173j)	0.8775448799133301	75.02408
788	(-30.696967546108834+6.923210410080395j)	0.8316431045532227	75.11941
789	(11.63848764773806+17.592353987275512j)	0.7974343299865723	75.21474
790	(2.5282766737318045-2.0204854926094167j)	1.0714149475097656	75.31007
791	(15.768201534762909+6.349374342382988j)	1.0518410205841064	75.40539
792	(2.9380316764128267-29.824940780670033j)	0.7344110012054443	75.50072
793	(-33.20784146385981+9.530447616035463j)	0.7752008438110352	75.59605
794	(18.059149793344066+27.159354170391456j)	0.7783398628234863	75.69138
795	(11.465732259476322-13.946491505841738j)	1.2445666790008545	75.78671
796	(1.753019522421266+0.6772093479467066j)	0.7383308410644531	75.88203
797	(1.238775614569846-18.823074177812686j)	0.7333428859710693	75.97736
798	(-29.023821716421715+10.254203521905922j)	0.7719211578369141	76.07269
799	(22.613566349103607+28.270042296163457j)	0.7336978912353516	76.16802
800	(17.097984192100824-24.075465316152634j)	0.8871688842773438	76.26335
801	(-12.983527666812348-3.36839556271231j)	0.7996077537536621	76.35867
802	(1.0442907512697042-4.108035475799399j)	0.8496599197387695	76.454
803	(-19.21848292289264+8.22201027715869j)	0.7773270606994629	76.54933
804	(22.647414934255572+25.27139813640473j)	0.7924480438232422	76.64466
805	(18.719334235322947-30.03843630394912j)	0.9580068588256836	76.73998
806	(-25.410274461340105-5.110455025533658j)	0.9123151302337646	76.83531
807	(2.655608786169205+11.33430313791286j)	0.6967816352844238	76.93064
808	(-5.9922292274078375+3.279544909223799j)	0.8236889839172363	77.02597
809	(17.94807397722802+17.79305737998083j)	1.2719061374664307	77.1213
810	(16.606748195002716-30.23973515785072j)	0.8561520576477051	77.21662
811	(-32.90159905715984-4.650824130135106j)	0.8127920627593994	77.31195
812	(5.669417691969425+24.38543624955634j)	0.7576839923858643	77.40728
813	(7.836230923134252-3.8728742105278164j)	0.7708470821380615	77.50261
814	(8.986807851545956+7.797941334270057j)	0.707413911819458	77.59794
815	(11.883574156761835-24.25370274190745j)	0.7664670944213867	77.69326
816	(-33.816558040191595-2.763656408350297j)	1.4421157836914062	77.78859
817	(9.06824382233946+32.465271394298775j)	1.0383062362670898	77.88392
818	(19.466247158616234-11.778922704406174j)	0.9421329498291016	77.97925
819	(-2.700131717961832-2.394058862209599j)	1.049626111984253	78.07458
820	(6.134695915466395-12.998526482439459j)	1.0456688404083252	78.1699
821	(-27.882919188546953-0.6104844341426574j)	1.061011791229248	78.26523
822	(11.520397522108272+34.07951584910627j)	0.8578219413757324	78.36056
823	(26.713277757363038-18.53808968813867j)	0.8444578647613525	78.45589
824	(-14.79339793348456-10.656508672737166j)	0.9799580574035645	78.55122
825	(0.9530727138814256+1.4339962607084198j)	0.952390193939209	78.64654
826	(-16.262839163358684+0.6530054816015207j)	0.9156858921051025	78.74187
827	(11.774553099400455+29.11337480151068j)	0.7508349418640137	78.8372
828	(28.45117246265138-22.27098723094828j)	0.9131081104278564	78.93253
829	(-24.678130027482606-15.52695815244423j)	0.9810009002685547	79.02786
830	(-2.4669466096029433+16.157886534899003j)	1.1793370246887207	79.12318
831	(-1.316947285249924+0.24798194830016107j)	0.8948512077331543	79.21851
832	(9.071402889832182+18.82496293766696j)	1.0529811382293701	79.31384
833	(24.796074803763315-21.610317126573946j)	1.2464120388031006	79.40917
834	(-30.03996019140719-16.487286468748422j)	0.9590749740600586	79.50449
835	(-3.627431046922612+28.15048327426196j)	1.2997040748596191	79.59982
836	(13.91172025805962-1.9617386939715002j)	1.280221939086914	79.69515
837	(3.4142879425209474+5.523028456156391j)	1.2239031791687012	79.79048
838	(16.99538580992243-16.104342384270385j)	1.2812600135803223	79.88581
839	(-29.423465601169013-13.971126116092476j)	0.8797507286071777	79.98113
840	(-2.7844259312579016+34.87365842899658j)	0.8522069454193115	80.07646
841	(26.34607415488823-5.401170084044505j)	1.4227769374847412	80.17179
842	(-4.312048360820331-7.961781473152624j)	0.9188807010650635	80.26712
843	(7.068577568843842-6.416286582185508j)	0.8910353183746338	80.36245
844	(-22.59991446643192-9.189229386103436j)	0.8974499702453613	80.45777
845	(-0.8253748584966587+34.87809688480296j)	0.879702091217041	80.5531
846	(33.55092190289519-8.931976915590377j)	0.9494328498840332	80.64843
847	(-12.50214288662838-18.915388571727476j)	1.2573661804199219	80.74376
848	(-2.6986965276960886+5.733797600816518j)	0.86916184425354	80.83909
849	(-10.688759031695806-3.7231159266203253j)	0.868643045425415	80.93441
850	(1.0696283835106168+28.101500777088297j)	0.9518108367919922	81.02974
851	(34.228198667283756-11.174613214202969j)	0.8875529766082764	81.12507
852	(-19.179614567726073-25.320356295216218j)	1.1346700191497803	81.2204
853	(-10.3133858105313+17.917796914175366j)	1.459259271621704	81.31573
854	(4.038632320118772+0.918168967777067j)	0.8597631454467773	81.41105
855	(1.8033928174708747+15.905501162101j)	1.0991590023040771	81.50638
856	(28.47515619123214-10.920512487264796j)	1.7542641162872314	81.60171
857	(-22.476211017095792-26.248672442060506j)	1.1881263256072998	81.69704
858	(-14.47905535804027+27.474127041364092j)	1.2462050914764404	81.79237
859	(18.63271783586229+3.696265644257802j)	2.175421953201294	81.88769
860	(0.7375112293261723+0.7873588447384503j)	2.553558111190796	81.98302
861	(17.719989313274613-7.528068835484018j)	0.8833580017089844	82.07835
862	(-21.12821284589185-22.005731396498977j)	1.0691378116607666	82.17368
863	(-14.868318876945038+32.168634187830534j)	1.111393928527832	82.269
864	(30.072358600803444+4.288159967392142j)	0.9462120532989502	82.36433
865	(-2.0961344164642393-14.168875372925289j)	0.9343070983886719	82.45966
866	(4.36819027649805-1.1813794615455377j)	0.9035530090332031	82.55499
867	(-14.856531308599843-13.966741840435533j)	0.9766168594360352	82.65032
868	(-12.058007629344846+30.696087973939164j)	0.8482611179351807	82.74564
869	(35.94939288032085+3.105677574690475j)	0.8800210952758789	82.84097
870	(-5.9595253203245875-25.953171046397394j)	1.0913729667663574	82.9363
871	(-8.757947812416308+7.065310489891281j)	0.9532501697540283	83.03163
872	(-4.514174373834585-4.1909611524947605j)	0.8053479194641113	83.12696
873	(-7.331034463956034+23.031539309471253j)	0.8014788627624512	83.22228
874	(34.99365726988509+1.1241132602079382j)	0.9026210308074951	83.31761
875	(-9.603602361465336-32.276818953397296j)	0.8209600448608398	83.41294
876	(-19.04485874732018+15.46093102977926j)	0.7758159637451172	83.50827
877	(8.002946336491378+5.092243793530054j)	0.7318820953369141	83.6036
878	(-2.2520601460149146+10.495300317894632j)	0.799872875213623	83.69892
879	(27.35888523305129-0.4661440434691375j)	0.7329893112182617	83.79425
880	(-11.616428491489463-32.048164210606885j)	0.9131548404693604	83.88958
881	(-24.651900938872018+21.96846600860722j)	0.7834739685058594	83.98491
882	(20.150311606489776+12.018343021501535j)	1.164391279220581	84.08024
883	(1.776020046759589-4.48734516676191j)	2.3900632858276367	84.17556
884	(14.6013682966832-0.6517277979169513j)	1.1997730731964111	84.27089
885	(-10.849966564658912-25.571636940490507j)	1.0337002277374268	84.36622
886	(-24.846878566326733+24.752241076168822j)	1.022674322128296	84.46155
887	(29.271592246878857+15.480379975611275j)	0.9334571361541748	84.55688
888	(3.8726490841913614-18.892211126097628j)	0.9723191261291504	84.6522
889	(-0.6625481753853434+1.065612984926044j)	1.0147569179534912	84.74753
890	(-6.795353196998201-14.437663819444442j)	0.9500799179077148	84.84286
891	(-20.118112257908376+22.663496735081456j)	0.8996410369873047	84.93819
892	(33.204828728656324+15.325549369296905j)	0.8197100162506104	85.03351
893	(3.8880385611610944-29.740537177186j)	2.0882558822631836	85.12884
894	(-15.323708497281233+4.478173856477253j)	1.024690866470337	85.22417
895	(0.18524035033108166-1.1276313363399493j)	0.8009669780731201	85.3195
896	(-11.953184337342675+15.601282612911596j)	0.8142967224121094	85.41483
897	(30.815334767142723+12.265215870331366j)	0.8114709854125977	85.51015
898	(2.383514994768582-34.7530311623033j)	0.7952060699462891	85.60548
899	(-26.467596724466482+8.678732103682316j)	0.8399291038513184	85.70081
900	(8.860117435036821+11.55946840900189j)	0.8353729248046875	85.79614
901	(-2.438052138454565+4.62075207500105j)	0.7939860820770264	85.89147
902	(22.284104499436765+7.638722890414071j)	0.8000061511993408	85.98679
903	(0.3985674868342173-32.861953132890086j)	0.8969681262969971	86.08212
904	(-31.92263948275879+12.361199580217594j)	0.7853639125823975	86.17745
905	(17.35639962424078+21.128457758229697j)	0.7692480087280273	86.27278
906	(6.2722118961266355-8.224025466544047j)	0.7333099842071533	86.36811
907	(9.130868461556636+2.9742864081205j)	0.8121228218078613	86.46343
908	(-0.8739502640657761-24.429706261079296j)	0.9179127216339111	86.55876
909	(-30.8524522211703+14.05874449766214j)	0.8169610500335693	86.65409
910	(23.583968650843367+25.914420067332554j)	0.7928030490875244	86.74942
911	(12.458116893642961-20.29235624491665j)	0.7160232067108154	86.84475
912	(-6.078461771059278-0.4400594295070399j)	0.7260117530822754	86.94007
913	(-0.5077974333841588-11.206140476907715j)	0.751046895980835	87.0354
914	(-23.74648462163033+12.71042713473864j)	0.7077701091766357	87.13073
915	(25.754922822489796+25.39405693580398j)	0.7340240478515625	87.22606
916	(15.19661854017393-28.933338702518746j)	0.7367062568664551	87.32139
917	(-20.266563416604594-1.8888761149095448j)	0.8320908546447754	87.41671
918	(1.80920361204255+4.1174611886096715j)	0.695530891418457	87.51204
919	(-12.344333819765165+7.954929670294207j)	0.7959439754486084	87.60737
920	(22.853820795343953+20.214725237295376j)	0.7657380104064941	87.7027
921	(14.506655897447729-32.08718119248737j)	0.8049190044403076	87.79802
922	(-30.51155596477458-1.3939044522202195j)	0.8205749988555908	87.89335
923	(5.72803807654726+18.392482512522967j)	0.8244800567626953	87.98868
924	(0.8127887425790399+0.3342055579904639j)	0.7879879474639893	88.08401
925	(14.966406741909287+11.96915773275129j)	0.8002450466156006	88.17934
926	(11.221409180706246-28.796066975427028j)	0.7054262161254883	88.27466
927	(-34.678381375039706+0.3529140206326389j)	0.765017032623291	88.36999
928	(10.196305924537398+28.795833104473502j)	0.756779670715332	88.46532
929	(12.951447813292566-8.762300269937343j)	0.7642672061920166	88.56065
930	(3.3433238592406473+2.748725835968167j)	0.8272881507873535	88.65598
931	(6.717399625766543-19.44912806807832j)	0.7928140163421631	88.7513
932	(-31.8954475266465+2.2397810736981594j)	0.9011378288269043	88.84663
933	(13.782282116834384+33.378624186212555j)	0.7422492504119873	88.94196
934	(21.74916702002692-17.30219294691495j)	0.8337538242340088	89.03729
935	(-9.805687988556873-5.378950936642372j)	0.7665300369262695	89.13262
936	(2.474400164967637-5.761273320003058j)	0.7235839366912842	89.22794
937	(-22.74681525586636+3.113230598917145j)	0.8007969856262207	89.32327
938	(15.061486565056562+31.462938089616834j)	0.8169269561767578	89.4186
939	(25.68554028079317-23.20996462029836j)	0.9223120212554932	89.51393
940	(-21.76198882505986-10.849985489301517j)	0.824913740158081	89.60926
941	(-0.34714400410607027+9.574422883036004j)	0.7475647926330566	89.70458
942	(-9.14107301122535+2.159494486395027j)	0.9736447334289551	89.79991
943	(13.052691290856341+23.75595333821125j)	0.9662799835205078	89.89524
944	(24.44863395540926-24.743937771902402j)	0.8437807559967041	89.99057
945	(-29.901469626147424-12.919598980759789j)	0.8963379859924316	90.0859
946	(-1.204553848469649+23.448650690442268j)	0.7146420478820801	90.18122
947	(6.1069441079699684-0.803516513490302j)	0.8156969547271729	90.27655
948	(7.547196951706393+12.125194280156446j)	0.8909029960632324	90.37188
949	(18.845657591281864-21.03786656549113j)	0.8414108753204346	90.46721
