	res_adaptive	time_adaptive	w
0	(-0.18292547303113293-0.1253702675275369j)	0.3284878730773926	0.001
1	(-0.9596390055641766-1.3844590716228806j)	0.28197383880615234	0.09632793136320304
2	(-1.1078544717973247-2.262169182113384j)	0.289747953414917	0.19165586272640608
3	(-1.0749266478886197-3.0555107332900664j)	0.2907369136810303	0.2869837940896091
4	(-0.9141415644823877-3.7784541945179413j)	0.2862122058868408	0.38231172545281217
5	(-0.6523454853289826-4.427005933424212j)	0.316558837890625	0.4776396568160152
6	(-0.3097080480933816-4.993439883696654j)	0.28020811080932617	0.5729675881792182
7	(0.09557965023021797-5.46990716186557j)	0.28275275230407715	0.6682955195424213
8	(0.5457949497287717-5.849903863360578j)	0.28446221351623535	0.7636234509056243
9	(1.0232815086174833-6.128941045507374j)	0.2792069911956787	0.8589513822688274
10	(1.510475916736618-6.30489743528795j)	0.28520989418029785	0.9542793136320304
11	(1.9901293817688177-6.378207441901061j)	0.2863140106201172	1.0496072449952334
12	(2.4456331227370485-6.351916760365754j)	0.2635459899902344	1.1449351763584363
13	(2.861393343373703-6.231729966717123j)	0.28354310989379883	1.2402631077216395
14	(3.223188117955826-6.025589434368451j)	0.28064680099487305	1.3355910390848424
15	(3.518515171757393-5.743721412717849j)	0.28360700607299805	1.4309189704480456
16	(3.73694209729387-5.398249180632962j)	0.26804208755493164	1.5262469018112486
17	(3.870339967290211-5.002818672630145j)	0.26579785346984863	1.6215748331744515
18	(3.913130156748709-4.57223825495311j)	0.2797689437866211	1.7169027645376547
19	(3.8623453334084887-4.1220164748676265j)	0.26799798011779785	1.8122306959008576
20	(3.7178367744828904-3.667920028837382j)	0.26430201530456543	1.9075586272640608
21	(3.482108145817569-3.2255654865420538j)	0.2711141109466553	2.0028865586272637
22	(3.160383915922461-2.809891887567294j)	0.28022098541259766	2.098214489990467
23	(2.760283818558787-2.434797928491386j)	0.29535698890686035	2.19354242135367
24	(2.2917462314294172-2.1126955969079826j)	0.2707090377807617	2.288870352716873
25	(1.7666503920275913-1.8541846611042705j)	0.27326393127441406	2.384198284080076
26	(1.1984948599773004-1.6677339439328407j)	0.283642053604126	2.479526215443279
27	(0.6020011342089105-1.5594694215352622j)	0.2932748794555664	2.574854146806482
28	(-0.0073156670389037115-1.5329915075411726j)	0.2636401653289795	2.670182078169685
29	(-0.6136014784967064-1.5892516555380811j)	0.27006101608276367	2.765510009532888
30	(-1.2011033369438324-1.72660693070866j)	0.2809898853302002	2.8608379408960913
31	(-1.7546191271931948-1.9408179022709697j)	0.27826404571533203	2.956165872259294
32	(-2.2599936224310007-2.2251958966610825j)	0.25994110107421875	3.0514938036224972
33	(-2.7044079372822285-2.5708910856156875j)	0.27285289764404297	3.1468217349857004
34	(-3.0768598156240654-2.9669802037726463j)	0.2673459053039551	3.242149666348903
35	(-3.3684059965155213-3.401031518766839j)	0.27728986740112305	3.3374775977121063
36	(-3.5724156040534365-3.8593018754642023j)	0.27431392669677734	3.4328055290753094
37	(-3.684814328691226-4.327131096546651j)	0.28853297233581543	3.5281334604385126
38	(-3.704081107547149-4.789649291946445j)	0.2834181785583496	3.6234613918017153
39	(-3.631400079044862-5.231887114983969j)	0.2742888927459717	3.7187893231649185
40	(-3.47052123782751-5.639417283544681j)	0.2736217975616455	3.8141172545281217
41	(-3.227696644189966-5.998749011979952j)	0.2766299247741699	3.9094451858913244
42	(-2.911456611798543-6.297699638203571j)	0.3246619701385498	4.004773117254528
43	(-2.532376249797755-6.525814925729246j)	0.2839510440826416	4.100101048617731
44	(-2.102740252262704-6.674600474600968j)	0.4052863121032715	4.195428979980934
45	(-1.6361635013203926-6.7378905064065275j)	0.5816659927368164	4.290756911344137
46	(-1.147228717507866-6.711934080994167j)	1.0823140144348145	4.386084842707341
47	(-0.650996323450052-6.595583021160642j)	0.7608911991119385	4.481412774070543
48	(-0.1626296832103873-6.390280080096682j)	0.8244259357452393	4.576740705433746
49	(0.3031210603828478-6.100071493094709j)	0.8740339279174805	4.67206863679695
50	(0.7323054892742877-5.731458539355275j)	0.3326120376586914	4.7673965681601524
51	(1.112202121581555-5.293236479581412j)	0.400209903717041	4.862724499523355
52	(1.4316897926619303-4.796261668922221j)	0.4373319149017334	4.958052430886559
53	(1.6815628118778458-4.253092469870613j)	0.3307631015777588	5.0533803622497615
54	(1.8548045454943187-3.6776673322831903j)	0.3660609722137451	5.148708293612964
55	(1.9467899835086862-3.084890201588659j)	0.39376115798950195	5.244036224976168
56	(1.9554194958845845-2.4902311323934083j)	0.3378109931945801	5.339364156339371
57	(1.88116422743534-1.9092345651633007j)	0.29897093772888184	5.434692087702573
58	(1.7270758541893807-1.3571000185184945j)	0.2811429500579834	5.530020019065777
59	(1.4986165793767312-0.8482806001595413j)	0.3311500549316406	5.62534795042898
60	(1.2036252126789524-0.39596632099624807j)	0.3963620662689209	5.720675881792183
61	(0.8519462557350532-0.011815865407325127j)	0.49678587913513184	5.816003813155386
62	(0.4552156673247593+0.2944360902673694j)	0.3371591567993164	5.911331744518589
63	(0.02647537483170498+0.515236387540933j)	0.3592550754547119	6.006659675881792
64	(-0.4201966857702254+0.6454475148763741j)	0.44483399391174316	6.101987607244995
65	(-0.8701029884281669+0.6824613296240941j)	0.4097321033477783	6.197315538608198
66	(-1.3084029164535478+0.6262822974094573j)	0.5414509773254395	6.292643469971401
67	(-1.7204962712053473+0.47955219321094866j)	0.420396089553833	6.387971401334604
68	(-2.0925012536854855+0.24740758126727647j)	0.3052997589111328	6.483299332697807
69	(-2.411664463707819-0.06262688677295758j)	0.30909299850463867	6.57862726406101
70	(-2.6667215111735603-0.44088010542870143j)	0.3530716896057129	6.673955195424213
71	(-2.848265808762712-0.8758229101998265j)	0.46170806884765625	6.769283126787417
72	(-2.9490060345899676-1.3543994096889476j)	0.4541599750518799	6.8646110581506194
73	(-2.9640010359069873-1.862415359908694j)	0.5033819675445557	6.959938989513822
74	(-2.890822926721583-2.3849603620247652j)	0.548638105392456	7.055266920877026
75	(-2.729599932298332-2.9068300188103193j)	0.37783384323120117	7.1505948522402285
76	(-2.483065585312485-3.412980825633655j)	0.47086477279663086	7.245922783603431
77	(-2.156465924513984-3.8889668191692603j)	0.28464674949645996	7.341250714966635
78	(-1.7574193002949126-4.321366897639819j)	0.586749792098999	7.436578646329838
79	(-1.2956887007923974-4.698156211599017j)	0.4365971088409424	7.53190657769304
80	(-0.7829397523482049-5.009063139502806j)	0.2804839611053467	7.627234509056244
81	(-0.2323422727232869-5.2458821251591345j)	0.41968393325805664	7.722562440419447
82	(0.34171645802363626-5.402689375964668j)	0.27225303649902344	7.817890371782649
83	(0.9241192554547635-5.476015252925104j)	0.2817039489746094	7.913218303145853
84	(1.4994230045127326-5.464941572522683j)	0.3412659168243408	8.008546234509055
85	(2.0523082833488253-5.371133382569353j)	0.3457159996032715	8.103874165872258
86	(2.568016141432254-5.198757375288553j)	0.26708292961120605	8.19920209723546
87	(3.0327740230790754-4.954378143103322j)	0.28156280517578125	8.294530028598665
88	(3.4341966118923777-4.646740735451383j)	0.2801399230957031	8.389857959961867
89	(3.761649802420874-4.286536437105875j)	0.26909613609313965	8.48518589132507
90	(4.006520278121997-3.8860430587305004j)	0.2770850658416748	8.580513822688273
91	(4.16247405357041-3.458681708043396j)	0.2635500431060791	8.675841754051476
92	(4.225804001803068-3.019107666453407j)	0.2737233638763428	8.77116968541468
93	(4.195155587772206-2.581826916133583j)	0.25655388832092285	8.866497616777883
94	(4.071900254828454-2.1615759030389885j)	0.28376197814941406	8.961825548141086
95	(3.8600138192414857-1.7727007920596751j)	0.2778449058532715	9.057153479504288
96	(3.5658886419290825-1.4285345550557236j)	0.26912903785705566	9.152481410867491
97	(3.1981892700219263-1.1411358016811737j)	0.2743229866027832	9.247809342230694
98	(2.7675929982408647-0.9209132168144012j)	0.2794649600982666	9.343137273593898
99	(2.286490087006899-0.7762948663974016j)	0.29494190216064453	9.438465204957101
100	(1.768606302615443-0.7134836932217204j)	0.35979199409484863	9.533793136320304
101	(1.2286077921321672-0.7362662155125261j)	0.6907749176025391	9.629121067683506
102	(0.6816780643499023-0.8458875677029544j)	0.7631089687347412	9.72444899904671
103	(0.14308051885962192-1.041028882333813j)	0.7219300270080566	9.819776930409914
104	(-0.37229681761683364-1.3177988461323347j)	0.7496569156646729	9.915104861773116
105	(-0.8503694111686071-1.6698608626340035j)	0.7423598766326904	10.010432793136319
106	(-1.2782447888658188-2.0886289811796344j)	0.8446750640869141	10.105760724499522
107	(-1.6446141823112748-2.5634788783965425j)	0.48647499084472656	10.201088655862725
108	(-1.940080890493971-3.082074582129252j)	0.6192629337310791	10.296416587225927
109	(-2.157391991647321-3.6306917049379894j)	0.5490708351135254	10.391744518589132
110	(-2.291710280723403-4.194650676208104j)	0.6115660667419434	10.487072449952334
111	(-2.3406688770287873-4.758734411001719j)	0.3777601718902588	10.582400381315537
112	(-2.3045069686263275-5.3075721233732835j)	0.4485340118408203	10.67772831267874
113	(-2.185999376558288-5.826153276471871j)	0.342041015625	10.773056244041943
114	(-1.9903990817093549-6.30024480749131j)	0.33139801025390625	10.868384175405145
115	(-1.7252749021498164-6.716769987235797j)	0.35010600090026855	10.96371210676835
116	(-1.4002437583179428-7.064217504943773j)	0.32394981384277344	11.059040038131553
117	(-1.0267553552542856-7.332970685481493j)	0.36205315589904785	11.154367969494755
118	(-0.6176683831152063-7.515624240865499j)	0.27741479873657227	11.249695900857958
119	(-0.1868854684002974-7.606932724049441j)	0.3626828193664551	11.34502383222116
120	(0.2509850540158154-7.604525731792805j)	0.42595505714416504	11.440351763584365
121	(0.6811545313152227-7.508429848901256j)	0.5377569198608398	11.535679694947568
122	(1.0890791432570817-7.32130016800721j)	0.7391390800476074	11.63100762631077
123	(1.460855222913655-7.048314980538783j)	0.8342700004577637	11.726335557673973
124	(1.7837033208654618-6.697082918343371j)	0.8327727317810059	11.821663489037176
125	(2.046214555419086-6.277283902779286j)	0.8596148490905762	11.916991420400379
126	(2.2388983182447264-5.800536608222049j)	0.7245759963989258	12.012319351763583
127	(2.3542534946637-5.279976599439041j)	0.788250207901001	12.107647283126786
128	(2.3871716163630987-4.72989091715019j)	0.7738289833068848	12.202975214489989
129	(2.334946722596847-4.165330089718297j)	0.7121579647064209	12.298303145853192
130	(2.1974803341848967-3.601628105600962j)	0.8558900356292725	12.393631077216394
131	(1.9772347020428809-3.054030940156445j)	0.7813858985900879	12.488959008579599
132	(1.6792091148724926-2.5372415571484663j)	0.7786431312561035	12.584286939942801
133	(1.3105096504046136-2.064572010987468j)	0.8720989227294922	12.679614871306004
134	(0.8809778713664416-1.6488462425746822j)	0.6693592071533203	12.774942802669207
135	(0.40173231312704877-1.3002061067830455j)	0.6910879611968994	12.87027073403241
136	(-0.11423154870412977-1.0272534878979314j)	0.8719611167907715	12.965598665395612
137	(-0.6527936281451432-0.8362022413279772j)	0.4075939655303955	13.060926596758817
138	(-1.1990625571070332-0.7308286822367533j)	0.28643035888671875	13.15625452812202
139	(-1.7377836807905946-0.7123407082255943j)	0.36051011085510254	13.251582459485222
140	(-2.253824518218461-0.7793875785003083j)	0.5742101669311523	13.346910390848425
141	(-2.732556363522481-0.9280670682411689j)	0.4853541851043701	13.442238322211628
142	(-3.160319448689752-1.1520783908955985j)	0.27469420433044434	13.537566253574832
143	(-3.524814448458585-1.4429108323303708j)	0.26874303817749023	13.632894184938035
144	(-3.8154658997649267-1.7900817214028641j)	0.260653018951416	13.728222116301238
145	(-4.0236946273151615-2.1814700641972977j)	0.36179113388061523	13.82355004766444
146	(-4.143221481894652-2.603688527301018j)	0.28389406204223633	13.918877979027643
147	(-4.170207704767031-3.0424482705037397j)	0.2961409091949463	14.014205910390846
148	(-4.103388312290932-3.483012818579935j)	0.261707067489624	14.10953384175405
149	(-3.944127368757038-3.910639592690608j)	0.2748589515686035	14.204861773117253
150	(-3.696325520866899-4.310985320938709j)	0.5127637386322021	14.300189704480456
151	(-3.366390255506518-4.670591230136426j)	0.30055928230285645	14.395517635843659
152	(-2.962957169425528-4.977205704242033j)	0.2873859405517578	14.490845567206861
153	(-2.4967729583765923-5.220243593498209j)	0.27924013137817383	14.586173498570064
154	(-1.9802248018511042-5.391018075930928j)	0.2530508041381836	14.681501429933268
155	(-1.427098659980956-5.4830195779451305j)	0.35924410820007324	14.776829361296471
156	(-0.8521501235920086-5.49218098035657j)	0.2866330146789551	14.872157292659674
157	(-0.27068609561152135-5.416912218791385j)	0.2518599033355713	14.967485224022877
158	(0.30186542559167817-5.258168116776668j)	0.27123403549194336	15.06281315538608
159	(0.8504705532868118-5.019510053281385j)	0.2686581611633301	15.158141086749284
160	(3.216076903196788-3.1872295576559826j)	0.14533281326293945	15.253469018112487
161	(1.8197649339407702-4.328593528579839j)	0.2672462463378906	15.34879694947569
162	(2.215775225659176-3.8948709347640493j)	0.2792658805847168	15.444124880838892
163	(2.53915555909977-3.4177581806903112j)	0.3481738567352295	15.539452812202095
164	(2.7823724374262033-2.9106883384290727j)	0.31097984313964844	15.634780743565297
165	(2.940272598019555-2.3880712048716224j)	0.28836607933044434	15.730108674928502
166	(3.0102295159928167-1.864927216489756j)	0.2960939407348633	15.825436606291705
167	(2.9921711418874923-1.3564203843099158j)	0.30037808418273926	15.920764537654907
168	(2.8885863310927284-0.877400015874525j)	0.27516889572143555	16.016092469018112
169	(2.7044559558002375-0.44196932322024396j)	0.43561601638793945	16.111420400381316
170	(2.447206855613145-0.06322283526466688j)	0.2965269088745117	16.206748331744517
171	(2.1261851700392134+0.2474670315132902j)	0.3114461898803711	16.302076263107722
172	(1.7526985202999388+0.48045719241385154j)	0.3823668956756592	16.397404194470923
173	(1.339511488095951+0.6282822388813145j)	0.28893327713012695	16.492732125834127
174	(0.9005026062210002+0.6858218586068227j)	0.27437806129455566	16.588060057197332
175	(0.45021550601342036+0.650509868250534j)	0.2946207523345947	16.683387988560533
176	(0.003511869159746217+0.5223289850213084j)	0.29260993003845215	16.778715919923737
177	(-0.42495748735075456+0.3038835968531677j)	0.2924690246582031	16.874043851286938
178	(-0.821149512962122+0.00031941962655895884j)	0.2821629047393799	16.969371782650143
179	(-1.172055665268409-0.3808656208132758j)	0.29814696311950684	17.064699714013347
180	(-1.4660476690464235-0.8299625485581901j)	0.28923702239990234	17.160027645376548
181	(-1.6933092624932344-1.3354096069314505j)	0.2972731590270996	17.255355576739753
182	(-1.8460482086294805-1.8840526923507408j)	0.2890908718109131	17.350683508102954
183	(-1.9187492961591461-2.4615663721171703j)	0.3908510208129883	17.446011439466158
184	(-1.9083676486185088-3.052848499396445j)	0.2776370048522949	17.541339370829363
185	(-1.81438569341676-3.6424281783399834j)	0.3185160160064697	17.636667302192564
186	(-1.6388540715889388-4.214958624373633j)	0.40467309951782227	17.731995233555768
187	(-1.3863333622622518-4.7556509747928875j)	0.2718009948730469	17.82732316491897
188	(-1.063762451033695-5.250633935606735j)	0.28716111183166504	17.922651096282173
189	(-0.6802302127908684-5.687431354346808j)	0.28260302543640137	18.017979027645374
190	(-0.24675033931487933-6.05525671313699j)	0.277925968170166	18.11330695900858
191	(0.22406778144944584-6.345375233477826j)	0.4174349308013916	18.208634890371783
192	(0.7183781471698225-6.551281622980572j)	0.3324918746948242	18.303962821734984
193	(1.221554091956317-6.66893379641654j)	0.4183349609375	18.39929075309819
194	(1.718578233376621-6.6968746507605585j)	0.27480292320251465	18.49461868446139
195	(2.1944443127744058-6.636197655191091j)	0.29245805740356445	18.589946615824594
196	(2.6346718097754644-6.490536836877421j)	0.2705228328704834	18.6852745471878
197	(3.0256959511960515-6.266015151781025j)	0.3953251838684082	18.780602478551
198	(3.355241642860188-5.971004116284598j)	0.38610291481018066	18.875930409914204
199	(3.61267520008765-5.615733693562316j)	0.2922849655151367	18.971258341277405
200	(3.789486245296242-5.212338191940239j)	0.37668514251708984	19.06658627264061
201	(3.8792884172599877-4.774138424906864j)	0.34874606132507324	19.161914204003814
202	(3.8781648663509354-4.3154172184193795j)	0.46956491470336914	19.257242135367015
203	(3.7847562413067255-3.8509771843579714j)	0.8099880218505859	19.35257006673022
204	(3.600336222335796-3.3957088005640252j)	0.6137449741363525	19.44789799809342
205	(3.3286980580952465-2.964085855303054j)	0.8356149196624756	19.543225929456625
206	(2.976117602836296-2.5698165867363074j)	0.33899807929992676	19.63855386081983
207	(2.551193678169826-2.225415225302049j)	0.411984920501709	19.73388179218303
208	(2.064524295402966-1.941805608770881j)	0.3462080955505371	19.829209723546235
209	(1.5285246140865003-1.7280114976761038j)	0.29337596893310547	19.924537654909436
210	(0.9569229501555169-1.5909524343353656j)	0.2678797245025635	20.01986558627264
211	(0.3644767256669431-1.535093593983713j)	0.3637409210205078	20.11519351763584
212	(-0.23342086731617906-1.5624404590783885j)	0.26646924018859863	20.210521448999046
213	(-0.8213435728180982-1.6724903925188157j)	0.40243101119995117	20.30584938036225
214	(-1.3840888067633665-1.8621297749210297j)	0.6002418994903564	20.40117731172545
215	(-1.9072048500374585-2.125786769622334j)	0.4598982334136963	20.496505243088656
216	(-2.377277382623926-2.4554679559387247j)	0.289294958114624	20.591833174451857
217	(-2.7829699902096894-2.8418388618678443j)	0.3108189105987549	20.68716110581506
218	(-3.1139707029445254-3.272641545743261j)	0.28771090507507324	20.782489037178266
219	(-3.3626497236612702-3.734970068899872j)	0.379791259765625	20.877816968541467
220	(-3.5236331867325017-4.214673012814462j)	0.42037010192871094	20.97314489990467
221	(-3.5940355716348518-4.696968912250725j)	0.2954990863800049	21.068472831267872
222	(-3.5735741216174137-5.166896375222241j)	0.5482048988342285	21.163800762631077
223	(-3.46454360698693-5.609707396265744j)	0.5683178901672363	21.25912869399428
224	(-3.2717430120186957-6.011358232081653j)	0.4731872081756592	21.354456625357482
225	(-3.0023770558074725-6.358917614213963j)	0.7254660129547119	21.449784556720687
226	(-2.6657472941309064-6.640900353386825j)	0.5402967929840088	21.545112488083888
227	(-2.2730068445109506-6.847578274926615j)	0.5518951416015625	21.640440419447092
228	(-1.8369665185317459-6.971514383002528j)	0.27695584297180176	21.735768350810293
229	(-1.3714735368947237-7.007426336732152j)	0.3345210552215576	21.831096282173498
230	(-0.8911997766756161-6.95266352580686j)	0.3578181266784668	21.926424213536702
231	(-0.41106268905352383-6.806983365978368j)	0.3952810764312744	22.021752144899903
232	(0.0540898069740221-6.572917347720862j)	0.2576272487640381	22.117080076263107
233	(0.4899569592025772-6.255420833938045j)	0.4105851650238037	22.21240800762631
234	(0.8832243204241359-5.8618751211955225j)	0.2638726234436035	22.307735938989513
235	(1.221997980847934-5.40182796957596j)	0.26819300651550293	22.403063870352717
236	(1.4960605186825293-4.88675414845107j)	0.27925825119018555	22.49839180171592
237	(1.6972053866340513-4.329721037622853j)	0.27809715270996094	22.593719733079123
238	(1.8195135025542533-3.7449950233988436j)	0.2951211929321289	22.689047664442324
239	(1.859466075664532-3.1476665329884366j)	0.2946319580078125	22.78437559580553
240	(1.8161460100855575-2.5531920847910667j)	0.2626938819885254	22.879703527168733
241	(1.6911017077961448-1.9769690737657901j)	0.30592894554138184	22.975031458531934
242	(1.4884573691624727-1.4338859415528358j)	0.4025869369506836	23.07035938989514
243	(1.2146952193950968-0.937922092458354j)	0.3607039451599121	23.16568732125834
244	(0.8785538255147071-0.5016533823970141j)	0.42075109481811523	23.261015252621544
245	(0.49064135444202506-0.13607242399497782j)	0.29966092109680176	23.356343183984748
246	(0.06326207912707069+0.14995230254675163j)	0.322188138961792	23.45167111534795
247	(-0.39010983798044996+0.34968868696499666j)	0.313779354095459	23.546999046711154
248	(-0.8550130631655206+0.4588710378463093j)	0.31177806854248047	23.642326978074355
249	(-1.3166211737841362+0.4759581839557897j)	0.29889369010925293	23.73765490943756
250	(-1.7601106523843544+0.40170815002234805j)	0.2993741035461426	23.83298284080076
251	(-2.171081257201484+0.23972316890334433j)	0.27817225456237793	23.928310772163965
252	(-2.535947640991023-0.00408066919191441j)	0.2903859615325928	24.02363870352717
253	(-2.8424743937205843-0.321495442083352j)	0.4165048599243164	24.11896663489037
254	(-3.0800178685047404-0.7021290795845547j)	0.2797272205352783	24.214294566253574
255	(-3.2398565124019374-1.1341606482796973j)	0.31064915657043457	24.309622497616775
256	(-3.315520030412828-1.6041157876614491j)	0.6316013336181641	24.40495042897998
257	(-3.3029348465197654-2.0975803360143725j)	0.49503016471862793	24.500278360343184
258	(-3.2005825407075905-2.599725609105966j)	0.31544017791748047	24.595606291706385
259	(-3.0094918356277676-3.095448745628799j)	0.341278076171875	24.69093422306959
260	(-2.7332497665302586-3.570032283741664j)	0.38220691680908203	24.78626215443279
261	(-2.377997194911384-4.009518161356614j)	0.4520261287689209	24.881590085795995
262	(-1.952102701931822-4.4010456846549015j)	0.29147791862487793	24.9769180171592
263	(-1.4660150001135637-4.733328902486994j)	0.2849149703979492	25.0722459485224
264	(-0.931940430037802-4.9969106521137j)	0.28969311714172363	25.167573879885605
265	(-0.3635719423555901-5.184535328540617j)	0.27928590774536133	25.262901811248806
266	(0.2244686500680657-5.291203091545192j)	0.30085182189941406	25.35822974261201
267	(0.8168383542714903-5.314450729993904j)	0.26709675788879395	25.45355767397521
268	(1.398143091449769-5.254389904486748j)	0.4277839660644531	25.548885605338416
269	(1.9531345214207962-5.113626310628893j)	0.3195619583129883	25.64421353670162
270	(2.4673599273627316-4.89728508708462j)	0.26300501823425293	25.73954146806482
271	(2.9274590200542834-4.612809545701283j)	0.26108694076538086	25.834869399428026
272	(3.321533133076989-4.26969235534408j)	0.33383989334106445	25.930197330791227
273	(3.6395533140878564-3.8792505109815827j)	0.33959507942199707	26.02552526215443
274	(3.8736766920962973-3.454333439595833j)	0.29047513008117676	26.120853193517636
275	(4.018270886031008-3.0088048075226834j)	0.26415109634399414	26.216181124880837
276	(4.07036183774473-2.5572734885066444j)	0.27028679847717285	26.31150905624404
277	(4.029495708561241-2.1145590534219294j)	0.27630019187927246	26.406836987607242
278	(3.8978282965469293-1.6953278152683997j)	0.2666349411010742	26.502164918970447
279	(3.680003494503097-1.3135771412893555j)	0.269132137298584	26.59749285033365
280	(3.383174569817139-0.9822974802874456j)	0.36998820304870605	26.692820781696852
281	(3.0165106277760607-0.713018163970538j)	0.30373406410217285	26.788148713060057
282	(2.5912222441241135-0.5155744686598658j)	0.30464887619018555	26.883476644423258
283	(2.1200965587436715-0.39763208071027245j)	0.2806107997894287	26.978804575786462
284	(1.6170507052421355-0.3645888985922934j)	0.33809995651245117	27.074132507149667
285	(1.0968374759454689-0.419401563342214j)	0.39490485191345215	27.169460438512868
286	(0.5746053723297393-0.5624952341681693j)	0.28554487228393555	27.264788369876072
287	(0.06536224437078839-0.7915717595798066j)	0.2893950939178467	27.360116301239273
288	(-0.4162645303624529-1.101994184557094j)	0.37115907669067383	27.455444232602478
289	(-0.8567429272320037-1.486551474563968j)	0.35665082931518555	27.55077216396568
290	(-1.2437528783730256-1.9359786038799658j)	0.344775915145874	27.646100095328883
291	(-1.566703833380739-2.43898116958403j)	0.28525471687316895	27.741428026692088
292	(-1.8169861979969082-2.9826960468459514j)	0.2907290458679199	27.83675595805529
293	(-1.9882720210631013-3.553022198135287j)	0.3909487724304199	27.932083889418493
294	(-2.0765582921456156-4.135004582318221j)	0.320141077041626	28.027411820781694
295	(-2.08043922004675-4.713239054102146j)	0.4763681888580322	28.1227397521449
296	(-2.0010967825678825-5.272392506048759j)	0.36115002632141113	28.218067683508103
297	(-1.8421757209488003-5.797592110909993j)	0.30484986305236816	28.313395614871304
298	(-1.6097707585160697-6.274823268271437j)	0.2572348117828369	28.40872354623451
299	(-1.312211091680838-6.691427383959848j)	0.2614626884460449	28.50405147759771
300	(-0.959782934526624-7.036488845804926j)	0.4366450309753418	28.599379408960914
301	(-0.5645036298265504-7.300824720484755j)	0.3374671936035156	28.69470734032412
302	(-0.139580965387458-7.477674001956293j)	0.3097238540649414	28.79003527168732
303	(0.30072755352988834-7.562710184756195j)	0.2618529796600342	28.885363203050524
304	(0.7416887233268192-7.554089820043524j)	0.271726131439209	28.980691134413725
305	(1.1685778778846012-7.452632270681397j)	0.27203893661499023	29.07601906577693
306	(1.566952110781133-7.261715912043619j)	0.2527341842651367	29.17134699714013
307	(1.9233144909822848-6.9872020496201515j)	0.2515449523925781	29.266674928503335
308	(2.22527160193768-6.637277078589775j)	0.26143383979797363	29.36200285986654
309	(2.4619717626335684-6.222132022711648j)	0.24855613708496094	29.45733079122974
310	(2.624579071471171-5.7538094147062875j)	0.25179004669189453	29.552658722592945
311	(2.706368921701986-5.2457185235969535j)	0.25373125076293945	29.647986653956146
312	(2.7030351640498163-4.712344482679159j)	0.2522740364074707	29.74331458531935
313	(2.612723098674191-4.168708417535317j)	0.26274704933166504	29.838642516682555
314	(2.436224727900912-3.6301124109550997j)	0.4356651306152344	29.933970448045756
315	(2.176809910554108-3.1114740475682514j)	0.3712887763977051	30.02929837940896
316	(1.840306230241883-2.6271162139956505j)	0.2555577754974365	30.12462631077216
317	(1.4348135438341654-2.1900877844763547j)	0.38669633865356445	30.219954242135366
318	(0.9704721754882285-1.812163059509758j)	0.45964694023132324	30.31528217349857
319	(0.45928414281645086-1.5030986195444316j)	0.3114917278289795	30.41061010486177
320	(-0.08537235208721583-1.2706382915223218j)	0.4101700782775879	30.505938036224975
321	(-0.6488863253232653-1.1201487303307875j)	0.28729867935180664	30.601265967588176
322	(-1.2162459547479068-1.05454802760846j)	0.41448187828063965	30.69659389895138
323	(-1.77210587646445-1.0741377533273089j)	0.27083611488342285	30.791921830314585
324	(-2.3012627149247953-1.1767520845053925j)	0.29011988639831543	30.887249761677786
325	(-2.7892967445564354-1.3576495123490175j)	0.27193593978881836	30.98257769304099
326	(-3.2228787422420853-1.6097719710593652j)	0.2832629680633545	31.077905624404192
327	(-3.5899942150621045-1.9240160661644556j)	0.2735879421234131	31.173233555767396
328	(-3.8807131553853593-2.2891612327587736j)	0.2561957836151123	31.268561487130597
329	(-4.086913804507034-2.6927828631706303j)	0.2548532485961914	31.3638894184938
330	(-4.203050905881084-3.121107454447074j)	0.25632619857788086	31.459217349857006
331	(-4.225911249170622-3.559666616684145j)	0.25168776512145996	31.554545281220207
332	(-4.154947281299355-3.993722603414899j)	0.2472078800201416	31.64987321258341
333	(-3.992236198780296-4.408609961628987j)	0.25299572944641113	31.745201143946613
334	(-3.74232248478565-4.790262099786486j)	0.24923110008239746	31.840529075309817
335	(-3.4122400676249347-5.125583428703363j)	0.24946284294128418	31.93585700667302
336	(-3.0111803220737334-5.402831343291423j)	0.25220203399658203	32.03118493803622
337	(-2.5503494129713813-5.612060632418105j)	0.2554280757904053	32.12651286939942
338	(-2.0424309328595807-5.745289489476216j)	0.25818800926208496	32.22184080076263
339	(-1.501566228864568-5.796800856397822j)	0.24100017547607422	32.31716873212583
340	(-0.9425396162393257-5.763346538538919j)	0.25390100479125977	32.41249666348903
341	(-0.38067866893061797-5.644202119305553j)	0.254929780960083	32.50782459485224
342	(0.16880604361909168-5.441240469238014j)	0.25499916076660156	32.60315252621544
343	(0.6910742971758724-5.1587927475884365j)	0.25109386444091797	32.69848045757864
344	(1.1722704904164511-4.803740285413173j)	0.2563509941101074	32.79380838894184
345	(1.5997609983103833-4.3849962498102855j)	0.2632789611816406	32.88913632030505
346	(1.9625720158144055-3.913538096379857j)	0.24501514434814453	32.98446425166825
347	(2.2518321356907878-3.401974411363957j)	0.25142717361450195	33.07979218303145
348	(2.4606561101808824-2.8641539715476854j)	0.2575669288635254	33.17512011439466
349	(2.584748179429763-2.3147841409129724j)	0.2560000419616699	33.27044804575786
350	(2.622310280415981-1.7692042506112302j)	0.24689388275146484	33.36577597712106
351	(2.5740409885031315-1.2425425565089563j)	0.2582080364227295	33.46110390848427
352	(2.4432957453668247-0.7495685133162147j)	0.25270795822143555	33.55643183984747
353	(2.235748263127879-0.30427536130957034j)	0.4203610420227051	33.65175977121067
354	(1.9594979630563178+0.08069985347494497j)	0.3442108631134033	33.74708770257387
355	(1.6245325154880417+0.3942768097806354j)	0.25740814208984375	33.84241563393708
356	(1.2425720230382253+0.627379109001345j)	0.2951681613922119	33.93774356530028
357	(0.8267949350520067+0.7731363601033375j)	0.2645728588104248	34.03307149666348
358	(0.39130773324892765+0.8270642067398393j)	0.26146411895751953	34.12839942802669
359	(-0.04938626760657552+0.787291558946361j)	0.26116299629211426	34.22372735938989
360	(-0.4803673675133284+0.654503757108278j)	0.30473804473876953	34.31905529075309
361	(-0.8871764275021128+0.43193416122879996j)	0.42914605140686035	34.41438322211629
362	(-1.2561010986450711+0.12537009045664135j)	0.39814209938049316	34.5097111534795
363	(-1.5746613229125974-0.25703053069291404j)	0.33562493324279785	34.6050390848427
364	(-1.8317818676594664-0.7051184096260859j)	0.4205901622772217	34.7003670162059
365	(-2.0182891616631187-1.2069019924969595j)	0.3362009525299072	34.79569494756911
366	(-2.127159919983577-1.7488549318550253j)	0.3205089569091797	34.89102287893231
367	(-2.1536977725992914-2.316544053746059j)	0.3187577724456787	34.98635081029551
368	(-2.095721734231455-2.894731887749651j)	0.3369419574737549	35.08167874165872
369	(-1.9536412941320873-3.4679986614811353j)	0.3389148712158203	35.17700667302192
370	(-1.7302993049025932-4.021227791095474j)	0.29714202880859375	35.27233460438512
371	(-1.4311574919604768-4.5398676412615j)	0.26340699195861816	35.36766253574832
372	(-1.0639009380641207-5.010577491305017j)	0.29878783226013184	35.46299046711153
373	(-0.6383383936033614-5.421270463543177j)	0.25348591804504395	35.55831839847473
374	(-0.16618067410837548-5.7618507360171485j)	0.2593047618865967	35.65364632983793
375	(0.33949355447300417-6.024283229275381j)	0.3163321018218994	35.74897426120114
376	(0.8644970439978135-6.202742912584672j)	0.3701510429382324	35.84430219256434
377	(1.3938066271971974-6.294060364917604j)	0.26926422119140625	35.93963012392754
378	(1.9123241558990953-6.297478289799966j)	0.4220900535583496	36.034958055290744
379	(2.4050096219624897-6.214827034908162j)	0.2665257453918457	36.13028598665395
380	(2.85771186952283-6.050512181897422j)	0.2846200466156006	36.22561391801715
381	(3.256583625863857-5.811443709825616j)	0.3074967861175537	36.320941849380354
382	(3.590233468608723-5.506452023309974j)	0.29434919357299805	36.41626978074356
383	(3.8482340901920264-5.146449897558406j)	0.24700403213500977	36.51159771210676
384	(4.022766165197405-4.743524606395343j)	0.2758347988128662	36.606925643469964
385	(4.107962820821501-4.31174350327542j)	0.30281710624694824	36.70225357483317
386	(4.100575205646445-3.8653612745262613j)	0.2613050937652588	36.79758150619637
387	(3.9998867554269952-3.419055092659606j)	0.263530969619751	36.892909437559574
388	(3.807996830114411-2.9877260596510173j)	0.2669849395751953	36.988237368922775
389	(3.5291601922616245-2.585489688213133j)	0.26811981201171875	37.08356530028598
390	(3.170538000350552-2.2256660017525025j)	0.25759291648864746	37.178893231649184
391	(2.741093549059604-1.920232985027374j)	0.2636139392852783	37.274221163012385
392	(2.2520102449590707-1.6794726393538801j)	0.26050877571105957	37.36954909437559
393	(1.716001519085722-1.511722585678756j)	0.27252197265625	37.464877025738794
394	(1.1471670584243128-1.4230620597948525j)	0.27446484565734863	37.560204957101995
395	(0.5604033308006855-1.4171234193001623j)	0.31026411056518555	37.655532888465196
396	(-0.02884666261874516-1.4950489689680195j)	0.3693239688873291	37.750860819828404
397	(-0.6052897050604826-1.6554100710134352j)	0.34323573112487793	37.846188751191605
398	(-1.1538359610539741-1.8942853582844283j)	0.3844749927520752	37.941516682554806
399	(-1.660433242864401-2.2052700939715475j)	0.38335609436035156	38.036844613918014
400	(-2.1122363699068503-2.5797883228431435j)	0.3565349578857422	38.132172545281215
401	(-2.4979968175255167-3.0072257598150856j)	0.32726478576660156	38.227500476644416
402	(-2.808393251342363-3.4753180532908567j)	0.30812597274780273	38.322828408007624
403	(-3.0363528707063177-3.970649904900312j)	0.26586413383483887	38.418156339370825
404	(-3.17731337372671-4.478484109969869j)	0.3313448429107666	38.513484270734025
405	(-3.2290248688779153-4.984051782217967j)	0.37883710861206055	38.608812202097226
406	(-3.191938263786264-5.4720901334029275j)	0.3579730987548828	38.704140133460434
407	(-3.0691934321218834-5.9280553884241165j)	0.3159952163696289	38.799468064823635
408	(-2.86610659178268-6.338039780994073j)	0.30190587043762207	38.894795996186836
409	(-2.5905363197252784-6.689376566198079j)	0.25847792625427246	38.990123927550044
410	(-2.2522989367251336-6.970974506703304j)	0.2453019618988037	39.085451858913245
411	(-1.86307713395129-7.173808717975464j)	0.2565131187438965	39.180779790276446
412	(-1.435840841438734-7.290872651202838j)	0.2559812068939209	39.276107721639654
413	(-0.9846387780013961-7.317500831822217j)	0.2543013095855713	39.371435653002855
414	(-0.5242973828318971-7.251589303704113j)	0.2497560977935791	39.466763584366056
415	(-0.0695216193688366-7.093973379605242j)	0.25449180603027344	39.56209151572926
416	(0.36500710016397253-6.847650196576363j)	0.2534770965576172	39.657419447092465
417	(0.7653438693031712-6.51822670381009j)	0.25701403617858887	39.752747378455666
418	(1.1186426722888678-6.1137561120071515j)	0.26623010635375977	39.84807530981887
419	(1.4136259860420888-5.644365903279542j)	0.4122927188873291	39.943403241182075
420	(1.6407101157494797-5.121949195397654j)	0.40699100494384766	40.038731172545276
421	(1.7925618507349166-4.559891403805556j)	0.39742088317871094	40.13405910390848
422	(1.8640091374057455-3.972845013625943j)	0.2643167972564697	40.22938703527168
423	(1.8523545773005736-3.3759372255680513j)	0.284743070602417	40.324714966634886
424	(1.7576248604406794-2.7847094481531665j)	0.38170409202575684	40.42004289799809
425	(1.5821986939639654-2.2143924869841993j)	0.2709829807281494	40.51537082936129
426	(1.3310959405660496-1.679696377513708j)	0.3222801685333252	40.610698760724496
427	(1.0116103672414367-1.1941890866631084j)	0.3102231025695801	40.7060266920877
428	(0.6330504205134929-0.7701186915048506j)	0.26454925537109375	40.8013546234509
429	(0.20682567000571123-0.41787722801967786j)	0.26978015899658203	40.896682554814106
430	(-0.2542539382260753-0.1457354401876994j)	0.26654529571533203	40.99201048617731
431	(-0.736415879992401+0.040253974921498126j)	0.2659468650817871	41.08733841754051
432	(-1.224832405171418+0.13649481347346537j)	0.2574608325958252	41.18266634890371
433	(-1.7046294026547912+0.14209934142906389j)	0.2518792152404785	41.27799428026692
434	(-2.1608441246820873+0.05870421882644494j)	0.2563972473144531	41.37332221163012
435	(-2.5792477403553535-0.10968403625557421j)	0.25612807273864746	41.46865014299332
436	(-2.9465143247901673-0.35631548670975266j)	0.2613067626953125	41.56397807435653
437	(-3.250793095984538-0.6725763901676417j)	0.2497119903564453	41.65930600571973
438	(-3.48183523919548-1.0475639283709188j)	0.2678189277648926	41.75463393708293
439	(-3.631495861002896-1.469117158476503j)	0.2586500644683838	41.84996186844613
440	(-3.6940410701668807-1.923515306923815j)	0.25478601455688477	41.94528979980934
441	(-3.665940150421222-2.396319273652292j)	0.25415611267089844	42.04061773117254
442	(-3.5465243268051965-2.87266288812325j)	0.26015377044677734	42.13594566253574
443	(-3.337380321700042-3.337640525412737j)	0.25911593437194824	42.23127359389895
444	(-3.042917327900728-3.776784753570503j)	0.25922179222106934	42.32660152526215
445	(-2.669946577708807-4.176578818114971j)	0.2633481025695801	42.42192945662535
446	(-2.2273986567901196-4.524663669676602j)	0.2534599304199219	42.51725738798856
447	(-1.7263344601091641-4.81044012762191j)	0.2525501251220703	42.61258531935176
448	(-1.1792448970740537-5.0251878938323635j)	0.25844597816467285	42.70791325071496
449	(-0.6004442330342958-5.162446225120503j)	0.25710296630859375	42.80324118207816
450	(-0.004478001977512802-5.217960508298065j)	0.26635193824768066	42.89856911344137
451	(0.5929452827371824-5.190255937039963j)	0.2565488815307617	42.99389704480457
452	(1.1765405640217832-5.08015029331874j)	0.2507779598236084	43.08922497616777
453	(1.731290482507418-4.8913524180831365j)	0.2597830295562744	43.18455290753098
454	(2.242693566738567-4.629615728560477j)	0.2759227752685547	43.27988083889418
455	(2.6980337305594575-4.303115248469859j)	0.2552833557128906	43.37520877025738
456	(3.085721279293307-3.9220892496071746j)	0.2523460388183594	43.47053670162058
457	(3.3963508859713345-3.498440647187385j)	0.2533302307128906	43.56586463298379
458	(3.6225861260021484-3.045458767641488j)	0.25287485122680664	43.66119256434699
459	(3.7594551144161246-2.5772453500619243j)	0.2566189765930176	43.75652049571019
460	(3.8046879565436056-2.108792996633156j)	0.2482590675354004	43.8518484270734
461	(3.7585515959878473-1.6547335278970776j)	0.2596108913421631	43.9471763584366
462	(3.6236754723734776-1.2299837079114184j)	0.25806427001953125	44.0425042897998
463	(3.4055407072076265-0.848030955514538j)	0.24152612686157227	44.13783222116301
464	(3.1117377464802614-0.5217951870205226j)	0.257875919342041	44.23316015252621
465	(2.751851862532905-0.2623104922931315j)	0.247208833694458	44.32848808388941
466	(2.337774557702768-0.07879815013421843j)	0.26369404792785645	44.42381601525261
467	(1.8823059384924816+0.021683092409187532j)	0.24698305130004883	44.51914394661582
468	(1.3994811491835297+0.03430957258335632j)	0.26757192611694336	44.61447187797902
469	(0.9042743597802532-0.04299025133625928j)	0.2642369270324707	44.70979980934222
470	(0.41160019511498314-0.21009568660838107j)	0.26244473457336426	44.80512774070543
471	(-0.06366362487631647-0.4638235149869762j)	0.26487302780151367	44.90045567206863
472	(-0.5072822642029703-0.7988514009546228j)	0.2617032527923584	44.99578360343183
473	(-0.9062480140445951-1.2072907440396143j)	0.26204967498779297	45.09111153479503
474	(-1.24876686076355-1.6793892498752412j)	0.2583749294281006	45.18643946615824
475	(-1.5249071885849852-2.203179563812932j)	0.31487512588500977	45.28176739752144
476	(-1.726841602502585-2.7653275523842655j)	0.308168888092041	45.37709532888464
477	(-1.8490178306150664-3.3515704967746895j)	0.30519700050354004	45.47242326024785
478	(-1.8883303902886477-3.9466023550111453j)	0.2593879699707031	45.56775119161105
479	(-1.8441875371272918-4.534961054931163j)	0.25188684463500977	45.66307912297425
480	(-1.7187009188040059-5.101438444815603j)	0.2603638172149658	45.75840705433746
481	(-1.5161497722743809-5.6310644096434j)	0.25434422492980957	45.85373498570066
482	(-1.2434988229078714-6.110404215540962j)	0.2532191276550293	45.94906291706386
483	(-0.9097905407196283-6.527116654034593j)	0.2547721862792969	46.044390848427064
484	(-0.5260130205658307-6.870446268214366j)	0.2583637237548828	46.13971877979027
485	(-0.10437369618652914-7.132022708184006j)	0.267240047454834	46.23504671115347
486	(0.3411358006500662-7.305641235645701j)	0.2708709239959717	46.330374642516674
487	(0.7962517901805106-7.387543579605553j)	0.2715158462524414	46.42570257387988
488	(1.2460729870253968-7.376718396387429j)	0.27389001846313477	46.52103050524308
489	(1.6758638052878105-7.27434612374585j)	0.2512509822845459	46.61635843660628
490	(2.071409957585157-7.084607957594914j)	0.27332377433776855	46.71168636796949
491	(2.419368132471816-6.813998446699778j)	0.2606346607208252	46.80701429933269
492	(2.707820424474633-6.470940675554232j)	0.24622392654418945	46.90234223069589
493	(2.9264422286574554-6.066427887502562j)	0.2732350826263428	46.997670162059094
494	(3.0670115793679207-5.612573589845888j)	0.2651698589324951	47.0929980934223
495	(3.1233353971591713-5.123046761467111j)	0.29236602783203125	47.1883260247855
496	(3.0919414473542775-4.612443401306029j)	0.27982211112976074	47.283653956148704
497	(2.9716910860229993-4.095800877534142j)	0.28142571449279785	47.37898188751191
498	(2.764252488561982-3.588244727765472j)	0.2681758403778076	47.47430981887511
499	(2.4734709986540384-3.104443274894625j)	0.25310802459716797	47.569637750238314
500	(2.1060271963874784-2.6581867805958237j)	0.26560068130493164	47.664965681601515
501	(1.6707010805529545-2.2622012771901883j)	0.2780890464782715	47.76029361296472
502	(1.1782281708154019-1.9275069429206244j)	0.37319397926330566	47.855621544327924
503	(0.6410216574613692-1.6632511880051206j)	0.3365938663482666	47.950949475691125
504	(0.07302859511373094-1.4763333412357214j)	0.27181196212768555	48.04627740705433
505	(-0.5110133484115149-1.3713819054752499j)	0.2745552062988281	48.141605338417534
506	(-1.0956851063270778-1.3504324164589623j)	0.28624725341796875	48.236933269780735
507	(-1.6656887409162917-1.4129805600555774j)	0.265625	48.33226120114394
508	(-2.206002948078486-1.5560303768458945j)	0.2801542282104492	48.427589132507144
509	(-2.7022304234492056-1.774120962697962j)	0.28072094917297363	48.522917063870345
510	(-3.141365766767594-2.0593933475132467j)	0.27635836601257324	48.618244995233546
511	(-3.5117973691482613-2.402098420896971j)	0.2716338634490967	48.713572926596754
512	(-3.8040831249052935-2.790622333343132j)	0.2832179069519043	48.808900857959955
513	(-4.010653956585426-3.2120606899676196j)	0.2734217643737793	48.904228789323156
514	(-4.126493125738783-3.652147422235715j)	0.26008009910583496	48.999556720686364
515	(-4.149075645907428-4.096547826585516j)	0.25929975509643555	49.094884652049565
516	(-4.078480898352103-4.530271781857888j)	0.25956130027770996	49.190212583412766
517	(-3.917455848217563-4.938845156205968j)	0.2538633346557617	49.28554051477597
518	(-3.6710659327415867-5.308502529816174j)	0.26304197311401367	49.380868446139175
519	(-3.346909189012156-5.626408032543148j)	0.25045228004455566	49.476196377502376
520	(-2.9547565252496724-5.881378144501638j)	0.252871036529541	49.57152430886558
521	(-2.505893120778814-6.063871424356885j)	0.25252604484558105	49.666852240228785
522	(-2.013970482787682-6.166396211438444j)	0.23452115058898926	49.762180171591986
523	(-1.4920469938221976-6.184945072394706j)	0.2551143169403076	49.85750810295519
524	(-0.9562717178736921-6.116075155638731j)	0.2538490295410156	49.952836034318395
525	(-0.42107857948915095-5.95994675761415j)	0.25249481201171875	50.048163965681596
526	(0.09808921831155848-5.7193787064675075j)	0.25248169898986816	50.1434918970448
527	(0.5869271892302317-5.399663714250551j)	0.2612919807434082	50.238819828408
528	(1.0319951632179016-5.008122172726786j)	0.2622230052947998	50.334147759771206
529	(1.4211047472562903-4.554520461778134j)	0.26168012619018555	50.42947569113441
530	(1.7441280825252348-4.0503445865479j)	0.268543004989624	50.52480362249761
531	(1.9926597173297969-3.508630540139596j)	0.26760292053222656	50.620131553860816
532	(2.1606575034662856-2.943801794731108j)	0.2589728832244873	50.71545948522402
533	(2.2446990485018223-2.370809669632145j)	0.26766324043273926	50.81078741658722
534	(2.243677329716772-1.8049326038749747j)	0.2626078128814697	50.90611534795042
535	(2.159183886730575-1.2614989912860297j)	0.274827241897583	51.00144327931363
536	(1.9953100191026418-0.7551447267764861j)	0.2504270076751709	51.09677121067683
537	(1.7585330877717573-0.2997150858024864j)	0.25688910484313965	51.19209914204003
538	(1.457407626388129+0.09259279914869467j)	0.2624399662017822	51.28742707340324
539	(1.1027423271509713+0.4108956155900843j)	0.2591891288757324	51.38275500476644
540	(0.7065411558306054+0.6469537735054922j)	0.2732207775115967	51.47808293612964
541	(0.2823114427711983+0.7942199628799659j)	0.2605152130126953	51.573410867492846
542	(-0.15563918715698183+0.848897371445509j)	0.2541201114654541	51.66873879885605
543	(-0.5925000769162521+0.8096413084369828j)	0.26468896865844727	51.76406673021925
544	(-1.0136592932493638+0.677898316307665j)	0.26578593254089355	51.85939466158245
545	(-1.4048712807014765+0.457412059703922j)	0.25926876068115234	51.95472259294566
546	(-1.752587255659893+0.15463906535314287j)	0.2530708312988281	52.05005052430886
547	(-2.0448243527554997-0.22190592768593997j)	0.2654149532318115	52.14537845567206
548	(-2.270983893787254-0.6614514203263535j)	0.2518889904022217	52.24070638703527
549	(-2.4227377390422298-1.1517477618078669j)	0.26032090187072754	52.33603431839847
550	(-2.4935535435026015-1.6789783568717223j)	0.262829065322876	52.43136224976167
551	(-2.479688877846164-2.2287150191484977j)	0.2695329189300537	52.52669018112488
552	(-2.3796716211700693-2.785576941601789j)	0.2616119384765625	52.62201811248808
553	(-2.1947057794984284-3.334374429211344j)	0.2565791606903076	52.71734604385128
554	(-1.9284868033506002-3.8600450645264455j)	0.2563290596008301	52.81267397521448
555	(-1.5872115421020254-4.34861902927441j)	0.25903916358947754	52.90800190657769
556	(-1.1794609993353093-4.7870608411232904j)	0.26332807540893555	53.00332983794089
557	(-0.7154839198844885-5.163772057402648j)	0.24963903427124023	53.09865776930409
558	(-0.2076790164316078-5.469722944118917j)	0.2455000877380371	53.1939857006673
559	(0.3305025790209499-5.69706405292388j)	0.24832725524902344	53.2893136320305
560	(0.8844023069994447-5.841019202931287j)	0.2588188648223877	53.3846415633937
561	(1.4388635299417234-5.899050754918617j)	0.25629115104675293	53.4799694947569
562	(1.9785745166734285-5.871277414378693j)	0.25365114212036133	53.57529742612011
563	(2.488610766132868-5.760302767885031j)	0.24840927124023438	53.67062535748331
564	(2.9547522441703205-5.571240606408646j)	0.25522589683532715	53.76595328884651
565	(3.364005759309048-5.311668437313513j)	0.2543809413909912	53.86128122020972
566	(3.704507783338216-4.990824546729859j)	0.2621300220489502	53.95660915157292
567	(3.966906296361711-4.620212078787415j)	0.26425719261169434	54.05193708293612
568	(4.143490902136468-4.212606544605834j)	0.2527639865875244	54.14726501429933
569	(4.229237021434951-3.781810761796916j)	0.2723970413208008	54.24259294566253
570	(4.221432708958572-3.342525598847301j)	0.27782177925109863	54.33792087702573
571	(4.120023492390541-2.9093311371898603j)	0.27300310134887695	54.43324880838893
572	(3.9276272241773715-2.4969118876339897j)	0.2750682830810547	54.52857673975214
573	(3.6494607721056203-2.1191093866047233j)	0.26766180992126465	54.62390467111534
574	(3.2926247631788224-1.7891865032270922j)	0.26140284538269043	54.71923260247854
575	(2.8670222295487404-1.5181471108245026j)	0.263031005859375	54.81456053384175
576	(2.3841696040262628-1.3158728283106464j)	0.2575984001159668	54.90988846520495
577	(1.8570711528809207-1.1899419260174058j)	0.26627421379089355	55.00521639656815
578	(1.3000672145423606-1.1456047086830223j)	0.2667372226715088	55.10054432793135
579	(0.7280255978297694-1.1858660496924904j)	0.27768397331237793	55.19587225929456
580	(0.1564951450606531-1.3108961544768536j)	0.27055788040161133	55.29120019065776
581	(-0.3993231367578122-1.5184737332001759j)	0.2730848789215088	55.38652812202096
582	(-0.9248036558440956-1.803774110614053j)	0.27271294593811035	55.48185605338417
583	(-1.4061624337140388-2.159851031472684j)	0.2719871997833252	55.57718398474737
584	(-1.8310954262032737-2.577125605101975j)	0.2860112190246582	55.67251191611057
585	(-2.188875656757146-3.0445244172032275j)	0.2729649543762207	55.76783984747378
586	(-2.470702440990188-3.549258025889851j)	0.26392507553100586	55.86316777883698
587	(-2.670522283051411-4.0773902027206415j)	0.28197216987609863	55.95849571020018
588	(-2.784153863199897-4.613970549221876j)	0.2490088939666748	56.05382364156338
589	(-2.810318511156182-5.143876806512224j)	0.26273608207702637	56.14915157292659
590	(-2.7502149894412797-5.652135867687484j)	0.26296401023864746	56.24447950428979
591	(-2.607372432871953-6.123823613837053j)	0.2585792541503906	56.33980743565299
592	(-2.388326756944843-6.545522927306938j)	0.25292515754699707	56.4351353670162
593	(-2.1010112255269053-6.90471521064292j)	0.26192283630371094	56.5304632983794
594	(-1.756310093108401-7.1910950326678815j)	0.24919390678405762	56.6257912297426
595	(-1.3656545302768661-7.395484476223627j)	0.24661517143249512	56.721119161105804
596	(-0.9425883139862314-7.511611117651854j)	0.2648749351501465	56.81644709246901
597	(-0.5015322664287716-7.535697544784423j)	0.2626187801361084	56.91177502383221
598	(-0.05707697605967432-7.466322499106123j)	0.2475728988647461	57.007102955195414
599	(0.37604524069698675-7.3046132673324955j)	0.24890804290771484	57.10243088655862
600	(0.7833384604578182-7.054471337396528j)	0.259641170501709	57.19775881792182
601	(1.151249530882375-6.721996397315962j)	0.25676679611206055	57.293086749285024
602	(1.4676150249704998-6.315771811223199j)	0.25135302543640137	57.38841468064823
603	(1.7215017374972907-5.846437585902132j)	0.2541041374206543	57.48374261201143
604	(1.904054800763674-5.326224785630917j)	0.2844681739807129	57.579070543374634
605	(2.008708946826537-4.768919318520574j)	0.28236913681030273	57.674398474737835
606	(2.031131709720005-4.189150946128885j)	0.2839641571044922	57.76972640610104
607	(1.9695133191083716-3.6023331787748j)	0.2683839797973633	57.865054337464244
608	(1.8245183774789302-3.024005621244932j)	0.2588479518890381	57.960382268827445
609	(1.599632205464534-2.4689700760899522j)	0.25458478927612305	58.05571020019065
610	(1.3004329796893654-1.9517320530311029j)	0.258220911026001	58.151038131553854
611	(0.9351369078579171-1.4856413103745292j)	0.27083706855773926	58.246366062917055
612	(0.5137469861323452-1.0821893178598305j)	0.26911306381225586	58.341693994280256
613	(0.04818232689114199-0.7513130741868046j)	0.268157958984375	58.437021925643464
614	(-0.44826651840380277-0.5006488126848334j)	0.2709372043609619	58.532349857006665
615	(-0.961292135177011-0.33566625879556666j)	0.25716495513916016	58.627677788369866
616	(-1.4760943776751256-0.25909934244986343j)	0.26349592208862305	58.723005719733074
617	(-1.9772985069093538-0.2711423143160163j)	0.2674829959869385	58.818333651096275
618	(-2.450295712918619-0.36964559257371543j)	0.25246214866638184	58.913661582459476
619	(-2.880746008886531-0.5495697009151221j)	0.26232099533081055	59.008989513822684
620	(-3.255712661406288-0.8037917550141684j)	0.2591230869293213	59.104317445185885
621	(-3.5635807027513122-1.1232376733946243j)	0.2543790340423584	59.199645376549086
622	(-3.794700281756856-1.4964658258589734j)	0.2621181011199951	59.29497330791229
623	(-3.94145842587456-1.9109008734370556j)	0.27419424057006836	59.390301239275495
624	(-3.9984139421185416-2.3527646928102026j)	0.27492213249206543	59.485629170638695
625	(-3.963075810434134-2.8075035104619435j)	0.27889108657836914	59.580957102001896
626	(-3.8426854509247335-3.2565875541814298j)	0.2494819164276123	59.676285033365104
627	(-3.616982950409917-3.696296256233566j)	0.27301573753356934	59.771612964728305
628	(-3.3137453188860846-4.101574787206397j)	0.2530791759490967	59.866940896091506
629	(-2.932625550586262-4.4628169279566245j)	0.25221872329711914	59.962268827454714
630	(-2.4832518103849064-4.768400329275003j)	0.2670409679412842	60.057596758817915
631	(-1.9770693612847237-5.008317572584206j)	0.2621147632598877	60.152924690181116
632	(-1.4271887455165762-5.174384391619165j)	0.24396109580993652	60.24825262154432
633	(-0.8476670464321296-5.261141338237008j)	0.26065707206726074	60.343580552907525
634	(-0.25376111437988724-5.265211995427434j)	0.26123595237731934	60.438908484270726
635	(0.3391319225662712-5.18563596657976j)	0.26454710960388184	60.53423641563393
636	(0.9155901551141388-5.024568110956224j)	0.2580530643463135	60.629564346997135
637	(1.4608256941319961-4.786137026876468j)	0.28187012672424316	60.724892278360336
638	(1.9608844946453112-4.477032928243523j)	0.25794482231140137	60.82022020972354
639	(2.403135402933734-4.106265479248605j)	0.2662010192871094	60.91554814108674
640	(2.776662551433746-3.68471743816278j)	0.2568519115447998	61.010876072449946
641	(3.0725872241897725-3.2245824439492745j)	0.2657480239868164	61.10620400381315
642	(3.2842025939719774-2.7397842630731466j)	0.3101692199707031	61.20153193517635
643	(3.407304001587454-2.2447766358975922j)	0.27438998222351074	61.296859866539556
644	(3.4401785195862216-1.754538713345011j)	0.2650737762451172	61.39218779790276
645	(3.3836392105195037-1.284125199990541j)	0.26515793800354004	61.48751572926596
646	(3.241396674343748-0.8479079988045273j)	0.25987815856933594	61.582843660629166
647	(3.0192063455320595-0.4596249321272836j)	0.2588310241699219	61.67817159199237
648	(2.7252749615851504-0.13159447265869895j)	0.2612268924713135	61.77349952335557
649	(2.369788006512669+0.12544199246193022j)	0.26200389862060547	61.86882745471877
650	(1.964790241688275+0.30285126753437885j)	0.27532386779785156	61.96415538608198
651	(1.523335028223835+0.3940423092930998j)	0.26670193672180176	62.05948331744518
652	(1.059771708610462+0.39500449168732144j)	0.2541329860687256	62.15481124880838
653	(0.5890507067817713+0.3040083363924159j)	0.2672460079193115	62.25013918017159
654	(0.12588679904821753+0.12235244527836145j)	0.27663207054138184	62.34546711153479
655	(-0.3149815593820139-0.1464924055157363j)	0.2628769874572754	62.44079504289799
656	(-0.7201233191995713-0.4963631055439819j)	0.2556440830230713	62.53612297426119
657	(-1.0764186985333726-0.9189106344941033j)	0.2627549171447754	62.6314509056244
658	(-1.3730099027383895-1.4037036722846798j)	0.24906086921691895	62.7267788369876
659	(-1.600592455144315-1.9383976366367381j)	0.2639150619506836	62.8221067683508
660	(-1.7521618289978995-2.5093254194237704j)	0.25852298736572266	62.91743469971401
661	(-1.8227193917353626-3.1019005308275913j)	0.25386810302734375	63.01276263107721
662	(-1.810320052020424-3.700579750572487j)	0.26787400245666504	63.10809056244041
663	(-1.7151227649065093-4.290154243880459j)	0.255878210067749	63.20341849380362
664	(-1.539859573990859-4.85530132988948j)	0.2545030117034912	63.29874642516682
665	(-1.2901269496199315-5.381483400941066j)	0.25417590141296387	63.39407435653002
666	(-0.9733180887650826-5.8553362971252j)	0.27190709114074707	63.48940228789322
667	(-0.5991284432448809-6.264858089383856j)	0.260936975479126	63.58473021925643
668	(-0.17913098319569198-6.600124930280655j)	0.27238917350769043	63.68005815061963
669	(0.2736937882449022-6.853305939495731j)	0.2485041618347168	63.77538608198283
670	(0.7454438744975218-7.018649326317796j)	0.2428419589996338	63.87071401334604
671	(1.2210844841032553-7.092917927420242j)	0.24852585792541504	63.96604194470924
672	(1.6861479950731924-7.07603068870386j)	0.25592494010925293	64.06136987607245
673	(2.1256105396230627-6.969802166770052j)	0.2609119415283203	64.15669780743565
674	(2.5251784953742655-6.778929801283839j)	0.25675010681152344	64.25202573879885
675	(2.87236013740581-6.510368812374061j)	0.2628910541534424	64.34735367016206
676	(3.1551504603437404-6.173489886296716j)	0.253129243850708	64.44268160152527
677	(3.363869913973096-5.779026656362234j)	0.2559089660644531	64.53800953288847
678	(3.490761278259545-5.339765033357744j)	0.254317045211792	64.63333746425167
679	(3.53052724484648-4.869698423301534j)	0.26380109786987305	64.72866539561487
680	(3.480157738990492-4.383191412331446j)	0.2554311752319336	64.82399332697807
681	(3.3392371153544786-3.895363387140347j)	0.2589437961578369	64.91932125834127
682	(3.1101920982852156-3.4211110445715236j)	0.259857177734375	65.01464918970449
683	(2.79760440091904-2.974701899366759j)	0.25105905532836914	65.10997712106769
684	(2.408668289837292-2.56971529150664j)	0.25372791290283203	65.20530505243089
685	(1.952880433232657-2.218150623647988j)	0.2709681987762451	65.30063298379409
686	(1.4416047601792181-1.9304605717828511j)	0.2518479824066162	65.39596091515729
687	(0.8875500847375666-1.7150164064945954j)	0.25929999351501465	65.49128884652049
688	(0.30509742053923417-1.5779428296331506j)	0.25875401496887207	65.58661677788369
689	(-0.2908330318258082-1.5231255044723215j)	0.27776312828063965	65.6819447092469
690	(-0.8848566769348958-1.5516907086294522j)	0.24933886528015137	65.77727264061011
691	(-1.4614321496842198-1.6623362116756477j)	0.26001572608947754	65.87260057197331
692	(-2.0056991229330263-1.8511198319964337j)	0.24983906745910645	65.96792850333651
693	(-2.5036095833633008-2.1120058605991723j)	0.25296902656555176	66.06325643469971
694	(-2.9424223433013443-2.436180506293116j)	0.25209498405456543	66.15858436606291
695	(-3.3109298282406656-2.8135367837012906j)	0.2527351379394531	66.25391229742611
696	(-3.6002032124275383-3.2316614996820077j)	0.2589423656463623	66.34924022878933
697	(-3.803450859857488-3.6771406198611936j)	0.24195003509521484	66.44456816015253
698	(-3.915937279050187-4.136252851410079j)	0.27380990982055664	66.53989609151573
699	(-3.9360190734592573-4.593405441157286j)	0.2502729892730713	66.63522402287893
700	(-3.8642911639019157-5.034200362124001j)	0.2561049461364746	66.73055195424213
701	(-3.704131256489303-5.444187979294883j)	0.2538609504699707	66.82587988560533
702	(-3.46127123666826-5.809755512723548j)	0.24132680892944336	66.92120781696855
703	(-3.1436706403358974-6.117971572248165j)	0.25392627716064453	67.01653574833175
704	(-2.7616449212330565-6.358828524483455j)	0.2615799903869629	67.11186367969495
705	(-2.32690298114625-6.523214801457466j)	0.2578470706939697	67.20719161105815
706	(-1.8529333858440513-6.604285905422614j)	0.2686033248901367	67.30251954242135
707	(-1.3538260588103346-6.597725314216357j)	0.2550673484802246	67.39784747378455
708	(-0.8447832315413049-6.5021987145558935j)	0.2789449691772461	67.49317540514775
709	(-0.3405513172865952-6.318011566609973j)	0.2504079341888428	67.58850333651097
710	(0.14379380394063845-6.0488784964987214j)	0.24806499481201172	67.68383126787417
711	(0.5944721021866569-5.700718246026439j)	0.2525320053100586	67.77915919923737
712	(0.9977603848843428-5.281266745129304j)	0.264052152633667	67.87448713060057
713	(1.3430066982616815-4.8009827337322735j)	0.25423502922058105	67.96981506196377
714	(1.620237817518096-4.2722383281711975j)	0.2560281753540039	68.06514299332697
715	(1.822080243706116-3.7083217783171776j)	0.2650468349456787	68.16047092469017
716	(1.9428940679993072-3.1237957696204908j)	0.26186680793762207	68.25579885605339
717	(1.9805341857467362-2.5339163294260514j)	0.24970197677612305	68.35112678741659
718	(1.9344151651774517-1.9542815371384494j)	0.27166080474853516	68.44645471877979
719	(1.80695787989064-1.3999169863915064j)	0.28404998779296875	68.54178265014299
720	(1.603213739930432-0.8854846738183489j)	0.26637721061706543	68.63711058150619
721	(1.3301473011095606-0.4242659319583381j)	0.2615358829498291	68.7324385128694
722	(0.9972336612452737-0.028579273780125945j)	0.2750966548919678	68.8277664442326
723	(0.6155003072271481+0.29174272948143376j)	0.270143985748291	68.92309437559581
724	(0.19778126461714884+0.5284378406194404j)	0.2648899555206299	69.01842230695901
725	(-0.24218398514925324+0.6757881032289271j)	0.2706942558288574	69.11375023832221
726	(-0.6901099582124288+0.7305035073338989j)	0.2711348533630371	69.20907816968541
727	(-1.1308620134845564+0.6919119936841591j)	0.27175378799438477	69.30440610104861
728	(-1.549989428617731+0.5621463402890662j)	0.25690293312072754	69.39973403241181
729	(-1.9331474098200034+0.3454648913920283j)	0.26416611671447754	69.49506196377502
730	(-2.2676364434448835+0.048886291192009365j)	0.26386380195617676	69.59038989513823
731	(-2.541506142945088-0.31871938389841536j)	0.27782201766967773	69.68571782650143
732	(-2.7447248279882643-0.7458187410233627j)	0.2736179828643799	69.78104575786463
733	(-2.869710130425731-1.2202989269796798j)	0.26946282386779785	69.87637368922783
734	(-2.9105602185208737-1.7279915822288008j)	0.264697790145874	69.97170162059103
735	(-2.8641699004081738-2.2542271459289704j)	0.2691669464111328	70.06702955195423
736	(-2.729984933477678-2.783862395757934j)	0.24376201629638672	70.16235748331745
737	(-2.5098900683552614-3.3017847302948478j)	0.25242018699645996	70.25768541468065
738	(-2.208464777935927-3.793336036015124j)	0.24830293655395508	70.35301334604385
739	(-1.8325689796301177-4.244882197097442j)	0.26081323623657227	70.44834127740705
740	(-1.3912724853147482-4.643779877604668j)	0.25634098052978516	70.54366920877025
741	(-0.8956515205959085-4.979454859607112j)	0.2724270820617676	70.63899714013345
742	(-0.3585713521040347-5.242933503579348j)	0.27052807807922363	70.73432507149666
743	(0.20614563710416203-5.427612127909562j)	0.25717926025390625	70.82965300285987
744	(0.7836296257344688-5.529473454984096j)	0.25486207008361816	70.92498093422307
745	(1.3583513760869272-5.546418596771255j)	0.27321910858154297	71.02030886558627
746	(1.9152027453389526-5.479929085819476j)	0.2617678642272949	71.11563679694947
747	(2.4390745649942787-5.332622396386458j)	0.25165700912475586	71.21096472831267
748	(2.9160737361682787-5.111249570221084j)	0.2699429988861084	71.30629265967588
749	(3.3331360746326277-4.823306398097952j)	0.2691338062286377	71.40162059103908
750	(3.6793883493088337-4.479073226434963j)	0.24818205833435059	71.49694852240229
751	(3.9455858517033993-4.090310229151194j)	0.2578318119049072	71.59227645376549
752	(4.125079261751365-3.6702974480613886j)	0.2531769275665283	71.6876043851287
753	(4.211925942617426-3.2330992710988524j)	0.25177884101867676	71.7829323164919
754	(4.2056148199974155-2.793412977206627j)	0.25401902198791504	71.8782602478551
755	(4.106100561094478-2.3659468631602443j)	0.2532498836517334	71.9735881792183
756	(3.916722852308178-1.9651159548514516j)	0.2672750949859619	72.0689161105815
757	(3.6430116456722703-1.6046439980619462j)	0.2573709487915039	72.16424404194471
758	(3.292988309280212-1.2970877646612415j)	0.2567141056060791	72.25957197330791
759	(2.8766742722558702-1.0534057702885227j)	0.2646510601043701	72.35489990467111
760	(2.4060718934152434-0.8826197965859064j)	0.25606489181518555	72.45022783603432
761	(1.8943984640418892-0.7914189355222999j)	0.27593374252319336	72.54555576739752
762	(1.3563457853858227-0.7848076898370134j)	0.2695443630218506	72.64088369876072
763	(0.8065830411997384-0.8646033619742577j)	0.27342700958251953	72.73621163012393
764	(0.260596142314199-1.0303880879378373j)	0.2659487724304199	72.83153956148713
765	(-0.26678859556434814-1.2790709815547436j)	0.2611541748046875	72.92686749285033
766	(-0.7607734908384336-1.6051537189966407j)	0.2597026824951172	73.02219542421354
767	(-1.2085799602122165-2.0006250276714317j)	0.26235079765319824	73.11752335557674
768	(-1.5978413685605437-2.455670324107212j)	0.2609138488769531	73.21285128693994
769	(-1.9189790419400452-2.9583561829786813j)	0.2566206455230713	73.30817921830314
770	(-2.1638082875273312-3.4956120766083396j)	0.2561149597167969	73.40350714966635
771	(-2.326737829921-4.052982638055145j)	0.24794602394104004	73.49883508102955
772	(-2.404561697447568-4.6152268882274186j)	0.2592179775238037	73.59416301239276
773	(-2.3967605719280907-5.16716635573227j)	0.25456881523132324	73.68949094375596
774	(-2.305292130818055-5.693688903742285j)	0.2558572292327881	73.78481887511916
775	(-2.134618236665038-6.180163243791651j)	0.2601339817047119	73.88014680648236
776	(-1.8913591296072605-6.613295665444737j)	0.26023125648498535	73.97547473784556
777	(-1.5849273267856478-6.98089077479275j)	0.25265002250671387	74.07080266920877
778	(-1.2255902097667124-7.272865788417235j)	0.25623559951782227	74.16613060057198
779	(-0.8263585295130138-7.480897141994904j)	0.2584493160247803	74.26145853193518
780	(-0.4005538397014028-7.599325252924572j)	0.25026583671569824	74.35678646329838
781	(0.037313935740174387-7.624506672552008j)	0.25304102897644043	74.45211439466158
782	(0.47263760270589317-7.555902040413822j)	0.26565003395080566	74.54744232602478
783	(0.8906297584080303-7.395180678776641j)	0.2631819248199463	74.64277025738798
784	(1.277014627755351-7.1469157526624105j)	0.2549397945404053	74.7380981887512
785	(1.6186900629532146-6.817791043547752j)	0.26339006423950195	74.8334261201144
786	(1.9038967673973983-6.416730000888236j)	0.2583630084991455	74.9287540514776
787	(2.1225630570018628-5.955671342986034j)	0.23720502853393555	75.0240819828408
788	(2.266275582668511-5.446103326364581j)	0.25612688064575195	75.119409914204
789	(2.3287428467504574-4.900624353499266j)	0.25180697441101074	75.2147378455672
790	(2.3068318896381346-4.336971639736165j)	0.2586030960083008	75.3100657769304
791	(2.199887231241752-3.769430164219849j)	0.26254916191101074	75.40539370829362
792	(2.0091361108715873-3.212930798859812j)	0.26517200469970703	75.50072163965682
793	(1.7387066675189842-2.6825839422246083j)	0.2634696960449219	75.59604957102002
794	(1.3951215955705447-2.192262988171643j)	0.25182318687438965	75.69137750238322
795	(0.9871785705117697-1.7547484958658957j)	0.26366496086120605	75.78670543374642
796	(0.525648403438611-1.3814127770588576j)	0.2665727138519287	75.88203336510962
797	(0.022913787033234156-1.0812033387309505j)	0.264570951461792	75.97736129647284
798	(-0.5071521088625972-0.8611468581214118j)	0.26386404037475586	76.07268922783604
799	(-1.0499917438422224-0.7260317536228206j)	0.26888084411621094	76.16801715919924
800	(-1.5906841702946397-0.6777563565334522j)	0.2562832832336426	76.26334509056244
801	(-2.1135915676251-0.7159430445292334j)	0.2692070007324219	76.35867302192564
802	(-2.60405716330459-0.8372787782305237j)	0.265592098236084	76.45400095328884
803	(-3.0482220374669198-1.0366222721624592j)	0.2663748264312744	76.54932888465204
804	(-3.433120003546197-1.305915053677421j)	0.2623162269592285	76.64465681601526
805	(-3.7475673727891508-1.6354632288293294j)	0.2558426856994629	76.73998474737846
806	(-3.982456173350332-2.0137696258501263j)	0.269320011138916	76.83531267874166
807	(-4.130405309929757-2.427455558408519j)	0.2599301338195801	76.93064061010486
808	(-4.187036032313056-2.862863385355896j)	0.25933098793029785	77.02596854146806
809	(-4.150409552294139-3.3052656397179456j)	0.2534821033477783	77.12129647283126
810	(-4.020419712966551-3.7397283220875748j)	0.2939438819885254	77.21662440419446
811	(-3.8004524776871507-4.152024015901729j)	0.26772618293762207	77.31195233555768
812	(-3.4959850339033443-4.527970163880176j)	0.25973010063171387	77.40728026692088
813	(-3.1149565446495657-4.855041183966427j)	0.26891589164733887	77.50260819828408
814	(-2.66755244718812-5.12219854527826j)	0.26570582389831543	77.59793612964728
815	(-2.16521069144005-5.3198709190606195j)	0.25682687759399414	77.69326406101048
816	(-1.6216112494688502-5.440801066630053j)	0.25941991806030273	77.78859199237368
817	(-1.0511981956501064-5.480131443404021j)	0.2518949508666992	77.88391992373688
818	(-0.46928200575425305-5.435086869604528j)	0.2548558712005615	77.9792478551001
819	(0.10919043366834469-5.306427318698151j)	0.2610328197479248	78.0745757864633
820	(0.6686346439628883-5.096224912385628j)	0.2589859962463379	78.1699037178265
821	(1.1945619541998336-4.8098352266050926j)	0.2538719177246094	78.2652316491897
822	(1.6733788584149685-4.454824286041988j)	0.2547729015350342	78.3605595805529
823	(2.093052728576309-4.040303838055554j)	0.25696897506713867	78.4558875119161
824	(2.4430111599088145-3.57815242732614j)	0.26514196395874023	78.55121544327932
825	(2.7150569544287784-3.0813230654170205j)	0.25411510467529297	78.64654337464252
826	(2.9031772426433884-2.5639618724947577j)	0.2619469165802002	78.74187130600572
827	(3.0040264912547365-2.0405970308314325j)	0.2577228546142578	78.83719923736892
828	(3.0165234960144423-1.52675489031711j)	0.25380396842956543	78.93252716873212
829	(2.9423429987718768-1.0371882070827656j)	0.2762448787689209	79.02785510009532
830	(2.7852223558943665-0.5864425177232299j)	0.26116490364074707	79.12318303145852
831	(2.552344656657755-0.18774009678212367j)	0.26841187477111816	79.21851096282174
832	(2.2521034202839147+0.14659691342425385j)	0.26188182830810547	79.31383889418494
833	(1.895161338993642+0.40638249886919536j)	0.26828503608703613	79.40916682554814
834	(1.4941625916569838+0.5835945078285903j)	0.2729640007019043	79.50449475691134
835	(1.0619081173928937+0.6719356710151402j)	0.27274107933044434	79.59982268827454
836	(0.6133874256133625+0.6682527730539722j)	0.27465224266052246	79.69515061963774
837	(0.16310885903856956+0.5712619066497723j)	0.26725292205810547	79.79047855100094
838	(-0.2739654705277371+0.38309674496836205j)	0.27379775047302246	79.88580648236416
839	(-0.683685395672887+0.10770981932854362j)	0.2680830955505371	79.98113441372736
840	(-1.0524680962004387-0.24796496326950646j)	0.2569389343261719	80.07646234509056
841	(-1.3684831366824597-0.675201058318862j)	0.2907569408416748	80.17179027645376
842	(-1.6208804459479396-1.1629622533999737j)	0.26897287368774414	80.26711820781696
843	(-1.8013232164316606-1.698535719789105j)	0.2622048854827881	80.36244613918016
844	(-1.9033736363106506-2.268168577254219j)	0.254680871963501	80.45777407054337
845	(-1.9232618854146555-2.8568689248533423j)	0.2674429416656494	80.55310200190658
846	(-1.859371347045532-3.449142589156642j)	0.2634580135345459	80.64842993326978
847	(-1.7130243908344915-4.029872496569704j)	0.2628612518310547	80.74375786463298
848	(-1.4878490662525354-4.583813771726975j)	0.25760889053344727	80.83908579599618
849	(-1.189840492133728-5.096560966906998j)	0.2625560760498047	80.93441372735938
850	(-0.8274735221477769-5.555381490189134j)	0.25827479362487793	81.02974165872259
851	(-0.41102128496252766-5.948633347101963j)	0.25766587257385254	81.12506959008579
852	(0.04740957185889094-6.267276330118694j)	0.2505018711090088	81.220397521449
853	(0.5342350051610261-6.503579612646075j)	0.2683451175689697	81.3157254528122
854	(1.0353029655016441-6.652830225771321j)	0.2571268081665039	81.4110533841754
855	(1.535448197382904-6.7122954824299415j)	0.26439881324768066	81.5063813155386
856	(2.0198411110508094-6.682658288857207j)	0.2657959461212158	81.6017092469018
857	(2.47361730144747-6.56632618225102j)	0.2595369815826416	81.697037178265
858	(2.8830332050586347-6.368752367263001j)	0.2699248790740967	81.79236510962822
859	(3.2351445553217557-6.097467279512057j)	0.26505017280578613	81.88769304099142
860	(3.5188257460394117-5.761983729244762j)	0.2845001220703125	81.98302097235462
861	(3.724508718324572-5.373816961325144j)	0.26879096031188965	82.07834890371782
862	(3.845378513987284-4.946067860508203j)	0.25414276123046875	82.17367683508103
863	(3.8763812430905173-4.492607380228217j)	0.2604851722717285	82.26900476644423
864	(3.8153226688005533-4.028123880487077j)	0.26966190338134766	82.36433269780743
865	(3.6626806890724235-3.56756585798781j)	0.2857930660247803	82.45966062917064
866	(3.4211955400662495-3.1254105867323903j)	0.2714838981628418	82.55498856053384
867	(3.0964524976469976-2.715893643173601j)	0.2569160461425781	82.65031649189704
868	(2.695800630687076-2.35205100368847j)	0.2574188709259033	82.74564442326025
869	(2.229659557070902-2.044995982993191j)	0.2689378261566162	82.84097235462345
870	(1.7093686429343238-1.8051531824877554j)	0.27056097984313965	82.93630028598665
871	(1.1485867540419759-1.6394149350843945j)	0.28354620933532715	83.03162821734985
872	(0.5617347956212206-1.5538152931508615j)	0.2823460102081299	83.12695614871306
873	(-0.0362098182794891-1.5508818328159966j)	0.2623300552368164	83.22228408007626
874	(-0.6295267826854694-1.631257234461411j)	0.26506686210632324	83.31761201143946
875	(-1.20312126574378-1.7924532693428281j)	0.2543351650238037	83.41293994280267
876	(-1.7420856112005698-2.029864085421377j)	0.3332252502441406	83.50826787416587
877	(-2.2328285362262026-2.3366872806565118j)	0.2770082950592041	83.60359580552907
878	(-2.662511956955579-2.7035141099836895j)	0.2598910331726074	83.69892373689227
879	(-3.0215940430003942-3.119438806526103j)	0.27106690406799316	83.79425166825548
880	(-3.3004980384112477-3.5717414396975236j)	0.258350133895874	83.88957959961868
881	(-3.493356457654138-4.046569756326226j)	0.2699458599090576	83.98490753098189
882	(-3.5965015606786457-4.529200425494347j)	0.2469339370727539	84.08023546234509
883	(-3.6086084618012526-5.00507248792438j)	0.26435375213623047	84.17556339370829
884	(-3.530778122384282-5.459025269477865j)	0.24824810028076172	84.27089132507149
885	(-3.367308527988556-5.876733977002166j)	0.2712869644165039	84.3662192564347
886	(-3.124453300992167-6.244923965211668j)	0.2577528953552246	84.4615471877979
887	(-2.810754156386054-6.551397492042604j)	0.25192904472351074	84.5568751191611
888	(-2.436864261978646-6.785994998942055j)	0.2619020938873291	84.6522030505243
889	(-2.01478193296875-6.940073324693829j)	0.2571420669555664	84.74753098188751
890	(-1.5580214559269208-7.008023317045604j)	0.2566688060760498	84.84285891325071
891	(-1.0813892378723784-6.985852360731463j)	0.25179314613342285	84.93818684461391
892	(-0.5993802671763642-6.872488109960253j)	0.26880526542663574	85.03351477597712
893	(-0.12706014964452095-6.669851214145094j)	0.26673007011413574	85.12884270734033
894	(0.3211270612525263-6.381387684013913j)	0.2699270248413086	85.22417063870353
895	(0.7311833927439881-6.014234135808271j)	0.2552521228790283	85.31949857006673
896	(1.0910980386586902-5.576675407308902j)	0.2592430114746094	85.41482650142993
897	(1.3896523813798358-5.0798103442619205j)	0.25557684898376465	85.51015443279313
898	(1.6180801859824618-4.53623116018659j)	0.2714271545410156	85.60548236415633
899	(1.7695630622077299-3.9595820008026736j)	0.26689887046813965	85.70081029551955
900	(1.8394898750740332-3.3649559920210748j)	0.2589750289916992	85.79613822688275
901	(1.826882585983039-2.7670163403851187j)	0.26616501808166504	85.89146615824595
902	(1.7308775775655831-2.182629848385125j)	0.2567610740661621	85.98679408960915
903	(1.5557327902684144-1.6257329365161162j)	0.27272891998291016	86.08212202097235
904	(1.3067463324159285-1.1107835082433748j)	0.26596617698669434	86.17744995233555
905	(0.9922710900940286-0.6512575432918625j)	0.26222991943359375	86.27277788369875
906	(0.6220700464971974-0.2588643129272923j)	0.2617640495300293	86.36810581506197
907	(0.20721029766192828+0.05727442323197568j)	0.2720928192138672	86.46343374642517
908	(-0.23819596874713586+0.2891027565090739j)	0.2838618755340576	86.55876167778837
909	(-0.7005247447629244+0.43172438414501757j)	0.26133108139038086	86.65408960915157
910	(-1.1650015450763518+0.4825256260744495j)	0.2664921283721924	86.74941754051477
911	(-1.6165740230627206+0.44149754782299244j)	0.2651851177215576	86.84474547187797
912	(-2.0410160694487494+0.3111650898825892j)	0.2680840492248535	86.94007340324117
913	(-2.4239285344224153+0.09638356502310308j)	0.2673048973083496	87.03540133460439
914	(-2.752992983285247-0.19504150498471273j)	0.24917101860046387	87.13072926596759
915	(-3.016556249965907-0.5537684094098589j)	0.2691340446472168	87.22605719733079
916	(-3.2054637058633126-0.968323450377943j)	0.26677465438842773	87.32138512869399
917	(-3.3121921381763357-1.4257572980598212j)	0.2720370292663574	87.41671306005719
918	(-3.3319410480026153-1.9121303864243073j)	0.2584559917449951	87.51204099142039
919	(-3.2620037248023332-2.4124704388915386j)	0.27016592025756836	87.6073689227836
920	(-3.102883119680708-2.9119955577594596j)	0.2670609951019287	87.70269685414681
921	(-2.8568076202908776-3.3956701230145905j)	0.2634150981903076	87.79802478551001
922	(-2.529378338819944-3.8491996072125683j)	0.2577641010284424	87.89335271687321
923	(-2.127800768572363-4.25935234006034j)	0.2666311264038086	87.98868064823641
924	(-1.6621051374322267-4.614480341559806j)	0.2467029094696045	88.08400857959961
925	(-1.1436673387961853-4.903605129684903j)	0.26488804817199707	88.17933651096281
926	(-0.5859340298789579-5.119285263978834j)	0.25144195556640625	88.27466444232603
927	(-0.0028445579628786355-5.255805533769521j)	0.2705380916595459	88.36999237368923
928	(0.5901461732613966-5.309234179710844j)	0.2592630386352539	88.46532030505243
929	(1.1775286377091505-5.2793234759082015j)	0.2635061740875244	88.56064823641563
930	(1.7444884001508336-5.167246861891114j)	0.25608396530151367	88.65597616777883
931	(2.275407966568078-4.977651741492139j)	0.257188081741333	88.75130409914203
932	(2.7572652969055467-4.7169335913676855j)	0.26210498809814453	88.84663203050523
933	(3.1772574310768684-4.393804149716866j)	0.27275586128234863	88.94195996186845
934	(3.524513517003287-4.019227979413022j)	0.27655506134033203	89.03728789323165
935	(3.7916671714144363-3.605969269610815j)	0.25640392303466797	89.13261582459485
936	(3.968822177308406-3.1653389110560424j)	0.2709989547729492	89.22794375595805
937	(4.055733682186405-2.7142619667358483j)	0.2694389820098877	89.32327168732125
938	(4.049214744922748-2.266479008091855j)	0.26456212997436523	89.41859961868445
939	(3.950978646683673-1.8369950384624816j)	0.2642710208892822	89.51392755004765
940	(3.7646421734909894-1.4400743416797175j)	0.2673346996307373	89.60925548141087
941	(3.496452856792129-1.0887259668013345j)	0.2928140163421631	89.70458341277407
942	(3.1546087629336137-0.7955395397094625j)	0.2803077697753906	89.79991134413727
943	(2.749936146279496-0.5710187781228776j)	0.2820110321044922	89.89523927550047
944	(2.2946425973356988-0.4231141062512077j)	0.2832629680633545	89.99056720686367
945	(1.8023083910561835-0.3587045422357774j)	0.27950477600097656	90.08589513822687
946	(1.2871536512426867-0.3812723904312845j)	0.2713749408721924	90.18122306959008
947	(0.7645175473922534-0.49229192883017653j)	0.2767219543457031	90.27655100095329
948	(0.24930591570444538-0.6904344971448881j)	0.27403903007507324	90.37187893231649
949	(-0.2436321437471416-0.9719873703334381j)	0.2667672634124756	90.46720686367969
950	(-0.7002082270192534-1.3305333937434818j)	0.2757689952850342	90.5625347950429
951	(-1.1076940513912499-1.7578269133524342j)	0.26909804344177246	90.6578627264061
952	(-1.454825346864066-2.2429756613785727j)	0.2683711051940918	90.7531906577693
953	(-1.7321207020144858-2.7736433987718856j)	0.2624199390411377	90.84851858913251
954	(-1.9326921568720468-3.3365179595616237j)	0.263408899307251	90.94384652049571
955	(-2.0513627034529107-3.916337818513111j)	0.2525508403778076	91.03917445185891
956	(-2.0858676728086376-4.498262729904292j)	0.268524169921875	91.13450238322211
957	(-2.0365358572738366-5.06675800669228j)	0.26801323890686035	91.22983031458531
958	(-1.9059694228846886-5.60668634099995j)	0.25623297691345215	91.32515824594851
959	(-1.6993648079928687-6.103847974266918j)	0.26072192192077637	91.42048617731172
960	(-1.4244637161536575-6.5448287834854675j)	0.27934694290161133	91.51581410867493
961	(-1.0908060399684603-6.918101488882875j)	0.26891613006591797	91.61114204003813
962	(-0.7097641924297533-7.213671542102609j)	0.2553439140319824	91.70646997140133
963	(-0.2938990508388226-7.42407260980991j)	0.2634871006011963	91.80179790276453
964	(0.14252786874923018-7.544177188034632j)	0.2516610622406006	91.89712583412773
965	(0.5849853299130823-7.5707390928341285j)	0.2463681697845459	91.99245376549094
966	(1.018795655719373-7.504191328667842j)	0.2602250576019287	92.08778169685414
967	(1.4293849301227244-7.346357788699313j)	0.2570922374725342	92.18310962821735
968	(1.8026104032882917-7.102667151442205j)	0.2638568878173828	92.27843755958055
969	(2.1258127107724754-6.780389425469571j)	0.2646322250366211	92.37376549094375
970	(2.3875741232998666-6.388598742375882j)	0.2513542175292969	92.46909342230695
971	(2.578391840103408-5.938936772263985j)	0.25012993812561035	92.56442135367016
972	(2.690189441744401-5.444843235678707j)	0.26749706268310547	92.65974928503336
973	(2.718426041059723-4.919852419760339j)	0.28464627265930176	92.75507721639656
974	(2.6599245934320566-4.378762316506899j)	0.25185513496398926	92.85040514775977
975	(2.5145318406008346-3.837267530829939j)	0.2726898193359375	92.94573307912297
976	(2.2847250541882613-3.310221735420189j)	0.2593052387237549	93.04106101048617
977	(1.975426287255536-2.8121308071883595j)	0.26050567626953125	93.13638894184938
978	(1.593645985370188-2.3568246630758845j)	0.263293981552124	93.23171687321258
979	(1.1491518233416624-1.9562317209233506j)	0.26513195037841797	93.32704480457578
980	(0.6532358050227571-1.6210793644682928j)	0.264056921005249	93.42237273593899
981	(0.11860670502251092-1.360091922320977j)	0.2703561782836914	93.5177006673022
982	(-0.4402979376941502-1.1791587439565487j)	0.275115966796875	93.6130285986654
983	(-1.008737039201497-1.0823500261779333j)	0.2640378475189209	93.7083565300286
984	(-1.5713658235286525-1.0708445989426376j)	0.26168394088745117	93.8036844613918
985	(-2.113223874522074-1.1435141653162884j)	0.2586829662322998	93.899012392755
986	(-2.6189124265555495-1.2962656639253431j)	0.2743542194366455	93.9943403241182
987	(-3.074773535673528-1.523304078159233j)	0.2617621421813965	94.08966825548141
988	(-3.4686811963147646-1.815654806616056j)	0.2487328052520752	94.18499618684461
989	(-3.789693014170405-2.1633288569979103j)	0.2570970058441162	94.28032411820782
990	(-4.028897641492993-2.5545461398775053j)	0.26346802711486816	94.37565204957102
991	(-4.179837629817867-2.9751300637294404j)	0.2732717990875244	94.47097998093422
992	(-4.238469852137152-3.4115372145695524j)	0.2600219249725342	94.56630791229742
993	(-4.203030398063217-3.848778802245657j)	0.2529008388519287	94.66163584366062
994	(-4.074864761344951-4.2722524287456345j)	0.26703906059265137	94.75696377502383
995	(-3.8578217415492584-4.667528887726412j)	0.2614481449127197	94.85229170638704
996	(-3.556994199582968-5.021001564891023j)	0.258256196975708	94.94761963775024
997	(-3.1819753378076436-5.3207670451924045j)	0.2654228210449219	95.04294756911344
998	(-2.742715630913194-5.555717088571845j)	0.2764010429382324	95.13827550047664
999	(-2.2516148265680895-5.717578068596253j)	0.26055908203125	95.23360343183984
