	res_adaptive	time_adaptive	w
0	(1.0374161221342422-0.03347009863312843j)	0.7595169544219971	0.001
1	(1.3459206321192623-0.21799472335477763j)	0.4561460018157959	0.09633
2	(1.4442449798928505-0.26496986395184624j)	0.4658958911895752	0.19166
3	(1.520505864330272-0.30121717608882825j)	0.4326317310333252	0.28698
4	(1.5808923545315245-0.32629684372990486j)	0.6150467395782471	0.38231
5	(1.6311867806444742-0.34108832323366733j)	0.48424696922302246	0.47764
6	(1.6780357008205804-0.3550200983744843j)	0.37922096252441406	0.57297
7	(1.716345626582579-0.3642927004109715j)	0.410754919052124	0.6683
8	(1.7529353699429782-0.36884490246893614j)	0.3890380859375	0.76362
9	(1.787144512648489-0.37424754989880293j)	0.562565803527832	0.85895
10	(1.8167537452832714-0.37846746211172105j)	0.4188108444213867	0.95428
11	(1.8454582205479666-0.3810411268933802j)	0.5055482387542725	1.04961
12	(1.8726372717487336-0.3825427857983496j)	0.3357551097869873	1.14494
13	(1.899154236212472-0.3827199582411607j)	0.4361109733581543	1.24026
14	(1.924019345320904-0.38097400085937877j)	0.4374971389770508	1.33559
15	(1.9452368134144944-0.3806375947083016j)	0.34454917907714844	1.43092
16	(1.9675794247320761-0.3777605768719122j)	0.3522307872772217	1.52625
17	(1.9863979918133512-0.3751554135467843j)	0.3705141544342041	1.62157
18	(2.0053653768121205-0.371145798197994j)	0.35486602783203125	1.7169
19	(2.0233158700829534-0.3676923937926393j)	0.370499849319458	1.81223
20	(2.0392498581974294-0.3640654869965094j)	0.3460879325866699	1.90756
21	(2.056046194906454-0.3583635596623658j)	0.3871128559112549	2.00289
22	(2.072679609623916-0.3537997418454675j)	0.3446977138519287	2.09821
23	(2.0863407710098265-0.349559139565215j)	0.38938283920288086	2.19354
24	(2.101166605303339-0.34366922537866523j)	0.3230001926422119	2.28887
25	(2.112263461799171-0.3389381644373402j)	0.3819742202758789	2.3842
26	(2.1263706074289614-0.3319090445234066j)	0.37229418754577637	2.47953
27	(2.1387607133594684-0.32707489480261337j)	0.39505696296691895	2.57485
28	(2.1482859048866665-0.3204941837231364j)	0.45008087158203125	2.67018
29	(2.159021130335868-0.31366255069075605j)	0.5394749641418457	2.76551
30	(2.169856364262598-0.3086465262102575j)	0.39086484909057617	2.86084
31	(2.180369568100103-0.3012907863058325j)	0.43889617919921875	2.95617
32	(2.1900795941490423-0.2946569851745099j)	0.4016692638397217	3.05149
33	(2.1981098215143655-0.28734157165357105j)	0.3456110954284668	3.14682
34	(2.0954570281046037-0.2974736880165031j)	0.4481627941131592	3.24215
35	(2.214906678131072-0.27518365541442874j)	0.4240248203277588	3.33748
36	(2.2219468734661816-0.26942044438431867j)	0.43736696243286133	3.43281
37	(2.228767460813645-0.26152074351142374j)	0.3298468589782715	3.52813
38	(2.236380193943255-0.25550259668241565j)	0.4702939987182617	3.62346
39	(2.2415894795832547-0.2482166414230042j)	0.382000207901001	3.71879
40	(2.2483100508047955-0.242034818490743j)	0.4516589641571045	3.81412
41	(2.253295148875847-0.2351926209512119j)	0.5103170871734619	3.90945
42	(2.2595014216152345-0.2273545122594014j)	0.40559887886047363	4.00477
43	(2.2638755362469074-0.22151930625835803j)	0.4159059524536133	4.1001
44	(2.268757930315151-0.21420541069904653j)	0.35007405281066895	4.19543
45	(2.273888571838188-0.20771942107507663j)	0.4737558364868164	4.29076
46	(2.2774357930121196-0.20224321120713468j)	0.47989797592163086	4.38608
47	(2.2811610615167073-0.19507276287212788j)	0.4045908451080322	4.48141
48	(2.2855133520990085-0.18906934775015127j)	0.41334986686706543	4.57674
49	(2.2882402538896405-0.18252910760258084j)	0.3575899600982666	4.67207
50	(2.291866617136316-0.17598805209374874j)	0.37926292419433594	4.7674
51	(2.29505553852612-0.16921430432459544j)	0.34374403953552246	4.86272
52	(2.2981420418703395-0.1627731004155164j)	0.32134222984313965	4.95805
53	(2.3001998260078294-0.15667600933576753j)	0.31647324562072754	5.05338
54	(2.301565470947263-0.15123023847730666j)	0.3289048671722412	5.14871
55	(2.3033710916930947-0.14450593664560274j)	0.3380308151245117	5.24404
56	(2.306467826588651-0.1394743988406172j)	0.32892894744873047	5.33936
57	(2.307579429265471-0.1334439648460345j)	0.31928014755249023	5.43469
58	(2.3097944466962512-0.1274241855499787j)	0.32070398330688477	5.53002
59	(2.311270849778828-0.12202435605887718j)	0.3358321189880371	5.62535
60	(2.312158973815522-0.11582185940698309j)	0.31078386306762695	5.72068
61	(2.312944752642749-0.11062197848198108j)	0.3426859378814697	5.816
62	(2.3137914931059678-0.10429419374608051j)	0.32346010208129883	5.91133
63	(2.3144484758280464-0.09899020940947278j)	0.3147718906402588	6.00666
64	(2.3148363567507-0.09432063617748876j)	0.33008599281311035	6.10199
65	(2.3154173712290094-0.08972634904042087j)	0.31822991371154785	6.19732
66	(2.3163339398978144-0.08395428979521125j)	0.3419370651245117	6.29264
67	(2.3159564068517153-0.07867991171572897j)	0.32855772972106934	6.38797
68	(2.3163865081332853-0.07372062128347967j)	0.3271749019622803	6.4833
69	(2.316528360067511-0.06939231063615914j)	0.34984397888183594	6.57863
70	(2.315985757407302-0.06427068498271937j)	0.32001304626464844	6.67396
71	(2.3159681027490486-0.058995567267047466j)	0.33875203132629395	6.76928
72	(2.314969916456515-0.05518425095966717j)	0.31923604011535645	6.86461
73	(2.314286013768226-0.05007464780140425j)	0.3499629497528076	6.95994
74	(2.3141783006704006-0.04625074028384202j)	0.30467796325683594	7.05527
75	(2.3136901829693524-0.04214179001202678j)	0.31559085845947266	7.15059
76	(2.313097773442423-0.037294402701404716j)	0.31569695472717285	7.24592
77	(2.3124213292357974-0.03365340882115764j)	0.32001805305480957	7.34125
78	(2.3111242096857927-0.02913255112350499j)	0.3312392234802246	7.43658
79	(2.310669772514251-0.025266669669205877j)	0.314985990524292	7.53191
80	(2.3087791762552636-0.02174322470785106j)	0.31935620307922363	7.62723
81	(2.3074879566756756-0.017466981975571394j)	0.34325194358825684	7.72256
82	(2.3067289972105196-0.014234671490463091j)	0.3195788860321045	7.81789
83	(2.3049631343613535-0.010511437776099974j)	0.3416178226470947	7.91322
84	(2.3042320975686-0.006913164274175765j)	0.3334789276123047	8.00855
85	(2.303253103779995-0.0035911723652640726j)	0.31523895263671875	8.10387
86	(2.301219254686328+0.0007431573169891514j)	0.3094520568847656	8.1992
87	(2.300473360932772+0.003375091204046443j)	0.30950236320495605	8.29453
88	(2.2984059353635375+0.006469225950629598j)	0.349642276763916	8.38986
89	(2.297184528964698+0.009984412859831537j)	0.3408219814300537	8.48519
90	(2.295382647337262+0.012079640869281816j)	0.34145498275756836	8.58051
91	(2.2931860423804338+0.01530426649797978j)	0.32120800018310547	8.67584
92	(2.2920841314213076+0.018238046248443718j)	0.3273348808288574	8.77117
93	(2.2900346598739882+0.020656448897788615j)	0.32553601264953613	8.8665
94	(2.288472125617723+0.02342492762329751j)	0.3277599811553955	8.96183
95	(2.2872134526777192+0.026667094233131627j)	0.34372401237487793	9.05715
96	(2.285514077720721+0.029404137502788252j)	0.3125030994415283	9.15248
97	(2.283297857477076+0.0319355713332673j)	0.33043599128723145	9.24781
98	(2.2813137755014963+0.03390752669534647j)	0.35100293159484863	9.34314
99	(2.27931128997135+0.0367027315521693j)	0.3458549976348877	9.43847
100	(2.2777132512725506+0.038335923710260955j)	0.34473395347595215	9.53379
101	(2.2759019748995843+0.04049677171748778j)	0.32048583030700684	9.62912
102	(2.2737418949491843+0.042756142501159555j)	0.33260393142700195	9.72445
103	(2.2719606719188246+0.044303650919331194j)	0.3291041851043701	9.81978
104	(2.269663391763355+0.04689857101251227j)	0.3277251720428467	9.9151
105	(2.268030653119993+0.049156288595346265j)	0.3419010639190674	10.01043
106	(2.2658530151086063+0.05052544019359673j)	0.3348112106323242	10.10576
107	(2.2637556533958656+0.05271458589788247j)	0.3365170955657959	10.20109
108	(2.2620179550509185+0.054052058833875205j)	0.3255269527435303	10.29642
109	(2.259835301897936+0.055190877727006815j)	0.32353878021240234	10.39174
110	(2.2580315411632865+0.057207038368007335j)	0.3512248992919922	10.48707
111	(2.2561887943530885+0.05829801643047172j)	0.34394121170043945	10.5824
112	(2.253879033824121+0.06013399609112535j)	0.33476686477661133	10.67773
113	(2.2524098126634713+0.06140915365150068j)	0.3138399124145508	10.77306
114	(2.249847189038374+0.06288111855240397j)	0.3272409439086914	10.86838
115	(2.2480742422257+0.06481165123876553j)	0.33907103538513184	10.96371
116	(2.2459865294499943+0.0654724506751686j)	0.3338148593902588	11.05904
117	(2.2435382433345037+0.06677041465971412j)	0.3326430320739746	11.15437
118	(2.241940079307878+0.06785116784269918j)	0.3395249843597412	11.2497
119	(2.2400852450992446+0.06822901964533323j)	0.33099889755249023	11.34502
120	(2.2380065032289043+0.06976238834902126j)	0.3145182132720947	11.44035
121	(2.2365343966305895+0.07063614331105295j)	0.3342771530151367	11.53568
122	(2.234127172402827+0.07151750602774154j)	0.3473999500274658	11.63101
123	(2.2313580098264993+0.07284840996098074j)	0.33389902114868164	11.72634
124	(2.230212903104982+0.07328450592476599j)	0.3291897773742676	11.82166
125	(2.22789184791847+0.07420785077420833j)	0.3125119209289551	11.91699
126	(2.226496156303339+0.07480905284771333j)	0.3246338367462158	12.01232
127	(2.224464754076249+0.07545537836061167j)	0.3174300193786621	12.10765
128	(2.222141783363024+0.07593961786227987j)	0.3190572261810303	12.20298
129	(2.2205500138201373+0.07621994059222525j)	0.3311598300933838	12.2983
130	(2.21992313540925+0.07573642686464022j)	0.3406510353088379	12.39363
131	(2.2170114947088737+0.07782408372170546j)	0.33476710319519043	12.48896
132	(2.2154228543153147+0.07810203217975809j)	0.3179299831390381	12.58429
133	(2.212994180148669+0.07870127769896962j)	0.3243710994720459	12.67961
134	(2.211631664027109+0.0791035545770109j)	0.33518195152282715	12.77494
135	(2.2095249565711272+0.07909813509029429j)	0.3216981887817383	12.87027
136	(2.2079618314398233+0.07980387885839357j)	0.32339000701904297	12.9656
137	(2.2062595096949806+0.07961020073128544j)	0.3340721130371094	13.06093
138	(2.204655621565221+0.08019898414489424j)	0.4232828617095947	13.15625
139	(2.203258617882038+0.08071328679856848j)	0.4414701461791992	13.25158
140	(2.2013316035309094+0.0806050304419379j)	0.35297679901123047	13.34691
141	(2.1996873806131+0.0811422310291442j)	0.43433403968811035	13.44224
142	(2.1976835716544136+0.08077129278035933j)	0.48502492904663086	13.53757
143	(2.195995688408006+0.08064066283423077j)	0.5021228790283203	13.63289
144	(2.194780713711946+0.0812252080303375j)	0.5872387886047363	13.72822
145	(2.192867681795255+0.08092613369248725j)	0.4454939365386963	13.82355
146	(2.191477424497699+0.08108308863059199j)	0.48523974418640137	13.91888
147	(2.1901524465551208+0.08073611182260332j)	0.5136499404907227	14.01421
148	(2.188533850817021+0.08088722492762801j)	0.3628518581390381	14.10953
149	(2.1869814273114785+0.08125941182648821j)	0.4345822334289551	14.20486
150	(2.185640720772919+0.08081443705308322j)	0.37645792961120605	14.30019
151	(2.1837658952587895+0.08084677102164761j)	0.3154466152191162	14.39552
152	(2.182571847044464+0.08064038689982622j)	0.32225465774536133	14.49085
153	(2.1811074190263335+0.07986654252382408j)	0.37067389488220215	14.58617
154	(2.17949453707001+0.07999119098175056j)	0.32480597496032715	14.6815
155	(2.1787388075727288+0.0800772634103899j)	0.34383487701416016	14.77683
156	(2.1768131581650567+0.0793456377039965j)	0.3716750144958496	14.87216
157	(2.1758529451455946+0.07933108723562343j)	0.377439022064209	14.96749
158	(2.174467931437593+0.0791414296188j)	0.37184810638427734	15.06281
159	(2.173435100696326+0.07854181323423948j)	0.4051980972290039	15.15814
160	(2.1718236681799237+0.07869140445035239j)	0.3556060791015625	15.25347
161	(2.1702478929038307+0.07822839059848175j)	0.3334019184112549	15.3488
162	(2.169112727505892+0.0777773797055803j)	0.3596489429473877	15.44412
163	(2.1680043748562117+0.0769699496698033j)	0.3336162567138672	15.53945
164	(2.1667503261335286+0.07682433532682476j)	0.3381500244140625	15.63478
165	(2.165959428351835+0.07670277345080456j)	0.3301701545715332	15.73011
166	(2.164642559678295+0.07594585814484245j)	0.3550992012023926	15.82544
167	(2.1630129414943036+0.07551821502274425j)	0.34586501121520996	15.92076
168	(2.1623389345296897+0.07560577155594905j)	0.32628297805786133	16.01609
169	(2.161082793422543+0.07475320956990417j)	0.36377382278442383	16.11142
170	(2.1599843571527115+0.07478955765477635j)	0.3923461437225342	16.20675
171	(2.1591051393958436+0.07387265704462598j)	0.36021900177001953	16.30208
172	(2.1580675176743775+0.07341353174586929j)	0.35699892044067383	16.3974
173	(2.157366670475623+0.07311723313685592j)	0.31790900230407715	16.49273
174	(2.156221951657395+0.07233990984050909j)	0.32385683059692383	16.58806
175	(2.155083540537818+0.07206493445425033j)	0.3367140293121338	16.68339
176	(2.1539926490800996+0.07196880296832076j)	0.35930323600769043	16.77872
177	(2.152937687802465+0.07098585685266623j)	0.33461904525756836	16.87404
178	(2.1522034235595893+0.07072385193662756j)	0.358112096786499	16.96937
179	(2.1514358623374195+0.06993877184036768j)	0.3469259738922119	17.0647
180	(2.150273913121783+0.06950599147696113j)	0.34689998626708984	17.16003
181	(2.14980707404994+0.06923514756846694j)	0.34174585342407227	17.25536
182	(2.1488007569893037+0.06830585111346132j)	0.4062528610229492	17.35068
183	(2.1480867682525018+0.06778929193511973j)	0.34227681159973145	17.44601
184	(2.147650965431708+0.06709947272998718j)	0.3555760383605957	17.54134
185	(2.1470399780362097+0.06625806743002416j)	0.33548998832702637	17.63667
186	(2.14611770020086+0.06620658196427165j)	0.34533095359802246	17.732
187	(2.1448724968380426+0.0652796628311283j)	0.40343284606933594	17.82732
188	(2.144556098351206+0.06445384101714313j)	0.38927721977233887	17.92265
189	(2.1437950727261006+0.06421539043605895j)	0.3927490711212158	18.01798
190	(2.1426768333059005+0.06347047208401468j)	0.36691808700561523	18.11331
191	(2.142475829088122+0.06332590534557192j)	0.39280200004577637	18.20863
192	(2.1419778021421347+0.06244837623985666j)	0.3732011318206787	18.30396
193	(2.141021086316881+0.06204552107559813j)	0.4748051166534424	18.39929
194	(2.1407071546204004+0.0614787839715647j)	0.5319778919219971	18.49462
195	(2.139789941513365+0.060732785676627765j)	0.5621418952941895	18.58995
196	(2.1389568715777068+0.060092661438264194j)	0.6989541053771973	18.68527
197	(2.1385707378212264+0.05944913770944593j)	0.5766336917877197	18.7806
198	(2.1378620862370856+0.05865760193349301j)	0.49268507957458496	18.87593
199	(2.137685980788335+0.058227044208618794j)	0.3157799243927002	18.97126
200	(2.1370325345175702+0.05729046451213193j)	0.35406994819641113	19.06659
201	(2.136402252923668+0.05710038132231743j)	0.33968019485473633	19.16191
202	(2.1363951038928373+0.05665411003483589j)	0.33980798721313477	19.25724
203	(2.135776610279674+0.05624479019815154j)	0.34970808029174805	19.35257
204	(2.1352630080507797+0.05560343978570792j)	0.323314905166626	19.4479
205	(2.1347433098267627+0.0546455958636054j)	0.33161067962646484	19.54323
206	(2.13406412334366+0.053856649690283254j)	0.3270430564880371	19.63855
207	(2.1339248414625023+0.05297421957780335j)	0.3139369487762451	19.73388
208	(2.1334964646909036+0.05246963337488264j)	0.3258533477783203	19.82921
209	(2.133121067889264+0.052525225959602295j)	0.31386494636535645	19.92454
210	(2.132945945988585+0.051349702633588956j)	0.3119528293609619	20.01987
211	(2.1322366413191722+0.051095784023878155j)	0.4130847454071045	20.11519
212	(2.1319868045353143+0.05082489790180533j)	0.3545877933502197	20.21052
213	(2.1317973470273355+0.050111681155485366j)	0.3318028450012207	20.30585
214	(2.1311336616039958+0.04959799156939182j)	0.32173800468444824	20.40118
215	(2.131065359346869+0.04879278502469253j)	0.3710291385650635	20.49651
216	(2.1307114416420925+0.047815714855164115j)	0.3985459804534912	20.59183
217	(2.130548693590034+0.04761905776227615j)	0.35634708404541016	20.68716
218	(2.1303506792504394+0.04681942517895599j)	0.38068318367004395	20.78249
219	(2.1299361222781283+0.046424595475176744j)	0.37433505058288574	20.87782
220	(2.129643190325044+0.046183705850361356j)	0.373337984085083	20.97314
221	(2.1293199086222656+0.04526955535583477j)	0.3483748435974121	21.06847
222	(2.1294398909240533+0.04472109320847728j)	0.3505887985229492	21.1638
223	(2.1289381458296264+0.04414403574595138j)	0.34041285514831543	21.25913
224	(2.1284324576105407+0.04371982821225184j)	0.36812901496887207	21.35446
225	(2.1285704793385554+0.04326548923874185j)	0.5263359546661377	21.44978
226	(2.128372473445415+0.04213133049875195j)	0.408581018447876	21.54511
227	(2.128116915802653+0.04208468078619432j)	0.32825303077697754	21.64044
228	(2.128418831172929+0.04163358848476728j)	0.3683650493621826	21.73577
229	(2.1278782547520714+0.04094630216168904j)	0.43110013008117676	21.8311
230	(2.1274186948622256+0.040709169760490105j)	0.3208291530609131	21.92642
231	(2.1274377978262953+0.040026737937210455j)	0.3414578437805176	22.02175
232	(2.126797794553875+0.03965872191517139j)	0.3334381580352783	22.11708
233	(2.1272395836117406+0.03902156520260891j)	0.3515739440917969	22.21241
234	(2.127139404811514+0.03849194507525666j)	0.3568458557128906	22.30774
235	(2.127027795418513+0.03806317252021296j)	0.32738518714904785	22.40306
236	(2.127224438900461+0.0375046609526668j)	0.3661010265350342	22.49839
237	(2.126686763940036+0.036694536258935706j)	0.32327890396118164	22.59372
238	(2.126963478936888+0.03674887113317149j)	0.32581305503845215	22.68905
239	(2.126755753188653+0.035922754893740416j)	0.34316396713256836	22.78438
240	(2.1261999819595347+0.035446121203212j)	0.34194517135620117	22.8797
241	(2.126417204711534+0.03500522179957699j)	0.36403727531433105	22.97503
242	(2.1262734252494497+0.03437323469516995j)	0.3319060802459717	23.07036
243	(2.1262338279311743+0.034202373130761465j)	0.323261022567749	23.16569
244	(2.1263361697799583+0.03343432914415134j)	0.34494709968566895	23.26102
245	(2.1262588392695037+0.03330283467882056j)	0.3277289867401123	23.35634
246	(2.1263170039135297+0.03283561661604806j)	0.3544139862060547	23.45167
247	(2.1263260876789856+0.03242801058995126j)	0.3446328639984131	23.547
248	(2.1253059578291613+0.032476458018736j)	0.35184597969055176	23.64233
249	(2.126188602043854+0.03155154152991235j)	0.3384571075439453	23.73765
250	(2.1259406806807317+0.030874839354902095j)	0.32549381256103516	23.83298
251	(2.1259316888621163+0.030503630060125353j)	0.343904972076416	23.92831
252	(2.126237798760833+0.030063369280656116j)	0.3408830165863037	24.02364
253	(2.1259982448740202+0.029837580123549312j)	0.32447123527526855	24.11897
254	(2.126157831746844+0.02949634924462463j)	0.3248789310455322	24.21429
255	(2.1260454988017585+0.02880793712659402j)	0.32067298889160156	24.30962
256	(2.126096549094006+0.029051300260029778j)	0.32572197914123535	24.40495
257	(2.1263337345433415+0.028443064549399155j)	0.3323216438293457	24.50028
258	(2.125892362500913+0.02787826908993052j)	0.34090423583984375	24.59561
259	(2.126220367297761+0.02766481956714495j)	0.35123205184936523	24.69093
260	(2.1259025063707515+0.0272050841710606j)	0.3287491798400879	24.78626
261	(2.126256173705638+0.02690894301321156j)	0.4151611328125	24.88159
262	(2.126598411055575+0.026432243685104218j)	0.32959699630737305	24.97692
263	(2.1263428228471497+0.02600274647103329j)	0.3597137928009033	25.07225
264	(2.126337947850618+0.0261649992799855j)	0.36280012130737305	25.16757
265	(2.1265911129437782+0.02562379776515189j)	0.35272979736328125	25.2629
266	(2.1262991971162393+0.025326773625687693j)	0.34425997734069824	25.35823
267	(2.1266935592619434+0.025038780368499935j)	0.38034772872924805	25.45356
268	(2.126623141599053+0.024852032460194518j)	0.3406531810760498	25.54889
269	(2.126586190546303+0.024165542460891642j)	0.378154993057251	25.64421
270	(2.127047357891404+0.023772527856364634j)	0.3154261112213135	25.73954
271	(2.1268333926346292+0.02342626075137677j)	0.3208789825439453	25.83487
272	(2.127132005704389+0.023428210617929546j)	0.34229111671447754	25.9302
273	(2.1271196468201103+0.022841035253798547j)	0.3218801021575928	26.02553
274	(2.1267946700179294+0.022855296994164664j)	0.3562190532684326	26.12085
275	(2.126897683975226+0.021869868234449807j)	0.3237030506134033	26.21618
276	(2.12696557890798+0.02210544208780152j)	0.3211939334869385	26.31151
277	(2.127155321303552+0.022089560415726517j)	0.3232078552246094	26.40684
278	(2.127635524050804+0.021506183153979785j)	0.33493614196777344	26.50216
279	(2.1274519839555643+0.021302864388167975j)	0.33322691917419434	26.59749
280	(2.1277289102461627+0.021146146572750157j)	0.31583404541015625	26.69282
281	(2.12772272531954+0.020405904050715407j)	0.3413839340209961	26.78815
282	(2.12780813376169+0.020728623734354912j)	0.31903719902038574	26.88348
283	(2.1278079811161703+0.020482404823276124j)	0.3266267776489258	26.9788
284	(2.1276603709896005+0.019955057868759396j)	0.3250899314880371	27.07413
285	(2.127802832572034+0.020005572599462784j)	0.398622989654541	27.16946
286	(2.128035569213075+0.019418210424216764j)	0.4100191593170166	27.26479
287	(2.1280187529115917+0.019650681377259227j)	0.35016489028930664	27.36012
288	(2.128493642221491+0.019305187095464582j)	0.32170987129211426	27.45544
289	(2.128510682682543+0.018794938488996715j)	0.33538222312927246	27.55077
290	(2.1284283483300057+0.01872923102121682j)	0.32565975189208984	27.6461
291	(2.128828890479194+0.01849340701492097j)	0.4026937484741211	27.74143
292	(2.1285931846642985+0.018391520829653007j)	0.499312162399292	27.83676
293	(2.1286154134545825+0.018137779629452955j)	0.4321129322052002	27.93208
294	(2.128826335742482+0.01778511096430424j)	0.39501285552978516	28.02741
295	(2.128672805092912+0.01756077420671398j)	0.4760279655456543	28.12274
296	(2.1291667494112305+0.017372382273773468j)	0.38041090965270996	28.21807
297	(2.1291814681505903+0.017367911209203668j)	0.330718994140625	28.3134
298	(2.1293584605862734+0.017317549685331723j)	0.34264492988586426	28.40872
299	(2.129586985617406+0.016955099982152833j)	0.3640608787536621	28.50405
300	(2.1293919523072424+0.0168662198347852j)	0.3528587818145752	28.59938
301	(2.1298723054312836+0.016747929016854957j)	0.34899210929870605	28.69471
302	(2.12965648602819+0.016417233667321507j)	0.49650096893310547	28.79004
303	(2.129594866585743+0.016305349359890475j)	0.5062189102172852	28.88536
304	(2.130057373569913+0.016071748480574133j)	0.47200703620910645	28.98069
305	(2.129832397153765+0.01567832668092306j)	0.4552459716796875	29.07602
306	(2.130218751092168+0.01571614833095869j)	0.437943696975708	29.17135
307	(2.130392815992693+0.015633236880372436j)	0.37444567680358887	29.26667
308	(2.1302480281774443+0.015557190140302324j)	0.3554377555847168	29.362
309	(2.1305543371236273+0.015552423946179839j)	0.35309910774230957	29.45733
310	(2.1304212060891636+0.015178418656769221j)	0.35642504692077637	29.55266
311	(2.1307389351554473+0.015250982298246285j)	0.40398120880126953	29.64799
312	(2.1309341365029724+0.014633153578673841j)	0.4269700050354004	29.74331
313	(2.1307536316108253+0.014549399862627266j)	0.33356404304504395	29.83864
314	(2.131065445864739+0.014547412064943976j)	0.3476247787475586	29.93397
315	(2.131101322491186+0.014163661190789822j)	0.367232084274292	30.0293
316	(2.1311674543654124+0.014395802411327152j)	0.3794741630554199	30.12463
317	(2.131390193616757+0.014462557835177081j)	0.37750911712646484	30.21995
318	(2.1310192209401975+0.014207602893847204j)	0.3507521152496338	30.31528
319	(2.1312711652759475+0.01428446422513674j)	0.3592338562011719	30.41061
320	(2.1317849008256116+0.013831502472285095j)	0.5958907604217529	30.50594
321	(2.131378865743101+0.013656824718900062j)	0.6590890884399414	30.60127
322	(2.1319019583097303+0.013673406744012073j)	0.74434494972229	30.69659
323	(2.131896728718938+0.01326980691073737j)	0.5623202323913574	30.79192
324	(2.132039241463364+0.01341444232342226j)	0.5005700588226318	30.88725
325	(2.1322726262673783+0.012967825588860782j)	0.32466697692871094	30.98258
326	(2.1321329651702894+0.013249578170683896j)	0.34516406059265137	31.07791
327	(2.132133832964251+0.013317536858877765j)	0.3183438777923584	31.17323
328	(2.13217545796396+0.012920750459166574j)	0.3315927982330322	31.26856
329	(2.1320389653126797+0.012790520770667724j)	0.3128390312194824	31.36389
330	(2.1324990264299237+0.012911513706593325j)	0.32548999786376953	31.45922
331	(2.1326543326645986+0.013325037237730819j)	0.3619041442871094	31.55455
332	(2.1325126027031662+0.012836178061730652j)	0.34633588790893555	31.64987
333	(2.1327154783120243+0.012530379190019314j)	0.34536314010620117	31.7452
334	(2.1328689954543636+0.01259028450126004j)	0.3488178253173828	31.84053
335	(2.1331767658792216+0.012285316574604466j)	0.41385889053344727	31.93586
336	(2.133011287844307+0.01258950442356549j)	0.3909640312194824	32.03118
337	(2.132932414280058+0.012407733065834814j)	0.3323037624359131	32.12651
338	(2.1331922477995295+0.01222276715800441j)	0.314075231552124	32.22184
339	(2.1330204848930983+0.012067957303947247j)	0.3905792236328125	32.31717
340	(2.1334259801238886+0.012114720477970575j)	0.33707284927368164	32.4125
341	(2.1337416101670614+0.012270971231823885j)	0.3227267265319824	32.50782
342	(2.133532995690217+0.012034702188053081j)	0.4287848472595215	32.60315
343	(2.1338850232403455+0.011700422693127155j)	0.44367098808288574	32.69848
344	(2.1337620562717525+0.011822804314947755j)	0.439892053604126	32.79381
345	(2.1338667742233284+0.012085694348678122j)	0.34903597831726074	32.88914
346	(2.1339422342538477+0.011628580051057102j)	0.33017587661743164	32.98446
347	(2.133661361519245+0.011416423695206901j)	0.3930978775024414	33.07979
348	(2.1340189996120587+0.011648484569333206j)	0.34677815437316895	33.17512
349	(2.134001644557625+0.01138733635000272j)	0.333284854888916	33.27045
350	(2.1340990255380685+0.011474754857659919j)	0.3555903434753418	33.36578
351	(2.1344480179394965+0.011578523924459183j)	0.4345221519470215	33.4611
352	(2.1342836528382327+0.011722133256853756j)	0.33921313285827637	33.55643
353	(2.13443319151101+0.011183233750396926j)	0.3401651382446289	33.65176
354	(2.13450770016908+0.01132671051303906j)	0.3446938991546631	33.74709
355	(2.1343920985359683+0.011207473685629674j)	0.3356809616088867	33.84242
356	(2.134860740258578+0.011222450610367682j)	0.3229091167449951	33.93774
357	(2.134579109724054+0.010960774664416695j)	0.34732794761657715	34.03307
358	(2.1347220348495948+0.011129585967811703j)	0.34793782234191895	34.1284
359	(2.134888028260282+0.010941581098146871j)	0.347257137298584	34.22373
360	(2.134736542171015+0.0109455229925699j)	0.33118224143981934	34.31906
361	(2.1349764265605775+0.011282800152174324j)	0.32010889053344727	34.41438
362	(2.134954285107171+0.010937956261054163j)	0.3235337734222412	34.50971
363	(2.1348945838858024+0.0111747931506333j)	0.32397913932800293	34.60504
364	(2.1352286132278335+0.010913866325645272j)	0.31327009201049805	34.70037
365	(2.135124793856358+0.010604774590405427j)	0.3340160846710205	34.79569
366	(2.1352361931549244+0.010871020166419753j)	0.30992817878723145	34.89102
367	(2.135496860593101+0.010581397778897376j)	0.3171098232269287	34.98635
368	(2.1353691648649944+0.01068790510793586j)	0.30855512619018555	35.08168
369	(2.135657160697584+0.010457878709136522j)	0.3217606544494629	35.17701
370	(2.135495497644172+0.010743932212288542j)	0.30661988258361816	35.27233
371	(2.1358003227178846+0.01097609123520605j)	0.32164692878723145	35.36766
372	(2.135683829433991+0.0107489756798501j)	0.32475996017456055	35.46299
373	(2.1353119349236+0.010837449751205687j)	0.3179309368133545	35.55832
374	(2.135595789158055+0.010822883087479952j)	0.31532812118530273	35.65365
375	(2.1358594411471334+0.010500528702859988j)	0.31075596809387207	35.74897
376	(2.135776820278292+0.010487241316303533j)	0.3465583324432373	35.8443
377	(2.135535286650818+0.010747766220530836j)	0.3251817226409912	35.93963
378	(2.13593017504116+0.010379310226383082j)	0.3130156993865967	36.03496
379	(2.1360878860841788+0.010621807895426327j)	0.32110095024108887	36.13029
380	(2.1360544619483033+0.01061032181592561j)	0.3370847702026367	36.22561
381	(2.1360220639218803+0.010526385311556585j)	0.3267080783843994	36.32094
382	(2.136029499897715+0.010607281882967307j)	0.31520605087280273	36.41627
383	(2.1358923009881523+0.010321014689215757j)	0.31418514251708984	36.5116
384	(2.136075655818281+0.010511854119945263j)	0.3196547031402588	36.60693
385	(2.1363412152753107+0.010359922275879091j)	0.3088998794555664	36.70225
386	(2.136301241919261+0.010288271420376055j)	0.3254280090332031	36.79758
387	(2.1364312564102703+0.010493738278425757j)	0.333219051361084	36.89291
388	(2.1359901263784447+0.010209232814014008j)	0.320573091506958	36.98824
389	(2.1363415212751073+0.010457980381935017j)	0.3300652503967285	37.08357
390	(2.13635332722729+0.010358934707331124j)	0.31659865379333496	37.17889
391	(2.136271479116716+0.010115795639894398j)	0.3309140205383301	37.27422
392	(2.136229680796617+0.010363017090132737j)	0.30678391456604004	37.36955
393	(2.1365713324402824+0.010144856409979586j)	0.3184928894042969	37.46488
394	(2.1365216630796233+0.01017119466588956j)	0.3160851001739502	37.5602
395	(2.136497316321108+0.010414935038264628j)	0.32843804359436035	37.65553
396	(2.136676984038836+0.010261317006651172j)	0.3357510566711426	37.75086
397	(2.136389656609169+0.010420062647994777j)	0.35805392265319824	37.84619
398	(2.1368561272935684+0.010250762603353114j)	0.3347141742706299	37.94152
399	(2.13650421224805+0.010009787013342653j)	0.31081414222717285	38.03684
400	(2.1365179443371427+0.010230179099564807j)	0.3158538341522217	38.13217
401	(2.136694778859206+0.009930954684825688j)	0.3433058261871338	38.2275
402	(2.1361851433861654+0.010017963824296927j)	0.30503201484680176	38.32283
403	(2.136860417323445+0.010006252959286976j)	0.33864665031433105	38.41816
404	(2.1369182213997653+0.010097078044829011j)	0.3105189800262451	38.51348
405	(2.1368382419359935+0.01036706116032976j)	0.3195340633392334	38.60881
406	(2.136622768756549+0.010204048291226286j)	0.3521080017089844	38.70414
407	(2.1367504468704266+0.010207756953948655j)	0.31110477447509766	38.79947
408	(2.137003003065743+0.010278089488110764j)	0.31812214851379395	38.8948
409	(2.137003956859647+0.009868289259257812j)	0.33011698722839355	38.99012
410	(2.136766680077469+0.009939461041600817j)	0.30797481536865234	39.08545
411	(2.137018402913649+0.010017490511720184j)	0.3159029483795166	39.18078
412	(2.1369765245130523+0.009891634155758j)	0.31069111824035645	39.27611
413	(2.136772596354581+0.010105452856993324j)	0.30496907234191895	39.37144
414	(2.1371836689145614+0.0101408298136344j)	0.3089630603790283	39.46676
415	(2.1369609820778033+0.010165540287750574j)	0.3446991443634033	39.56209
416	(2.1372561268413337+0.010268279781668777j)	0.3317601680755615	39.65742
417	(2.1367683860976032+0.009953015771217988j)	0.3347928524017334	39.75275
418	(2.1370710674749422+0.009871695613295317j)	0.3294408321380615	39.84808
419	(2.1372647583063236+0.009890786258220818j)	0.30928778648376465	39.9434
420	(2.137016796335968+0.009802092369628146j)	0.3129239082336426	40.03873
421	(2.1372451258258085+0.009947960048345306j)	0.3124861717224121	40.13406
422	(2.1369895481050882+0.010027998452759257j)	0.3191061019897461	40.22939
423	(2.137106230999872+0.009657207130114087j)	0.31632113456726074	40.32471
424	(2.137136084666688+0.010134046226009441j)	0.30831384658813477	40.42004
425	(2.1370612957285013+0.009844305440931178j)	0.3449418544769287	40.51537
426	(2.1370663974616706+0.01000681042619167j)	0.3355429172515869	40.6107
427	(2.137185326542221+0.009754052330895324j)	0.3192250728607178	40.70603
428	(2.1371967125890157+0.009691492466095575j)	0.3237953186035156	40.80135
429	(2.1374736063564237+0.009964750270342382j)	0.30778002738952637	40.89668
430	(2.1373409712857767+0.009715583035391662j)	0.3088219165802002	40.99201
431	(2.137329989737069+0.009945010607837923j)	0.3148019313812256	41.08734
432	(2.1370259939937917+0.009704166969752848j)	0.3131721019744873	41.18267
433	(2.137108514754911+0.0098194264250685j)	0.30619287490844727	41.27799
434	(2.137171794666717+0.010007098375697354j)	0.31110668182373047	41.37332
435	(2.137249916588892+0.009696333157476755j)	0.3167989253997803	41.46865
436	(2.1370313820938818+0.00987519929613434j)	0.32100677490234375	41.56398
437	(2.13729387524773+0.00988401258958882j)	0.31511712074279785	41.65931
438	(2.1374277441220353+0.009643520060308441j)	0.3230299949645996	41.75463
439	(2.1374212408521145+0.009966292090082374j)	0.32257628440856934	41.84996
440	(2.137551491048284+0.009742331953978778j)	0.32024598121643066	41.94529
441	(2.137348812787646+0.00985871978938535j)	0.3235149383544922	42.04062
442	(2.137535231442378+0.009908547249572464j)	0.315263032913208	42.13595
443	(2.137246827540138+0.009658130656259423j)	0.3280801773071289	42.23127
444	(2.1371287010484887+0.00973939089155762j)	0.321911096572876	42.3266
445	(2.137399669194903+0.009697147504156733j)	0.33192968368530273	42.42193
446	(2.1371228014641694+0.009532233217169894j)	0.3240962028503418	42.51726
447	(2.137169470374829+0.010041334948779679j)	0.3199179172515869	42.61259
448	(2.1376095811598335+0.009591526737519063j)	0.3171200752258301	42.70791
449	(2.137269723401487+0.00974272100090201j)	0.30986690521240234	42.80324
450	(2.137538644560523+0.009839695648841351j)	0.32848620414733887	42.89857
451	(2.1374171025772024+0.009648968951555092j)	0.30762314796447754	42.9939
452	(2.1373142229388593+0.009674008813261192j)	0.3873169422149658	43.08922
453	(2.1374476615142495+0.00954321493927679j)	0.34473609924316406	43.18455
454	(2.1375088205756674+0.0095920167388297j)	0.31633496284484863	43.27988
455	(2.1374109947386826+0.009690598299851416j)	0.34789299964904785	43.37521
456	(2.137367878506983+0.009439584126134104j)	0.3283562660217285	43.47054
457	(2.1373546008621527+0.009712607546049412j)	0.32484984397888184	43.56586
458	(2.137623101728829+0.0097260385975948j)	0.3291771411895752	43.66119
459	(2.1373850047251954+0.00956083930106777j)	0.40865421295166016	43.75652
460	(2.13740332420915+0.009834433101056028j)	0.3347911834716797	43.85185
461	(2.1374576033438646+0.009573337892153977j)	0.330150842666626	43.94718
462	(2.1372902500793183+0.00934349439732296j)	0.32076501846313477	44.0425
463	(2.137424687970296+0.009488315275071657j)	0.311511754989624	44.13783
464	(2.1373799807497944+0.009557312480150681j)	0.33455514907836914	44.23316
465	(2.137140864205251+0.0096365280305174j)	0.3367319107055664	44.32849
466	(2.137331521583203+0.009644551679222402j)	0.33808302879333496	44.42382
467	(2.1368797060710834+0.009293850221543831j)	0.30385684967041016	44.51914
468	(2.137392574787319+0.009717176460699917j)	0.33130383491516113	44.61447
469	(2.1374655051668308+0.009531952342268224j)	0.384127140045166	44.7098
470	(2.13725083145122+0.00963868607132179j)	0.4393448829650879	44.80513
471	(2.1379683659252597+0.008421740036340664j)	0.3299713134765625	44.90046
472	(2.1374259681511445+0.009232662808824732j)	0.3300800323486328	44.99578
473	(2.1373721692222007+0.009473351973925626j)	0.503654956817627	45.09111
474	(2.137404488907752+0.009502836103419066j)	0.39827489852905273	45.18644
475	(2.137408921701091+0.00936555690830232j)	0.34355783462524414	45.28177
476	(2.137571906231411+0.009390154814971408j)	0.42679595947265625	45.3771
477	(2.1373283940741445+0.009410620263227809j)	0.31535983085632324	45.47242
478	(2.137202294627565+0.009553710217325873j)	0.3085598945617676	45.56775
479	(2.136628533840701+0.009042203455039699j)	0.3153247833251953	45.66308
480	(2.1372458370682255+0.009187349707622583j)	0.3158540725708008	45.75841
481	(2.137473798670381+0.009104648244216418j)	0.3187270164489746	45.85373
482	(2.137582173987466+0.009214698943527777j)	0.326570987701416	45.94906
483	(2.137359240915746+0.009257819469470241j)	0.30788516998291016	46.04439
484	(2.1375918234453666+0.009343463676657504j)	0.3053770065307617	46.13972
485	(2.1374456944557294+0.009173472134671234j)	0.31177401542663574	46.23505
486	(2.1372001934413474+0.00941684853186131j)	0.30681896209716797	46.33037
487	(2.1373843339919603+0.009267812307756418j)	0.3229048252105713	46.4257
488	(2.1372030330090674+0.009249125946929837j)	0.31685304641723633	46.52103
489	(2.1372785141564767+0.009324156208754264j)	0.32648587226867676	46.61636
490	(2.1371396038642922+0.009086502939965158j)	0.32473206520080566	46.71169
491	(2.1373760807146187+0.00919952423151471j)	0.3265342712402344	46.80701
492	(2.137573565243691+0.009298002207750788j)	0.32886576652526855	46.90234
493	(2.1374109128206102+0.009135593535064879j)	0.32578206062316895	46.99767
494	(2.1370105542981737+0.009274269000891233j)	0.32992100715637207	47.093
495	(2.137490630973821+0.009121346178586731j)	0.31882309913635254	47.18833
496	(2.1371407055084686+0.009066719924088695j)	0.3118290901184082	47.28365
497	(2.1372767851483965+0.009207001657402736j)	0.3396899700164795	47.37898
498	(2.137280256798195+0.009239840923983667j)	0.31446194648742676	47.47431
499	(2.137212612640278+0.009113368661454624j)	0.3295249938964844	47.56964
500	(2.1373599413548248+0.008941973304225748j)	0.33736705780029297	47.66497
501	(2.1373276526027816+0.008987819954476506j)	0.3297450542449951	47.76029
502	(2.137454895237096+0.009222966433588664j)	0.3486039638519287	47.85562
503	(2.1374602094773425+0.009029977430686675j)	0.350430965423584	47.95095
504	(2.137210912643481+0.009197530198573167j)	0.3332030773162842	48.04628
505	(2.137053581314492+0.00884326627056975j)	0.32379794120788574	48.14161
506	(2.1374549493100514+0.008969950533943227j)	0.3452329635620117	48.23693
507	(2.1374119756076833+0.009096761604533987j)	0.3232100009918213	48.33226
508	(2.137319037419471+0.008808521291549076j)	0.33222079277038574	48.42759
509	(2.1371872434773427+0.008862542974150012j)	0.3242471218109131	48.52292
510	(2.1373430578819175+0.009108666786042718j)	0.32533764839172363	48.61824
511	(2.137417690409731+0.00896994364537207j)	0.31172728538513184	48.71357
512	(2.1372195635617857+0.008840951016576337j)	0.31728625297546387	48.8089
513	(2.1373932429291305+0.009013085494435469j)	0.33742785453796387	48.90423
514	(2.137295480444236+0.009024128349823135j)	0.32238197326660156	48.99956
515	(2.1371660330027407+0.008883589986083962j)	0.3200109004974365	49.09488
516	(2.137348045056231+0.00868551652512295j)	0.3146641254425049	49.19021
517	(2.1371440662238994+0.008722603910370497j)	0.30869007110595703	49.28554
518	(2.1374306656185156+0.008783090380360958j)	0.3112342357635498	49.38087
519	(2.137256291742425+0.008544332255281839j)	0.31917595863342285	49.4762
520	(2.137139742945508+0.008967162354389213j)	0.31523585319519043	49.57152
521	(2.137287456407823+0.008860045872163269j)	0.32196497917175293	49.66685
522	(2.1372373889799996+0.008920017446339301j)	0.322127103805542	49.76218
523	(2.1390806526586807+0.009210484619036619j)	0.27309703826904297	49.85751
524	(2.137148031148973+0.008715581316571575j)	0.3075120449066162	49.95284
525	(2.3987243772266384-0.31397092327053566j)	0.30879807472229004	50.04816
526	(2.1373589019325885+0.008640211892924965j)	0.31349921226501465	50.14349
527	(2.137163452698049+0.008428237072861444j)	0.3131070137023926	50.23882
528	(2.1373255556891704+0.008738100324217513j)	0.31583690643310547	50.33415
529	(2.137351701686675+0.00849710340068377j)	0.3076319694519043	50.42948
530	(2.1370757022980995+0.008500777602855836j)	0.31453418731689453	50.5248
531	(2.1372295749211645+0.00878707772635079j)	0.3137929439544678	50.62013
532	(2.137407622092071+0.008774776645370741j)	0.3301069736480713	50.71546
533	(2.1372433463961364+0.008511036946112105j)	0.3296329975128174	50.81079
534	(2.137189178371534+0.00853501549179625j)	0.3180983066558838	50.90612
535	(2.1371460344444317+0.00840744309105812j)	0.31923508644104004	51.00144
536	(2.1372736570906254+0.008590446360965398j)	0.3081979751586914	51.09677
537	(2.137375831935568+0.008377125107126293j)	0.3238871097564697	51.1921
538	(2.13716947119429+0.008564466264309623j)	0.31206822395324707	51.28743
539	(2.1373736593544637+0.008495165748884759j)	0.3173410892486572	51.38276
540	(2.1370224158623374+0.00835571683935954j)	0.3075542449951172	51.47808
541	(2.1370346563855125+0.008571767523257057j)	0.328341007232666	51.57341
542	(2.137199021781888+0.008541355857271116j)	0.32270097732543945	51.66874
543	(2.1369503027337444+0.008389959328501062j)	0.31767702102661133	51.76407
544	(2.1373163300052016+0.008469963045688589j)	0.31551194190979004	51.85939
545	(2.1371707900575934+0.00838732931969699j)	0.32042598724365234	51.95472
546	(2.137195064114359+0.008387314302839455j)	0.32276391983032227	52.05005
547	(2.137346311179943+0.008385210162897394j)	0.3081021308898926	52.14538
548	(2.1371135320254075+0.008360468215345529j)	0.31058692932128906	52.24071
549	(2.136948143155995+0.008375600464148647j)	0.3269991874694824	52.33603
550	(2.1371159343255783+0.008215421210572948j)	0.32506489753723145	52.43136
551	(2.136899188173692+0.008170313346264502j)	0.31172800064086914	52.52669
552	(2.1371360049793022+0.008203135097463177j)	0.33295488357543945	52.62202
553	(2.136990784408574+0.008087086101768337j)	0.3163948059082031	52.71735
554	(2.1371057119446633+0.008229501603003175j)	0.3165550231933594	52.81267
555	(2.1374206107771836+0.008214805403901293j)	0.31788086891174316	52.908
556	(2.137017323318119+0.008203487361312156j)	0.3092520236968994	53.00333
557	(2.1372089747963567+0.008390318543208375j)	0.3150038719177246	53.09866
558	(2.137105140077645+0.00817142687315564j)	0.31562304496765137	53.19399
559	(2.136909770297641+0.008085770462374908j)	0.3141512870788574	53.28931
560	(2.137145495805235+0.008068035426423759j)	0.31367015838623047	53.38464
561	(2.136996309770183+0.007938449687407756j)	0.3256051540374756	53.47997
562	(2.1371561747744203+0.008055545583034895j)	0.3411269187927246	53.5753
563	(2.1369801712114866+0.007974740779739253j)	0.32614707946777344	53.67063
564	(2.137037424682451+0.008114549201174936j)	0.30716395378112793	53.76595
565	(2.137175765093903+0.008229600124018521j)	0.36380696296691895	53.86128
566	(2.137010389668848+0.008089543608273964j)	0.3423449993133545	53.95661
567	(2.1370571762840864+0.008226814896069357j)	0.31467604637145996	54.05194
568	(2.136984122163579+0.00799538838003766j)	0.3169229030609131	54.14727
569	(2.1370640293539234+0.007783034666454691j)	0.3164377212524414	54.24259
570	(2.137112308240373+0.007967008555034738j)	0.30577516555786133	54.33792
571	(2.1371200969539457+0.007740297472852209j)	0.32285380363464355	54.43325
572	(2.1370649416714045+0.008199264774277015j)	0.32505106925964355	54.52858
573	(2.1371365498194934+0.008142908680851102j)	0.31054067611694336	54.6239
574	(2.136936201972137+0.007929145625143352j)	0.3211078643798828	54.71923
575	(2.137032552592536+0.007899171250075776j)	0.31346893310546875	54.81456
576	(2.137061013585423+0.007964970575210062j)	0.3217616081237793	54.90989
577	(2.136795233918457+0.007870183356309735j)	0.32810306549072266	55.00522
578	(2.1370860016780777+0.007873982828981552j)	0.31161999702453613	55.10054
579	(2.137203956395749+0.00771927012636997j)	0.3167109489440918	55.19587
580	(2.1370456872768497+0.007875418654729183j)	0.3135988712310791	55.2912
581	(2.1372168141350745+0.007693959500831182j)	0.3198568820953369	55.38653
582	(2.137021871614784+0.00772001458560867j)	0.3107330799102783	55.48186
583	(2.1370465742792897+0.007736475256102215j)	0.3299572467803955	55.57718
584	(2.136891149561598+0.008055902066169018j)	0.31310296058654785	55.67251
585	(2.1368017338451453+0.007831134428041953j)	0.32161831855773926	55.76784
586	(2.1370738399539824+0.007795396659749487j)	0.31249308586120605	55.86317
587	(2.136864131486118+0.007598108023552541j)	0.3320960998535156	55.9585
588	(2.1367507084367867+0.00765151711469092j)	0.32112789154052734	56.05382
589	(2.1372450917438948+0.007627548084611746j)	0.3158419132232666	56.14915
590	(2.1370853723010708+0.007617694817053655j)	0.312863826751709	56.24448
591	(2.1371930857355426+0.007720513414623986j)	0.324185848236084	56.33981
592	(2.1370836547517422+0.0075867219118306295j)	0.3190650939941406	56.43514
593	(2.1367632325809+0.0076698444528204845j)	0.33628320693969727	56.53046
594	(2.1369951504824236+0.007639364938307858j)	0.3192131519317627	56.62579
595	(2.136797971695653+0.007463967627370782j)	0.31656312942504883	56.72112
596	(2.1369299211347124+0.007643923835983779j)	0.35586094856262207	56.81645
597	(2.136998959366043+0.007548198817712737j)	0.31815195083618164	56.91178
598	(2.136955899893915+0.00758799343308203j)	0.3119509220123291	57.0071
599	(2.1371783982295276+0.007618105509360484j)	0.31831789016723633	57.10243
600	(2.137056124429513+0.00749357999113387j)	0.32335400581359863	57.19776
601	(2.1370569397919255+0.007694709422924051j)	0.3094000816345215	57.29309
602	(2.1370159835669837+0.007442159570194451j)	0.3431520462036133	57.38841
603	(2.7149611104021036-0.3509617840775232j)	0.32140016555786133	57.48374
604	(2.137058090491994+0.007267740051085991j)	0.3154280185699463	57.57907
605	(2.1368763499421837+0.007230987025430458j)	0.3134748935699463	57.6744
606	(2.1368582759848525+0.007421770228297486j)	0.31271886825561523	57.76973
607	(2.1371617379426726+0.007577432476885915j)	0.3135688304901123	57.86505
608	(2.1370310133369754+0.007366972949575112j)	0.3093998432159424	57.96038
609	(2.137045477846974+0.007559860193536161j)	0.3061339855194092	58.05571
610	(2.1371124628846303+0.007408217499198844j)	0.3217160701751709	58.15104
611	(2.1395899166314067+0.005911959202196004j)	0.3116121292114258	58.24637
612	(2.136946668746744+0.007349750721443948j)	0.3109781742095947	58.34169
613	(2.1369436759851146+0.007126891247266176j)	0.31627702713012695	58.43702
614	(2.1371039524006097+0.007099017289622589j)	0.3116421699523926	58.53235
615	(2.1370649658579843+0.007121412390103998j)	0.3081471920013428	58.62768
616	(2.1368683732131615+0.007114387623587515j)	0.3148050308227539	58.72301
617	(2.13680982258991+0.007219816242200472j)	0.30864691734313965	58.81833
618	(2.1370700233956264+0.007252126649252455j)	0.31092190742492676	58.91366
619	(2.136850842127487+0.007328163475083804j)	0.31339597702026367	59.00899
620	(2.137076268731556+0.007396934112815057j)	0.30738210678100586	59.10432
621	(2.1368598701948023+0.007191649428900826j)	0.3277566432952881	59.19965
622	(2.1369258420742634+0.007156337548360203j)	0.30587077140808105	59.29497
623	(2.1371683121417817+0.007076243946508631j)	0.30926012992858887	59.3903
624	(2.1369030271676497+0.006994777920532713j)	0.306333065032959	59.48563
625	(2.136928503480073+0.00720015935051499j)	0.3109269142150879	59.58096
626	(2.136991878060008+0.006895094999592399j)	0.31136202812194824	59.67629
627	(2.1367630562213+0.00722205020434441j)	0.3104679584503174	59.77161
628	(2.137033105530495+0.007232135867543565j)	0.31072187423706055	59.86694
629	(2.136864897457669+0.007099137783910359j)	0.3415048122406006	59.96227
630	(2.1369739918680404+0.007227859373927892j)	0.3130948543548584	60.0576
631	(2.1370959103646134+0.0069168343261388765j)	0.3126358985900879	60.15292
632	(2.13692794551791+0.0069384695044450995j)	0.3639838695526123	60.24825
633	(2.1370631862090366+0.006957213830448339j)	0.3708479404449463	60.34358
634	(2.1369946370764596+0.006950854441703624j)	0.3959617614746094	60.43891
635	(2.1370350238043523+0.0070456819736559595j)	0.40113210678100586	60.53424
636	(2.1370155743351065+0.007104926355100849j)	0.49302005767822266	60.62956
637	(2.1367582781803685+0.006874890315200166j)	0.474498987197876	60.72489
638	(2.1370211518295923+0.007054845653583275j)	0.44327497482299805	60.82022
639	(2.136952473715609+0.006884214100653541j)	0.40423083305358887	60.91555
640	(2.136806527647605+0.007010710176081125j)	0.3801991939544678	61.01088
641	(2.137113795977558+0.006873961280220886j)	0.3086221218109131	61.1062
642	(2.137097603927902+0.006773078130403509j)	0.3152618408203125	61.20153
643	(2.1371034866711685+0.007016746452198963j)	0.31671929359436035	61.29686
644	(2.1371120698868133+0.006803949936259324j)	0.34662675857543945	61.39219
645	(2.136968709315282+0.006917919239156856j)	0.34973812103271484	61.48752
646	(2.136801763449094+0.006981309718819939j)	0.3473351001739502	61.58284
647	(2.136783835164649+0.006697157200970194j)	0.31519174575805664	61.67817
648	(2.13680508407921+0.006867705326475182j)	0.3878631591796875	61.7735
649	(2.1370253283902887+0.0069313975385070226j)	0.35222291946411133	61.86883
650	(2.1367715090349155+0.006680253318019802j)	0.3080408573150635	61.96416
651	(2.136972362444158+0.006907500593341442j)	0.3192880153656006	62.05948
652	(2.136824247895328+0.006819201667826236j)	0.32417988777160645	62.15481
653	(2.137127504637925+0.006801157473781627j)	0.41008901596069336	62.25014
654	(2.1370867556164574+0.006650702228761629j)	0.33386802673339844	62.34547
655	(2.136948952061907+0.006785558996042607j)	0.3056020736694336	62.4408
656	(2.1369207825210266+0.006893318160353656j)	0.3172321319580078	62.53612
657	(2.136913720031596+0.006553979796010245j)	0.3224680423736572	62.63145
658	(2.1367901807645335+0.006648586853944094j)	0.3072047233581543	62.72678
659	(2.136965876080473+0.006630703054317122j)	0.3152730464935303	62.82211
660	(2.137131132850878+0.006620299846122779j)	0.3311498165130615	62.91743
661	(2.136914940263154+0.006790205733732457j)	0.3435499668121338	63.01276
662	(2.1371002877260827+0.006769007298983665j)	0.34723687171936035	63.10809
663	(2.136890616797717+0.006665479854405798j)	0.3083229064941406	63.20342
664	(2.1370443502694383+0.0068105733747365615j)	0.3127317428588867	63.29875
665	(2.13698482634733+0.006450220025127407j)	0.323986291885376	63.39407
666	(2.1368327754860417+0.00648096674658305j)	0.32787108421325684	63.4894
667	(2.1370263417077853+0.006543755546468577j)	0.3215928077697754	63.58473
668	(2.136735386441005+0.006359751888378451j)	0.3150620460510254	63.68006
669	(2.1370076285430373+0.006531268123095346j)	0.31032776832580566	63.77539
670	(2.1371155584524035+0.006697790099327583j)	0.3234717845916748	63.87071
671	(2.1368974816136577+0.0066065459050715925j)	0.4053370952606201	63.96604
672	(2.1370289971078256+0.006663718944731278j)	0.31308889389038086	64.06137
673	(2.136966753579885+0.006252539515815059j)	0.3231947422027588	64.1567
674	(2.136951984708108+0.006458144346389916j)	0.32248497009277344	64.25203
675	(2.137052696629432+0.006458322632690194j)	0.3206007480621338	64.34735
676	(2.137005215465247+0.00630771790545076j)	0.31185293197631836	64.44268
677	(2.13746676391576+0.006812490546994676j)	0.3110206127166748	64.53801
678	(2.1370304882009092+0.006297030533171988j)	0.307985782623291	64.63334
679	(2.136942299331726+0.006340388072152925j)	0.3774731159210205	64.72867
680	(2.136937339865141+0.006510229513912558j)	0.34201598167419434	64.82399
681	(2.136883551213247+0.006413724775552743j)	0.3163106441497803	64.91932
682	(2.1368907832519737+0.006521202365820378j)	0.3894803524017334	65.01465
683	(2.136947750927685+0.0063821336139401885j)	0.30927205085754395	65.10998
684	(2.136785534247832+0.006401881408385768j)	0.32268595695495605	65.20531
685	(2.1370823356083837+0.00636388953181527j)	0.3109617233276367	65.30063
686	(2.137070919656236+0.006222310678485887j)	0.3151979446411133	65.39596
687	(2.136940218327406+0.0062705490637950945j)	0.43911314010620117	65.49129
688	(2.137095785252504+0.00618303589043212j)	0.4396371841430664	65.58662
689	(2.136825869080023+0.006283017683022529j)	0.3522791862487793	65.68194
690	(2.1368490889814673+0.006418484822687143j)	0.3409550189971924	65.77727
691	(2.136791889609417+0.006323457600972138j)	0.43623876571655273	65.8726
692	(2.136842489061061+0.006301040809650271j)	0.3984229564666748	65.96793
693	(2.1367988833750204+0.006174724126365494j)	0.3798332214355469	66.06326
694	(2.137092915930162+0.006021247280825981j)	0.32344698905944824	66.15858
695	(2.136976658853285+0.0062546516462376744j)	0.3360757827758789	66.25391
696	(2.136782092567825+0.006306746280083764j)	0.33991289138793945	66.34924
697	(2.1370073927899615+0.006180051303778522j)	0.32078003883361816	66.44457
698	(2.1371983324908466+0.0060502101638128525j)	0.32263708114624023	66.5399
699	(2.1368305821103957+0.0061758731819197j)	0.3246941566467285	66.63522
700	(2.1367470839279967+0.006172036565811279j)	0.31669187545776367	66.73055
701	(2.137010071433618+0.006244930939490412j)	0.32399415969848633	66.82588
702	(2.1368397595537294+0.0059995296549044674j)	0.3142406940460205	66.92121
703	(2.1368595503314602+0.006115603062219976j)	0.3190639019012451	67.01654
704	(2.137181435121588+0.006200604596661885j)	0.330230712890625	67.11186
705	(2.136983079549914+0.00616809954040512j)	0.32135510444641113	67.20719
706	(2.1370972426888195+0.0062248366268662925j)	0.3182802200317383	67.30252
707	(2.137055983563327+0.0060620409862097435j)	0.3212318420410156	67.39785
708	(2.136981603392753+0.006282055071354042j)	0.39290904998779297	67.49318
709	(2.136950673982808+0.006114844809690018j)	0.32650089263916016	67.5885
710	(2.136853928733879+0.0059220031701814335j)	0.5463638305664062	67.68383
711	(2.1367383982581956+0.006136047417243218j)	0.68585205078125	67.77916
712	(2.1369869203345573+0.005885257568672586j)	0.6168038845062256	67.87449
713	(2.1369021083107147+0.005921283982563502j)	0.3474738597869873	67.96982
714	(2.1370444605268997+0.006174579023384141j)	0.3168632984161377	68.06514
715	(2.137098257601682+0.005981528861546737j)	0.3216278553009033	68.16047
716	(2.1369551165586556+0.006142453985238161j)	0.33576226234436035	68.2558
717	(2.1370440830422828+0.006083372364813211j)	0.3310739994049072	68.35113
718	(2.136801975478568+0.005934409897237591j)	0.42933011054992676	68.44645
719	(2.1369751250752165+0.00606220106814076j)	0.47918701171875	68.54178
720	(2.1294693825203335+0.006177610191379301j)	0.32770514488220215	68.63711
721	(2.1368971049150236+0.005944581243070499j)	0.31662893295288086	68.73244
722	(2.1369382888522606+0.005888987392850237j)	0.506425142288208	68.82777
723	(2.13695050533031+0.005907623323012423j)	0.39253926277160645	68.92309
724	(2.136882390497349+0.006077874253817797j)	0.5188949108123779	69.01842
725	(2.1370038622990415+0.005964722447178911j)	0.3503091335296631	69.11375
726	(2.1368218616496217+0.005908385229495244j)	0.6332941055297852	69.20908
727	(2.136972867469768+0.0059777433837056235j)	0.545748233795166	69.30441
728	(2.1368893113374408+0.005703774355038306j)	0.32662296295166016	69.39973
729	(2.1369227284507994+0.005782409775029435j)	0.36763906478881836	69.49506
730	(2.1371035343662723+0.005747007988177979j)	0.37921714782714844	69.59039
731	(2.136944225321413+0.005733231078084355j)	0.33281612396240234	69.68572
732	(2.137009522429546+0.005882083407792062j)	0.3430659770965576	69.78105
733	(2.1370094266572317+0.0058575765862683435j)	0.31812191009521484	69.87637
734	(2.136765750739645+0.005922567337214645j)	0.47483205795288086	69.9717
735	(2.1370060770359873+0.005902766845626517j)	0.3292090892791748	70.06703
736	(2.1368021439302445+0.005773749318759968j)	0.42174792289733887	70.16236
737	(2.1369052481866113+0.005951849114853289j)	0.357755184173584	70.25769
738	(2.137073295817145+0.005743914330507478j)	0.4065537452697754	70.35301
739	(2.1369383988766586+0.005653955247793434j)	0.390927791595459	70.44834
740	(2.1371454960244325+0.0057935441718349745j)	0.34446001052856445	70.54367
741	(2.137036630888427+0.005635757684745668j)	0.39194703102111816	70.639
742	(2.136977558137363+0.005819512267326077j)	0.3530919551849365	70.73433
743	(2.136958885536301+0.005793432199215201j)	0.32050204277038574	70.82965
744	(2.136876589213638+0.005646886582238345j)	0.3596007823944092	70.92498
745	(2.13679719220961+0.005797369286414264j)	0.33446407318115234	71.02031
746	(2.1368807896357085+0.005639609521369021j)	0.38274216651916504	71.11564
747	(2.1369416565337698+0.005633403027696715j)	0.35416293144226074	71.21096
748	(2.137101405276876+0.005702570763946396j)	0.3661160469055176	71.30629
749	(2.137066387552913+0.005551564385553265j)	0.328632116317749	71.40162
750	(2.1370382932093483+0.005775349116616368j)	0.31989097595214844	71.49695
751	(2.136774756068763+0.005575974681011037j)	0.3879890441894531	71.59228
752	(2.1369786650507074+0.005564023144811442j)	0.4786219596862793	71.6876
753	(2.1369713784475546+0.005678680155551924j)	0.5322849750518799	71.78293
754	(2.1368989463338743+0.005538259712303734j)	0.32126688957214355	71.87826
755	(2.1367663363008487+0.005717871749827935j)	0.32613301277160645	71.97359
756	(2.1370340715381886+0.005580970466083218j)	0.3350226879119873	72.06892
757	(2.137033269651481+0.005492017009523564j)	0.31196117401123047	72.16424
758	(2.1369917273425814+0.005717347770655523j)	0.3089902400970459	72.25957
759	(2.1370340693572563+0.005587901605056872j)	0.30662012100219727	72.3549
760	(2.136946055909848+0.0055055754725353845j)	0.312669038772583	72.45023
761	(2.137104203655632+0.005653238429109586j)	0.3113720417022705	72.54556
762	(2.1369106827982964+0.005454648384767724j)	0.321181058883667	72.64088
763	(2.1368116028060418+0.005438543072466773j)	0.3097100257873535	72.73621
764	(2.136991166752954+0.00544148621295798j)	0.31545400619506836	72.83154
765	(2.1368629293040553+0.005420249433887581j)	0.3198060989379883	72.92687
766	(2.137024252654137+0.005475560391401679j)	0.3060009479522705	73.0222
767	(2.1370583131178456+0.005516646961835625j)	0.33988285064697266	73.11752
768	(2.1368657120849073+0.005647092622866834j)	0.312258243560791	73.21285
769	(2.1370896720851404+0.0056364031030674j)	0.3172268867492676	73.30818
770	(2.1368751171655034+0.005554752042612743j)	0.3120250701904297	73.40351
771	(2.13697362639026+0.00565946028697184j)	0.35785794258117676	73.49884
772	(2.1368417461542846+0.005347532658801446j)	0.44917774200439453	73.59416
773	(2.13689874921796+0.0053024791723436104j)	0.44020605087280273	73.68949
774	(2.1370203949411497+0.00547045280563091j)	0.4564058780670166	73.78482
775	(2.137009944838284+0.005255206098730758j)	0.3203561305999756	73.88015
776	(2.136942964802152+0.005472883981385235j)	0.3202650547027588	73.97547
777	(2.1370451397872157+0.005532562446013856j)	0.31099581718444824	74.0708
778	(2.136913709253474+0.005418658440347168j)	0.3118898868560791	74.16613
779	(2.1369709723444767+0.005557288377077141j)	0.3169071674346924	74.26146
780	(2.136951705377364+0.005306677963438922j)	0.32045793533325195	74.35679
781	(2.137179207183874+0.005375696625518234j)	0.3264620304107666	74.45211
782	(2.137097639171097+0.005274144045755658j)	0.3166191577911377	74.54744
783	(2.136980990159416+0.00519432046369539j)	0.3984339237213135	74.64277
784	(2.136966993547239+0.0053514439779053236j)	0.3869140148162842	74.7381
785	(2.0587473226210276-0.012703242868950915j)	0.32551002502441406	74.83343
786	(2.136874594845509+0.005377989418797968j)	0.4083409309387207	74.92875
787	(2.1369357512385605+0.0055088790313312375j)	0.4256300926208496	75.02408
788	(2.136904034226175+0.005273176901715915j)	0.4225199222564697	75.11941
789	(2.1368106072160304+0.0052699263510641026j)	0.37505626678466797	75.21474
790	(2.1370234074458216+0.005160277376056621j)	0.3409240245819092	75.31007
791	(2.13712114505254+0.00508380356100413j)	0.34034204483032227	75.40539
792	(2.1370144231864616+0.005273289413639248j)	0.3107280731201172	75.50072
793	(2.1370123003524952+0.005271405411969465j)	0.34331297874450684	75.59605
794	(2.1368555807135428+0.005092994163451214j)	0.37662482261657715	75.69138
795	(2.1371490890596476+0.005242083996791269j)	0.32103776931762695	75.78671
796	(2.1368992473027086+0.005216978757386359j)	0.31011199951171875	75.88203
797	(2.136778067340527+0.0053143505306391114j)	0.35544896125793457	75.97736
798	(2.1369477711391642+0.0051032481991973855j)	0.33838319778442383	76.07269
799	(2.1367864710329294+0.005207772800513211j)	0.33003926277160645	76.16802
800	(2.136998421951633+0.005240850699261168j)	0.3786029815673828	76.26335
801	(2.137150354383038+0.005126247606501488j)	0.3877079486846924	76.35867
802	(1.773749494943751-0.1067131692389971j)	0.5367958545684814	76.454
803	(2.137136391915935+0.005242197730492504j)	0.5258936882019043	76.54933
804	(2.1370252488181674+0.00515508434463785j)	0.4061698913574219	76.64466
805	(2.136771637074106+0.0052216452890470055j)	0.3350069522857666	76.73998
806	(2.137080472504555+0.005301593975231j)	0.3176100254058838	76.83531
807	(2.136801269843749+0.005089425123851132j)	0.30690932273864746	76.93064
808	(2.136924432100307+0.0051435047482378815j)	0.3159160614013672	77.02597
809	(2.136873797156556+0.004961150990704377j)	0.30498576164245605	77.1213
810	(2.136931361271926+0.0051392120220000725j)	0.3100759983062744	77.21662
811	(2.1371724110646975+0.004959341914095194j)	0.32379913330078125	77.31195
812	(2.1369747279841538+0.005139894086348296j)	0.35654664039611816	77.40728
813	(2.137100751031053+0.005263179948063468j)	0.46619391441345215	77.50261
814	(2.137043707779294+0.0051497770739786786j)	0.358914852142334	77.59794
815	(2.1367818040804+0.004998948090086164j)	0.34445619583129883	77.69326
816	(2.136959857356754+0.005056082632868941j)	0.34003686904907227	77.78859
817	(2.136987040024696+0.004904239701725266j)	0.3373739719390869	77.88392
818	(2.1368521954209356+0.00509948641138247j)	0.3096811771392822	77.97925
819	(2.1370842052024233+0.004893265380414014j)	0.31037211418151855	78.07458
820	(2.136977282655902+0.005051176846716299j)	0.3225440979003906	78.1699
821	(2.1370619695053925+0.0051923303914138685j)	0.325455904006958	78.26523
822	(2.136596709415892+0.004935201589504223j)	0.3058507442474365	78.36056
823	(2.1368986147412428+0.005172951851876051j)	0.3212771415710449	78.45589
824	(2.1370747090719417+0.005066252820772776j)	0.30814599990844727	78.55122
825	(2.1369089272299497+0.004827439361546393j)	0.3079371452331543	78.64654
826	(2.1369418266510625+0.005022743507244076j)	0.33351707458496094	78.74187
827	(2.137013140330411+0.004831948862789481j)	0.31337594985961914	78.8372
828	(2.136905153478723+0.0049577640883168295j)	0.3059389591217041	78.93253
829	(2.137102275382356+0.004848248438423131j)	0.3114440441131592	79.02786
830	(2.1370399103356403+0.00496741775483811j)	0.30690574645996094	79.12318
831	(2.1369432723138786+0.005140180591172494j)	0.3086557388305664	79.21851
832	(2.137028953818352+0.005004645029693999j)	0.31049609184265137	79.31384
833	(2.1368351803074135+0.004969889176991482j)	0.3105127811431885	79.40917
834	(2.137040495479+0.004879740214651984j)	0.31826305389404297	79.50449
835	(2.1370979010819955+0.0047040376992100175j)	0.30765795707702637	79.59982
836	(2.1368395106065776+0.004901849822647519j)	0.36333417892456055	79.69515
837	(2.137210915884459+0.00489751978104902j)	0.33174991607666016	79.79048
838	(2.136952116142611+0.004760687736171332j)	0.31151890754699707	79.88581
839	(2.136842431265497+0.004984580299496444j)	0.316694974899292	79.98113
840	(2.137123084323913+0.005018479908451057j)	0.3165261745452881	80.07646
841	(2.1367886051702842+0.0049066111419451275j)	0.31790709495544434	80.17179
842	(2.1369267931157148+0.005041258834427187j)	0.32348012924194336	80.26712
843	(2.136856269502286+0.0047817791442354984j)	0.31551623344421387	80.36245
844	(2.136965882269246+0.004755218934434979j)	0.3258352279663086	80.45777
845	(2.1371639379713114+0.004784631567142039j)	0.3187532424926758	80.5531
846	(2.1368233108324777+0.005003361883992197j)	0.3265399932861328	80.64843
847	(2.1371968178423324+0.004816554720472821j)	0.31708621978759766	80.74376
848	(2.1369109305681295+0.004835280093378969j)	0.33092808723449707	80.83909
849	(2.1368265924411247+0.004860041763200207j)	0.32949209213256836	80.93441
850	(2.136940357914447+0.00489532204659715j)	0.30850982666015625	81.02974
851	(2.1371463030820292+0.004852334987694551j)	0.32875919342041016	81.12507
852	(2.1368849322245276+0.004839993172629953j)	0.3115389347076416	81.2204
853	(2.1368395952467965+0.004747785241593361j)	0.317241907119751	81.31573
854	(2.136969412794178+0.0047581337598877615j)	0.30965185165405273	81.41105
855	(2.1371135299805877+0.0048676613916736056j)	0.3103597164154053	81.50638
856	(2.1370705560603844+0.004658702167287809j)	0.3083209991455078	81.60171
857	(2.137046083590858+0.004717950507765134j)	0.318983793258667	81.69704
858	(2.137117271484215+0.0047857396297081856j)	0.3063180446624756	81.79237
859	(2.1367893922237644+0.004602403214458928j)	0.3060181140899658	81.88769
860	(2.136889542712913+0.004747388231792993j)	0.30956101417541504	81.98302
861	(2.13696480914726+0.004600988032003928j)	0.3132662773132324	82.07835
862	(2.1367823958524577+0.0046890829989106875j)	0.31137681007385254	82.17368
863	(2.1371304691908697+0.004781680202750271j)	0.31307077407836914	82.269
864	(2.137072614320141+0.004657892912091954j)	0.31412577629089355	82.36433
865	(2.1369591235316174+0.004812187441881055j)	0.318004846572876	82.45966
866	(2.1371043322913397+0.004765414125885381j)	0.33270812034606934	82.55499
867	(2.1370140089932024+0.00465221146315653j)	0.33158302307128906	82.65032
868	(2.1368838147646394+0.004704113326847836j)	0.3234279155731201	82.74564
869	(2.136968193327256+0.004546879855600872j)	0.3089780807495117	82.84097
870	(2.1370948312539677+0.004636499730944377j)	0.32867002487182617	82.9363
871	(2.136998588964177+0.004745114736220191j)	0.32413196563720703	83.03163
872	(2.1369230602841025+0.004461452984050873j)	0.31153225898742676	83.12696
873	(2.137013383561278+0.004750429539223888j)	0.32944822311401367	83.22228
874	(2.1371282438251598+0.0045395164414384626j)	0.3420529365539551	83.31761
875	(2.136926567903236+0.004736058879299732j)	0.32524704933166504	83.41294
876	(2.1371510929289075+0.004780748039216132j)	0.343109130859375	83.50827
877	(2.136916545560672+0.0045379189012662025j)	0.31251096725463867	83.6036
878	(2.1368617843743754+0.00451529927737182j)	0.3209543228149414	83.69892
879	(2.1370529132127007+0.00450689131922144j)	0.3114786148071289	83.79425
880	(2.1372953246517934+0.004718185747398129j)	0.31311798095703125	83.88958
881	(2.137014795489593+0.004570091156739675j)	0.3229200839996338	83.98491
882	(2.137025416731598+0.004420650714636043j)	0.30522990226745605	84.08024
883	(2.13698982647211+0.0045149631794110245j)	0.3295156955718994	84.17556
884	(2.13685379153174+0.004574376307732164j)	0.35149383544921875	84.27089
885	(2.136991406600099+0.004576205549714052j)	0.32697319984436035	84.36622
886	(2.136673888381504+0.004741479599517762j)	0.3157620429992676	84.46155
887	(2.136952245545944+0.004525617311537555j)	0.3083939552307129	84.55688
888	(2.137015349248847+0.004447316116679145j)	0.31325221061706543	84.6522
889	(2.1368362612280727+0.004379325275196688j)	0.3308391571044922	84.74753
890	(2.137134448953587+0.00435792004808544j)	0.30598902702331543	84.84286
891	(2.1369916621267873+0.0045060947873971635j)	0.3071110248565674	84.93819
892	(2.137052969165877+0.004611575708408422j)	0.3079538345336914	85.03351
893	(2.1368959034070305+0.004470890237525671j)	0.3083162307739258	85.12884
894	(2.136805010795688+0.0045636800840074265j)	0.30474019050598145	85.22417
895	(2.1370426003753398+0.004497565634252965j)	0.32021117210388184	85.3195
896	(2.1367112020989576+0.004604995084939167j)	0.3176448345184326	85.41483
897	(2.1369640119866+0.004451789696134689j)	0.314284086227417	85.51015
898	(2.137053875756094+0.004273087544810261j)	0.31213879585266113	85.60548
899	(2.1368931338401054+0.0045740932968856285j)	0.30951690673828125	85.70081
900	(2.1371165255502573+0.004360120889496999j)	0.3099982738494873	85.79614
901	(2.136964155910369+0.004327916265321363j)	0.30472588539123535	85.89147
902	(2.1368687762630687+0.004631876859338302j)	0.31109619140625	85.98679
903	(2.1369391920088483+0.00436768499411655j)	0.3091721534729004	86.08212
904	(2.137168188891579+0.004768510809002313j)	0.2956099510192871	86.17745
905	(2.1369531778542994+0.004464674985644734j)	0.30904126167297363	86.27278
906	(2.136778789513632+0.0043314375809235806j)	0.31922078132629395	86.36811
907	(2.136946127627926+0.004424651461451212j)	0.32025814056396484	86.46343
908	(2.1371690603570266+0.004339522796520168j)	0.31731414794921875	86.55876
909	(2.1369244794955877+0.004390426482787868j)	0.3128941059112549	86.65409
910	(2.1370218102221177+0.004506483277916251j)	0.3103659152984619	86.74942
911	(2.137210467985267+0.004497437824946493j)	0.30921220779418945	86.84475
912	(2.1368139802627395+0.004385680989415608j)	0.3116159439086914	86.94007
913	(2.1370427819244915+0.00427623853845116j)	0.30854129791259766	87.0354
914	(2.136975013595504+0.0041741012313656345j)	0.3168959617614746	87.13073
915	(2.1368696278375223+0.004328787696988856j)	0.320753812789917	87.22606
916	(2.136965510371816+0.0041454956312834135j)	0.3405148983001709	87.32139
917	(2.1370012565791177+0.004423558775762837j)	0.3094182014465332	87.41671
918	(2.137085482954884+0.00438881922582679j)	0.3233041763305664	87.51204
919	(2.137010081686105+0.004280935571769451j)	0.30722689628601074	87.60737
920	(2.136988313108114+0.004478702080807917j)	0.32305288314819336	87.7027
921	(2.1370100414707736+0.004220605095770935j)	0.3100759983062744	87.79802
922	(2.136942148328447+0.0041461242144025245j)	0.31000399589538574	87.89335
923	(2.1369922981023066+0.0042923253087010504j)	0.31797194480895996	87.98868
924	(2.1369851327821467+0.003989517193148551j)	0.3110990524291992	88.08401
925	(2.1369513137413185+0.004277005343563456j)	0.30751824378967285	88.17934
926	(2.1371179733467023+0.004386842853148609j)	0.32515716552734375	88.27466
927	(2.1369027278963832+0.004342740568094028j)	0.3217637538909912	88.36999
928	(2.137049988655356+0.004435963975833568j)	0.30677127838134766	88.46532
929	(2.1370150164835917+0.004231507783718502j)	0.3173999786376953	88.56065
930	(2.1369681479345846+0.004205502043612475j)	0.29947996139526367	88.65598
931	(2.137058085884234+0.004181559972800342j)	0.307344913482666	88.7513
932	(2.1370635665116593+0.004050483421032203j)	0.30672287940979004	88.84663
933	(2.1369948580593774+0.004193013302523418j)	0.307232141494751	88.94196
934	(2.1371215052243064+0.004104403260196454j)	0.3173701763153076	89.03729
935	(2.1369040316802335+0.004157056757851496j)	0.3054370880126953	89.13262
936	(2.1370660278077414+0.004354263153027338j)	0.312946081161499	89.22794
937	(2.1370145021856253+0.004135656961990364j)	0.3474700450897217	89.32327
938	(2.1368404865162764+0.004318397007486041j)	0.3272359371185303	89.4186
939	(2.137044723739386+0.004230717490545155j)	0.31545186042785645	89.51393
940	(2.1368133111687664+0.004109860914310648j)	0.31353306770324707	89.60926
941	(2.136995915095282+0.00418803060355688j)	0.30883216857910156	89.70458
942	(2.1370231647740243+0.004097443715917359j)	0.3110678195953369	89.79991
943	(2.136918523649534+0.0041525207798065455j)	0.3087732791900635	89.89524
944	(2.1371202226092083+0.0041549940618470504j)	0.32129788398742676	89.99057
945	(2.137087535572584+0.004043276734272183j)	0.305253267288208	90.0859
946	(2.1369296055995157+0.004293451943099269j)	0.32386302947998047	90.18122
947	(2.1369280538618725+0.004258271195300312j)	0.3182098865509033	90.27655
948	(2.1367507483361843+0.004150276584673929j)	0.3116159439086914	90.37188
949	(2.136907286095732+0.004269657433897178j)	0.31429195404052734	90.46721
950	(2.1370615829315134+0.00401114832257865j)	0.3171999454498291	90.56253
951	(2.1369310952393223+0.004038579834408473j)	0.3086428642272949	90.65786
952	(2.1370987744395005+0.004142246913670045j)	0.30698227882385254	90.75319
953	(2.136905075262123+0.004037287602140394j)	0.30906176567077637	90.84852
954	(2.137145574928625+0.004228777036664244j)	0.31050586700439453	90.94385
955	(2.1368763574034677+0.004050987927822769j)	0.3177969455718994	91.03917
956	(2.136890927624215+0.004074537657194233j)	0.325268030166626	91.1345
957	(2.1369280707973832+0.004172748393911352j)	0.3082549571990967	91.22983
958	(2.136916762901826+0.003964393083961348j)	0.313046932220459	91.32516
959	(2.1369332723480827+0.004079661583692995j)	0.3080430030822754	91.42049
960	(2.1371736863820843+0.00412137514232247j)	0.3070230484008789	91.51581
961	(2.1370145243059904+0.0040080651408377355j)	0.3074021339416504	91.61114
962	(2.1370947270633422+0.004154284063815683j)	0.31238889694213867	91.70647
963	(2.1371010831598847+0.004016595315698646j)	0.30722975730895996	91.8018
964	(2.1369479034691903+0.004197760593766198j)	0.30802202224731445	91.89713
965	(2.136846262156996+0.003949941105201749j)	0.3185689449310303	91.99245
966	(2.1369016432396046+0.0038633335961375526j)	0.3276848793029785	92.08778
967	(2.1368144351755736+0.003907507621936368j)	0.32399988174438477	92.18311
968	(2.1370008937123677+0.0038868147455169977j)	0.32807445526123047	92.27844
969	(2.1369314313565564+0.003919711269836146j)	0.31886839866638184	92.37377
970	(2.1370927712053778+0.004122821722137737j)	0.3188362121582031	92.46909
971	(2.1370095794507917+0.003918509593101027j)	0.3254969120025635	92.56442
972	(2.136858676747465+0.0041106775538579665j)	0.3107290267944336	92.65975
973	(2.137101658778576+0.003973545900596065j)	0.315593957901001	92.75508
974	(2.1369157694317056+0.004015428265955356j)	0.3172118663787842	92.85041
975	(2.136886619353212+0.0038693493403195722j)	0.31268906593322754	92.94573
976	(2.137014021400165+0.0038394959634491244j)	0.3082737922668457	93.04106
977	(2.1368796623663044+0.0038656179407506874j)	0.3333580493927002	93.13639
978	(2.1370428747531407+0.003882275496245202j)	0.3158271312713623	93.23172
979	(2.137153509837155+0.003975426348072575j)	0.30941009521484375	93.32704
980	(2.1369194923016988+0.004070881660072967j)	0.31133103370666504	93.42237
981	(2.1370225862633645+0.003955205721358213j)	0.3066890239715576	93.5177
982	(2.13687271474075+0.004003639265704795j)	0.31440186500549316	93.61303
983	(2.136995531383827+0.004041662368580834j)	0.30678892135620117	93.70836
984	(2.13671235679273+0.0038468995355360747j)	0.3152477741241455	93.80368
985	(2.1370093688030076+0.0038704347060111166j)	0.30676913261413574	93.89901
986	(2.1371325286372214+0.003881936041832401j)	0.30862998962402344	93.99434
987	(2.1370285883299514+0.003930672820803838j)	0.3126211166381836	94.08967
988	(2.137069953371013+0.0038993757999118417j)	0.3157470226287842	94.185
989	(2.1369785535583015+0.004020984543155137j)	0.31145691871643066	94.28032
990	(2.1368423468809+0.0039037795961535116j)	0.30880308151245117	94.37565
991	(2.1369220792513626+0.00354257254624879j)	0.32290196418762207	94.47098
992	(2.1368946356139595+0.0038564483582511633j)	0.3088529109954834	94.56631
993	(2.136822983244949+0.003979692739476182j)	0.30783724784851074	94.66164
994	(2.1371408686134115+0.00376008453486798j)	0.30752992630004883	94.75696
995	(2.1368874164593668+0.003654184896142554j)	0.314511775970459	94.85229
996	(2.1370817008725584+0.0038580980268880793j)	0.3231937885284424	94.94762
997	(2.1371295232492624+0.00372027205701142j)	0.3175981044769287	95.04295
998	(2.13700186647447+0.003833953736916973j)	0.30786681175231934	95.13828
999	(2.1369310171224933+0.0038780996544748314j)	0.31983518600463867	95.2336
