	res_adaptive	time_adaptive	w
0	(1.0277435701867168-0.05702301969374789j)	0.4073061943054199	0.001
1	(1.2000538849115643-0.20964261435581028j)	0.34728527069091797	0.09633
2	(1.2952408005210718-0.2900590481689295j)	0.32588911056518555	0.19166
3	(1.3742117301351326-0.34653595060707226j)	0.34557509422302246	0.28698
4	(1.4389072702357226-0.38598378237162867j)	0.328563928604126	0.38231
5	(1.5009044171168158-0.4229126488691246j)	0.37761926651000977	0.47764
6	(1.5575935914316643-0.4522171885571665j)	0.3436281681060791	0.57297
7	(1.6067763568774684-0.47524730151091105j)	0.3459138870239258	0.6683
8	(1.6578402013808253-0.4938660366930085j)	0.36483192443847656	0.76362
9	(1.7021953489059782-0.5082819835449155j)	0.46338701248168945	0.85895
10	(1.7447940570731322-0.5201359320669976j)	0.3711700439453125	0.95428
11	(1.7883138881665974-0.5285940317287645j)	0.47549009323120117	1.04961
12	(1.8301326317071747-0.5373701868900094j)	0.476409912109375	1.14494
13	(1.8674790864747595-0.5427528047218593j)	0.35498476028442383	1.24026
14	(1.9063788179486771-0.5457577450223696j)	0.3667898178100586	1.33559
15	(1.9406077603175993-0.5477950816373449j)	0.3160419464111328	1.43092
16	(1.9755369714999163-0.5480929595806541j)	0.35367608070373535	1.52625
17	(2.0092734194310826-0.5460641353503807j)	0.32155585289001465	1.62157
18	(2.0408071141552724-0.5438893869297603j)	0.34598708152770996	1.7169
19	(2.072793727191664-0.5388034460674395j)	0.3549337387084961	1.81223
20	(2.1032783433532236-0.5336099092575262j)	0.37723612785339355	1.90756
21	(2.131153565428195-0.5276473840269204j)	0.43037891387939453	2.00289
22	(2.1592458476583127-0.5188321444880734j)	0.4644920825958252	2.09821
23	(2.1860820119244617-0.5114864844141165j)	0.34450602531433105	2.19354
24	(2.21173391451046-0.5028781601613553j)	0.37568116188049316	2.28887
25	(2.2368684725996926-0.4912059648064989j)	0.3338320255279541	2.3842
26	(2.260628577592818-0.4799558104027155j)	0.3171870708465576	2.47953
27	(2.2834763448582334-0.46889781759128174j)	0.34404778480529785	2.57485
28	(2.305317956496452-0.45643480329613956j)	0.33264827728271484	2.67018
29	(2.326267800489063-0.4424861965112163j)	0.529742956161499	2.76551
30	(2.346764645014432-0.4307422457711994j)	0.4375491142272949	2.86084
31	(2.365223049894378-0.415325371135561j)	0.47213196754455566	2.95617
32	(2.384260129985511-0.40198554718206486j)	0.4240546226501465	3.05149
33	(2.400890297154172-0.38583904262058794j)	0.5649690628051758	3.14682
34	(2.416995753261367-0.37004477227293747j)	0.4035320281982422	3.24215
35	(2.4335954723066675-0.3549522340032768j)	0.4542081356048584	3.33748
36	(2.4482970454608277-0.33842905404094165j)	0.48096203804016113	3.43281
37	(2.461922333098479-0.32186887347483784j)	0.5378460884094238	3.52813
38	(2.4741354843683507-0.3053058236384407j)	0.5555081367492676	3.62346
39	(2.4879464455854925-0.28734530950387627j)	0.3824629783630371	3.71879
40	(2.497607839810582-0.27030123771512177j)	0.3235008716583252	3.81412
41	(2.5093837039598967-0.2527270974370761j)	0.4677271842956543	3.90945
42	(2.517726541778887-0.2351096090219703j)	0.46332311630249023	4.00477
43	(2.5279467759025884-0.21773282370928082j)	0.47557806968688965	4.1001
44	(2.5359216855525823-0.19938314560358278j)	0.44695091247558594	4.19543
45	(2.5427075986571874-0.18119734926357745j)	0.39980411529541016	4.29076
46	(2.550251611931815-0.16271823384062867j)	0.5214149951934814	4.38608
47	(2.555208545018142-0.14512115017381882j)	0.46197509765625	4.48141
48	(2.5596787111522397-0.12610079797481788j)	0.3988630771636963	4.57674
49	(2.565496831446442-0.10818197705472021j)	0.4006481170654297	4.67207
50	(2.569113304425919-0.09015829963124944j)	0.50419020652771	4.7674
51	(2.571414219826135-0.07234187671452263j)	0.4829697608947754	4.86272
52	(2.5746007327682445-0.05393075621742527j)	0.5313489437103271	4.95805
53	(2.5759388685211797-0.0370793042501244j)	0.3774702548980713	5.05338
54	(2.577301895922638-0.019222258558379224j)	0.4411170482635498	5.14871
55	(2.577568667368494-0.0006032219843773445j)	0.3386509418487549	5.24404
56	(2.577210775313601+0.016302361512555485j)	0.5220060348510742	5.33936
57	(2.5765283033568878+0.0339616257371983j)	0.5686399936676025	5.43469
58	(2.5750641483021957+0.05108202757461999j)	0.5242691040039062	5.53002
59	(2.5734723167583344+0.06691746764770234j)	0.39379000663757324	5.62535
60	(2.570671040075712+0.08423934142338174j)	0.4500868320465088	5.72068
61	(2.5676601752460297+0.10080524661347756j)	0.32245826721191406	5.816
62	(2.5634678196752647+0.1164014833774425j)	0.4507122039794922	5.91133
63	(2.5590030508272514+0.13302816208085344j)	0.5235462188720703	6.00666
64	(2.5551428345241347+0.1486975490476221j)	0.33304405212402344	6.10199
65	(2.550594886255131+0.16342224471727662j)	0.4029059410095215	6.19732
66	(2.543949352615965+0.17929047509564133j)	0.60561203956604	6.29264
67	(2.5387007309456564+0.19427351484773359j)	0.5183711051940918	6.38797
68	(2.532168164666815+0.2080105585942309j)	0.4650607109069824	6.4833
69	(2.5243253025361816+0.2222311278215422j)	0.4137840270996094	6.57863
70	(2.5174284829600415+0.23596006200702668j)	0.39485597610473633	6.67396
71	(2.5099697878559715+0.2495359855475362j)	0.5238940715789795	6.76928
72	(2.5010658042951044+0.26226468315811974j)	0.3785970211029053	6.86461
73	(2.4937630273418465+0.27531586056619145j)	0.4186220169067383	6.95994
74	(2.4847442388246486+0.2876056412372741j)	0.5554149150848389	7.05527
75	(2.474569742457116+0.29952958178240946j)	0.595203161239624	7.15059
76	(2.466050178786268+0.3111870732800056j)	0.45074987411499023	7.24592
77	(2.455612596641406+0.3217877019400103j)	0.4296119213104248	7.34125
78	(2.445767543157316+0.332746099074344j)	0.344940185546875	7.43658
79	(2.4358831269035357+0.34375788349079145j)	0.4157431125640869	7.53191
80	(2.424769813582463+0.35291975238432416j)	0.36612510681152344	7.62723
81	(2.413441202110667+0.36291349372812637j)	0.39417600631713867	7.72256
82	(2.403158293890148+0.3721745191804487j)	0.3534510135650635	7.81789
83	(2.391755288136224+0.38012820782449386j)	0.36368703842163086	7.91322
84	(2.3803935896480035+0.3889440806326967j)	0.37314462661743164	8.00855
85	(2.3687456514030614+0.3964684392273358j)	0.3779938220977783	8.10387
86	(2.357319634837907+0.40475358913733966j)	0.40692925453186035	8.1992
87	(2.3446139249052425+0.41185903297528514j)	0.3790152072906494	8.29453
88	(2.3322939830111102+0.41799751912406335j)	0.41117095947265625	8.38986
89	(2.319599148567475+0.4238691065542131j)	0.3578000068664551	8.48519
90	(2.308318185300843+0.43039976558216203j)	0.4199552536010742	8.58051
91	(2.296391059256148+0.4351506994027125j)	0.36513519287109375	8.67584
92	(2.283702694866002+0.4404384346269843j)	0.3725111484527588	8.77117
93	(2.270625463203014+0.4453991409285388j)	0.3766660690307617	8.8665
94	(2.2581213965392055+0.44905364717124896j)	0.35129213333129883	8.96183
95	(2.246040035389742+0.4527960535992942j)	0.3697531223297119	9.05715
96	(2.2332417892148886+0.4564100269939155j)	0.37970805168151855	9.15248
97	(2.220603128071677+0.4589237607403324j)	0.347667932510376	9.24781
98	(2.207968017121238+0.4621357293822357j)	0.3405320644378662	9.34314
99	(2.194775523264603+0.46382790813790725j)	0.3772430419921875	9.43847
100	(2.1828349273666245+0.4656172747080375j)	0.40251994132995605	9.53379
101	(2.1698638257802143+0.46697519632531825j)	0.3822500705718994	9.62912
102	(2.1576734143624687+0.4675614686588275j)	0.3601338863372803	9.72445
103	(2.1455249710810866+0.46871398333843506j)	0.35815000534057617	9.81978
104	(2.1330933841267696+0.4691574496493408j)	0.3426039218902588	9.9151
105	(2.1207723944986134+0.46878419162241913j)	0.33465099334716797	10.01043
106	(2.108146823913442+0.4680737482066182j)	0.35894274711608887	10.10576
107	(2.096114199357809+0.4670306852767169j)	0.3865926265716553	10.20109
108	(2.0838527400365363+0.4659826901824865j)	0.3707420825958252	10.29642
109	(2.0718056717913127+0.4639904389731744j)	0.3916497230529785	10.39174
110	(2.060262464893389+0.4623742283811667j)	0.3665580749511719	10.48707
111	(2.0490095489546203+0.4608051827830941j)	0.3511679172515869	10.5824
112	(2.037252172514479+0.4577399962361018j)	0.3772721290588379	10.67773
113	(2.0260950088545693+0.4544217303069916j)	0.3824448585510254	10.77306
114	(2.0146381420101234+0.4517811265591534j)	0.40706682205200195	10.86838
115	(2.003777803830374+0.4476076347609059j)	0.40898776054382324	10.96371
116	(1.9928793803279057+0.44430397743109346j)	0.3616478443145752	11.05904
117	(1.9820913670096856+0.44078931677995115j)	0.3772401809692383	11.15437
118	(1.971924400815488+0.4358744521048977j)	0.37201881408691406	11.2497
119	(1.9611268208373533+0.43170406516371185j)	0.3454878330230713	11.34502
120	(1.9515627697942715+0.42655778853277126j)	0.36057400703430176	11.44035
121	(1.9421143414199353+0.4210922115889516j)	0.35251617431640625	11.53568
122	(1.9320590322763982+0.416221659443919j)	0.3540811538696289	11.63101
123	(1.9224248266833828+0.4107365636925159j)	0.332535982131958	11.72634
124	(1.913680390490224+0.40468964941604024j)	0.3315010070800781	11.82166
125	(1.90427752433889+0.3988848620667247j)	0.4706728458404541	11.91699
126	(1.8959420331404606+0.3928532434591091j)	0.3877279758453369	12.01232
127	(1.887602339433661+0.386157068851848j)	0.4506561756134033	12.10765
128	(1.8792612008821337+0.37938391690656337j)	0.3957381248474121	12.20298
129	(1.8720083315518177+0.3726202207294481j)	0.4188880920410156	12.2983
130	(1.8637372840743458+0.3656040336096157j)	0.45354199409484863	12.39363
131	(1.8559747090277248+0.358338715490807j)	0.4293539524078369	12.48896
132	(1.8494294382998755+0.35125070315416085j)	0.36515307426452637	12.58429
133	(1.841921261094516+0.3435399912009476j)	0.36386680603027344	12.67961
134	(1.835421743726208+0.3359584611092228j)	0.38865113258361816	12.77494
135	(1.829343176589577+0.32850589679308073j)	0.3899657726287842	12.87027
136	(1.8230317147207655+0.320453519414459j)	0.38889193534851074	12.9656
137	(1.8175492764967303+0.3128344186665496j)	0.4449431896209717	13.06093
138	(1.8116788951689526+0.3046072162547704j)	0.3685290813446045	13.15625
139	(1.8061917374556207+0.296055756295595j)	0.3664708137512207	13.25158
140	(1.801378882648888+0.28837521491990004j)	0.3883180618286133	13.34691
141	(1.7966147596761903+0.28030911090337873j)	0.3569357395172119	13.44224
142	(1.791825542343651+0.2715709579232519j)	0.3545100688934326	13.53757
143	(1.7878235483849716+0.2635767576646896j)	0.37143898010253906	13.63289
144	(1.783349951708515+0.25490210241890066j)	0.35599493980407715	13.72822
145	(1.7801978596706118+0.24574751909158388j)	0.37237071990966797	13.82355
146	(1.7764800762926407+0.2377517331981024j)	0.32647132873535156	13.91888
147	(1.7733221719663357+0.22924966314181494j)	0.3498728275299072	14.01421
148	(1.7709268799670177+0.22025797606737263j)	0.34891295433044434	14.10953
149	(1.7682819053738519+0.21162104208098775j)	0.35130810737609863	14.20486
150	(1.7656629305477782+0.20299519137373712j)	0.35987091064453125	14.30019
151	(1.7636451742190704+0.19435910020685j)	0.37648892402648926	14.39552
152	(1.7612084617789656+0.18609063559467443j)	0.37717604637145996	14.49085
153	(1.7601891428976946+0.17717021442748693j)	0.38511109352111816	14.58617
154	(1.7585754869529189+0.16909775843530384j)	0.37206602096557617	14.6815
155	(1.7570302418746087+0.1603598635362815j)	0.3753070831298828	14.77683
156	(1.7567391297752477+0.15173536058979986j)	0.3811821937561035	14.87216
157	(1.7558054794736857+0.1436588307941038j)	0.39316606521606445	14.96749
158	(1.7556119330300686+0.13496574107354287j)	0.3485548496246338	15.06281
159	(1.7550931101843599+0.1262458536813693j)	0.4263920783996582	15.15814
160	(1.7551775774077152+0.11815502009472212j)	0.44550085067749023	15.25347
161	(1.7553485475471429+0.11003531276885281j)	0.5317251682281494	15.3488
162	(1.7560134009067188+0.10198047055016424j)	0.41599273681640625	15.44412
163	(1.756556493541594+0.09383366319011333j)	0.375302791595459	15.53945
164	(1.7579692338381954+0.08621483095762905j)	0.3637351989746094	15.63478
165	(1.7591579661498322+0.07841156353960788j)	0.36017584800720215	15.73011
166	(1.7601490407381175+0.07019514590763987j)	0.38206005096435547	15.82544
167	(1.7621202246840983+0.06314156212169497j)	0.3616750240325928	15.92076
168	(1.7638037043123267+0.05526144510126463j)	0.34096312522888184	16.01609
169	(1.7651971161155573+0.04797101664423886j)	0.39723992347717285	16.11142
170	(1.7676100412004472+0.04105821207295124j)	0.5402481555938721	16.20675
171	(1.7700827463669992+0.033556561650114j)	0.5662732124328613	16.30208
172	(1.7723716949372996+0.026308161401772168j)	0.4867250919342041	16.3974
173	(1.7750462864173393+0.01960289886230482j)	0.4600830078125	16.49273
174	(1.778115883843054+0.012315917534566179j)	0.3839380741119385	16.58806
175	(1.7810819595209013+0.005918622709738308j)	0.4776277542114258	16.68339
176	(1.783814627178953-0.0003373846278319492j)	0.49425411224365234	16.77872
177	(1.7876267611086223-0.007124824412824582j)	0.5858769416809082	16.87404
178	(1.7908019265716435-0.01354397411791608j)	0.44327402114868164	16.96937
179	(1.7944537863867325-0.01901994825169273j)	0.43300580978393555	17.0647
180	(1.7979116572727365-0.02464140454065822j)	0.3898580074310303	17.16003
181	(1.802326710191345-0.030893690898075366j)	0.44879698753356934	17.25536
182	(1.8063941085954478-0.03664995280395j)	0.4145779609680176	17.35068
183	(1.8104750413589619-0.0420041660442414j)	0.377377986907959	17.44601
184	(1.8141145461739994-0.047276714342088466j)	0.3700227737426758	17.54134
185	(1.8186799537641962-0.05223623763731855j)	0.4230499267578125	17.63667
186	(1.8235140092441833-0.0572980722468881j)	0.41814494132995605	17.732
187	(1.8276348994240146-0.06215764293611159j)	0.40419769287109375	17.82732
188	(1.8326624326636736-0.06656371543388506j)	0.3676490783691406	17.92265
189	(1.8372003311964276-0.07102726838904438j)	0.3643949031829834	18.01798
190	(1.8416324030688802-0.0753190508260515j)	0.409085750579834	18.11331
191	(1.8468750915126426-0.07931869034201511j)	0.4255380630493164	18.20863
192	(1.8515668809329073-0.08374664916329255j)	0.39308905601501465	18.30396
193	(1.8564090319254412-0.08724759182172814j)	0.4312272071838379	18.39929
194	(1.861459463566993-0.09064036236232287j)	0.47768688201904297	18.49462
195	(1.8667207602963167-0.09406551969145338j)	0.3688170909881592	18.58995
196	(1.8715420538296526-0.09763025399929193j)	0.41979408264160156	18.68527
197	(1.8771229150308986-0.10024699623414746j)	0.3641188144683838	18.7806
198	(1.8821032459206257-0.10360921646568089j)	0.35332584381103516	18.87593
199	(1.887716343942778-0.10578891206590124j)	0.3516201972961426	18.97126
200	(1.892732282889876-0.10817901711027345j)	0.37039780616760254	19.06659
201	(1.898226210322229-0.11086514401075254j)	0.3826558589935303	19.16191
202	(1.9032952833745411-0.11327100711695481j)	0.4456441402435303	19.25724
203	(1.9086069275306299-0.11504253339887394j)	0.3840770721435547	19.35257
204	(1.914053008507818-0.11734658267447062j)	0.40763425827026367	19.4479
205	(1.9193461510595455-0.1187812449813952j)	0.35669565200805664	19.54323
206	(1.924760708961325-0.12055979491010727j)	0.3528430461883545	19.63855
207	(1.929968907740767-0.12176421078232247j)	0.33280086517333984	19.73388
208	(1.9349443825899706-0.12263019707665201j)	0.3872220516204834	19.82921
209	(1.9404773985912103-0.12389333903972943j)	0.37117886543273926	19.92454
210	(1.9460159590015789-0.12498180276940496j)	0.36867618560791016	20.01987
211	(1.9512441068479973-0.1258158339791947j)	0.38863301277160645	20.11519
212	(1.956422744776619-0.12623204324802617j)	0.4016849994659424	20.21052
213	(1.9611971533186079-0.1264108004046881j)	0.3890969753265381	20.30585
214	(1.9660656538960457-0.1267772467505044j)	0.36351895332336426	20.40118
215	(1.9716580447892635-0.1269883958595701j)	0.3427000045776367	20.49651
216	(1.9762894146450092-0.12702179228977262j)	0.37259411811828613	20.59183
217	(1.9817356292716826-0.12699577880810686j)	0.4154059886932373	20.68716
218	(1.9869517589701697-0.12650529630769713j)	0.3659842014312744	20.78249
219	(1.9914185520079477-0.1261525112501738j)	0.32862210273742676	20.87782
220	(1.9966020452166728-0.12548176794507537j)	0.3517160415649414	20.97314
221	(2.000983289470062-0.12509444292970706j)	0.36505985260009766	21.06847
222	(2.0054983705125635-0.1244068444176456j)	0.32987499237060547	21.1638
223	(2.010437170907511-0.123127813012894j)	0.35956692695617676	21.25913
224	(2.015188510017202-0.1218057638812804j)	0.3773610591888428	21.35446
225	(2.0193846990243345-0.1210240870778263j)	0.3624687194824219	21.44978
226	(2.024025874851044-0.11929115955585079j)	0.3505289554595947	21.54511
227	(2.0282564558662832-0.11811418036534738j)	0.36875081062316895	21.64044
228	(2.0323790166117592-0.11700485876038358j)	0.33008599281311035	21.73577
229	(2.036589407609629-0.11493175829828639j)	0.35799503326416016	21.8311
230	(2.040660309475802-0.1136279840130201j)	0.33757472038269043	21.92642
231	(2.0446799204588335-0.11151178325906574j)	0.32181501388549805	22.02175
232	(2.048562823105635-0.10922196717793842j)	0.36893320083618164	22.11708
233	(2.052305614571666-0.10720672941689846j)	0.35015082359313965	22.21241
234	(2.0562603433478976-0.105721860411633j)	0.3456001281738281	22.30774
235	(2.059689985918098-0.10316890019810854j)	0.3373222351074219	22.40306
236	(2.0635822809018-0.10101680437559835j)	0.3324422836303711	22.49839
237	(2.0666548105598688-0.09856806795088346j)	0.33408403396606445	22.59372
238	(2.0697303302196253-0.09594854154085763j)	0.3259398937225342	22.68905
239	(2.073009807112777-0.09335219419687935j)	0.37141919136047363	22.78438
240	(2.0760269541224936-0.09093242072132013j)	0.3508620262145996	22.8797
241	(2.0793308729250755-0.08848823017694207j)	0.3368682861328125	22.97503
242	(2.0822777211503616-0.08574557257412552j)	0.3675060272216797	23.07036
243	(2.085272715344478-0.08326225599078474j)	0.3421459197998047	23.16569
244	(2.087437592193494-0.08022845997068084j)	0.3264458179473877	23.26102
245	(2.090183834112305-0.07732327468203659j)	0.362030029296875	23.35634
246	(2.0924345297664697-0.07449410970260006j)	0.32161998748779297	23.45167
247	(2.0951098561153905-0.07141307533997909j)	0.33378100395202637	23.547
248	(2.0976641752894785-0.06839044252279258j)	0.3371560573577881	23.64233
249	(2.099527842717585-0.06549876845501579j)	0.33685970306396484	23.73765
250	(2.1018669354190274-0.06231513513677256j)	0.33197689056396484	23.83298
251	(2.103620280968852-0.0591248472019863j)	0.3256669044494629	23.92831
252	(2.105154253777213-0.05649451384954085j)	0.337630033493042	24.02364
253	(2.1071437377195155-0.05301704331975532j)	0.35257506370544434	24.11897
254	(2.108621549493497-0.050293912071715186j)	0.3610508441925049	24.21429
255	(2.1102334023083835-0.04674599162455184j)	0.3567790985107422	24.30962
256	(2.111734631225846-0.04332403004351193j)	0.3260080814361572	24.40495
257	(2.1128646746612874-0.04056327908763091j)	0.3507380485534668	24.50028
258	(2.1140618111623497-0.03744950274816816j)	0.36917614936828613	24.59561
259	(2.115176579105942-0.03405984800746842j)	0.35773491859436035	24.69093
260	(2.1161759322253886-0.031059348987250046j)	0.3699941635131836	24.78626
261	(2.117010632735588-0.027426162200847815j)	0.35236024856567383	24.88159
262	(2.117728525553265-0.024109391670892655j)	0.3531801700592041	24.97692
263	(2.1186426263720524-0.021292316354366236j)	0.3679389953613281	25.07225
264	(2.118947297122504-0.01770257165351652j)	0.32354211807250977	25.16757
265	(2.119608700591449-0.014863212934941306j)	0.3382420539855957	25.2629
266	(2.1201050899444454-0.011844908370478802j)	0.342512845993042	25.35823
267	(2.119977310070273-0.008465824425436863j)	0.3504829406738281	25.45356
268	(2.120217828039874-0.005235846232801489j)	0.33391714096069336	25.54889
269	(2.120395720398695-0.0022020265724170818j)	0.3571178913116455	25.64421
270	(2.120233798507313+0.0009800060594971072j)	0.3352479934692383	25.73954
271	(2.12040034064126+0.0038903759253962056j)	0.3382229804992676	25.83487
272	(2.1204378613664434+0.00686875733114356j)	0.3714718818664551	25.9302
273	(2.1197062078037665+0.009903310995448167j)	0.34716105461120605	26.02553
274	(2.1199276930977464+0.012807045128880201j)	0.3685131072998047	26.12085
275	(2.119025087047408+0.01573393109070076j)	0.3582930564880371	26.21618
276	(2.1185798442993207+0.01890308579060418j)	0.3305048942565918	26.31151
277	(2.118310553518871+0.021545368307228085j)	0.3174011707305908	26.40684
278	(2.116598203897372+0.023942814370613075j)	0.31711912155151367	26.50216
279	(2.116721813502262+0.026813115641691865j)	0.3420689105987549	26.59749
280	(2.1160894573785636+0.029870869910845532j)	0.3353731632232666	26.69282
281	(2.1151763117308136+0.03207566902860426j)	0.34525108337402344	26.78815
282	(2.113894064024797+0.03482975274901534j)	0.3678579330444336	26.88348
283	(2.112880761150411+0.037422708047285425j)	0.3679821491241455	26.9788
284	(2.1117543998449584+0.03980883421561665j)	0.4022500514984131	27.07413
285	(2.11078693391169+0.04266817017561719j)	0.33574414253234863	27.16946
286	(2.1094930983455584+0.04484808045427657j)	0.3552250862121582	27.26479
287	(2.1082088363543714+0.04691162862680209j)	0.35592222213745117	27.36012
288	(2.1069013685582205+0.04971260040227976j)	0.3491637706756592	27.45544
289	(2.105481459849854+0.051538828690177785j)	0.37584495544433594	27.55077
290	(2.104047528775996+0.053664937860170236j)	0.34385013580322266	27.6461
291	(2.1024229635232947+0.05608975564532326j)	0.36032629013061523	27.74143
292	(2.1009283750543353+0.05813823038743626j)	0.3453850746154785	27.83676
293	(2.09932151521673+0.06014125277975935j)	0.3445417881011963	27.93208
294	(2.0977864864997064+0.061860536750489525j)	0.3477351665496826	28.02741
295	(2.0959584988330433+0.06359710540637775j)	0.37209606170654297	28.12274
296	(2.094383548677602+0.06544400967493491j)	0.3827388286590576	28.21807
297	(2.0925820938500657+0.06717418470660175j)	0.3723940849304199	28.3134
298	(2.0910505741273364+0.06893050731425021j)	0.464202880859375	28.40872
299	(2.0887351133974192+0.07046429525595166j)	0.38561391830444336	28.50405
300	(2.086917245115904+0.07187946252139554j)	0.3841128349304199	28.59938
301	(2.085493416927339+0.0734267517764331j)	0.4506552219390869	28.69471
302	(2.083386093383494+0.074877273924145j)	0.3530240058898926	28.79004
303	(2.081619787218054+0.07614557353529194j)	0.32172274589538574	28.88536
304	(2.079626153169587+0.07745848520331045j)	0.3322479724884033	28.98069
305	(2.0771791482919375+0.07856521212434076j)	0.3697061538696289	29.07602
306	(2.0753700888071522+0.07955619051093987j)	0.3609611988067627	29.17135
307	(2.0735576376586966+0.08107957107723407j)	0.37415075302124023	29.26667
308	(2.0714844279849935+0.08160697117836052j)	0.3621668815612793	29.362
309	(2.0695621269288997+0.08284866906151123j)	0.33506107330322266	29.45733
310	(2.0670273222555564+0.08368949353335642j)	0.3486628532409668	29.55266
311	(2.065098093934794+0.08432076608644368j)	0.41695070266723633	29.64799
312	(2.0632764202344127+0.0851969829953313j)	0.3441929817199707	29.74331
313	(2.0609540201039787+0.08548854582722548j)	0.32457971572875977	29.83864
314	(2.0589755339562656+0.08617200663808527j)	0.32685279846191406	29.93397
315	(2.057029957955225+0.08710552099537439j)	0.3224060535430908	30.0293
316	(2.0547954178654044+0.0872187247447061j)	0.3379628658294678	30.12463
317	(2.0528159533087136+0.08784325751169897j)	0.35677313804626465	30.21995
318	(2.050886537062738+0.08770142086010974j)	0.35932326316833496	30.31528
319	(2.0486987086756576+0.08801522690293839j)	0.38223910331726074	30.41061
320	(2.0465937898300672+0.08844199651481294j)	0.35225868225097656	30.50594
321	(2.0446774064675863+0.08891800425550245j)	0.38395094871520996	30.60127
322	(2.0425814239424978+0.08856859643137965j)	0.3508882522583008	30.69659
323	(2.0403822255140582+0.08904237124353015j)	0.353870153427124	30.79192
324	(2.0384860588642075+0.08878466229440685j)	0.3859438896179199	30.88725
325	(2.0367328264624915+0.08845349254344342j)	0.3326756954193115	30.98258
326	(2.034546891544782+0.08852063813415256j)	0.32221388816833496	31.07791
327	(2.032729313115144+0.0882045512201764j)	0.3627481460571289	31.17323
328	(2.030768318560907+0.08800372457071781j)	0.35720300674438477	31.26856
329	(2.028513425640707+0.08786806892333476j)	0.33911800384521484	31.36389
330	(2.026929063359094+0.08739755180964243j)	0.32306575775146484	31.45922
331	(2.0253082015339516+0.08701791793675856j)	0.33123230934143066	31.55455
332	(2.02305214514396+0.08657709230584237j)	0.33132219314575195	31.64987
333	(2.021667707536506+0.08607166915728276j)	0.34729790687561035	31.7452
334	(2.0196179009784285+0.08549319733873384j)	0.362185001373291	31.84053
335	(2.017533714523857+0.08480714906249859j)	0.35022401809692383	31.93586
336	(2.016233492116653+0.08431185795723506j)	0.31864500045776367	32.03118
337	(2.014209516929567+0.08347845637386223j)	0.3730649948120117	32.12651
338	(2.012766251607714+0.08273599166386605j)	0.39169812202453613	32.22184
339	(2.011373281115145+0.08227532781105312j)	0.3593769073486328	32.31717
340	(2.0095533239911703+0.08126059834623486j)	0.320540189743042	32.4125
341	(2.00817447988258+0.08069538613975832j)	0.3462200164794922	32.50782
342	(2.0064085596786674+0.07960764017097294j)	0.39413976669311523	32.60315
343	(2.004902174976299+0.07837576613117203j)	0.3430049419403076	32.69848
344	(2.0035886458704137+0.07772440882018042j)	0.3593721389770508	32.79381
345	(2.002218390658189+0.07696774315290233j)	0.3529479503631592	32.88914
346	(2.0007208050387795+0.07559443509885055j)	0.34546399116516113	32.98446
347	(1.9994479641579943+0.07492336602879116j)	0.3252418041229248	33.07979
348	(1.998179066250301+0.07356219622748902j)	0.33240771293640137	33.17512
349	(1.9968824802142697+0.07228452854929135j)	0.37447404861450195	33.27045
350	(1.9957016121421833+0.07141511464973313j)	0.34023499488830566	33.36578
351	(1.9947071319755951+0.07040508646646657j)	0.35059309005737305	33.4611
352	(1.9934138705812001+0.06903391571957408j)	0.3894991874694824	33.55643
353	(1.9921725678971673+0.06805818369155113j)	0.35288119316101074	33.65176
354	(1.9913673926796074+0.06652089500098757j)	0.3432779312133789	33.74709
355	(1.9904907005957515+0.06520539413519642j)	0.3424651622772217	33.84242
356	(1.9892746922529831+0.06409193415310374j)	0.3319098949432373	33.93774
357	(1.9886939437535018+0.06270555728071785j)	0.31758904457092285	34.03307
358	(1.987477977775752+0.061562319381616354j)	0.32729101181030273	34.1284
359	(1.9864872203314883+0.060289979797659016j)	0.3242957592010498	34.22373
360	(1.9857909023276603+0.05889186733980048j)	0.331190824508667	34.31906
361	(1.9848948852467252+0.05787868039888102j)	0.3269078731536865	34.41438
362	(1.9844927908909569+0.05628039347138893j)	0.3208887577056885	34.50971
363	(1.9840459790522018+0.05495110313273059j)	0.3404839038848877	34.60504
364	(1.9830175245431088+0.05351120339568014j)	0.3243710994720459	34.70037
365	(1.9825579064712444+0.05219142914455617j)	0.3273200988769531	34.79569
366	(1.98204238650184+0.050857673306785346j)	0.32547998428344727	34.89102
367	(1.9813344033421407+0.049340526102767464j)	0.3229358196258545	34.98635
368	(1.9811556772841312+0.04815136410771417j)	0.3158130645751953	35.08168
369	(1.9808411646505588+0.04690878320575813j)	0.33195018768310547	35.17701
370	(1.9803275639010238+0.04534433723802148j)	0.34767675399780273	35.27233
371	(1.9800984922096054+0.044181525107512734j)	0.32013416290283203	35.36766
372	(1.979626797638074+0.04250698583571749j)	0.34569597244262695	35.46299
373	(1.979381775688615+0.04103185471747267j)	0.3253509998321533	35.55832
374	(1.9792500538442823+0.04004148784708418j)	0.3307640552520752	35.65365
375	(1.9789930462149306+0.03825293101324074j)	0.3422677516937256	35.74897
376	(1.9788893867180597+0.03722205274918811j)	0.3305931091308594	35.8443
377	(1.9787768676054605+0.036097277918059244j)	0.315654993057251	35.93963
378	(1.9787736930111022+0.03434977924294465j)	0.33493804931640625	36.03496
379	(1.9788104536971893+0.03299732242210865j)	0.32385683059692383	36.13029
380	(1.9787574952786058+0.03179178303650859j)	0.3224062919616699	36.22561
381	(1.9788315251509134+0.030214038710918406j)	0.3235299587249756	36.32094
382	(1.9787864942512907+0.029395269583946004j)	0.3259398937225342	36.41627
383	(1.978808006694616+0.028129701610918142j)	0.32381486892700195	36.5116
384	(1.9794137269784926+0.026620123805222176j)	0.3500559329986572	36.60693
385	(1.97909535072081+0.025705655128861304j)	0.32454991340637207	36.70225
386	(1.9796197542000489+0.024218048849965645j)	0.33087682723999023	36.79758
387	(1.979782999044233+0.022917400989772935j)	0.3335540294647217	36.89291
388	(1.9798460910116413+0.02187407429977925j)	0.33065176010131836	36.98824
389	(1.9801548265830926+0.020673087686683522j)	0.34026503562927246	37.08357
390	(1.9805657545473747+0.019490583885310525j)	0.3612360954284668	37.17889
391	(1.980798052644773+0.018359847442548316j)	0.34644508361816406	37.27422
392	(1.9815900244092748+0.017260649515554227j)	0.3264031410217285	37.36955
393	(1.9820038059738545+0.016179414611929788j)	0.33094000816345215	37.46488
394	(1.982376211951403+0.01507570246251519j)	0.33141183853149414	37.5602
395	(1.9829628659223992+0.014101776176133812j)	0.33152198791503906	37.65553
396	(1.9835429027748857+0.012915462444664932j)	0.3387570381164551	37.75086
397	(1.983615862112081+0.011835744240709767j)	0.34169888496398926	37.84619
398	(1.984043101476328+0.011139094107512404j)	0.33348703384399414	37.94152
399	(1.9848169596704213+0.009837628427230183j)	0.35986876487731934	38.03684
400	(1.9853199486027966+0.008760214381988818j)	0.34373974800109863	38.13217
401	(1.98613655956788+0.008337912495033406j)	0.3177180290222168	38.2275
402	(1.986891569021196+0.007087779030615804j)	0.3337538242340088	38.32283
403	(1.9875246389785428+0.00630397370932595j)	0.3129708766937256	38.41816
404	(1.9878832692567847+0.005761864303794106j)	0.3350529670715332	38.51348
405	(1.988596791668049+0.004737452013432286j)	0.3474130630493164	38.60881
406	(1.989341573583624+0.004104864691041821j)	0.3505871295928955	38.70414
407	(1.9899536907272015+0.0032630666729212j)	0.3722970485687256	38.79947
408	(1.9907950288685858+0.002216326733980034j)	0.32909107208251953	38.8948
409	(1.9913507497244587+0.0019026066751851034j)	0.33945798873901367	38.99012
410	(1.9922796498688533+0.0008536469414997527j)	0.3602581024169922	39.08545
411	(1.9930701363393177+0.00022399269720679849j)	0.3477771282196045	39.18078
412	(1.9935440731680154-0.0001220196654482808j)	0.3512582778930664	39.27611
413	(1.9944213307315992-0.0008227494211645037j)	0.3486802577972412	39.37144
414	(1.995179515161106-0.0013950947789121426j)	0.36132216453552246	39.46676
415	(1.9959099226227792-0.0019281545971335246j)	0.35158586502075195	39.56209
416	(1.9970937958692832-0.0026464034175041062j)	0.3557586669921875	39.65742
417	(1.9974479386598964-0.002875779181745697j)	0.38520121574401855	39.75275
418	(1.9982782614844439-0.0034995859497085613j)	0.37041616439819336	39.84808
419	(1.9995203624496707-0.00410711232639227j)	0.3650686740875244	39.9434
420	(1.999888664598336-0.004386042880403673j)	0.35831284523010254	40.03873
421	(2.0008261612926512-0.00481154243188342j)	0.3655519485473633	40.13406
422	(2.001962220263969-0.005182495485833771j)	0.3370962142944336	40.22939
423	(2.0027920509686745-0.00546177858486685j)	0.3592259883880615	40.32471
424	(2.003597284158407-0.005738554823066455j)	0.36925721168518066	40.42004
425	(2.004359814021764-0.006011873923676581j)	0.32225894927978516	40.51537
426	(2.0049504027831406-0.006547627859897487j)	0.36202502250671387	40.6107
427	(2.0054166484138927-0.006800763808209542j)	0.3680288791656494	40.70603
428	(2.006631110668776-0.006953675473552079j)	0.3533632755279541	40.80135
429	(2.0075095317035654-0.007111968466816276j)	0.33217287063598633	40.89668
430	(2.0084879504258746-0.0069918063188907364j)	0.3434908390045166	40.99201
431	(2.009231350496865-0.007226644731200826j)	0.3414919376373291	41.08734
432	(2.0099552945707946-0.007724402561203547j)	0.3299250602722168	41.18267
433	(2.0111068452511924-0.007548192218454819j)	0.37764596939086914	41.27799
434	(2.0116783453763833-0.007795283616641502j)	0.3766520023345947	41.37332
435	(2.01240919863534-0.007726287276712651j)	0.33219313621520996	41.46865
436	(2.0131585522997697-0.0074019787177856955j)	0.35907912254333496	41.56398
437	(2.013984713819813-0.007573181199674095j)	0.39957714080810547	41.65931
438	(2.0147413114202513-0.007399522435010408j)	0.3987588882446289	41.75463
439	(2.0157284618811664-0.007571412308057468j)	0.36330080032348633	41.84996
440	(2.0163603640577565-0.0077578124498942636j)	0.3282790184020996	41.94529
441	(2.017055404317245-0.007461205409612592j)	0.3413529396057129	42.04062
442	(2.017616424919771-0.007186707475807741j)	0.3298828601837158	42.13595
443	(2.018596996862044-0.007254779440056813j)	0.3423938751220703	42.23127
444	(2.019015790989575-0.006942327355293543j)	0.37789392471313477	42.3266
445	(2.0198729182933786-0.006872497469412098j)	0.36087918281555176	42.42193
446	(2.020929915922495-0.00678012288422869j)	0.35735130310058594	42.51726
447	(2.0212503554840624-0.006550797021283361j)	0.36024904251098633	42.61259
448	(2.022135724745878-0.006374874535848396j)	0.35132884979248047	42.70791
449	(2.022659829315462-0.006089511096363687j)	0.3473989963531494	42.80324
450	(2.023083728547209-0.006116910754535798j)	0.3552827835083008	42.89857
451	(2.023968526794156-0.0056006831366506304j)	0.364760160446167	42.9939
452	(2.0242327244850524-0.005384896442324649j)	0.3452761173248291	43.08922
453	(2.0250292466108926-0.005112333888265264j)	0.3756861686706543	43.18455
454	(2.025687391168781-0.004480450585015672j)	0.48839378356933594	43.27988
455	(2.0262373937830453-0.004463811504280213j)	0.3565659523010254	43.37521
456	(2.02660555694932-0.0042416674226966045j)	0.35875415802001953	43.47054
457	(2.0273410916073487-0.0036598499662059414j)	0.36028599739074707	43.56586
458	(2.0277089466016833-0.0036329591496789826j)	0.3669567108154297	43.66119
459	(2.028368037009257-0.003053072438934934j)	0.34963107109069824	43.75652
460	(2.0289547701949857-0.0024078301153090953j)	0.4061148166656494	43.85185
461	(2.029258316749021-0.002326781412382406j)	0.3503270149230957	43.94718
462	(2.0298177239841078-0.0016447627193902914j)	0.32169508934020996	44.0425
463	(2.0302360017960153-0.0014146919852729978j)	0.33697986602783203	44.13783
464	(2.0307338409685345-0.0012927531106482482j)	0.3303060531616211	44.23316
465	(2.0310197500716676-0.0005693457012061476j)	0.3330068588256836	44.32849
466	(2.0313542777357387+3.540392428169614e-05j)	0.3541579246520996	44.42382
467	(2.0317312721447203+0.00014949469889369293j)	0.3562500476837158	44.51914
468	(2.0320447608193892+0.0008675622462744892j)	0.35959386825561523	44.61447
469	(2.0325101439369546+0.0010909609655916919j)	0.3644399642944336	44.7098
470	(2.03301059434183+0.0014628574228987556j)	0.37000203132629395	44.80513
471	(2.033088204855665+0.002116974845275621j)	0.3441169261932373	44.90046
472	(2.033636974134502+0.0023594539035602935j)	0.4080209732055664	44.99578
473	(2.033694818811121+0.0029655964833837922j)	0.3291900157928467	45.09111
474	(2.0337756327116794+0.0035436628266589665j)	0.36762189865112305	45.18644
475	(2.034311003438847+0.003914702535120829j)	0.3299708366394043	45.28177
476	(2.0346468124986163+0.004374797778763817j)	0.3381948471069336	45.3771
477	(2.0346956653787363+0.004880035633513025j)	0.35694289207458496	45.47242
478	(2.0350961098642206+0.005394076566067718j)	0.3455040454864502	45.56775
479	(2.0349575700574696+0.005835286758294589j)	0.39945077896118164	45.66308
480	(2.0349008958789208+0.006489319125360105j)	0.3906209468841553	45.75841
481	(2.0353400540830173+0.006789625854837444j)	0.35660719871520996	45.85373
482	(2.035231698539086+0.007186836019430043j)	0.3411250114440918	45.94906
483	(2.035642852260286+0.007764364669361923j)	0.3602170944213867	46.04439
484	(2.0359603209565864+0.008188304410027714j)	0.3852362632751465	46.13972
485	(2.0356801831475373+0.008633495534265956j)	0.34690093994140625	46.23505
486	(2.03597657673255+0.009344161287015651j)	0.33332133293151855	46.33037
487	(2.0358773425268555+0.009599798682501715j)	0.3706991672515869	46.4257
488	(2.0358305948286746+0.009946690398445424j)	0.32385993003845215	46.52103
489	(2.0360174550945653+0.010714979401441949j)	0.3727757930755615	46.61636
490	(2.03595633200876+0.011259490235249858j)	0.33003807067871094	46.71169
491	(2.0358958886426786+0.011611420655915583j)	0.32602906227111816	46.80701
492	(2.0359260235819696+0.012241838060182308j)	0.3258969783782959	46.90234
493	(2.0359020374389867+0.012289547816755508j)	0.34624314308166504	46.99767
494	(2.035841712029078+0.01265519197510101j)	0.33582305908203125	47.093
495	(2.0357091900441318+0.013434413974425352j)	0.3401353359222412	47.18833
496	(2.0357630585168547+0.013659140252937352j)	0.3171072006225586	47.28365
497	(2.0356060022491342+0.01418536807380244j)	0.3233358860015869	47.37898
498	(2.035416752253795+0.014741593975379441j)	0.35657596588134766	47.47431
499	(2.03551876216914+0.01486984360330712j)	0.3477051258087158	47.56964
500	(2.0353874334965005+0.015232601954998204j)	0.3733561038970947	47.66497
501	(2.035097800228037+0.015668146706352526j)	0.35019683837890625	47.76029
502	(2.035247279181327+0.01605882574102746j)	0.33174896240234375	47.85562
503	(2.034754617677374+0.016631758060960622j)	0.3250269889831543	47.95095
504	(2.0343612170918783+0.01688746387876272j)	0.33844900131225586	48.04628
505	(2.0347189623406026+0.017262273984155585j)	0.3560450077056885	48.14161
506	(2.03415105458856+0.017588020217636502j)	0.3297238349914551	48.23693
507	(2.034305283369312+0.017996666961771823j)	0.326138973236084	48.33226
508	(2.03410452430007+0.0183869625344405j)	0.3296058177947998	48.42759
509	(2.033747553895795+0.018410067445806644j)	0.3452911376953125	48.52292
510	(2.0337297271143133+0.019080027569143176j)	0.33278393745422363	48.61824
511	(2.033229206772911+0.01928661526193398j)	0.3187720775604248	48.71357
512	(2.032928190797618+0.019532321965980315j)	0.32440996170043945	48.8089
513	(2.032993226647443+0.01999290165995582j)	0.32473206520080566	48.90423
514	(2.032625882808941+0.020271140017207534j)	0.3229079246520996	48.99956
515	(2.0324084626349563+0.020519312580435156j)	0.3217742443084717	49.09488
516	(2.032187971938215+0.020875859319760548j)	0.32936978340148926	49.19021
517	(2.0316902685294687+0.02086211522354564j)	0.32451295852661133	49.28554
518	(2.0317735873573484+0.021335481270237988j)	0.3304157257080078	49.38087
519	(2.031286083382257+0.0216705532846585j)	0.31936168670654297	49.4762
520	(2.030936702058717+0.021539435177061028j)	0.34206295013427734	49.57152
521	(2.0307111636632555+0.022031262924065875j)	0.3196859359741211	49.66685
522	(2.030383295723163+0.022228569218553762j)	0.32087182998657227	49.76218
523	(2.030103351945143+0.022068107865125253j)	0.3360888957977295	49.85751
524	(2.0298366558670677+0.022396083335139427j)	0.33709001541137695	49.95284
525	(2.0295650809393315+0.022535011809406758j)	0.3407590389251709	50.04816
526	(2.029244015969207+0.022664905123221724j)	0.3342709541320801	50.14349
527	(2.0287438726712153+0.023062207460290196j)	0.3235480785369873	50.23882
528	(2.02846814859043+0.02314423537134125j)	0.31844305992126465	50.33415
529	(2.0284127910177476+0.023094760279030346j)	0.3416609764099121	50.42948
530	(2.027795831022302+0.023522374761469567j)	0.3205897808074951	50.5248
531	(2.0277480595854467+0.02342794129406589j)	0.337130069732666	50.62013
532	(2.027029202711663+0.02346665171498108j)	0.3368568420410156	50.71546
533	(2.0267501445604315+0.023705845466977515j)	0.32736897468566895	50.81079
534	(2.026605348722457+0.02378969749124593j)	0.3563709259033203	50.90612
535	(2.026172962864815+0.02384078060684902j)	0.34869813919067383	51.00144
536	(2.0258981293988323+0.023908633668771384j)	0.31980013847351074	51.09677
537	(2.0258809961364768+0.023940243206624023j)	0.3205571174621582	51.1921
538	(2.0254585903156928+0.024006478606790838j)	0.334348201751709	51.28743
539	(2.0248664585828617+0.023907006529813035j)	0.31929826736450195	51.38276
540	(2.024896593949715+0.024090075264637023j)	0.3237791061401367	51.47808
541	(2.0244368397067265+0.02373653673782472j)	0.3293161392211914	51.57341
542	(2.0239991745053336+0.023962458953691312j)	0.3356308937072754	51.66874
543	(2.0239440727180362+0.02423238577614162j)	0.32433319091796875	51.76407
544	(2.0234050122896163+0.023889630821520846j)	0.3240668773651123	51.85939
545	(2.023267423504932+0.024147310847022707j)	0.3210160732269287	51.95472
546	(2.0229267966530258+0.02405535084924071j)	0.32686901092529297	52.05005
547	(2.0225385486986203+0.023693677498438315j)	0.3298609256744385	52.14538
548	(2.0222729434516866+0.023870760579467132j)	0.3307971954345703	52.24071
549	(2.0218787787082944+0.02365130310257091j)	0.32544517517089844	52.33603
550	(2.0216708118168287+0.023703974763148117j)	0.3233060836791992	52.43136
551	(2.0214103315891903+0.02390270839719999j)	0.31920814514160156	52.52669
552	(2.0211279968562046+0.02368048641293652j)	0.33237600326538086	52.62202
553	(2.020947461569807+0.023314368276162623j)	0.3561398983001709	52.71735
554	(2.0205503961038938+0.023564379915707145j)	0.3256847858428955	52.81267
555	(2.0203942288168855+0.02311928808500674j)	0.325944185256958	52.908
556	(2.020042172190488+0.023163158538451523j)	0.3232266902923584	53.00333
557	(2.0196297373867473+0.023244658446583633j)	0.3637392520904541	53.09866
558	(2.0195410080715903+0.02294366580351137j)	0.3641691207885742	53.19399
559	(2.0191380070624536+0.022991695416051505j)	0.368549108505249	53.28931
560	(2.0189666086649694+0.0227445245403447j)	0.43571996688842773	53.38464
561	(2.0189096401387525+0.022457581059171505j)	0.49260735511779785	53.47997
562	(2.0185053109500033+0.022422308748916264j)	0.43818187713623047	53.5753
563	(2.0180525413220525+0.022285850486061465j)	0.43107104301452637	53.67063
564	(2.0181482889123394+0.022085557503745745j)	0.3733377456665039	53.76595
565	(2.017609075139963+0.021920267315092j)	0.6048939228057861	53.86128
566	(2.0175989600305506+0.021760437883794892j)	1.1998369693756104	53.95661
567	(2.0176453623988344+0.021661137294242128j)	0.3542299270629883	54.05194
568	(2.0171276743337208+0.021381323766561544j)	0.3296828269958496	54.14727
569	(2.0172065229507536+0.02131566440892929j)	0.3789219856262207	54.24259
570	(2.016878642408363+0.021044412109473498j)	0.36232709884643555	54.33792
571	(2.016461258652835+0.020713104740466948j)	0.44864988327026367	54.43325
572	(2.0164963613037266+0.020662177227405376j)	0.3386838436126709	54.52858
573	(2.0161737633787182+0.020316648722985664j)	0.36405205726623535	54.6239
574	(2.0160865995600785+0.02019147252248521j)	0.3827509880065918	54.71923
575	(2.0160504458581054+0.02029263455255259j)	0.3961811065673828	54.81456
576	(2.015825235736247+0.01979075735754965j)	0.6693689823150635	54.90989
577	(2.0156240018379488+0.019487300005110453j)	0.6726877689361572	55.00522
578	(2.015501580300274+0.019263192356547165j)	0.43543314933776855	55.10054
579	(2.0153110679812984+0.018996257924983162j)	0.45334768295288086	55.19587
580	(2.015263683935467+0.01899534817791404j)	0.32558703422546387	55.2912
581	(2.0150969088110107+0.019009620294398677j)	0.3743438720703125	55.38653
582	(2.0151264675579434+0.01850579930348417j)	0.36095094680786133	55.48186
583	(2.014843823875084+0.018500164859151735j)	0.3748817443847656	55.57718
584	(2.0148360203395748+0.01811864833169108j)	0.30980730056762695	55.67251
585	(2.0148755781830925+0.01771268400757553j)	0.31462883949279785	55.76784
586	(2.014573970090162+0.01770459513482192j)	0.3313620090484619	55.86317
587	(2.014414203126265+0.017559594790296784j)	0.8534698486328125	55.9585
588	(2.0146659804801255+0.01736268346988412j)	0.6926209926605225	56.05382
589	(2.014197863158716+0.017090028966355697j)	0.3644552230834961	56.14915
590	(2.0144527082741854+0.016714312080298832j)	0.32036614418029785	56.24448
591	(2.0144974780936087+0.016507245220765743j)	0.325361967086792	56.33981
592	(2.014163057233176+0.016332091298491225j)	0.3129751682281494	56.43514
593	(2.0145036952913724+0.016025236729256487j)	0.309002161026001	56.53046
594	(2.0141974131146587+0.015907301500533544j)	0.3205680847167969	56.62579
595	(2.013983436120615+0.01564942497378008j)	0.3188750743865967	56.72112
596	(2.0142441800252575+0.015445900276528257j)	0.3079841136932373	56.81645
597	(2.014300934811632+0.015282293567054461j)	0.32176804542541504	56.91178
598	(2.014084131468647+0.015022231699484245j)	0.3089909553527832	57.0071
599	(2.014297134753856+0.01484044867840073j)	0.3079710006713867	57.10243
600	(2.014036386786963+0.01449044893690532j)	0.4061100482940674	57.19776
601	(2.0139156142769137+0.014173899073088858j)	0.3674778938293457	57.29309
602	(2.014149710758321+0.014105029675593128j)	0.3265390396118164	57.38841
603	(2.013973706459862+0.013720713022697284j)	0.3174412250518799	57.48374
604	(2.01420582000965+0.013735594909527249j)	0.3184528350830078	57.57907
605	(2.014154031252159+0.01360996875972953j)	0.3141779899597168	57.6744
606	(2.0141982909800933+0.013149550955058431j)	0.3085618019104004	57.76973
607	(2.0142600113077362+0.013340305240136852j)	0.31817126274108887	57.86505
608	(2.014255105077633+0.012750223097747648j)	0.323732852935791	57.96038
609	(2.014283076357655+0.012488570240117514j)	0.32871103286743164	58.05571
610	(2.0143809387465454+0.012566895634142372j)	0.325153112411499	58.15104
611	(2.014224848322326+0.012461729884687078j)	0.30607104301452637	58.24637
612	(2.014628750736113+0.012062435355077672j)	0.328977108001709	58.34169
613	(2.0144648662515+0.01208542693964254j)	0.39502716064453125	58.43702
614	(2.0146137671348576+0.011618775882775378j)	0.35715293884277344	58.53235
615	(2.0147886235791304+0.011396541114948033j)	0.509821891784668	58.62768
616	(2.0146762795281905+0.011427946500521702j)	0.3990750312805176	58.72301
617	(2.0149788329803253+0.01105484630936382j)	0.7634990215301514	58.81833
618	(2.014814819900001+0.011097052531507723j)	0.7836470603942871	58.91366
619	(2.0148710373260372+0.010857236033296913j)	0.3459782600402832	59.00899
620	(2.0152106209042517+0.01067517019665043j)	0.3294999599456787	59.10432
621	(2.0152891650918985+0.010504091899594559j)	0.33205509185791016	59.19965
622	(2.0153387171099326+0.010351874726044374j)	0.3291811943054199	59.29497
623	(2.015556977162138+0.010241528869385563j)	0.3204481601715088	59.3903
624	(2.015321959946979+0.010066435407313556j)	0.3191258907318115	59.48563
625	(2.0153393680710807+0.009827864487070626j)	0.30722904205322266	59.58096
626	(2.015849195933783+0.00987306002299504j)	0.3110668659210205	59.67629
627	(2.015583521189598+0.009581236773222979j)	0.3130490779876709	59.77161
628	(2.016025162569473+0.009580639503974364j)	0.3075261116027832	59.86694
629	(2.0161190006024845+0.009495330216748976j)	0.3066551685333252	59.96227
630	(2.0164162908924865+0.008958206991262374j)	0.3047199249267578	60.0576
631	(2.016377972609707+0.009309438614756638j)	0.3084840774536133	60.15292
632	(2.0162755804373127+0.008978549014181714j)	0.3227219581604004	60.24825
633	(2.016220374659161+0.008893776075401982j)	0.3111228942871094	60.34358
634	(2.0166446362071855+0.00894663855215605j)	0.3531620502471924	60.43891
635	(2.0167959349542803+0.008803997291499277j)	0.31775689125061035	60.53424
636	(2.016846787326741+0.008717705047419644j)	0.31200170516967773	60.62956
637	(2.0169619514049826+0.008661298104705062j)	0.31026506423950195	60.72489
638	(2.017090347811898+0.008263814675614767j)	0.3066108226776123	60.82022
639	(2.015711533687402+0.009042430477701147j)	0.2986428737640381	60.91555
640	(2.0172781729878233+0.008389605092237074j)	0.3063230514526367	61.01088
641	(2.0174795634626537+0.008062136425376565j)	0.31381821632385254	61.1062
642	(2.0174970107192807+0.00828018648772011j)	0.31599998474121094	61.20153
643	(2.0177018849954416+0.008168744833827901j)	0.31731295585632324	61.29686
644	(2.0179054216268804+0.007858889585036j)	0.31357312202453613	61.39219
645	(2.018047901861397+0.007889461558029498j)	0.31696200370788574	61.48752
646	(2.0181886765882195+0.007788949825402236j)	0.3195209503173828	61.58284
647	(2.01832844565874+0.0077742842596157935j)	0.3195209503173828	61.67817
648	(2.018212582889741+0.007794753523227782j)	0.3104729652404785	61.7735
649	(2.0184113828446204+0.007767726830020361j)	0.30556583404541016	61.86883
650	(2.018846584846498+0.007674131404928675j)	0.33739304542541504	61.96416
651	(2.0185568667943814+0.007708005844648813j)	0.30811381340026855	62.05948
652	(2.018355199943249+0.007166456369163132j)	0.28760600090026855	62.15481
653	(2.019008639370244+0.007501393304684578j)	0.31153368949890137	62.25014
654	(2.0188909840701252+0.007470508389126773j)	0.32424330711364746	62.34547
655	(2.019173662439839+0.00756635815757023j)	0.33609485626220703	62.4408
656	(2.0192616098058895+0.0074910403270123105j)	0.3282160758972168	62.53612
657	(2.019571163014693+0.0073635011346583346j)	0.31396985054016113	62.63145
658	(2.0195282840312117+0.007246870094082203j)	0.3145129680633545	62.72678
659	(2.019753638236652+0.007504840960347203j)	0.32767415046691895	62.82211
660	(2.019922586335795+0.00756739704802134j)	0.3064241409301758	62.91743
661	(2.020033472542975+0.007555723047446561j)	0.3138301372528076	63.01276
662	(2.0199668845082033+0.007258530708783906j)	0.3190760612487793	63.10809
663	(2.0201870669230293+0.007400276150711149j)	0.3083689212799072	63.20342
664	(2.0203633610997547+0.007699314847903205j)	0.30857205390930176	63.29875
665	(2.020301979592823+0.007433987283099186j)	0.33638715744018555	63.39407
666	(2.0205468136264395+0.00770753922793288j)	0.31095218658447266	63.4894
667	(2.020456381739324+0.006947874947372035j)	0.29659390449523926	63.58473
668	(2.0206956634245485+0.0073393766094500545j)	0.31218600273132324	63.68006
669	(2.0208787071241914+0.007520122620792491j)	0.30721092224121094	63.77539
670	(2.0210197496636857+0.007424008035419982j)	0.31487417221069336	63.87071
671	(2.0210644438825454+0.007567618349072824j)	0.3080170154571533	63.96604
672	(2.0210364059506545+0.007805328964736347j)	0.30797505378723145	64.06137
673	(2.021228117078752+0.007681448398155988j)	0.30684590339660645	64.1567
674	(2.0215328498336613+0.00751903599990722j)	0.3074631690979004	64.25203
675	(2.0214485298852134+0.007697344800162154j)	0.31413769721984863	64.34735
676	(2.0222313873222286+0.0074821141354065035j)	0.3064701557159424	64.44268
677	(2.021586927198941+0.007768998930036353j)	0.32280588150024414	64.53801
678	(2.3049445576674863-0.0594090706531864j)	0.22312188148498535	64.63334
679	(2.0217262057272647+0.007885624217491616j)	0.30868101119995117	64.72867
680	(2.0216578813755413+0.007975486211978078j)	0.31137704849243164	64.82399
681	(2.0217731971177675+0.007999370468737999j)	0.30876636505126953	64.91932
682	(2.022141627942089+0.007929702668356742j)	0.32370591163635254	65.01465
683	(2.022024080394726+0.008049968266687024j)	0.3104090690612793	65.10998
684	(2.021915898185981+0.008053998121872574j)	0.3075981140136719	65.20531
685	(2.022237012473524+0.008172454747051472j)	0.3395071029663086	65.30063
686	(2.022035453473367+0.008122603905606485j)	0.3148808479309082	65.39596
687	(2.0223189749448185+0.008246615495494991j)	0.3115990161895752	65.49129
688	(2.022523747390557+0.008438912006219934j)	0.31588220596313477	65.58662
689	(2.022330249534236+0.008330224576802492j)	0.31495189666748047	65.68194
690	(2.0224794253441227+0.00859979663231153j)	0.32160496711730957	65.77727
691	(2.0224903119511803+0.008511068522724485j)	0.3094508647918701	65.8726
692	(2.0224637231441487+0.0083783961643481j)	0.30997681617736816	65.96793
693	(2.0226193941530846+0.008632428129216163j)	0.31996989250183105	66.06326
694	(2.0225716124758817+0.00850460506466627j)	0.31030988693237305	66.15858
695	(2.0226739663281945+0.008715517434337294j)	0.30765271186828613	66.25391
696	(2.02274042029518+0.009009427311464535j)	0.31288695335388184	66.34924
697	(2.022701994211448+0.00880870985847687j)	0.31212711334228516	66.44457
698	(2.0228239168519266+0.008704473232703236j)	0.3323087692260742	66.5399
699	(2.022818472576359+0.008994549294388532j)	0.31465601921081543	66.63522
700	(2.022929500587052+0.008862093755608369j)	0.3069801330566406	66.73055
701	(2.022378467758836+0.009188275119715816j)	0.3124661445617676	66.82588
702	(2.022773342758706+0.009326438367802281j)	0.30842113494873047	66.92121
703	(2.022925888846062+0.009054462905039085j)	0.3247699737548828	67.01654
704	(2.0228092901208714+0.009399253794452972j)	0.32398104667663574	67.11186
705	(2.022966129681098+0.009319268461258273j)	0.32230138778686523	67.20719
706	(2.0231208450799523+0.009306665765682565j)	0.3268568515777588	67.30252
707	(2.022913681589763+0.009481063546793761j)	0.3188488483428955	67.39785
708	(2.022815491631269+0.009524844960824647j)	0.3067770004272461	67.49318
709	(2.0229980090756+0.00956366478089496j)	0.32118892669677734	67.5885
710	(2.0228040035489645+0.009636987600689123j)	0.31651926040649414	67.68383
711	(2.0230503514060527+0.009618076086504695j)	0.31386399269104004	67.77916
712	(2.023100669031227+0.009791493418908698j)	0.3192329406738281	67.87449
713	(2.0228650163605693+0.009795573595126172j)	0.3108949661254883	67.96982
714	(2.0231618843162686+0.009926103088674948j)	0.3114137649536133	68.06514
715	(2.022919698983109+0.009906840256049099j)	0.3103647232055664	68.16047
716	(2.0228846760742654+0.009869818801147623j)	0.33880186080932617	68.2558
717	(2.022981944975577+0.010156373138532016j)	0.31055188179016113	68.35113
718	(2.0227904913106696+0.00997678258966482j)	0.3168489933013916	68.44645
719	(2.022947914004758+0.010063329076350006j)	0.314410924911499	68.54178
720	(2.023002561755312+0.010333738746683654j)	0.31351780891418457	68.63711
721	(2.0228266304425504+0.010185274012648418j)	0.31013035774230957	68.73244
722	(2.0228323829043826+0.010112550442200857j)	0.30707311630249023	68.82777
723	(2.0227271034781595+0.010341339202613958j)	0.3276500701904297	68.92309
724	(2.0227993638235575+0.010211718209513207j)	0.30808568000793457	69.01842
725	(2.022804549850077+0.010490287915762717j)	0.3106658458709717	69.11375
726	(2.0227804367385738+0.010443978077734457j)	0.31648898124694824	69.20908
727	(2.0228032056583425+0.010403131532785125j)	0.3140428066253662	69.30441
728	(2.022668537879557+0.010753582509017243j)	0.30997776985168457	69.39973
729	(2.022726356642448+0.01052783503954735j)	0.30925679206848145	69.49506
730	(2.0227795853528074+0.010408417623789773j)	0.3251981735229492	69.59039
731	(2.022563686566082+0.010781576184794747j)	0.3066732883453369	69.68572
732	(2.0225083133343924+0.010804651622360375j)	0.30741405487060547	69.78105
733	(2.022505155948608+0.010753134800713163j)	0.3075399398803711	69.87637
734	(2.0224282071945714+0.010889909900292944j)	0.3128349781036377	69.9717
735	(2.0225826263964586+0.010804938224460204j)	0.32393813133239746	70.06703
736	(2.022579042631896+0.01081022892819684j)	0.31343626976013184	70.16236
737	(2.022294408622636+0.01093337816575431j)	0.31023478507995605	70.25769
738	(2.022549539572869+0.010867694188366368j)	0.3070487976074219	70.35301
739	(2.0221968884011803+0.010943487494907367j)	0.30753421783447266	70.44834
740	(2.0221570278723933+0.010961730290507503j)	0.3230600357055664	70.54367
741	(2.022389166839461+0.011037091091937151j)	0.31158876419067383	70.639
742	(2.022297844263521+0.011012138118521642j)	0.31042003631591797	70.73433
743	(2.022255157729187+0.011069208435964081j)	0.305189847946167	70.82965
744	(2.022239833323332+0.011071685955214364j)	0.30561184883117676	70.92498
745	(2.021946745749773+0.011004719943163432j)	0.3069281578063965	71.02031
746	(2.0219190927019275+0.010997307481603366j)	0.3085451126098633	71.11564
747	(2.021930994146145+0.011052365702763856j)	0.30617809295654297	71.21096
748	(2.0218527855688633+0.010999680284803054j)	0.30742692947387695	71.30629
749	(2.0219466287552446+0.011215403771220295j)	0.3169732093811035	71.40162
750	(2.021925519175432+0.011192208876938475j)	0.3117659091949463	71.49695
751	(2.0217304172286577+0.010956443380442077j)	0.30728602409362793	71.59228
752	(2.021710512714047+0.011282506477178461j)	0.31923413276672363	71.6876
753	(2.021659294137468+0.011013495471815488j)	0.31217312812805176	71.78293
754	(2.021607387728594+0.011009134674883209j)	0.3109610080718994	71.87826
755	(2.021577478524807+0.011285104375740512j)	0.32283687591552734	71.97359
756	(2.021460951242081+0.011239439939952078j)	0.31726694107055664	72.06892
757	(2.0214613825024563+0.011224484136835855j)	0.31760501861572266	72.16424
758	(2.021370548205698+0.011225037829303425j)	0.3158910274505615	72.25957
759	(2.021474695626845+0.010991387922955703j)	0.363677978515625	72.3549
760	(2.021391645325723+0.011036429764342548j)	0.31833910942077637	72.45023
761	(2.021187370893275+0.011255620531227695j)	0.3121011257171631	72.54556
762	(2.0213928659234837+0.011039721761208487j)	0.3072190284729004	72.64088
763	(2.0210857348240907+0.011213690108069052j)	0.319443941116333	72.73621
764	(2.021059646099695+0.011137096681830383j)	0.31133317947387695	72.83154
765	(2.0211674115423026+0.011306684566360137j)	0.3196558952331543	72.92687
766	(2.0211143973829144+0.011047058587060066j)	0.33214712142944336	73.0222
767	(2.021214144092474+0.011073448814713283j)	0.30877089500427246	73.11752
768	(2.0210444791745803+0.011030590422529796j)	0.31075000762939453	73.21285
769	(2.0208235130636507+0.011023785086167914j)	0.31569814682006836	73.30818
770	(2.020797626509193+0.01098178782408099j)	0.3100707530975342	73.40351
771	(2.02100942585071+0.010983613475015919j)	0.309938907623291	73.49884
772	(2.0207124587800074+0.010918132436625427j)	0.3250999450683594	73.59416
773	(2.0208882293024364+0.010955412864030512j)	0.31024885177612305	73.68949
774	(2.0207930079237064+0.010928454543043031j)	0.30980825424194336	73.78482
775	(2.0205317656879513+0.01079347025739208j)	0.3104987144470215	73.88015
776	(2.0207210388048504+0.01094560307817749j)	0.31097888946533203	73.97547
777	(2.0204133348603577+0.010746602447406994j)	0.38182806968688965	74.0708
778	(2.0206246475539613+0.010791566408608122j)	0.31264686584472656	74.16613
779	(2.020587513047493+0.010932167248226765j)	0.3058960437774658	74.26146
780	(2.0204811132475+0.010769183980736619j)	0.30936098098754883	74.35679
781	(2.020465480865221+0.010860999168321783j)	0.31278514862060547	74.45211
782	(2.0204264143534356+0.010760463416579269j)	0.3064289093017578	74.54744
783	(2.0203326323194077+0.010447327873812084j)	0.3118252754211426	74.64277
784	(2.0202547806273503+0.010728731806071146j)	0.3137979507446289	74.7381
785	(2.0202610742970473+0.010726280650674769j)	0.34257006645202637	74.83343
786	(2.020193796809411+0.010397230765055665j)	0.3100240230560303	74.92875
787	(2.0201646137223275+0.010651615771181455j)	0.3077569007873535	75.02408
788	(2.0201764688804005+0.010507416230052247j)	0.30861401557922363	75.11941
789	(2.020302999847401+0.010223760756316536j)	0.3101229667663574	75.21474
790	(2.020116186497735+0.010503503268681214j)	0.32021093368530273	75.31007
791	(2.0202174998724662+0.010229502639587051j)	0.3130340576171875	75.40539
792	(2.019979427080168+0.010237997337512905j)	0.30939698219299316	75.50072
793	(2.0199040341666903+0.01036082177471026j)	0.3082859516143799	75.59605
794	(2.0200095091799977+0.010221220333072711j)	0.30602121353149414	75.69138
795	(2.02020446722638+0.01014588175331732j)	0.32071495056152344	75.78671
796	(2.0199317911605132+0.01013989275518734j)	0.3061540126800537	75.88203
797	(2.020133045822117+0.010081804349652446j)	0.3066542148590088	75.97736
798	(2.0199616746058258+0.010061279494933406j)	0.30843114852905273	76.07269
799	(2.0197137718346085+0.009997330735220356j)	0.31276702880859375	76.16802
800	(2.0199196037289506+0.009948790177201183j)	0.30628490447998047	76.26335
801	(2.0197176103113503+0.009898920235398623j)	0.30733609199523926	76.35867
802	(2.0197763208991404+0.009999735401851062j)	0.314166784286499	76.454
803	(2.020014047672035+0.009921787084209766j)	0.3086380958557129	76.54933
804	(2.0198112883302013+0.009790047231955645j)	0.31670308113098145	76.64466
805	(2.0198240275496033+0.009745378356294965j)	0.3240523338317871	76.73998
806	(2.0198456485367378+0.009769530178595609j)	0.3221859931945801	76.83531
807	(2.0196577576919705+0.00952978583180264j)	0.3245377540588379	76.93064
808	(2.0197881451877766+0.009627663392455243j)	0.30814099311828613	77.02597
809	(2.0198476044491787+0.009741576369202254j)	0.3162539005279541	77.1213
810	(2.019754367600202+0.009444118609319263j)	0.3273732662200928	77.21662
811	(2.0198032290229593+0.009612698322396529j)	0.3206150531768799	77.31195
812	(2.0197719894944255+0.00942129872442854j)	0.31189608573913574	77.40728
813	(2.0197580779357147+0.009172156430230838j)	0.3213682174682617	77.50261
814	(2.019719681794049+0.00941471998494825j)	0.3085150718688965	77.59794
815	(2.01975049967513+0.009066490585930786j)	0.31529998779296875	77.69326
816	(2.0197174115434935+0.009292646244991709j)	0.3375129699707031	77.78859
817	(2.0196367648481406+0.009325137418256468j)	0.30980396270751953	77.88392
818	(2.0197144912691987+0.009189918326437674j)	0.3127737045288086	77.97925
819	(2.019834639564793+0.009017760919799112j)	0.3107790946960449	78.07458
820	(2.019695671961505+0.009116357317916601j)	0.30589795112609863	78.1699
821	(2.019867624772874+0.009225625165768636j)	0.31371593475341797	78.26523
822	(2.019680388572744+0.009033375940480703j)	0.3087797164916992	78.36056
823	(2.0196136253062207+0.008939242012805715j)	0.3121778964996338	78.45589
824	(2.019784415307006+0.00888514448415978j)	0.30812692642211914	78.55122
825	(2.0194475768023303+0.00914638374003518j)	0.3216102123260498	78.64654
826	(2.019729757134097+0.008821824050640137j)	0.3134291172027588	78.74187
827	(2.019827619810339+0.008746950649859753j)	0.308366060256958	78.8372
828	(2.0196128104537063+0.00877926759044656j)	0.31054019927978516	78.93253
829	(2.019629458691104+0.008693717840508985j)	0.3075520992279053	79.02786
830	(2.019710847139988+0.00867971403057366j)	0.3179500102996826	79.12318
831	(2.019615639600051+0.008592742401924647j)	0.30655598640441895	79.21851
832	(2.0197970178908347+0.008674412871103487j)	0.30598974227905273	79.31384
833	(2.019901077056278+0.00866282980349331j)	0.3091700077056885	79.40917
834	(2.01972780848797+0.008500400643202899j)	0.3070251941680908	79.50449
835	(2.019975568039864+0.008594660770618545j)	0.3067812919616699	79.59982
836	(2.019774819093117+0.008406152795223498j)	0.33426499366760254	79.69515
837	(2.01976793493766+0.008232956329614405j)	0.311021089553833	79.79048
838	(2.0198792651335955+0.008508209303854097j)	0.31908512115478516	79.88581
839	(2.0197550379077014+0.008183467205226225j)	0.3068828582763672	79.98113
840	(2.0198976834295337+0.008341083231421909j)	0.3059391975402832	80.07646
841	(2.0199283271702337+0.008487407697417293j)	0.3094971179962158	80.17179
842	(2.0199386158037154+0.008146324147022765j)	0.3205890655517578	80.26712
843	(2.019920731849328+0.008162881954378087j)	0.3115198612213135	80.36245
844	(2.0199132147989785+0.008181943258671276j)	0.30972719192504883	80.45777
845	(2.019984407253612+0.008010393761215817j)	0.3081173896789551	80.5531
846	(2.019947750094854+0.008202695536520532j)	0.30727195739746094	80.64843
847	(2.0199326645626083+0.008188195058746572j)	0.30939292907714844	80.74376
848	(2.0200726408921885+0.007967893912216306j)	0.3116610050201416	80.83909
849	(2.0198723363504016+0.008161174687436268j)	0.30695176124572754	80.93441
850	(2.0200906653080923+0.007945825236252313j)	0.31090617179870605	81.02974
851	(2.0201513876439336+0.00789431218053005j)	0.3056960105895996	81.12507
852	(2.0199673551644017+0.008038051397112j)	0.30730700492858887	81.2204
853	(2.0205984236144388+0.00831864608203603j)	0.3066120147705078	81.31573
854	(2.0200305378390127+0.007922640084522037j)	0.30565690994262695	81.41105
855	(2.0199643284365965+0.007831040357317964j)	0.3208589553833008	81.50638
856	(2.02027747325415+0.007830176927589916j)	0.321972131729126	81.60171
857	(2.020324875236442+0.007770548520809384j)	0.3239431381225586	81.69704
858	(2.020003663204324+0.007758421294552176j)	0.32120394706726074	81.79237
859	(2.020332380096066+0.007808900505805849j)	0.30710291862487793	81.88769
860	(2.020115466534576+0.00769449046915327j)	0.3093712329864502	81.98302
861	(2.020120188898872+0.007688014048998659j)	0.3207380771636963	82.07835
862	(2.0203774883399435+0.0078097120194111636j)	0.31154584884643555	82.17368
863	(2.0201366929880535+0.0075825937662714615j)	0.30965209007263184	82.269
864	(2.020356222095412+0.00776978091635161j)	0.315946102142334	82.36433
865	(2.0204210545048733+0.0077158328514019825j)	0.31971311569213867	82.45966
866	(2.020252566852537+0.007491040114085412j)	0.3214881420135498	82.55499
867	(2.0207569925885718+0.007929458988408689j)	0.32941627502441406	82.65032
868	(2.020337282316106+0.007518732791716332j)	0.32089805603027344	82.74564
869	(2.0203286177125968+0.007465461640528082j)	0.30820703506469727	82.84097
870	(2.0204222262434977+0.007694981921556265j)	0.3127298355102539	82.9363
871	(2.020409468579974+0.007677207131894126j)	0.30579400062561035	83.03163
872	(2.0204713972135493+0.007412401193015117j)	0.30677127838134766	83.12696
873	(2.0204485493127464+0.007653537530014187j)	0.30600595474243164	83.22228
874	(2.020520744359396+0.007384652203013542j)	0.306765079498291	83.31761
875	(2.020554284781377+0.007390157452111246j)	0.30935001373291016	83.41294
876	(2.020440985622167+0.007597496280850158j)	0.3133420944213867	83.50827
877	(2.020570363719226+0.007500548117810646j)	0.3108808994293213	83.6036
878	(2.0205210283103714+0.007540970362753696j)	0.3181321620941162	83.69892
879	(2.020498162847508+0.007539174369722401j)	0.3109760284423828	83.79425
880	(2.0206252239115043+0.007380498249216272j)	0.3184468746185303	83.88958
881	(2.0206289225149288+0.007318769211464016j)	0.3068850040435791	83.98491
882	(2.0204862541518303+0.007482483632058279j)	0.313493013381958	84.08024
883	(2.0210362566475393+0.007562712757336554j)	0.29727721214294434	84.17556
884	(2.020562655262129+0.007486026805676671j)	0.30838990211486816	84.27089
885	(2.0205843616164243+0.007322504050513712j)	0.3088259696960449	84.36622
886	(2.0209062579669124+0.007413200455495206j)	0.32489919662475586	84.46155
887	(2.0207613733095084+0.007409374674413272j)	0.31714296340942383	84.55688
888	(2.0208852178078147+0.007392931421684845j)	0.30840301513671875	84.6522
889	(2.0207989933188633+0.007446707075706049j)	0.3118469715118408	84.74753
890	(2.020629126482764+0.00729442600872332j)	0.3103609085083008	84.84286
891	(2.0207634608988343+0.007342358426698725j)	0.3050878047943115	84.93819
892	(2.0207648439258024+0.007206210134639179j)	0.3051481246948242	85.03351
893	(2.020763225820576+0.007278230938978836j)	0.3075237274169922	85.12884
894	(2.0207347009548258+0.007321610892983554j)	0.3093559741973877	85.22417
895	(2.020684356947053+0.007277345161322835j)	0.31191325187683105	85.3195
896	(2.0207996936452153+0.007194230346361907j)	0.3062448501586914	85.41483
897	(2.020932006440271+0.007455726394520967j)	0.30809497833251953	85.51015
898	(2.0208359842872725+0.007232999025786335j)	0.3146171569824219	85.60548
899	(2.0209312777110764+0.007303682895536401j)	0.30741000175476074	85.70081
900	(2.0209068862227535+0.00745555201857917j)	0.31583094596862793	85.79614
901	(2.0209622090306754+0.007359288618197235j)	0.30569982528686523	85.89147
902	(2.0209681867319462+0.007479542871657308j)	0.3149540424346924	85.98679
903	(2.020917417031295+0.007395357722490781j)	0.3058586120605469	86.08212
904	(2.0209570066535427+0.007141884233897278j)	0.3059689998626709	86.17745
905	(2.0209710090875626+0.007315680727591811j)	0.3072950839996338	86.27278
906	(2.0209686157805886+0.007387976180176059j)	0.3123178482055664	86.36811
907	(2.021036553465809+0.007300494919873612j)	0.3208892345428467	86.46343
908	(2.0210018901676445+0.007279661275254812j)	0.32799315452575684	86.55876
909	(2.021078144533207+0.007276711153891391j)	0.323199987411499	86.65409
910	(2.021153311642578+0.0072292729268774725j)	0.3078300952911377	86.74942
911	(2.0210073604060628+0.007321391118078058j)	0.3079359531402588	86.84475
912	(2.0212068459542083+0.007276332264930296j)	0.323167085647583	86.94007
913	(2.0209937447935076+0.0073961492264080775j)	0.30974531173706055	87.0354
914	(2.0208945721361213+0.007340360394435308j)	0.31109094619750977	87.13073
915	(2.0210623965224355+0.007304623008288935j)	0.32653069496154785	87.22606
916	(2.021225351738913+0.007414576360452729j)	0.3064858913421631	87.32139
917	(2.020981077265639+0.007287829825723735j)	0.30939412117004395	87.41671
918	(2.021246977797981+0.007394106416617641j)	0.33136487007141113	87.51204
919	(2.011011162151088-0.0030851657326047555j)	0.3106729984283447	87.60737
920	(2.020964020117722+0.0072514788364042015j)	0.30637502670288086	87.7027
921	(2.0211464800205685+0.0073800007228961295j)	0.31815409660339355	87.79802
922	(2.0210125465273845+0.0072083102882127825j)	0.3071718215942383	87.89335
923	(2.0210696454234567+0.007298994073085652j)	0.31510210037231445	87.98868
924	(2.0211591548242334+0.007536072807593053j)	0.30875492095947266	88.08401
925	(2.0211142422266732+0.007296126531668001j)	0.30968594551086426	88.17934
926	(2.0211754516364113+0.007477592734987493j)	0.3123006820678711	88.27466
927	(2.021081514333794+0.007315838407321751j)	0.30579304695129395	88.36999
928	(2.0212386215212583+0.007480273166100115j)	0.31223106384277344	88.46532
929	(2.021136313258678+0.007394944856626173j)	0.3055760860443115	88.56065
930	(2.0211011571380197+0.00749555571758842j)	0.3072240352630615	88.65598
931	(2.021136921772076+0.00732435615789051j)	0.30492591857910156	88.7513
932	(2.02105552831674+0.0074462232632444j)	0.3167870044708252	88.84663
933	(2.02112901311063+0.00733378099698756j)	0.30925416946411133	88.94196
934	(2.0212282822275256+0.007211035282901568j)	0.30523014068603516	89.03729
935	(2.021092998363194+0.007414236630860271j)	0.30650925636291504	89.13262
936	(2.0212554762161403+0.007231981048679059j)	0.4444253444671631	89.22794
937	(2.021119544578129+0.007304863381555227j)	0.34922218322753906	89.32327
938	(2.021081948196735+0.007454191131922361j)	0.356564998626709	89.4186
939	(2.021191727652275+0.007323033929659162j)	0.3495450019836426	89.51393
940	(2.0211964405909155+0.00721871465828039j)	0.35268306732177734	89.60926
941	(2.0211756833519647+0.007438389884605101j)	0.34170103073120117	89.70458
942	(2.0213276511390745+0.007380404535530349j)	0.32874608039855957	89.79991
943	(2.021119345065496+0.007418082348182753j)	0.3500690460205078	89.89524
944	(2.0209723318127093+0.007355048001209452j)	0.36223506927490234	89.99057
945	(2.0211735245527476+0.007406625445768977j)	0.3365039825439453	90.0859
946	(2.020972340705728+0.007326080870864393j)	0.321850061416626	90.18122
947	(2.021117743378652+0.007383622471823559j)	0.3401479721069336	90.27655
948	(2.021243049733932+0.007432712491955096j)	0.33368682861328125	90.37188
949	(2.021031927511494+0.007332214265216019j)	0.3647348880767822	90.46721
950	(2.021230304575539+0.007444440421859433j)	0.3165090084075928	90.56253
951	(2.021084043119782+0.007304327086542384j)	0.32634997367858887	90.65786
952	(2.020950134414614+0.007192982531844305j)	0.34176182746887207	90.75319
953	(2.0210906582577666+0.007399325902952891j)	0.3442821502685547	90.84852
954	(2.0210991928816258+0.007475925124037386j)	0.3318188190460205	90.94385
955	(2.0210424265005895+0.007301278685017398j)	0.45764875411987305	91.03917
956	(2.0210585664930063+0.0075038952397038505j)	0.45423388481140137	91.1345
957	(2.021073338257003+0.007285569747664367j)	0.44963908195495605	91.22983
958	(2.021029373926819+0.007150475413198909j)	0.4754951000213623	91.32516
959	(2.0211018721065748+0.007400563591414611j)	0.32959890365600586	91.42049
960	(2.0210616380475956+0.007162134169007017j)	0.39272379875183105	91.51581
961	(2.021030344367736+0.007392786748009583j)	0.43933701515197754	91.61114
962	(2.0209649253257305+0.007439645986099919j)	0.392894983291626	91.70647
963	(2.021158985186277+0.007282784007482612j)	0.4473259449005127	91.8018
964	(2.021079892946208+0.0072160395738279925j)	0.38336801528930664	91.89713
965	(2.0210613826173054+0.007273547561932325j)	0.4572000503540039	91.99245
966	(2.0211181282164743+0.007208359041003254j)	0.4246180057525635	92.08778
967	(2.0208891064403267+0.007352337885983551j)	0.4456629753112793	92.18311
968	(2.020846180808911+0.007331612336677895j)	0.7338171005249023	92.27844
969	(2.0211241092405077+0.007243498673003779j)	0.4130899906158447	92.37377
970	(2.0208802403738177+0.007313550461161333j)	0.38135576248168945	92.46909
971	(2.021015018759198+0.007346143442411579j)	0.3519878387451172	92.56442
972	(2.02106935264505+0.007234560579671312j)	0.3666708469390869	92.65975
973	(2.021062603159532+0.00715421348950307j)	0.33124375343322754	92.75508
974	(2.0208757135354065+0.007229231993806762j)	0.3429539203643799	92.85041
975	(2.0208404485040137+0.00721180288153811j)	0.3269081115722656	92.94573
976	(2.020725779782315+0.0071981325556790265j)	0.34389591217041016	93.04106
977	(2.0210336667798385+0.007298189928309662j)	0.34001708030700684	93.13639
978	(2.0209917381412277+0.0072746318099855545j)	0.36428070068359375	93.23172
979	(2.020924438044534+0.00720376847033688j)	0.345200777053833	93.32704
980	(2.021062195717326+0.007274957251005243j)	0.33429503440856934	93.42237
981	(2.020859154246929+0.007096870375139841j)	0.3449878692626953	93.5177
982	(2.0209500978573196+0.0073066297655490775j)	0.33373284339904785	93.61303
983	(2.020963784079173+0.007246469814807033j)	0.45218515396118164	93.70836
984	(2.020808406293909+0.007041454545343884j)	0.41734814643859863	93.80368
985	(2.020901061514996+0.007268013894162206j)	0.4379868507385254	93.89901
986	(2.020905557674259+0.007254792177389113j)	0.328826904296875	93.99434
987	(2.020840234186685+0.007004921136365305j)	0.39823293685913086	94.08967
988	(2.0208379267996426+0.0070952037142384405j)	0.3642902374267578	94.185
989	(2.0208001226220906+0.007034876857827332j)	0.34972214698791504	94.28032
990	(2.0209255330404363+0.007064476005103182j)	0.3756999969482422	94.37565
991	(2.020793377869209+0.007221532417247101j)	0.3260021209716797	94.47098
992	(2.0208059605781425+0.007194083442130905j)	0.37276220321655273	94.56631
993	(2.02089391579558+0.007024189063997599j)	0.42430901527404785	94.66164
994	(2.0207675096787403+0.007177215821157046j)	0.44385790824890137	94.75696
995	(2.020920395029062+0.006984024412401868j)	0.5202741622924805	94.85229
996	(2.0208894588929747+0.006983746832938453j)	0.43758392333984375	94.94762
997	(2.0206719793925965+0.007093907469846283j)	0.40331578254699707	95.04295
998	(2.0207168104424844+0.007004331170174849j)	0.419727087020874	95.13828
999	(2.0206268908876983+0.007089303972468097j)	0.38068199157714844	95.2336
