	res_adaptive	time_adaptive	w
0	(0.996730040122776+0.0022392755221834104j)	0.44692277908325195	0.001
1	(1.1579515234342828-0.31983263462131095j)	0.4683840274810791	0.09633
2	(1.3070306050233447-0.5154022489345829j)	0.5014700889587402	0.19166
3	(1.4661392636018968-0.6608287281512152j)	0.56461501121521	0.28698
4	(1.632690183464501-0.7690564856362041j)	0.4690430164337158	0.38231
5	(1.8049471421089107-0.8432426568002593j)	0.4492049217224121	0.47764
6	(1.971359456985649-0.8870231445926541j)	0.41033506393432617	0.57297
7	(2.1565315408285635-0.8948254039395825j)	0.447131872177124	0.6683
8	(2.3256757046451684-0.8806636025100467j)	0.40086793899536133	0.76362
9	(2.487324161996789-0.833173604515483j)	0.40915417671203613	0.85895
10	(2.6339415913219777-0.767401878109505j)	0.4752678871154785	0.95428
11	(2.7659499941035826-0.677246366007448j)	0.49317097663879395	1.04961
12	(2.8782444067217594-0.5714038216732247j)	0.48763585090637207	1.14494
13	(2.9719705297430408-0.45419243096466083j)	0.427962064743042	1.24026
14	(3.0449097940670105-0.32980463635933577j)	0.4009277820587158	1.33559
15	(3.098615539019858-0.19810347047483756j)	0.4918191432952881	1.43092
16	(3.13552427077673-0.06631395449882302j)	0.45241880416870117	1.52625
17	(3.1537710339485443+0.06464136736673379j)	0.45603132247924805	1.62157
18	(3.1593433526316956+0.19213405130752723j)	0.4343860149383545	1.7169
19	(3.150971046687703+0.3173144157369581j)	0.3966200351715088	1.81223
20	(3.1307515572992717+0.43639806549371485j)	0.43927502632141113	1.90756
21	(3.1023811721876733+0.5501336293333026j)	0.4109938144683838	2.00289
22	(3.065953290878529+0.6599188939328078j)	0.4574429988861084	2.09821
23	(3.023674815915128+0.7661536127027292j)	0.42857909202575684	2.19354
24	(2.9721637579511464+0.8697583756172407j)	0.408034086227417	2.28887
25	(2.9150938764614933+0.9697884299169959j)	0.41712379455566406	2.3842
26	(2.848216513391899+1.0663278456049163j)	0.39574289321899414	2.47953
27	(2.7748646350361925+1.1622416948906584j)	0.378709077835083	2.57485
28	(2.6898634179881094+1.2539396614798282j)	0.3908700942993164	2.67018
29	(2.5954628512278664+1.3413480996556624j)	0.3858070373535156	2.76551
30	(2.4875285136932246+1.421274286880144j)	0.3762040138244629	2.86084
31	(2.3700044143400625+1.4935159627889267j)	0.3898451328277588	2.95617
32	(2.2406553109776692+1.556748867567476j)	0.3718132972717285	3.05149
33	(2.1030380514279994+1.6050877880091787j)	0.3614966869354248	3.14682
34	(1.9552823326919808+1.638717657547216j)	0.4239039421081543	3.24215
35	(1.802960094111325+1.6551540667986748j)	0.3939521312713623	3.33748
36	(1.645112017112748+1.6544270123667295j)	0.39626026153564453	3.43281
37	(1.4892623337081143+1.634327497789884j)	0.3459169864654541	3.52813
38	(1.3346125021472015+1.594596390087776j)	0.34371495246887207	3.62346
39	(1.1842495639394839+1.5371592790194293j)	0.34962010383605957	3.71879
40	(1.0431752312205147+1.4630757652051598j)	0.35311174392700195	3.81412
41	(0.914004435678927+1.3731719414560555j)	0.409224271774292	3.90945
42	(0.7966958428470812+1.2693752088645816j)	0.3555748462677002	4.00477
43	(0.6932027004152765+1.1567133182441025j)	0.3744392395019531	4.1001
44	(0.6048782182160601+1.0355364359627237j)	0.3453481197357178	4.19543
45	(0.5329288103993074+0.9079916317554257j)	0.3302650451660156	4.29076
46	(0.47352858880843135+0.7787125457353684j)	0.3624110221862793	4.38608
47	(0.4292904263235699+0.6485522110478439j)	0.36817097663879395	4.48141
48	(0.39547140798081193+0.5184867624034422j)	0.34718894958496094	4.57674
49	(0.37446453346592595+0.3899872754749678j)	0.321958065032959	4.67207
50	(0.36186325613471154+0.26423097061322587j)	0.37284111976623535	4.7674
51	(0.3585391725352421+0.13959788125276423j)	0.34370875358581543	4.86272
52	(0.36180944310599983+0.01666777930697662j)	0.3441200256347656	4.95805
53	(0.3723481174620208-0.1037377498649521j)	0.3534519672393799	5.05338
54	(0.38946383775683774-0.2250010618868624j)	0.32720303535461426	5.14871
55	(0.4154227575528439-0.3460617424588872j)	0.3666422367095947	5.24404
56	(0.4473257995210444-0.4679478689844096j)	0.3269197940826416	5.33936
57	(0.4911282350290194-0.589170337636806j)	0.3443291187286377	5.43469
58	(0.5443776217634976-0.7112312712666284j)	0.32079601287841797	5.53002
59	(0.6087808057722051-0.8315389346231742j)	0.3526630401611328	5.62535
60	(0.6866418825062706-0.9482319403829296j)	0.3714759349822998	5.72068
61	(0.7774510504300116-1.061343052980797j)	0.3489799499511719	5.816
62	(0.88344064772818-1.1665596488276126j)	0.35510993003845215	5.91133
63	(1.001554311587301-1.2622335790708084j)	0.33849000930786133	6.00666
64	(1.1326933628946554-1.3458372532095841j)	0.37342119216918945	6.10199
65	(1.2750913547611358-1.415024064585405j)	0.31879234313964844	6.19732
66	(1.4247173369748107-1.4679243263337751j)	0.3307499885559082	6.29264
67	(1.582574708642246-1.5030368709657922j)	0.33136630058288574	6.38797
68	(1.7426531005619905-1.5191377159931851j)	0.3243398666381836	6.4833
69	(1.902643980342422-1.5164605512658702j)	0.3442559242248535	6.57863
70	(2.061305586900981-1.4950465215340485j)	0.3466811180114746	6.67396
71	(2.2144234951683543-1.455831945434495j)	0.3535339832305908	6.76928
72	(2.3579463959095586-1.3997821436523072j)	0.36293983459472656	6.86461
73	(2.4918438987449782-1.3299970370397411j)	0.41690802574157715	6.95994
74	(2.6158822379711277-1.2478964814579823j)	0.3244011402130127	7.05527
75	(2.725982340846931-1.157288510651099j)	0.4927711486816406	7.15059
76	(2.8244512113927747-1.0581778241084092j)	0.5636029243469238	7.24592
77	(2.9113860364641657-0.9541388093600255j)	0.42989516258239746	7.34125
78	(2.9863062357144106-0.8470070246530134j)	0.4811220169067383	7.43658
79	(3.0515575716486003-0.7376392350130937j)	0.4175069332122803	7.53191
80	(3.106689593280593-0.6261645012200633j)	0.5076959133148193	7.62723
81	(3.1536195881764497-0.5143490470623131j)	0.4721498489379883	7.72256
82	(3.194492571141508-0.4002054163619778j)	0.45869016647338867	7.81789
83	(3.227087294679597-0.28491260802885177j)	0.3405911922454834	7.91322
84	(3.2539570508923847-0.16733415030033982j)	0.4177241325378418	8.00855
85	(3.2739345224376395-0.04677069232420239j)	1.3352301120758057	8.10387
86	(3.2861804507424397+0.07773029357842676j)	0.5021328926086426	8.1992
87	(3.289020643143439+0.20660615101957747j)	0.5237741470336914	8.29453
88	(3.2821205635860755+0.3380125818446452j)	0.4586610794067383	8.38986
89	(3.2636836901914554+0.47318717265147436j)	0.3923189640045166	8.48519
90	(3.2312649443345434+0.6095370503123235j)	0.4082529544830322	8.58051
91	(3.1844826782467317+0.745856773415006j)	0.5582261085510254	8.67584
92	(3.122071181086886+0.8810020072113188j)	0.5858981609344482	8.77117
93	(3.0433671788007923+1.010706485976757j)	0.3546786308288574	8.8665
94	(2.9491751089612115+1.1343496408021785j)	0.6789629459381104	8.96183
95	(2.839660874616833+1.2470807770876309j)	0.4792201519012451	9.05715
96	(2.7165464341422236+1.348315875503972j)	0.6731932163238525	9.15248
97	(2.5802471872227017+1.4343822259948993j)	0.6884641647338867	9.24781
98	(2.435966645874766+1.5032308416893232j)	0.4012300968170166	9.34314
99	(2.2845565406092097+1.5553397008846908j)	0.478834867477417	9.43847
100	(2.129423370110326+1.5885366933337255j)	0.5253849029541016	9.53379
101	(1.9725003688956104+1.6030246098984198j)	0.5570991039276123	9.62912
102	(1.8187630389630325+1.5999070533177102j)	0.44841504096984863	9.72445
103	(1.669531183222452+1.5808144840673597j)	0.46716785430908203	9.81978
104	(1.5264788549791737+1.5465148266957516j)	0.4650101661682129	9.9151
105	(1.3910441710437091+1.4988167932979852j)	0.4468519687652588	10.01043
106	(1.2648567659734078+1.4404932189190693j)	0.5510280132293701	10.10576
107	(1.1481462171023247+1.3738164598089926j)	0.40347719192504883	10.20109
108	(1.0401551234334308+1.2994439050178275j)	0.3429691791534424	10.29642
109	(0.940801460101552+1.2196126781540375j)	0.36492300033569336	10.39174
110	(0.8497129596572341+1.1356209267965447j)	0.3534858226776123	10.48707
111	(0.7647364969525119+1.0473249143904355j)	0.4358339309692383	10.5824
112	(0.6864181416680377+0.9549036278253447j)	0.3568150997161865	10.67773
113	(0.613410434954915+0.8588914648900174j)	0.33655881881713867	10.77306
114	(0.545885505502965+0.7569887324510494j)	0.3585338592529297	10.86838
115	(0.48310874690105504+0.650799751837297j)	0.4570469856262207	10.96371
116	(0.42716286156057615+0.5373717401143653j)	0.3822340965270996	11.05904
117	(0.37806947169142124+0.41747558513177113j)	0.3546440601348877	11.15437
118	(0.3364835465010683+0.2901896704875206j)	0.49183106422424316	11.2497
119	(0.3060593824965283+0.15539462311550564j)	0.3358900547027588	11.34502
120	(0.2875852821012554+0.01505402972330136j)	0.33237409591674805	11.44035
121	(0.282610053137363-0.13082696898413865j)	0.35872793197631836	11.53568
122	(0.29344382440652583-0.28084550064791725j)	0.3391079902648926	11.63101
123	(0.3211230730182313-0.4318647396272358j)	0.3403968811035156	11.72634
124	(0.36569957713302764-0.5816628274827736j)	0.32961010932922363	11.82166
125	(0.42886797286508166-0.7272247587867112j)	0.34998464584350586	11.91699
126	(0.5084730139986852-0.8662591474385928j)	0.3407630920410156	12.01232
127	(0.6047774396872133-0.9953939642796773j)	0.3485372066497803	12.10765
128	(0.7160659181694141-1.1116534382228163j)	0.35436010360717773	12.20298
129	(0.8399517107940223-1.214009218495773j)	0.34168505668640137	12.2983
130	(0.9733809961404827-1.300583207603919j)	0.3872830867767334	12.39363
131	(1.1132597754713285-1.3700852138201582j)	0.35120701789855957	12.48896
132	(1.2581015646341969-1.4222454552385404j)	0.3493318557739258	12.58429
133	(1.4040798392898803-1.457461138133921j)	0.34830307960510254	12.67961
134	(1.5489454804426936-1.4771642783095464j)	0.512998104095459	12.77494
135	(1.691967849555777-1.4814643558361946j)	0.5637638568878174	12.87027
136	(1.8290539837542696-1.4729073155280286j)	0.5183820724487305	12.9656
137	(1.962059640264138-1.4537673283103254j)	0.5597360134124756	13.06093
138	(2.0882582734995623-1.4243573361332957j)	0.5758001804351807	13.15625
139	(2.2093624363762205-1.3866276225912215j)	0.536121129989624	13.25158
140	(2.324521906694702-1.341852242561108j)	0.3961598873138428	13.34691
141	(2.435570290935524-1.2915178762699402j)	0.7105610370635986	13.44224
142	(2.5418994072412318-1.2348944030506805j)	0.4232769012451172	13.53757
143	(2.644958241549729-1.1719513854809862j)	0.42256593704223633	13.63289
144	(2.744842815248113-1.1023358300603423j)	0.5272409915924072	13.72822
145	(2.8423757848924804-1.0265393243978758j)	0.5504410266876221	13.82355
146	(2.936218857474361-0.9414541306233102j)	0.39818596839904785	13.91888
147	(3.0257069705791237-0.8477283778625297j)	0.3701350688934326	14.01421
148	(3.1104472846865816-0.7437063672827027j)	0.49393463134765625	14.10953
149	(3.1883681888839015-0.6291457203674384j)	0.33214402198791504	14.20486
150	(3.2564962133432447-0.5039829045128308j)	0.42284274101257324	14.30019
151	(3.313223899643421-0.3694940953686414j)	0.355806827545166	14.39552
152	(3.357326075119435-0.22522828098167946j)	0.3373539447784424	14.49085
153	(3.3853218253203523-0.07487994384550323j)	0.38874292373657227	14.58617
154	(3.3968964906629004+0.0809690958491005j)	0.7760269641876221	14.6815
155	(3.38986774849718+0.23947158331389073j)	0.5681881904602051	14.77683
156	(3.3645543941345526+0.3980718277731947j)	0.4139060974121094	14.87216
157	(3.320526207016573+0.5523809603471654j)	0.36371302604675293	14.96749
158	(3.2582056055711144+0.7004893852124454j)	0.40418028831481934	15.06281
159	(3.1785731878832753+0.8396027236180508j)	0.4333779811859131	15.15814
160	(3.085153443702893+0.9670148352913284j)	0.38647007942199707	15.25347
161	(2.979205430226397+1.0810778618137777j)	0.44186902046203613	15.3488
162	(2.8631530681970863+1.1809689786102706j)	0.40208888053894043	15.44412
163	(2.7399749373428737+1.2652957859705172j)	0.3998432159423828	15.53945
164	(2.611833733660349+1.3352457744984405j)	0.3979172706604004	15.63478
165	(2.4815691820158112+1.3903981693667875j)	0.4046518802642822	15.73011
166	(2.350951575856804+1.431196084137957j)	0.3590719699859619	15.82544
167	(2.2222404831020532+1.4621698238366942j)	0.4117240905761719	15.92076
168	(2.0926902569422654+1.4785543868608904j)	0.3931162357330322	16.01609
169	(1.966562467418982+1.487332221995466j)	0.33855104446411133	16.11142
170	(1.8434482215892705+1.4869705525978318j)	0.35940098762512207	16.20675
171	(1.7221629828382379+1.4800673822779198j)	0.7223250865936279	16.30208
172	(1.6023789168697056+1.4666851841567021j)	0.4681549072265625	16.3974
173	(1.4835977082181855+1.4452205338668183j)	0.6025369167327881	16.49273
174	(1.364268322747417+1.4171716196661994j)	0.39452695846557617	16.58806
175	(1.2454060612249243+1.3808529277360837j)	0.346142053604126	16.68339
176	(1.1263913013992348+1.335244231176456j)	0.33416199684143066	16.77872
177	(1.0079049280034469+1.2799871781355332j)	0.3201479911804199	16.87404
178	(0.8912507858776137+1.2133588983389778j)	0.3722548484802246	16.96937
179	(0.7771347678252988+1.133836719437498j)	0.3678719997406006	17.0647
180	(0.6678560099549927+1.0406280498155773j)	0.35901427268981934	17.16003
181	(0.565744121790893+0.9349149895830082j)	0.3480679988861084	17.25536
182	(0.4728888900540601+0.8154094890642142j)	0.36808109283447266	17.35068
183	(0.3920613753059975+0.6839869626700104j)	0.3710048198699951	17.44601
184	(0.3248443723459481+0.5418132448908239j)	0.3264892101287842	17.54134
185	(0.27502376620649915+0.3906910449767671j)	0.3530149459838867	17.63667
186	(0.24236619043593075+0.2339278232034503j)	0.33112192153930664	17.732
187	(0.22800906476644373+0.07293594265303319j)	0.34410715103149414	17.82732
188	(0.23384120506483386-0.08775288337576005j)	0.33805012702941895	17.92265
189	(0.2572736488291212-0.2455940385155475j)	0.35367870330810547	18.01798
190	(0.29926225669790796-0.39862882731015303j)	0.3392608165740967	18.11331
191	(0.3570538649813414-0.5429114404931349j)	0.3336360454559326	18.20863
192	(0.429561152723288-0.6775807273026616j)	0.34297919273376465	18.30396
193	(0.5132687917276154-0.8003114802081437j)	0.3540000915527344	18.39929
194	(0.6072621897590191-0.9114023380659265j)	0.3478081226348877	18.49462
195	(0.7093125535847735-1.009238282347168j)	0.34439992904663086	18.58995
196	(0.8152617242927953-1.0954072731719249j)	0.34709620475769043	18.68527
197	(0.9251214638331853-1.1692323655708832j)	0.3855576515197754	18.7806
198	(1.0374732509806301-1.232517291963728j)	0.43116211891174316	18.87593
199	(1.1512105728777968-1.2864096907646698j)	0.3381509780883789	18.97126
200	(1.2653497818390502-1.3322711205213773j)	0.3463020324707031	19.06659
201	(1.380181768099887-1.3701916715002878j)	0.3670012950897217	19.16191
202	(1.4972870776693592-1.4013663199149353j)	0.3720853328704834	19.25724
203	(1.615746131261012-1.425964208361504j)	0.33522891998291016	19.35257
204	(1.7366884042149806-1.4439943746624124j)	0.3395731449127197	19.4479
205	(1.8611221653933459-1.4537485144823667j)	0.32082200050354004	19.54323
206	(1.9886881657029978-1.4553947200383262j)	0.3395986557006836	19.63855
207	(2.119892239398244-1.4467678731337381j)	0.3503422737121582	19.73388
208	(2.2535352908280317-1.426862713690097j)	0.36876416206359863	19.82921
209	(2.3896727014679273-1.3942658443007465j)	0.34096407890319824	19.92454
210	(2.5260605770961666-1.3472146276408283j)	0.3416719436645508	20.01987
211	(2.659676199642034-1.2851988083800492j)	0.3528618812561035	20.11519
212	(2.7894138286824988-1.2070987923132435j)	0.3645510673522949	20.21052
213	(2.913105207980146-1.1135456501048369j)	0.35426807403564453	20.30585
214	(3.0265308006659826-1.0046910601262187j)	0.35343289375305176	20.40118
215	(3.1277243090790745-0.8816118924642568j)	0.3729281425476074	20.49651
216	(3.2147544142018494-0.7470023835574924j)	0.3366658687591553	20.59183
217	(3.2851540588677657-0.6020306565991198j)	0.3933229446411133	20.68716
218	(3.3374172414921612-0.4502954870753202j)	0.3841710090637207	20.78249
219	(3.3720001836716786-0.2944916698684861j)	0.3502020835876465	20.87782
220	(3.3874830635446305-0.13792619109161963j)	0.3292410373687744	20.97314
221	(3.3856002964323295+0.01727719145350215j)	0.3427121639251709	21.06847
222	(3.3663514939878842+0.1679622804691021j)	0.36025214195251465	21.1638
223	(3.3324952839612427+0.31258236120432414j)	0.32874393463134766	21.25913
224	(3.2852210020270762+0.4486800656523491j)	0.3749239444732666	21.35446
225	(3.2262574525411445+0.5765248720251883j)	0.401914119720459	21.44978
226	(3.158811455848072+0.6940080009250182j)	0.41016125679016113	21.54511
227	(3.083350416086268+0.8026111111787597j)	0.38481569290161133	21.64044
228	(3.0021304052809343+0.9019214843065346j)	0.4143068790435791	21.73577
229	(2.916986226604668+0.9933183745374439j)	0.44072413444519043	21.8311
230	(2.8263962091073065+1.0772140969550799j)	0.36853885650634766	21.92642
231	(2.7343966252018834+1.154524694868572j)	0.3526291847229004	22.02175
232	(2.6372874425089545+1.2265062989774866j)	0.3421158790588379	22.11708
233	(2.5361804896734466+1.292181058307344j)	0.5027320384979248	22.21241
234	(2.429702397812557+1.353074655100328j)	0.4494340419769287	22.30774
235	(2.3170912751303137+1.4081176871131933j)	0.5759479999542236	22.40306
236	(2.1981109409205124+1.4564176403980142j)	0.4793088436126709	22.49839
237	(2.072397974218287+1.4959914222023918j)	0.4106588363647461	22.59372
238	(1.939805903524202+1.5261918639694583j)	0.46917295455932617	22.68905
239	(1.8006866831660215+1.5450203715254247j)	0.38547468185424805	22.78438
240	(1.656234866403403+1.5497356529568682j)	0.46517491340637207	22.8797
241	(1.508148135084176+1.540350180821629j)	0.42082786560058594	22.97503
242	(1.358079009874908+1.5143369561671203j)	0.4478130340576172	23.07036
243	(1.209407116344059+1.4705335597450364j)	0.41434502601623535	23.16569
244	(1.0641063038192984+1.4095240043120383j)	0.35568690299987793	23.26102
245	(0.9249536201923187+1.3308770479698433j)	0.3755640983581543	23.35634
246	(0.7955428971180828+1.236098040746227j)	0.341860294342041	23.45167
247	(0.6774649284122788+1.1256783117773534j)	0.36443281173706055	23.547
248	(0.5740887697526141+1.0030884128244575j)	0.3698387145996094	23.64233
249	(0.4862712192091782+0.8704127939468093j)	0.3303709030151367	23.73765
250	(0.4152369118890582+0.7297287322524351j)	0.36497020721435547	23.83298
251	(0.36150590382925274+0.5844685114151648j)	0.3551480770111084	23.92831
252	(0.3247784262034286+0.43731775338532486j)	0.3330800533294678	24.02364
253	(0.30509485507600614+0.29060237660396293j)	0.3422279357910156	24.11897
254	(0.2995448315545448+0.14673198698498005j)	0.3583550453186035	24.21429
255	(0.3083571245820983+0.00737535051925349j)	0.34653425216674805	24.30962
256	(0.3286237143351067-0.12639909176220748j)	0.3502938747406006	24.40495
257	(0.3589881526139543-0.2546081380216694j)	0.3698699474334717	24.50028
258	(0.39775162182621904-0.37662766943450476j)	0.31726503372192383	24.59561
259	(0.44362143567965573-0.4924412312601565j)	0.3459949493408203	24.69093
260	(0.49608720911056403-0.6033112115290971j)	0.3355567455291748	24.78626
261	(0.5537408834251989-0.7093677481575739j)	0.34219813346862793	24.88159
262	(0.617536412935411-0.8118873321404545j)	0.3369102478027344	24.97692
263	(0.6876417849171872-0.9109007386247987j)	0.3270881175994873	25.07225
264	(0.7645385474037114-1.0072033316040856j)	0.32663798332214355	25.16757
265	(0.8495280248170777-1.0995445974749951j)	0.3396778106689453	25.2629
266	(0.9433536312130533-1.188526945064241j)	0.3449561595916748	25.35823
267	(1.0458065605919422-1.2719795040939286j)	0.4121739864349365	25.45356
268	(1.1593027579511115-1.34883581285382j)	0.5853872299194336	25.54889
269	(1.2825180807775953-1.4169611765908026j)	0.32622694969177246	25.64421
270	(1.4160297422131467-1.4744766366804942j)	0.34697699546813965	25.73954
271	(1.5578072079028886-1.5192048359318244j)	0.33849596977233887	25.83487
272	(1.7075354014039577-1.5491639761432905j)	0.32491111755371094	25.9302
273	(1.8628371620698236-1.5619971459571524j)	0.3096930980682373	26.02553
274	(2.020879363540546-1.5578850489665204j)	0.3208448886871338	26.12085
275	(2.178744409754789-1.534103680121043j)	0.30773091316223145	26.21618
276	(2.3340178440237884-1.4921568895103938j)	0.31871795654296875	26.31151
277	(2.483539361743207-1.432216825937216j)	0.3287370204925537	26.40684
278	(2.62419106732058-1.355120162639575j)	0.33762598037719727	26.50216
279	(2.7535421341433737-1.2626708992805293j)	0.3286290168762207	26.59749
280	(2.87024555286896-1.1573665052268376j)	0.33007192611694336	26.69282
281	(2.9719572025019536-1.041959354834949j)	0.3356759548187256	26.78815
282	(3.058947686737261-0.9184208784501233j)	0.3496577739715576	26.88348
283	(3.1303666119625158-0.7896029007186112j)	0.3870508670806885	26.9788
284	(3.187023140566409-0.6580957000267376j)	0.4037015438079834	27.07413
285	(3.229421212029758-0.525382690646567j)	0.37175798416137695	27.16946
286	(3.259151669750578-0.39407170023887306j)	0.38334202766418457	27.26479
287	(3.278056785077747-0.2646755699174308j)	0.38994908332824707	27.36012
288	(3.2858432797332817-0.1378926178751243j)	0.4608781337738037	27.45544
289	(3.2859729622866904-0.01339067853666287j)	0.3233621120452881	27.55077
290	(3.2780654684186565+0.10847544783106255j)	0.38544487953186035	27.6461
291	(3.2630413230172226+0.22797871150022453j)	0.44533801078796387	27.74143
292	(3.2405033276004356+0.34656896716866104j)	0.39133501052856445	27.83676
293	(3.212511667334894+0.4650096734341428j)	0.4559800624847412	27.93208
294	(3.176313990042286+0.5824842060957901j)	0.3106348514556885	28.02741
295	(3.130915031409957+0.7002911628331778j)	0.3399057388305664	28.12274
296	(3.0761433882420053+0.8173727500602351j)	0.4062159061431885	28.21807
297	(3.0105330860372024+0.9333589293472536j)	0.34668493270874023	28.3134
298	(2.932657473443305+1.0460196729168951j)	0.3317408561706543	28.40872
299	(2.842175414545161+1.1551502957274216j)	0.3822159767150879	28.50405
300	(2.738187475613146+1.2572453659489153j)	0.4143848419189453	28.59938
301	(2.6211809541490645+1.3502169144400282j)	0.48970913887023926	28.69471
302	(2.4919379611706156+1.4326579416893646j)	0.45769596099853516	28.79004
303	(2.3519357133120953+1.5008849559422015j)	0.456956148147583	28.88536
304	(2.202496436419348+1.5531643851404378j)	0.3491041660308838	28.98069
305	(2.0460134190956283+1.5881262277278951j)	0.3257730007171631	29.07602
306	(1.8861573586869231+1.6047221115821075j)	0.48771095275878906	29.17135
307	(1.7251921550532003+1.6020839216350895j)	0.3435940742492676	29.26667
308	(1.5664391561103324+1.5805684252727057j)	0.3166389465332031	29.362
309	(1.4126211145506802+1.5412780307424414j)	0.3242020606994629	29.45733
310	(1.2662676912749775+1.4850575292929638j)	0.3271620273590088	29.55266
311	(1.130064793201877+1.4138035084893459j)	0.4759080410003662	29.64799
312	(1.0044575842258348+1.3304059290315209j)	0.3556349277496338	29.74331
313	(0.8918657709440412+1.2364767351996817j)	0.36820316314697266	29.83864
314	(0.7914752545108482+1.1348284671644482j)	0.3639800548553467	29.93397
315	(0.7046085772900725+1.026876083679326j)	0.4921412467956543	30.0293
316	(0.629221665982488+0.9160020408632246j)	0.3562607765197754	30.12463
317	(0.5651571272054368+0.8023764154320158j)	0.5232992172241211	30.21995
318	(0.5110025960282862+0.6877997868174386j)	0.6599538326263428	30.31528
319	(0.4659931531339129+0.5725392596213758j)	0.4562387466430664	30.41061
320	(0.42852407963368533+0.4564966095027386j)	0.35451292991638184	30.50594
321	(0.39830096799777304+0.3393170113408738j)	0.3816370964050293	30.60127
322	(0.3744191117244761+0.2210108524991321j)	0.5781681537628174	30.69659
323	(0.3581916195212715+0.10055319764229989j)	0.3338439464569092	30.79192
324	(0.3486023945161477-0.02285160961576785j)	0.31676697731018066	30.88725
325	(0.34717406332129536-0.1498082733461128j)	0.3797900676727295	30.98258
326	(0.35549497306694555-0.27887379006106755j)	0.3628048896789551	31.07791
327	(0.3746899243930857-0.4117828554086296j)	0.3356308937072754	31.17323
328	(0.4068783619243561-0.5461547615826717j)	0.3388481140136719	31.26856
329	(0.451433175172568-0.6807284060635485j)	0.38047099113464355	31.36389
330	(0.5114153112394665-0.8142403753235828j)	0.33138108253479004	31.45922
331	(0.5871772261146159-0.9438513918903373j)	0.3976311683654785	31.55455
332	(0.6781665686395972-1.067359249780426j)	0.36455321311950684	31.64987
333	(0.7848229473156922-1.181923226133634j)	0.3473799228668213	31.7452
334	(0.9053622081559128-1.2852366525446788j)	0.3297910690307617	31.84053
335	(1.0386125506121386-1.3746263648939667j)	0.5645861625671387	31.93586
336	(1.1817745393632866-1.4472522172910218j)	0.5110909938812256	32.03118
337	(1.3331288394693006-1.5032600103104992j)	0.3439750671386719	32.12651
338	(1.488559766776033-1.5402186442019814j)	0.341965913772583	32.22184
339	(1.6458858001272152-1.558878235513316j)	0.39908814430236816	32.31717
340	(1.8028305642949132-1.559195730452024j)	0.7234070301055908	32.4125
341	(1.9547322677121968-1.5424569159466714j)	0.3580150604248047	32.50782
342	(2.101396080438378-1.509718972839754j)	0.3318331241607666	32.60315
343	(2.239728552604246-1.4633681347435927j)	0.32967686653137207	32.69848
344	(2.3695560005723353-1.4051351151572125j)	0.41499924659729004	32.79381
345	(2.4896023879255993-1.3373057685776566j)	0.42342519760131836	32.88914
346	(2.5994140433444817-1.2615170469337542j)	0.39647603034973145	32.98446
347	(2.7005120620954237-1.179834018040801j)	0.4076049327850342	33.07979
348	(2.7922496720488006-1.0931244426962559j)	0.3557908535003662	33.17512
349	(2.876278952423625-1.0031618574660905j)	0.34671688079833984	33.27045
350	(2.953808609783322-0.9089469093416953j)	0.34530186653137207	33.36578
351	(3.024900947429901-0.8118083836688003j)	0.36429524421691895	33.4611
352	(3.0904508551970404-0.7100400657954997j)	0.3280761241912842	33.55643
353	(3.150305098684212-0.6037145151580207j)	0.35619616508483887	33.65176
354	(3.2047207512530598-0.49243731714703975j)	0.355762243270874	33.74709
355	(3.252163111714436-0.3748331501174562j)	0.4750101566314697	33.84242
356	(3.292139656953014-0.2506697779157321j)	0.3935720920562744	33.93774
357	(3.3229719126261514-0.11965336367158795j)	0.41280102729797363	34.03307
358	(3.342812214380242+0.017148337618344098j)	0.3957841396331787	34.1284
359	(3.3491435993933067+0.15961421762646483j)	0.376859188079834	34.22373
360	(3.341460185941837+0.3066821944700817j)	0.33710217475891113	34.31906
361	(3.3179053419256497+0.4550153651939911j)	0.35394811630249023	34.41438
362	(3.2771254234048435+0.6039157064404654j)	0.37482523918151855	34.50971
363	(3.218836912497088+0.7494726730638912j)	0.34697890281677246	34.60504
364	(3.1435844895589913+0.8891370507992633j)	0.3341209888458252	34.70037
365	(3.0508888399670924+1.0202124942806015j)	0.3436861038208008	34.79569
366	(2.9437027039995907+1.1401014968258145j)	0.34148502349853516	34.89102
367	(2.82306390704797+1.2463629658833786j)	0.3894481658935547	34.98635
368	(2.691018326459013+1.3367056273691573j)	0.3675718307495117	35.08168
369	(2.551225004458423+1.410822811949651j)	0.3325371742248535	35.17701
370	(2.405835994129666+1.4670563923127302j)	0.3542957305908203	35.27233
371	(2.2581122651153995+1.5060713197792455j)	0.6206140518188477	35.36766
372	(2.110091273555058+1.5287187955618777j)	0.3323698043823242	35.46299
373	(1.9644815676423364+1.5355078682912853j)	0.42307472229003906	35.55832
374	(1.823597101768436+1.5283533827533082j)	0.43227386474609375	35.65365
375	(1.6875352786200215+1.5085000565185316j)	0.34622907638549805	35.74897
376	(1.5581030201326453+1.4785603233565365j)	0.3476231098175049	35.8443
377	(1.4350449632099376+1.4396046058640288j)	0.374298095703125	35.93963
378	(1.3181959272280734+1.3926207075884545j)	0.36252522468566895	36.03496
379	(1.2069571307582145+1.3395703537032047j)	0.5062756538391113	36.13029
380	(1.1006576130779697+1.2807335688022004j)	0.44510912895202637	36.22561
381	(0.9988158734236953+1.2162286933317779j)	0.3431401252746582	36.32094
382	(0.9000702377131463+1.1458541947757004j)	0.3473520278930664	36.41627
383	(0.8050085152514806+1.0689373068142625j)	0.3395547866821289	36.5116
384	(0.7132053476967118+0.9850390981244099j)	0.3402822017669678	36.60693
385	(0.6256499693123742+0.8924056144036449j)	0.3179640769958496	36.70225
386	(0.542929740340094+0.7912438903167734j)	0.30965232849121094	36.79758
387	(0.4662518586369667+0.6803034239680601j)	0.331648588180542	36.89291
388	(0.3980973575714057+0.5585857954534139j)	0.31620287895202637	36.98824
389	(0.3396968190753416+0.42767290455488743j)	0.313122034072876	37.08357
390	(0.2935249133110197+0.2876024524028355j)	0.35912585258483887	37.17889
391	(0.26174162560501957+0.1397561159962294j)	0.3560760021209717	37.27422
392	(0.2456988279895816-0.014068246344850887j)	0.4369211196899414	37.36955
393	(0.24747122433269783-0.17111351363927993j)	0.3767969608306885	37.46488
394	(0.26767321198098704-0.32913961162314814j)	0.4122309684753418	37.5602
395	(0.30666804605979037-0.4849121737208768j)	0.5998828411102295	37.65553
396	(0.3637359505229859-0.6351316860956224j)	0.3447377681732178	37.75086
397	(0.4383373330422171-0.777633751043729j)	0.4072120189666748	37.84619
398	(0.528610518236822-0.9096569847045759j)	0.3740222454071045	37.94152
399	(0.6323491583094485-1.0287735385624202j)	0.5863921642303467	38.03684
400	(0.7472075896646599-1.1337368979060396j)	0.34473204612731934	38.13217
401	(0.8704616260269702-1.2233079193933891j)	0.3259298801422119	38.2275
402	(0.9995340111160189-1.2978551418013498j)	0.3451871871948242	38.32283
403	(1.1318345542522177-1.357014749167615j)	0.3457679748535156	38.41816
404	(1.2657305796456426-1.4010727979213622j)	0.37822580337524414	38.51348
405	(1.3987202915464039-1.4322214616272917j)	0.33212876319885254	38.60881
406	(1.529563815235077-1.4509917823142022j)	0.519974946975708	38.70414
407	(1.6582300799136915-1.459897024866652j)	0.3868880271911621	38.79947
408	(1.7838214088853261-1.4594765726929655j)	0.3277130126953125	38.8948
409	(1.906034628797196-1.4512159333945605j)	0.3176710605621338	38.99012
410	(2.0266537670434626-1.4354670651598989j)	0.346663236618042	39.08545
411	(2.1451260641985423-1.413113058693291j)	0.35332489013671875	39.18078
412	(2.2625925028964424-1.3844131403742028j)	0.5364859104156494	39.27611
413	(2.3795204965859207-1.3476607924032347j)	0.39046502113342285	39.37144
414	(2.495808536357583-1.302839495760804j)	0.3856079578399658	39.46676
415	(2.61195669740496-1.2488672899677355j)	0.42174601554870605	39.56209
416	(2.7262820183382406-1.184579682530027j)	0.4364650249481201	39.65742
417	(2.838751644685704-1.1087562783365135j)	0.41390109062194824	39.75275
418	(2.947278756436602-1.0201642305673733j)	0.36618804931640625	39.84808
419	(3.049422903466354-0.9191837926947863j)	0.39609694480895996	39.9434
420	(3.1435810464023395-0.8045318561848875j)	0.3833589553833008	40.03873
421	(3.226957187424934-0.6782944313919421j)	0.35459303855895996	40.13406
422	(3.2975271331498446-0.5401430797282165j)	0.32734179496765137	40.22939
423	(3.3524328506097456-0.3925713734880609j)	0.3336470127105713	40.32471
424	(3.390643607687733-0.2378914207074584j)	0.35610508918762207	40.42004
425	(3.410604559277276-0.07859427541954078j)	0.3467411994934082	40.51537
426	(3.411145707161735+0.08224927406480187j)	0.3292078971862793	40.6107
427	(3.393085965945975+0.24214385490303203j)	0.37161898612976074	40.70603
428	(3.3566250942295395+0.3972218052456616j)	0.33839917182922363	40.80135
429	(3.3029447543439563+0.5453670079534418j)	0.3319830894470215	40.89668
430	(3.2337283045395417+0.6845945469669183j)	0.36821818351745605	40.99201
431	(3.151353897766042+0.8121556215091237j)	0.3464670181274414	41.08734
432	(3.058487677149117+0.9275799309258986j)	0.32324981689453125	41.18267
433	(2.9564446961209927+1.0301674056243595j)	0.35440826416015625	41.27799
434	(2.8486414858300986+1.1195771406945372j)	0.33674192428588867	41.37332
435	(2.736685432942197+1.1966922881396516j)	0.3283681869506836	41.46865
436	(2.6219744198694492+1.261755258508471j)	0.359774112701416	41.56398
437	(2.5062682975917676+1.3168283822502476j)	0.3558919429779053	41.65931
438	(2.38984998985735+1.3620670566525044j)	0.42736101150512695	41.75463
439	(2.273035478092433+1.3993570070578008j)	0.3857553005218506	41.84996
440	(2.1557613047496664+1.429488059247269j)	0.43629002571105957	41.94529
441	(2.037072960426033+1.4521613258732056j)	0.35098981857299805	42.04062
442	(1.917390302451394+1.4684333849373443j)	0.3238990306854248	42.13595
443	(1.7944534526845506+1.4772311972281764j)	0.374514102935791	42.23127
444	(1.6696001653034012+1.478541403261397j)	0.453732967376709	42.3266
445	(1.5412854963314233+1.4707029427019496j)	0.41001391410827637	42.42193
446	(1.4104739282664847+1.452136554107828j)	0.3810298442840576	42.51726
447	(1.2775447339298673+1.4224231256852489j)	0.34841418266296387	42.61259
448	(1.144167886572332+1.3791062650822603j)	0.35134387016296387	42.70791
449	(1.011301619942215+1.3217271420442496j)	0.3549623489379883	42.80324
450	(0.8815246085633826+1.2489933413903485j)	0.366314172744751	42.89857
451	(0.7578557893619378+1.16072009088974j)	0.38526010513305664	42.9939
452	(0.6418222565101861+1.0570035695243705j)	0.3898470401763916	43.08922
453	(0.5371899947727943+0.9390617366958134j)	0.3736851215362549	43.18455
454	(0.4455384985536727+0.808466962542565j)	0.36690711975097656	43.27988
455	(0.36977865043034275+0.6666595013803254j)	0.3281841278076172	43.37521
456	(0.31108785393301863+0.5165603554200383j)	0.3327672481536865	43.47054
457	(0.2704031143818536+0.36141366994138746j)	0.3353908061981201	43.56586
458	(0.24885410515768386+0.20338363420950195j)	0.36554408073425293	43.66119
459	(0.2452154933995163+0.0461904286304764j)	0.3235630989074707	43.75652
460	(0.2592518251743403-0.10806598267041108j)	0.3362598419189453	43.85185
461	(0.2899740078743734-0.25630299313854277j)	0.3387949466705322	43.94718
462	(0.3350089560336327-0.39730641847244696j)	0.3516840934753418	44.0425
463	(0.3922434752049935-0.529169883542865j)	0.3585500717163086	44.13783
464	(0.459857814986262-0.6512149642039708j)	0.33056116104125977	44.23316
465	(0.5358001792497558-0.7634444711376417j)	0.33909010887145996	44.32849
466	(0.6179891980518455-0.865815811605693j)	0.3394160270690918	44.42382
467	(0.705497486563224-0.9588518790052774j)	0.3236408233642578	44.51914
468	(0.7970455352468322-1.043594532579792j)	0.32214975357055664	44.61447
469	(0.8915777394337129-1.121074283205932j)	0.33080410957336426	44.7098
470	(0.9896491418917974-1.192259796515492j)	0.3497190475463867	44.80513
471	(1.0913641321102499-1.2568377753512163j)	0.32335925102233887	44.90046
472	(1.1970943852889617-1.3165415884043146j)	0.3442878723144531	44.99578
473	(1.3079062122597325-1.369654944107209j)	0.41658592224121094	45.09111
474	(1.4240763297777868-1.417068215223268j)	0.35024213790893555	45.18644
475	(1.5469915475703342-1.4569337525028523j)	0.3446228504180908	45.28177
476	(1.676087462531183-1.4878562346032624j)	0.3297920227050781	45.3771
477	(1.8109699920595401-1.50836250547581j)	0.34243106842041016	45.47242
478	(1.952083778583626-1.516866206068309j)	0.34163403511047363	45.56775
479	(2.0969850536748704-1.5115972463145269j)	0.3341407775878906	45.66308
480	(2.244647840483384-1.4907755047833346j)	0.33578920364379883	45.75841
481	(2.3926173032104137-1.4528677415777507j)	0.33687305450439453	45.85373
482	(2.538356597085823-1.3982991259546311j)	0.3272268772125244	45.94906
483	(2.678810901238009-1.3257682477729427j)	0.33777499198913574	46.04439
484	(2.8112417347817384-1.236568319840475j)	0.34410619735717773	46.13972
485	(2.9336044965136896-1.1319147931380868j)	0.3242630958557129	46.23505
486	(3.0420472941430603-1.0133524684213784j)	0.3300459384918213	46.33037
487	(3.136076547258591-0.8831036509957451j)	0.33979296684265137	46.4257
488	(3.2129021997251845-0.7439579717988696j)	0.3372359275817871	46.52103
489	(3.2730188478417546-0.5989195346808462j)	0.3407437801361084	46.61636
490	(3.315294401656961-0.4505785774930804j)	0.321124792098999	46.71169
491	(3.340474275907743-0.3016170509670788j)	0.33416080474853516	46.80701
492	(3.349771871161872-0.15454715581631118j)	0.33754396438598633	46.90234
493	(3.343889846866388-0.011548011201337083j)	0.3420250415802002	46.99767
494	(3.3251881317815224+0.1261371109453826j)	0.34096384048461914	47.093
495	(3.295858721491074+0.2578251671881382j)	0.33966994285583496	47.18833
496	(3.2565963552086967+0.3822587074598396j)	0.32926416397094727	47.28365
497	(3.2097873491503326+0.500723321721364j)	0.35886383056640625	47.37898
498	(3.1559598617107105+0.6128764017975958j)	0.5335910320281982	47.47431
499	(3.09671108080266+0.7191809018633858j)	0.36218786239624023	47.56964
500	(3.0317798416507817+0.8212394441326142j)	0.3157389163970947	47.66497
501	(2.9611287487318414+0.9191218666562495j)	0.31249427795410156	47.76029
502	(2.88450972040403+1.0133288616041498j)	0.3176000118255615	47.85562
503	(2.8008746336541943+1.1038485229682191j)	0.3238389492034912	47.95095
504	(2.7094378473738074+1.1908257655173822j)	0.32550597190856934	48.04628
505	(2.6094818387234797+1.273128775769214j)	0.31627893447875977	48.14161
506	(2.500443934180699+1.349288473693224j)	0.30974268913269043	48.23693
507	(2.3814666187952755+1.4183269288867528j)	0.3336329460144043	48.33226
508	(2.252745307471828+1.4776652695157644j)	0.3091728687286377	48.42759
509	(2.1152735716646736+1.5250591585719868j)	0.3123908042907715	48.52292
510	(1.9692859927230717+1.5592258559054502j)	0.31223297119140625	48.61824
511	(1.817570868343546+1.577509047891104j)	0.3199281692504883	48.71357
512	(1.6613028994937307+1.578853492277867j)	0.326948881149292	48.8089
513	(1.503810613728095+1.5619823938589872j)	0.3168611526489258	48.90423
514	(1.3477634066204607+1.526606271340817j)	0.30801892280578613	48.99956
515	(1.1961495980178012+1.4728422397311518j)	0.30831098556518555	49.09488
516	(1.0520434023886245+1.4012895311915083j)	0.3332080841064453	49.19021
517	(0.9175384172506958+1.313937313470948j)	0.33558177947998047	49.28554
518	(0.79554222605941+1.2121307803480865j)	0.3104398250579834	49.38087
519	(0.6880746646877778+1.0985517975442396j)	0.3269989490509033	49.4762
520	(0.5948871819803063+0.9755579899025248j)	0.4058797359466553	49.57152
521	(0.5177695559121043+0.8462945696160199j)	0.32877206802368164	49.66685
522	(0.45651723053799764+0.7133666660030575j)	0.32180023193359375	49.76218
523	(0.4098921202171402+0.5782138451828427j)	0.3171520233154297	49.85751
524	(0.3771226613764661+0.44380711514179416j)	0.32483911514282227	49.95284
525	(0.35696771432354196+0.3110950349794643j)	0.32530808448791504	50.04816
526	(0.3477450910046621+0.18133887791980818j)	0.3365030288696289	50.14349
527	(0.34777498390798023+0.054502539678141754j)	0.31494784355163574	50.23882
528	(0.3565559153307754-0.0690265267159508j)	0.31471991539001465	50.33415
529	(0.372499740442795-0.18991315201862752j)	0.31956028938293457	50.42948
530	(0.3954154272735279-0.3086830837883033j)	0.3576700687408447	50.5248
531	(0.42515272354800204-0.4254837899895658j)	0.336637020111084	50.62013
532	(0.4617166433749475-0.5416002996138464j)	0.31029295921325684	50.71546
533	(0.5062427626240091-0.657419300926331j)	0.3195972442626953	50.81079
534	(0.5594399443460049-0.7719132351287987j)	0.31360602378845215	50.90612
535	(0.6226430567765062-0.8855657294788372j)	0.32543206214904785	51.00144
536	(0.696740907205018-0.9969005287392183j)	0.3064267635345459	51.09677
537	(0.7824794228193128-1.1048515098133962j)	0.3233640193939209	51.1921
538	(0.881412511797977-1.2072253574592255j)	0.3103816509246826	51.28743
539	(0.9930159303837656-1.3017130784182571j)	0.30968809127807617	51.38276
540	(1.1169449666450255-1.3868906419599611j)	0.3147163391113281	51.47808
541	(1.2522903046643543-1.45892881938779j)	0.3143272399902344	51.57341
542	(1.3977392587600348-1.5168029748151763j)	0.3252890110015869	51.66874
543	(1.5510370081681262-1.5580896031422775j)	0.3327648639678955	51.76407
544	(1.7093378845999476-1.5813985695053527j)	0.31514501571655273	51.85939
545	(1.8704462144893534-1.585820112085678j)	0.31400609016418457	51.95472
546	(2.0306411304796756-1.5712022842027202j)	0.3072378635406494	52.05005
547	(2.1871247266826024-1.538189702508056j)	0.33533382415771484	52.14538
548	(2.3374367416149973-1.4871736610061925j)	0.34269070625305176	52.24071
549	(2.478720532329036-1.4209466762999927j)	0.31385111808776855	52.33603
550	(2.609211321460033-1.339788822969098j)	0.33596110343933105	52.43136
551	(2.7271614407336475-1.247120977395033j)	0.3206329345703125	52.52669
552	(2.832672243135156-1.1460153192651905j)	0.31906890869140625	52.62202
553	(2.9248860107840895-1.0377188005691296j)	0.3129768371582031	52.71735
554	(3.003629097106681-0.9250399156463662j)	0.31767702102661133	52.81267
555	(3.070729561330932-0.8090673937095796j)	0.31109094619750977	52.908
556	(3.1267440882150397-0.6923203109424092j)	0.3108699321746826	53.00333
557	(3.1726920533124012-0.5749747275941177j)	0.31331706047058105	53.09866
558	(3.2099208177282526-0.4569637287696726j)	0.31297993659973145	53.19399
559	(3.2396303211692565-0.3391876448025659j)	0.3159639835357666	53.28931
560	(3.2620145245314536-0.22038384715889503j)	0.31532907485961914	53.38464
561	(3.277472013234489-0.10055883006821387j)	0.31542086601257324	53.47997
562	(3.2863505468962355+0.020969048271388457j)	0.30742406845092773	53.5753
563	(3.287579029578482+0.145170668527419j)	0.3275918960571289	53.67063
564	(3.2799280903986032+0.2716478677076293j)	0.31595921516418457	53.76595
565	(3.262750303035342+0.40123670209123996j)	0.3058648109436035	53.86128
566	(3.2342577516356608+0.5324108147280702j)	0.3343071937561035	53.95661
567	(3.1932808115751308+0.6644571683281546j)	0.33504295349121094	54.05194
568	(3.1380837453905333+0.7964901963522071j)	0.36057090759277344	54.14727
569	(3.0684608409998484+0.9255656486489834j)	0.3611466884613037	54.24259
570	(2.9830892496048502+1.0499187374279788j)	0.30733299255371094	54.33792
571	(2.8824593956863604+1.166488744850986j)	0.3119838237762451	54.43325
572	(2.767743963420203+1.2733141979221145j)	0.309420108795166	54.52858
573	(2.6393296649847553+1.3669358490767904j)	0.317490816116333	54.6239
574	(2.49978922427091+1.4459728716407643j)	0.3174729347229004	54.71923
575	(2.35126282383104+1.508252061365803j)	0.32090115547180176	54.81456
576	(2.196690326182405+1.552179106325529j)	0.30759382247924805	54.90989
577	(2.038985908318934+1.5775187060220492j)	0.3217446804046631	55.00522
578	(1.8804862193400642+1.5841727313043914j)	0.31630611419677734	55.10054
579	(1.7252955179889204+1.5730278733527236j)	0.32567691802978516	55.19587
580	(1.5746157616135756+1.5448843693413437j)	0.31032896041870117	55.2912
581	(1.4314134493063764+1.5018368846136407j)	0.30895519256591797	55.38653
582	(1.297285096959587+1.4458542287447793j)	0.3212878704071045	55.48186
583	(1.1734157972322445+1.378466879532608j)	0.31253814697265625	55.57718
584	(1.0584304486668594+1.3027843403652604j)	0.35597896575927734	55.67251
585	(0.9542152620003983+1.220124803898268j)	0.5151417255401611	55.76784
586	(0.8598421654557677+1.1318312328609657j)	0.40595412254333496	55.86317
587	(0.774275541953874+1.0396521989882648j)	0.38307619094848633	55.9585
588	(0.6963649866853663+0.9440451561854946j)	0.3235650062561035	56.05382
589	(0.6257499350199603+0.8454044945933564j)	0.4864788055419922	56.14915
590	(0.5609640882291912+0.7432793391030093j)	0.41675710678100586	56.24448
591	(0.502230541826107+0.6374075182956854j)	0.32403993606567383	56.33981
592	(0.4491683940187941+0.5275409378914653j)	0.3414490222930908	56.43514
593	(0.4027217158700419+0.4120415154554831j)	0.3196101188659668	56.53046
594	(0.3629236853513752+0.29121485574620914j)	0.31068897247314453	56.62579
595	(0.33148501004073605+0.16395377295363325j)	0.3135857582092285	56.72112
596	(0.31007438418440203+0.0306556374123855j)	0.30934596061706543	56.81645
597	(0.30017130810691-0.10798326795587962j)	0.315295934677124	56.91178
598	(0.3034446895342402-0.25153256505148175j)	0.32294297218322754	57.0071
599	(0.3220918198908175-0.3977807690917714j)	0.3713829517364502	57.10243
600	(0.3564056377866004-0.5451884850401756j)	0.5350608825683594	57.19776
601	(0.408054911642884-0.6908776249884401j)	0.48636603355407715	57.29309
602	(0.47690086930367026-0.8319242573531982j)	0.5987052917480469	57.38841
603	(0.5628027213074225-0.9662330387363782j)	0.5119709968566895	57.48374
604	(0.6644519093171837-1.0898911827494049j)	0.9613208770751953	57.57907
605	(0.7805921339653912-1.2015095084973584j)	0.6033880710601807	57.6744
606	(0.9093181873771248-1.2983763830488972j)	0.8109579086303711	57.76973
607	(1.0468122991546316-1.3790666887111382j)	0.6031069755554199	57.86505
608	(1.1918365051452149-1.4420796641639786j)	0.37052178382873535	57.96038
609	(1.3407052357050129-1.4876091390054629j)	0.4369668960571289	58.05571
610	(1.4905085771732076-1.5159520067761003j)	0.38688206672668457	58.15104
611	(1.6389671789192697-1.5275962618958943j)	0.44472694396972656	58.24637
612	(1.7842210429974008-1.523592699052412j)	0.3485438823699951	58.34169
613	(1.923820980433343-1.5068898606035759j)	0.32775092124938965	58.43702
614	(2.056996637826912-1.4780105640450536j)	0.3213660717010498	58.53235
615	(2.1836621475246156-1.439249163876218j)	0.31505584716796875	58.62768
616	(2.303540390463877-1.3920330750554897j)	0.3260669708251953	58.72301
617	(2.4165714571943107-1.3379896992911653j)	0.31483006477355957	58.81833
618	(2.5239337002598634-1.277656310630692j)	0.3104708194732666	58.91366
619	(2.625817019579304-1.2120447106626056j)	0.32588696479797363	59.00899
620	(2.723653019000792-1.1413128682578042j)	0.31377410888671875	59.10432
621	(2.8173304569992155-1.0645441993644076j)	0.3345789909362793	59.19965
622	(2.9070924669481397-0.9813531310756833j)	0.3260197639465332	59.29497
623	(2.9932674952379688-0.8911674021935448j)	0.3292579650878906	59.3903
624	(3.074871375571011-0.7929551273416486j)	0.3108539581298828	59.48563
625	(3.1507365091422246-0.6856435779740437j)	0.3141167163848877	59.58096
626	(3.219717291991012-0.5685390530110737j)	0.32494378089904785	59.67629
627	(3.279904770531962-0.44259690932818985j)	0.3130147457122803	59.77161
628	(3.3287703317820982-0.3070029153477354j)	0.3132789134979248	59.86694
629	(3.3648170206938817-0.16357436811572335j)	0.3169369697570801	59.96227
630	(3.3862243149411118-0.013372833561541952j)	0.31446099281311035	60.0576
631	(3.390435771317347+0.1414064978294447j)	0.31847500801086426	60.15292
632	(3.3773357364814536+0.29829695230506603j)	0.3215610980987549	60.24825
633	(3.3455429310653813+0.4545704243546962j)	0.3105030059814453	60.34358
634	(3.2951463919588564+0.6067110356811742j)	0.3119239807128906	60.43891
635	(3.226989908905842+0.7527396010357141j)	0.31063222885131836	60.53424
636	(3.142259522364424+0.8892288807353184j)	0.32042503356933594	60.62956
637	(3.0428610810621928+1.0139068183172242j)	0.333604097366333	60.72489
638	(2.9305554227656527+1.1250702394877168j)	0.31891822814941406	60.82022
639	(2.8086544134210425+1.2209329253644787j)	0.33869218826293945	60.91555
640	(2.6798252152333464+1.3012557400754874j)	0.30712008476257324	61.01088
641	(2.545872908984019+1.3654694560384468j)	0.31503796577453613	61.1062
642	(2.4102794435505097+1.4148652351930424j)	0.3411598205566406	61.20153
643	(2.274319174853887+1.4495301353198387j)	0.32848572731018066	61.29686
644	(2.140124629611684+1.4709015928996925j)	0.3071281909942627	61.39219
645	(2.0084830786467145+1.4810453935498447j)	0.3092639446258545	61.48752
646	(1.880374543797748+1.481005243296745j)	0.3258218765258789	61.58284
647	(1.7558987025367798+1.4725428671618888j)	0.31660008430480957	61.67817
648	(1.6338576635803561+1.4558336994762653j)	0.3058490753173828	61.7735
649	(1.5151132659321134+1.4324070770023651j)	0.3153409957885742	61.86883
650	(1.398427737347375+1.4026116765668533j)	0.3215460777282715	61.96416
651	(1.282925746050304+1.365423276428508j)	0.32370615005493164	62.05948
652	(1.1684372714796303+1.3214688475381866j)	0.3255198001861572	62.15481
653	(1.054796859127122+1.2688370462992749j)	0.3063652515411377	62.25014
654	(0.9425587037766607+1.206693363839539j)	0.32027506828308105	62.34547
655	(0.8319824951921492+1.1344196652356238j)	0.31563687324523926	62.4408
656	(0.7249135424160614+1.050506157832758j)	0.3177647590637207	62.53612
657	(0.622498966982928+0.9544078988791744j)	0.3130528926849365	62.63145
658	(0.5270144361363892+0.8453280315249542j)	0.31189799308776855	62.72678
659	(0.44119116569789785+0.7243960368225729j)	0.3034212589263916	62.82211
660	(0.36722420458284466+0.5913093720141102j)	0.3242311477661133	62.91743
661	(0.3066185693349318+0.44831587338024537j)	0.31720781326293945	63.01276
662	(0.26223900600400035+0.2972021497203393j)	0.3202340602874756	63.10809
663	(0.23558744963136186+0.13963902065388129j)	0.3098258972167969	63.20342
664	(0.2281180704685821-0.02089654016508285j)	0.3232231140136719	63.29875
665	(0.23864068234169206-0.1814177467403938j)	0.3189098834991455	63.39407
666	(0.2685698540406783-0.33920704134158525j)	0.3097410202026367	63.4894
667	(0.3161172763076386-0.49131072253565033j)	0.3140909671783447	63.58473
668	(0.38041298528711515-0.6352246776963673j)	0.3267548084259033	63.68006
669	(0.4593165144139146-0.7685170285128267j)	0.46489596366882324	63.77539
670	(0.5503220716488801-0.8894673360687116j)	0.39141035079956055	63.87071
671	(0.6512442505192075-0.9974540875849701j)	0.3175818920135498	63.96604
672	(0.7592640809318216-1.0920708302948505j)	0.3411598205566406	64.06137
673	(0.8730790614747262-1.1735604650547897j)	0.33692097663879395	64.1567
674	(0.9897006884767218-1.242249163998278j)	0.3071560859680176	64.25203
675	(1.107664494715897-1.299340974885349j)	0.32108116149902344	64.34735
676	(1.2266963628793215-1.3461692976530364j)	0.3229210376739502	64.44268
677	(1.3454122509475417-1.3838620994454645j)	0.312943696975708	64.53801
678	(1.4643361855699502-1.4134104597523494j)	0.32903599739074707	64.63334
679	(1.5832275101963622-1.435556846470936j)	0.3249490261077881	64.72867
680	(1.7029725322202374-1.4508678926765786j)	0.3256549835205078	64.82399
681	(1.8241537732343398-1.4589965034233543j)	0.3402738571166992	64.91932
682	(1.946803130222947-1.460055689589527j)	0.32045698165893555	65.01465
683	(2.072262195760505-1.452874570732105j)	0.31790685653686523	65.10998
684	(2.200127153891079-1.4363189884005867j)	0.32695484161376953	65.20531
685	(2.329873096297219-1.4092352525932974j)	0.31188488006591797	65.30063
686	(2.4608584306070505-1.3699996586331507j)	0.344027042388916	65.39596
687	(2.5917209998858675-1.3174705787582297j)	0.3281710147857666	65.49129
688	(2.7210036342447217-1.250245010180822j)	0.31126904487609863	65.58662
689	(2.844898178373077-1.1682993866923237j)	0.33177614212036133	65.68194
690	(2.9627869943239835-1.071072198409634j)	0.3202941417694092	65.77727
691	(3.070867734127171-0.9591804366288208j)	0.333820104598999	65.8726
692	(3.1669349694738287-0.8338439402954096j)	0.3375558853149414	65.96793
693	(3.2487511385486867-0.6963410417260099j)	0.3267040252685547	66.06326
694	(3.314146801226152-0.5497693105081125j)	0.45203590393066406	66.15858
695	(3.3617926250155445-0.3957850376860405j)	0.3271350860595703	66.25391
696	(3.3908366311340843-0.23781491945704625j)	0.3454148769378662	66.34924
697	(3.401109052589469-0.07927236948260913j)	0.3569319248199463	66.44457
698	(3.3933027572398533+0.07762340045846644j)	0.33936405181884766	66.5399
699	(3.36765305547662+0.22991058686731303j)	0.34046292304992676	66.63522
700	(3.3270858973570134+0.3753265874912877j)	0.34266018867492676	66.73055
701	(3.272249923661683+0.5119278811601771j)	0.320314884185791	66.82588
702	(3.205938469237797+0.6388130961817418j)	0.320451021194458	66.92121
703	(3.1300834339858605+0.7556122194971195j)	0.33205103874206543	67.01654
704	(3.0473280085558296+0.8614718730728885j)	0.3137681484222412	67.11186
705	(2.9584848158319437+0.9579661660064975j)	0.320950984954834	67.20719
706	(2.8652784258175776+1.0447078553034939j)	0.344545841217041	67.30252
707	(2.7690845918849627+1.1229756296823727j)	0.3252689838409424	67.39785
708	(2.6697372635416756+1.193948493653758j)	0.32228517532348633	67.49318
709	(2.56717655741754+1.2581474630018186j)	0.3202061653137207	67.5885
710	(2.461582914017878+1.3166107656185924j)	0.3130521774291992	67.68383
711	(2.3518876377188427+1.3689219803072825j)	0.34650325775146484	67.77916
712	(2.237384597387572+1.4149896097754826j)	0.3535909652709961	67.87449
713	(2.1178452482277623+1.4546386477494204j)	0.3244807720184326	67.96982
714	(1.9925837711193246+1.485987389246248j)	0.31637120246887207	68.06514
715	(1.8610652859631833+1.5083490703297096j)	0.32056593894958496	68.16047
716	(1.7242502767241688+1.5196686796189942j)	0.321868896484375	68.2558
717	(1.582723447016008+1.5183609496878807j)	0.3117711544036865	68.35113
718	(1.4375399768932728+1.5022735137065804j)	0.31255316734313965	68.44645
719	(1.2915299183740925+1.4707308752655637j)	0.3151249885559082	68.54178
720	(1.1463573422814335+1.4226556881775994j)	0.3283109664916992	68.63711
721	(1.0045737227193894+1.357233498166805j)	0.3096439838409424	68.73244
722	(0.8693932050785419+1.2744151557803094j)	0.32036566734313965	68.82777
723	(0.7435562246158117+1.1758456366940642j)	0.31334924697875977	68.92309
724	(0.6294080994865102+1.0624230100365883j)	0.32809996604919434	69.01842
725	(0.5294162892845952+0.9361496075348528j)	0.3094656467437744	69.11375
726	(0.4455213241236796+0.7995412628632126j)	0.30956315994262695	69.20908
727	(0.3788488995849308+0.6554884292680718j)	0.3077559471130371	69.30441
728	(0.3297209497644905+0.5064097088403111j)	0.3048110008239746	69.39973
729	(0.2981503076942084+0.3560769704839813j)	0.310575008392334	69.49506
730	(0.28395313120758287+0.2062151328008973j)	0.3180248737335205	69.59039
731	(0.28543802160117804+0.05909922523086146j)	0.33693408966064453	69.68572
732	(0.30064759689315873-0.08258954949343349j)	0.30589818954467773	69.78105
733	(0.32876234775707874-0.21810537747904088j)	0.31174206733703613	69.87637
734	(0.36726045714332917-0.34680240465575984j)	0.3119478225708008	69.9717
735	(0.4142971508307106-0.4681631841840455j)	0.30028629302978516	70.06703
736	(0.46885560610107163-0.5827688399874497j)	0.309445858001709	70.16236
737	(0.5296722086900086-0.6905041661753399j)	0.3255879878997803	70.25769
738	(0.5958858073700828-0.7932031095999745j)	0.31471705436706543	70.35301
739	(0.6670998180952386-0.8904489410289619j)	0.32045888900756836	70.44834
740	(0.7440024471430654-0.9835586308227582j)	0.30567073822021484	70.54367
741	(0.8269592567102596-1.0729026364283902j)	0.3023381233215332	70.639
742	(0.9164571850870566-1.1581400614112976j)	0.3176460266113281	70.73433
743	(1.0135889132606248-1.239228478201077j)	0.3127460479736328	70.82965
744	(1.1191784692091382-1.3146371801721528j)	0.3657200336456299	70.92498
745	(1.233691771861055-1.3839071832628949j)	0.3295023441314697	71.02031
746	(1.3575785677439465-1.4445415075734618j)	0.3035593032836914	71.11564
747	(1.4908431452061834-1.4948986225562764j)	0.304797887802124	71.21096
748	(1.6319991350422196-1.5329822696959166j)	0.3107116222381592	71.30629
749	(1.7801243890833396-1.5563429946634249j)	0.3248147964477539	71.40162
750	(1.933473828279852-1.5639952792762j)	0.3152921199798584	71.49695
751	(2.0897776691052163-1.5540369469980935j)	0.31040000915527344	71.59228
752	(2.245463631285294-1.5258261004607712j)	0.3645188808441162	71.6876
753	(2.3989752352822205-1.4791660233327812j)	0.37099218368530273	71.78293
754	(2.5460429929438075-1.4142387908217948j)	0.32410168647766113	71.87826
755	(2.6849933590863304-1.3328823848744642j)	0.3205890655517578	71.97359
756	(2.812449167184793-1.2358531869386207j)	0.303786039352417	72.06892
757	(2.9264335205347725-1.1254948893679213j)	0.3099379539489746	72.16424
758	(3.0257183810041473-1.0048460829878336j)	0.31234288215637207	72.25957
759	(3.1089428703443467-0.876106391100766j)	0.3266439437866211	72.3549
760	(3.1764728281272583-0.7421326865803544j)	0.314194917678833	72.45023
761	(3.2284922189818106-0.6055684253534013j)	0.4225928783416748	72.54556
762	(3.2652088557310996-0.468113554543737j)	0.4009428024291992	72.64088
763	(3.2887876727810226-0.33238039565996325j)	0.34861016273498535	72.73621
764	(3.2997263635420895-0.19912493730085795j)	0.30936717987060547	72.83154
765	(3.300349834851065-0.06970552798009172j)	0.31241703033447266	72.92687
766	(3.291688377342129+0.05636535312241592j)	0.366163969039917	73.0222
767	(3.275016517618197+0.1788428601942469j)	0.3679697513580322	73.11752
768	(3.2511520852880973+0.2984475212324157j)	0.47101497650146484	73.21285
769	(3.2205846533523688+0.4151358407659455j)	0.33190202713012695	73.30818
770	(3.1833957788362723+0.5300809028725946j)	0.32294511795043945	73.40351
771	(3.139111543199002+0.64383571521074j)	0.3304917812347412	73.49884
772	(3.087354638964011+0.7560597966738037j)	0.3136570453643799	73.59416
773	(3.026343902849315+0.8676446099056465j)	0.32324910163879395	73.68949
774	(2.955509775111516+0.9770305877490413j)	0.3477821350097656	73.78482
775	(2.873890102646453+1.0836105894424621j)	0.31983160972595215	73.88015
776	(2.7801508300250743+1.1855603775857646j)	0.34314799308776855	73.97547
777	(2.673885445371777+1.2812468424329033j)	0.30683088302612305	74.0708
778	(2.5557193625275465+1.3681951229840938j)	0.32277417182922363	74.16613
779	(2.4254759629770266+1.4438802402375066j)	0.3140089511871338	74.26146
780	(2.284880382422003+1.5067576187378007j)	0.3131430149078369	74.35679
781	(2.135555402547441+1.5538772614289043j)	0.3116779327392578	74.45211
782	(1.9794424507089539+1.5840568240252573j)	0.30836009979248047	74.54744
783	(1.819137990669982+1.5959058243194622j)	0.3125591278076172	74.64277
784	(1.658744821361572+1.5886546580512493j)	0.32517480850219727	74.7381
785	(1.500161455004992+1.5624377891346022j)	0.30779600143432617	74.83343
786	(1.346243934962287+1.5178069062245332j)	0.3117489814758301	74.92875
787	(1.2005070012624697+1.4566180121964172j)	0.31117796897888184	75.02408
788	(1.0645401550705178+1.3797708898783179j)	0.3248610496520996	75.11941
789	(0.940449447829165+1.2900949783687632j)	0.31381797790527344	75.21474
790	(0.829571678536356+1.1899867885833637j)	0.3167541027069092	75.31007
791	(0.7320996787778088+1.081583834602605j)	0.307297945022583	75.40539
792	(0.648183487629384+0.9678608973440146j)	0.31103014945983887	75.50072
793	(0.5770296867131259+0.8503897267932865j)	0.3106203079223633	75.59605
794	(0.5192515057761034+0.7312650244079905j)	0.296375036239624	75.69138
795	(0.4707115277280628+0.6111316879832283j)	0.3136429786682129	75.78671
796	(0.4325373402553561+0.4909954457227739j)	0.3202247619628906	75.88203
797	(0.40322033061898377+0.37141457903655134j)	0.3064732551574707	75.97736
798	(0.3813432117013753+0.2516758327824219j)	0.31217002868652344	76.07269
799	(0.3666746244484283+0.13172237682022242j)	0.3283579349517822	76.16802
800	(0.35868323563818094+0.011282553687265606j)	0.31943202018737793	76.26335
801	(0.35803074941575785-0.11110484231169698j)	0.3117368221282959	76.35867
802	(0.3650987163853743-0.2351047174481352j)	0.3082878589630127	76.454
803	(0.38067915479802833-0.3615767152186058j)	0.31433582305908203	76.54933
804	(0.4067977377225125-0.48981839577968833j)	0.30428409576416016	76.64466
805	(0.4442194119579615-0.6196210838525005j)	0.30421996116638184	76.73998
806	(0.49468879150081924-0.7493703980680356j)	0.3214411735534668	76.83531
807	(0.558969636834063-0.8772547720795669j)	0.306272029876709	76.93064
808	(0.6378587615193718-1.0017821524991126j)	0.3115510940551758	77.02597
809	(0.7321997040531947-1.11996483206193j)	0.3124699592590332	77.1213
810	(0.8407653075328613-1.2296606310623135j)	0.32558727264404297	77.21662
811	(0.9635662628600412-1.3279127983002796j)	0.30355310440063477	77.31195
812	(1.0983385949889857-1.4124748041464688j)	0.31911492347717285	77.40728
813	(1.2434022945177383-1.4812623251609858j)	0.30588316917419434	77.50261
814	(1.3960119838794984-1.53232677578747j)	0.3084380626678467	77.59794
815	(1.5533405878640614-1.5653573034325592j)	0.31714892387390137	77.69326
816	(1.7127452433630599-1.5789875006783245j)	0.38089489936828613	77.78859
817	(1.8703647236724912-1.574257418564669j)	0.31270813941955566	77.88392
818	(2.0246010189084935-1.552181635467643j)	0.3232088088989258	77.97925
819	(2.172333367756499-1.5137496585403523j)	0.3180410861968994	78.07458
820	(2.3114643330975477-1.460637119487569j)	0.3287358283996582	78.1699
821	(2.4410430239627514-1.3954261450043046j)	0.3724987506866455	78.26523
822	(2.5600512499398254-1.320423490989462j)	0.3180239200592041	78.36056
823	(2.668466129573565-1.2373367267893811j)	0.5125730037689209	78.45589
824	(2.7662558510621897-1.147635273576828j)	0.6399521827697754	78.55122
825	(2.854554846750916-1.0541720245033626j)	0.6129262447357178	78.64654
826	(2.9335924034661116-0.9566526703151333j)	0.6217880249023438	78.74187
827	(3.004730077827122-0.8564461753712924j)	0.5370700359344482	78.8372
828	(3.069139003351198-0.7535129213210805j)	0.36835217475891113	78.93253
829	(3.126976212251845-0.6477373126150807j)	0.3327207565307617	79.02786
830	(3.178691605173719-0.5383135316612262j)	0.31494688987731934	79.12318
831	(3.2245465043899078-0.42451856374460895j)	0.321317195892334	79.21851
832	(3.263740948360801-0.30648784566369436j)	0.31488609313964844	79.31384
833	(3.2956611928727746-0.18271888146519033j)	0.31513524055480957	79.40917
834	(3.318343116853888-0.05311896724130305j)	0.3088498115539551	79.50449
835	(3.3309793273253407+0.08181928720004983j)	0.3164970874786377	79.59982
836	(3.3311092599817718+0.2215657630108716j)	0.305513858795166	79.69515
837	(3.3176571789136147+0.3647440512389475j)	0.2985196113586426	79.79048
838	(3.2891266823143748+0.5102135216176863j)	0.3124387264251709	79.88581
839	(3.244223751841746+0.654829243784078j)	0.31774282455444336	79.98113
840	(3.181996254053564+0.7967071284464923j)	0.3075389862060547	80.07646
841	(3.1029858515906628+0.9331318629330272j)	0.32854294776916504	80.17179
842	(3.0076036715161316+1.0604705788980024j)	0.31275510787963867	80.26712
843	(2.8977552547990246+1.1772783617620892j)	0.30785322189331055	80.36245
844	(2.773159517656787+1.2797804308349237j)	0.31118273735046387	80.45777
845	(2.6383129402363927+1.3670213785374297j)	0.319598913192749	80.5531
846	(2.4948713599966372+1.4374881149664425j)	0.30869197845458984	80.64843
847	(2.346073682355428+1.4898527196399143j)	0.30095410346984863	80.74376
848	(2.194967979500224+1.5247016258042991j)	0.3038797378540039	80.83909
849	(2.043876731742909+1.5418507270597122j)	0.31584787368774414	80.93441
850	(1.8953957323792197+1.5433040240361213j)	0.30661487579345703	81.02974
851	(1.75163152314522+1.5296412354879765j)	0.34550976753234863	81.12507
852	(1.6140324434507856+1.502872655989702j)	0.33928513526916504	81.2204
853	(1.483238787422751+1.4650367386314955j)	0.304750919342041	81.31573
854	(1.3597724483143105+1.4179089412455208j)	0.3225390911102295	81.41105
855	(1.2441266655118768+1.3632439372752942j)	0.31021904945373535	81.50638
856	(1.1348962977336692+1.3017683354941594j)	0.3111379146575928	81.60171
857	(1.032024049386905+1.2349519224998957j)	0.3158447742462158	81.69704
858	(0.9348024562112087+1.1632373221333867j)	0.3091869354248047	81.79237
859	(0.8418021190133714+1.0859349238477538j)	0.3076488971710205	81.88769
860	(0.753224484169938+1.0034277901812392j)	0.3223879337310791	81.98302
861	(0.668503566349852+0.914420901019548j)	0.31100010871887207	82.07835
862	(0.588517234759612+0.8184318856836403j)	0.31920909881591797	82.17368
863	(0.5131788575601521+0.7143983534342815j)	0.30925703048706055	82.269
864	(0.4443426490760464+0.6019647421559653j)	0.31225109100341797	82.36433
865	(0.3834009220576059+0.4801428421372559j)	0.3399481773376465	82.45966
866	(0.33174667979097505+0.349464245908627j)	0.3219420909881592	82.55499
867	(0.29230888798213217+0.21029766211057466j)	0.32547712326049805	82.65032
868	(0.2661711126994401+0.06424376494547192j)	0.31569600105285645	82.74564
869	(0.2558408326727668-0.08744415991881578j)	0.31064605712890625	82.84097
870	(0.2621310920317098-0.24242317229337937j)	0.31516170501708984	82.9363
871	(0.28680724415829284-0.39836856262879283j)	0.3115510940551758	83.03163
872	(0.32995528897330917-0.5520528566600763j)	0.3159511089324951	83.12696
873	(0.3908132936131456-0.7009385971031458j)	0.3130629062652588	83.22228
874	(0.4694672138269531-0.8412018993349076j)	0.3107767105102539	83.31761
875	(0.5639329156666364-0.9711499721609271j)	0.32508373260498047	83.41294
876	(0.671881684287117-1.088642182849096j)	0.31659388542175293	83.50827
877	(0.791420123278385-1.1910895352407684j)	0.3178069591522217	83.6036
878	(0.9197055815072466-1.2777366920477584j)	0.33579015731811523	83.69892
879	(1.0536289006550332-1.3484690760271265j)	0.3989849090576172	83.79425
880	(1.1909371167897445-1.403123612234194j)	0.3060779571533203	83.88958
881	(1.3289298907112157-1.4418837829610425j)	0.3125	83.98491
882	(1.4667990858391402-1.4677639755683787j)	0.3310258388519287	84.08024
883	(1.6015988800367413-1.4802851936553119j)	0.30120205879211426	84.17556
884	(1.7331047337474543-1.4811415181194916j)	0.31865596771240234	84.27089
885	(1.8604176451704793-1.4729090431823457j)	0.3143150806427002	84.36622
886	(1.9842962913264148-1.4560165710369226j)	0.3171420097351074	84.46155
887	(2.104291575023553-1.4318194009893197j)	0.3428351879119873	84.55688
888	(2.2211787823101368-1.4010762076620487j)	0.3204629421234131	84.6522
889	(2.3359017737600243-1.3634472098770258j)	0.300537109375	84.74753
890	(2.448649686312248-1.3195210142865084j)	0.3005869388580322	84.84286
891	(2.560442874169067-1.2676333052330437j)	0.3188180923461914	84.93819
892	(2.670679881414493-1.2076493557335937j)	0.3135690689086914	85.03351
893	(2.7791476601558562-1.1382119307430503j)	0.32035398483276367	85.12884
894	(2.884887092787542-1.0581028520546254j)	0.3026261329650879	85.22417
895	(2.986396437685852-0.9668070800860482j)	0.3127260208129883	85.3195
896	(3.0823529151324163-0.8633964341477851j)	0.3089768886566162	85.41483
897	(3.170224384475306-0.7479213846266075j)	0.31955385208129883	85.51015
898	(3.2477851517934413-0.6205210310708944j)	0.32271385192871094	85.60548
899	(3.3124088902358335-0.4825187909728712j)	0.307528018951416	85.70081
900	(3.3623809160472997-0.3351544434404228j)	0.3222959041595459	85.79614
901	(3.3959692442079734-0.1805148958717797j)	0.31562185287475586	85.89147
902	(3.4113680745626236-0.021809283302265614j)	0.303286075592041	85.98679
903	(3.407856648812918+0.13913870925291283j)	0.33553099632263184	86.08212
904	(3.3853114751571787+0.2985559833259741j)	0.3419640064239502	86.17745
905	(3.344239665773096+0.4537263179422457j)	0.313234806060791	86.27278
906	(3.2857580549312795+0.6017992818658524j)	0.30375099182128906	86.36811
907	(3.2114986694340244+0.7400841419793922j)	0.3149399757385254	86.46343
908	(3.123803932289828+0.8672386441987967j)	0.3200678825378418	86.55876
909	(3.024503602260502+0.9811782018467599j)	0.31586384773254395	86.65409
910	(2.916801607060923+1.0814170650408474j)	0.311809778213501	86.74942
911	(2.8025206519268813+1.1681589747279648j)	0.31465983390808105	86.84475
912	(2.684225742732172+1.2413287059216875j)	0.3103930950164795	86.94007
913	(2.563783851634006+1.3017532788806725j)	0.31672191619873047	87.0354
914	(2.442237487185065+1.350641656086168j)	0.30960822105407715	87.13073
915	(2.321153310133578+1.389436596957874j)	0.31174707412719727	87.22606
916	(2.200583588009752+1.4194069670481966j)	0.30838513374328613	87.32139
917	(2.0802725319917967+1.4407153691705368j)	0.31111907958984375	87.41671
918	(1.9601574904273422+1.455367529704159j)	0.3104128837585449	87.51204
919	(1.8397598664075447+1.462489511732382j)	0.3025960922241211	87.60737
920	(1.718065940751106+1.4633819096515948j)	0.32295703887939453	87.7027
921	(1.595066623156923+1.4561219736099522j)	0.3035142421722412	87.79802
922	(1.4702332121711474+1.4406074497760886j)	0.3094940185546875	87.89335
923	(1.343179182240159+1.415745502889121j)	0.31691694259643555	87.98868
924	(1.2148891873676797+1.3795647318268616j)	0.3053629398345947	88.08401
925	(1.086425639725662+1.3315618962449187j)	0.3025858402252197	88.17934
926	(0.9590985037505737+1.2695337984823942j)	0.3119187355041504	88.27466
927	(0.8350001238558376+1.1936852885231417j)	0.33477282524108887	88.36999
928	(0.7159640066273729+1.1028728978084188j)	0.3084089756011963	88.46532
929	(0.6054663554354934+0.997086400073169j)	0.3393080234527588	88.56065
930	(0.505458752951256+0.8773616228071586j)	0.31157684326171875	88.65598
931	(0.41811499942755154+0.7452781270597868j)	0.3038160800933838	88.7513
932	(0.34647324348184716+0.6022289812512824j)	0.3106348514556885	88.84663
933	(0.2916802876877569+0.45086723778853105j)	0.3051750659942627	88.94196
934	(0.255136368402023+0.29387661868120246j)	0.31050896644592285	89.03729
935	(0.23760017443965706+0.13478334349533644j)	0.3065521717071533	89.13262
936	(0.238530434953938-0.0242360720312811j)	0.3099679946899414	89.22794
937	(0.2580471247655269-0.1794113683508222j)	0.31661510467529297	89.32327
938	(0.2934733650973534-0.3294279603469601j)	0.32459187507629395	89.4186
939	(0.3446993364610729-0.4710223358699425j)	0.3228638172149658	89.51393
940	(0.408539769915075-0.6032578498112487j)	0.30402708053588867	89.60926
941	(0.48305278131515816-0.7248641634544755j)	0.3168790340423584	89.70458
942	(0.5663294371832068-0.835651191942055j)	0.3082258701324463	89.79991
943	(0.6561467403026535-0.9356212498811289j)	0.30571794509887695	89.89524
944	(0.7506387647605146-1.0255477940355548j)	0.30147576332092285	89.99057
945	(0.8488380226945467-1.1053856013051906j)	0.30551600456237793	90.0859
946	(0.9499505807365011-1.177339896555094j)	0.29816603660583496	90.18122
947	(1.053524774465963-1.2416007202191228j)	0.32794904708862305	90.27655
948	(1.1595275379463899-1.2991449174926863j)	0.3281137943267822	90.37188
949	(1.2691311141235613-1.350503021929768j)	0.31223487854003906	90.46721
950	(1.3818825576849698-1.396153466639116j)	0.311659574508667	90.56253
951	(1.4992808240904576-1.4346983539323923j)	0.31123805046081543	90.65786
952	(1.6215463850991145-1.4662665214989732j)	0.3131072521209717	90.75319
953	(1.7494683445389048-1.489781173564797j)	0.31188416481018066	90.84852
954	(1.8824514816152877-1.5032330842235537j)	0.3047301769256592	90.94385
955	(2.020302176355211-1.505012279263356j)	0.3100619316101074	91.03917
956	(2.1618131405070886-1.4938533756639425j)	0.30893397331237793	91.1345
957	(2.3058489217085083-1.467944865156846j)	0.31076502799987793	91.22983
958	(2.4498882425439352-1.4261499921469514j)	0.30176830291748047	91.32516
959	(2.591829575498412-1.3673833136155964j)	0.3227078914642334	91.42049
960	(2.7288126563880457-1.2920415355550359j)	0.3238060474395752	91.51581
961	(2.857931689034533-1.1996764926193688j)	0.3134911060333252	91.61114
962	(2.9764432944576082-1.0920788382348805j)	0.30955004692077637	91.70647
963	(3.0824172552980316-0.9709237422906939j)	0.31028103828430176	91.8018
964	(3.172951812166186-0.8378897152503662j)	0.3075399398803711	91.89713
965	(3.2466602184676474-0.6959106118771813j)	0.3308699131011963	91.99245
966	(3.3030274835468862-0.5473227199059882j)	0.30503177642822266	92.08778
967	(3.3410321501153657-0.39586498298994144j)	0.30231690406799316	92.18311
968	(3.361635041097686-0.24388000925221798j)	0.30917906761169434	92.27844
969	(3.365516362481178-0.0934480772170132j)	0.3108530044555664	92.37377
970	(3.3538500059083827+0.051841804186018914j)	0.31183505058288574	92.46909
971	(3.3287035162408047+0.19213614524248301j)	0.30904507637023926	92.56442
972	(3.2919534324097683+0.32463186532430455j)	0.3220808506011963	92.65975
973	(3.2451780425568555+0.4499505016284373j)	0.3040890693664551	92.75508
974	(3.190188324718804+0.5677125493135524j)	0.30170488357543945	92.85041
975	(3.128483457992578+0.6777389677859222j)	0.30764174461364746	92.94573
976	(3.061035395939723+0.7816288045413191j)	0.32288289070129395	93.04106
977	(2.988328030555488+0.8790855036669849j)	0.3097219467163086	93.13639
978	(2.911006478396544+0.9717560796661235j)	0.310133695602417	93.23172
979	(2.8283245353018214+1.0598362760557687j)	0.300062894821167	93.32704
980	(2.7400101064441555+1.1436138845544959j)	0.30422210693359375	93.42237
981	(2.644585056006095+1.2234028518031317j)	0.3028450012207031	93.5177
982	(2.542109738553564+1.2978921130948224j)	0.32305288314819336	93.61303
983	(2.4314579493950426+1.3666453479643526j)	0.31058692932128906	93.70836
984	(2.311750523075194+1.42791648280731j)	0.3198099136352539	93.80368
985	(2.1836885337007232+1.4803875663210886j)	0.31492114067077637	93.89901
986	(2.0468985838543743+1.5216429818317392j)	0.31824588775634766	93.99434
987	(1.9030592506886002+1.5492445381242714j)	0.3108088970184326	94.08967
988	(1.7529063390016597+1.562622858567069j)	0.3062913417816162	94.185
989	(1.5990631044704342+1.5595376773691358j)	0.31162500381469727	94.28032
990	(1.4438291376080505+1.5383506239019742j)	0.31029391288757324	94.37565
991	(1.289527380820368+1.4990221580469387j)	0.30741190910339355	94.47098
992	(1.140010112935948+1.4413794901138928j)	0.3115270137786865	94.56631
993	(0.9977802018627202+1.366213193279934j)	0.3138880729675293	94.66164
994	(0.8652126313826229+1.2746246718922347j)	0.3121500015258789	94.75696
995	(0.7451575522500317+1.1691645530412904j)	0.3242511749267578	94.85229
996	(0.6395222876008673+1.0511311310032116j)	0.31504106521606445	94.94762
997	(0.549593748205728+0.923861653666608j)	0.3189399242401123	95.04295
998	(0.47560992364440885+0.7897800906323516j)	0.3042728900909424	95.13828
999	(0.41787414794994354+0.6519329409407135j)	0.3171350955963135	95.2336
