	res_adaptive	time_adaptive	w
0	(1.1462419606159884-0.049625412461863916j)	1.0463080406188965	0.001
1	(1.4371645555973334-0.20707164214422757j)	0.41049790382385254	0.09633
2	(1.5392364581126652-0.24922723163233107j)	0.39832496643066406	0.19166
3	(1.6064494868411876-0.2657470878541018j)	0.3833029270172119	0.28698
4	(1.6593660501708596-0.2800264786521541j)	0.3950839042663574	0.38231
5	(1.7032476453630114-0.29292345876546744j)	0.41926002502441406	0.47764
6	(1.7414732753055198-0.3017990629441205j)	0.3844490051269531	0.57297
7	(0.8272577386751448-0.33359203491011186j)	0.37126994132995605	0.6683
8	(1.8070570996022781-0.3072561354156858j)	0.3636970520019531	0.76362
9	(1.8341074423418624-0.30911307718561776j)	0.3704061508178711	0.85895
10	(1.858121408848628-0.30836506129273217j)	0.36257004737854004	0.95428
11	(1.8826028907300767-0.30970490734758727j)	0.37638211250305176	1.04961
12	(1.9038259980642662-0.30834517719280147j)	0.4131290912628174	1.14494
13	(1.9231418757623904-0.30625974434529535j)	0.38665294647216797	1.24026
14	(1.94297393415879-0.30361585596986984j)	0.37888002395629883	1.33559
15	(1.959424653298425-0.3018643046619931j)	0.36760401725769043	1.43092
16	(1.9758806023046163-0.29879947531900486j)	0.37926602363586426	1.52625
17	(1.988915348210076-0.2953274076879526j)	0.38476991653442383	1.62157
18	(2.003789039725125-0.2929422112683j)	0.36920905113220215	1.7169
19	(2.0170172145010543-0.28817200687779865j)	0.3896639347076416	1.81223
20	(2.028852823898327-0.2843532194673525j)	0.37129688262939453	1.90756
21	(0.9181829685451276-0.38209372257024005j)	0.3620610237121582	2.00289
22	(2.051607944557179-0.27515991724031896j)	0.3840651512145996	2.09821
23	(2.0628637477043505-0.27156630186570596j)	0.3951070308685303	2.19354
24	(2.0726913754741583-0.2660471381119281j)	0.35413479804992676	2.28887
25	(2.083554321454245-0.2628952855760821j)	0.3938331604003906	2.3842
26	(2.0915839472319093-0.2572886943506175j)	0.39621996879577637	2.47953
27	(2.099681634638502-0.2535625440384322j)	0.34786200523376465	2.57485
28	(2.108566754271661-0.24886638950870213j)	0.38015294075012207	2.67018
29	(2.115413113834182-0.2436630411472347j)	0.3604729175567627	2.76551
30	(2.122833162014047-0.23995247582296036j)	0.3500669002532959	2.86084
31	(2.1297454486994196-0.2344522770354971j)	0.3548159599304199	2.95617
32	(2.135487526024266-0.23061572864770014j)	0.38231706619262695	3.05149
33	(2.1414554075492798-0.22639728645768253j)	0.38002705574035645	3.14682
34	(2.147707726422736-0.2198317179676449j)	0.37169885635375977	3.24215
35	(2.153501678601864-0.21641064298790808j)	0.38977885246276855	3.33748
36	(2.1575688678784637-0.2110378592372068j)	0.34894323348999023	3.43281
37	(2.162705546061107-0.20672873037328088j)	0.3459792137145996	3.52813
38	(2.1680893446437777-0.20134626191420185j)	0.3398919105529785	3.62346
39	(2.1716074972572086-0.19728196631356326j)	0.352186918258667	3.71879
40	(2.17548349206177-0.1923507114488232j)	0.34789609909057617	3.81412
41	(2.1800082385038047-0.1879306573899167j)	0.34748387336730957	3.90945
42	(2.1843982202987533-0.1846522609943529j)	0.3585200309753418	4.00477
43	(2.1870927700996026-0.17928004420350274j)	0.3928489685058594	4.1001
44	(2.1907590255646436-0.17603014956737995j)	0.3929250240325928	4.19543
45	(2.1943979316439552-0.17128810635324015j)	0.3413679599761963	4.29076
46	(2.197100602903292-0.16699155866791587j)	0.366178035736084	4.38608
47	(2.199548449615788-0.16310438096803453j)	0.3619198799133301	4.48141
48	(2.201580358661008-0.15842029124847645j)	0.3531022071838379	4.57674
49	(2.2044037658301936-0.1549097547572798j)	0.3514721393585205	4.67207
50	(2.2066883913459936-0.1501404686063122j)	0.35909199714660645	4.7674
51	(2.208761645568767-0.14638820341265268j)	0.3408792018890381	4.86272
52	(2.211485600704965-0.14219253142523192j)	0.3367118835449219	4.95805
53	(2.212696349776659-0.1387487202309579j)	0.34716796875	5.05338
54	(2.2139891337597035-0.13460806306620332j)	0.3696479797363281	5.14871
55	(2.2165773462415332-0.13196225609613393j)	0.38961219787597656	5.24404
56	(2.2180644925336273-0.1281022786069168j)	0.35316896438598633	5.33936
57	(2.219715260284243-0.12392362305551408j)	0.34349632263183594	5.43469
58	(2.220412727371095-0.12075062839717665j)	0.35796213150024414	5.53002
59	(2.2222514080364357-0.11738187694603985j)	0.3548269271850586	5.62535
60	(2.222633749348847-0.11346335908026706j)	0.38947391510009766	5.72068
61	(2.223697370140364-0.11033724063960382j)	0.37281107902526855	5.816
62	(2.2246379134593446-0.10679316403227357j)	0.3882260322570801	5.91133
63	(2.22543648505314-0.10348073962557314j)	0.38495302200317383	6.00666
64	(2.226374717700237-0.0998678732555408j)	0.3618769645690918	6.10199
65	(2.226460122880669-0.09679540584311253j)	0.3501121997833252	6.19732
66	(2.2281096240351017-0.09378186224521878j)	0.363131046295166	6.29264
67	(2.227338515461514-0.09062385160613651j)	0.3634529113769531	6.38797
68	(2.228712037636453-0.08807108472497038j)	0.34459996223449707	6.4833
69	(2.22942091457054-0.08452230096042734j)	0.37961792945861816	6.57863
70	(2.2293625937239656-0.0821799935993398j)	0.3816409111022949	6.67396
71	(2.229958892401688-0.07948525274795315j)	0.35797882080078125	6.76928
72	(2.2294956881178774-0.07667421975730715j)	0.37107110023498535	6.86461
73	(2.2301072819013856-0.07434450581971896j)	0.37846994400024414	6.95994
74	(2.22976332552346-0.07088707765492008j)	0.3566019535064697	7.05527
75	(2.2297030332366425-0.06869958299760281j)	0.3705410957336426	7.15059
76	(2.2299717525348677-0.06555135796764966j)	0.3411710262298584	7.24592
77	(2.2295637478202326-0.0639404323501257j)	0.34623122215270996	7.34125
78	(2.2299866861198634-0.06081136241680685j)	0.36624789237976074	7.43658
79	(2.2296221650869334-0.05879133759458488j)	0.38292479515075684	7.53191
80	(2.2299454968798424-0.05633765997565754j)	0.3630039691925049	7.62723
81	(2.2296344745100525-0.05354273530624476j)	0.3501889705657959	7.72256
82	(2.2296859560784883-0.05217748903948294j)	0.3781719207763672	7.81789
83	(2.2293283276654323-0.04936321878639094j)	0.350905179977417	7.91322
84	(2.228998434002481-0.04802460493815974j)	0.34874892234802246	8.00855
85	(2.228331302720701-0.045630639172623j)	0.3352651596069336	8.10387
86	(2.2274799965350978-0.043207056097350094j)	0.3764479160308838	8.1992
87	(2.227187207544393-0.04166818044092746j)	0.3584139347076416	8.29453
88	(2.226800519269561-0.039132132537091247j)	0.36856770515441895	8.38986
89	(2.225950373469337-0.03758401660263333j)	0.34752821922302246	8.48519
90	(2.2259269987807113-0.03587326350381281j)	0.3551928997039795	8.58051
91	(2.2250300898504674-0.033212077561338704j)	0.3750269412994385	8.67584
92	(2.224939410244183-0.03172811435581635j)	0.3625609874725342	8.77117
93	(2.2242159591364192-0.029507387219642967j)	0.34775710105895996	8.8665
94	(2.2236908192703155-0.02829643312828234j)	0.36438417434692383	8.96183
95	(2.2235920555757565-0.026456432606190683j)	0.3482086658477783	9.05715
96	(2.222538459519658-0.02516922037887992j)	0.3481330871582031	9.15248
97	(2.2224044640905167-0.023579006814466452j)	0.3422410488128662	9.24781
98	(2.22126096109298-0.02187419712967853j)	0.3560919761657715	9.34314
99	(2.220881186750127-0.020801693040857105j)	0.33666300773620605	9.43847
100	(2.219752415732419-0.018820068305130278j)	0.4019968509674072	9.53379
101	(2.2189020712077023-0.01784143470453725j)	0.3637721538543701	9.62912
102	(2.2187321833091747-0.015714016566436007j)	0.3620178699493408	9.72445
103	(2.217329939526638-0.01474206021586666j)	0.36714792251586914	9.81978
104	(2.2173006637895933-0.013249206704332384j)	0.4359760284423828	9.9151
105	(2.216382943322243-0.011904705528005044j)	0.3878598213195801	10.01043
106	(2.2157484595055035-0.01083120933810311j)	0.3644371032714844	10.10576
107	(2.2143657557194163-0.00956326722665446j)	0.3692941665649414	10.20109
108	(2.214128164133033-0.008349923860064723j)	0.3506472110748291	10.29642
109	(2.213923183367589-0.007309704662822436j)	0.35310792922973633	10.39174
110	(2.2126471468076434-0.00620775306921395j)	0.3609137535095215	10.48707
111	(2.211921195518724-0.005573462119565109j)	0.37758898735046387	10.5824
112	(2.211229362419756-0.0039466591563972475j)	0.37338972091674805	10.67773
113	(2.210275975231435-0.0034684101617706853j)	0.370805025100708	10.77306
114	(2.2097057648306624-0.0017466030234988272j)	0.3715810775756836	10.86838
115	(2.2083854972103736-0.0010640210790927584j)	0.33889198303222656	10.96371
116	(2.2080500854821064-4.302190193528066e-05j)	0.3490140438079834	11.05904
117	(2.2068653215385186+0.0011187789855894303j)	0.33990001678466797	11.15437
118	(2.2063780083036186+0.001682542469465531j)	0.34717512130737305	11.2497
119	(2.2058282527211834+0.0031555767528608225j)	0.35176825523376465	11.34502
120	(2.204972830375213+0.0035009673535900676j)	0.36000895500183105	11.44035
121	(2.203686648116305+0.004299323895180951j)	0.3567938804626465	11.53568
122	(2.2033642454675397+0.00527331092329697j)	0.3504478931427002	11.63101
123	(2.2030351336210123+0.0058637276220331325j)	0.37624692916870117	11.72634
124	(2.2017503744656057+0.00659355800885586j)	0.3475000858306885	11.82166
125	(2.2010774572938927+0.0068533573132628645j)	0.35747504234313965	11.91699
126	(2.200719025361251+0.008218447173382826j)	0.3484659194946289	12.01232
127	(2.1993001935506555+0.00833995038877966j)	0.3786492347717285	12.10765
128	(2.1988924381647093+0.009197042267231725j)	0.3452789783477783	12.20298
129	(2.1975363964944328+0.010143356069332032j)	0.35070109367370605	12.2983
130	(2.1971472621258124+0.010568528141811973j)	0.3606069087982178	12.39363
131	(2.1962146010906443+0.011565991551236388j)	0.35677003860473633	12.48896
132	(2.195491187459897+0.01171806792817165j)	0.3432130813598633	12.58429
133	(2.1950033577880825+0.012752949026729743j)	0.35827112197875977	12.67961
134	(2.1938729893322484+0.012480277219501512j)	0.35602784156799316	12.77494
135	(2.193876085795754+0.013390037036412061j)	0.36658406257629395	12.87027
136	(2.192733676660215+0.014006073517273565j)	0.362440824508667	12.9656
137	(2.1922917983457335+0.014112182314225619j)	0.36502885818481445	13.06093
138	(2.1911662360845994+0.014895819900950125j)	0.34387779235839844	13.15625
139	(2.1903614498277686+0.014780607598271489j)	0.3592360019683838	13.25158
140	(2.1897968917442077+0.015665867253975563j)	0.3536069393157959	13.34691
141	(2.189215712439438+0.01615143642079442j)	0.34784913063049316	13.44224
142	(2.1890468380465338+0.016626905100589395j)	0.3398730754852295	13.53757
143	(2.1875640651475345+0.016794405631658904j)	0.34454870223999023	13.63289
144	(2.186832397854409+0.01707539658123647j)	0.36878299713134766	13.72822
145	(2.1862423561192066+0.017865987123389493j)	0.34624719619750977	13.82355
146	(2.1855031558133944+0.01764220688841256j)	0.36215710639953613	13.91888
147	(2.185069022071928+0.01836102678633189j)	0.41101813316345215	14.01421
148	(2.1842078719782583+0.018490909211151818j)	0.36624908447265625	14.10953
149	(2.183893213146023+0.018508145208286697j)	0.39121174812316895	14.20486
150	(2.1828276044719845+0.018954769376978042j)	0.37692689895629883	14.30019
151	(2.1823708518753913+0.01892673872650419j)	0.3662238121032715	14.39552
152	(2.181603783253613+0.019266039068472463j)	0.35336995124816895	14.49085
153	(2.0528070992317984-0.07905589360712784j)	0.3501870632171631	14.58617
154	(2.180350894329316+0.019729597302278634j)	0.358856201171875	14.6815
155	(2.1793280458635405+0.020122092640610045j)	0.37259507179260254	14.77683
156	(19.566781200239976+13.774350152945763j)	0.38622093200683594	14.87216
157	(2.178247127618694+0.02065101756091603j)	0.35177016258239746	14.96749
158	(2.1778400226336547+0.02045300100258629j)	0.3525512218475342	15.06281
159	(2.1773635190752594+0.02113552267744412j)	0.3466639518737793	15.15814
160	(2.1764709465973033+0.021225497671067073j)	0.336472749710083	15.25347
161	(2.17601825948639+0.02146228117393223j)	0.378964900970459	15.3488
162	(2.1754950391707277+0.02135110408363783j)	0.3435368537902832	15.44412
163	(2.1750411803705663+0.02108710524662838j)	0.3785710334777832	15.53945
164	(2.1745174063562565+0.02155770567037374j)	0.3529090881347656	15.63478
165	(2.1736902096155637+0.021331219631721465j)	0.3355071544647217	15.73011
166	(2.1732532890135188+0.021244049409055776j)	0.35028672218322754	15.82544
167	(2.1722485201020687+0.021719369567660962j)	0.3461637496948242	15.92076
168	(2.1720343458076456+0.021639243130122443j)	0.3485569953918457	16.01609
169	(2.171268119478318+0.022101657096055938j)	0.3681468963623047	16.11142
170	(2.17076036393315+0.021802029731148087j)	0.33999013900756836	16.20675
171	(2.170541757691046+0.022107314184975246j)	0.3866138458251953	16.30208
172	(2.1699286875907045+0.02225637843423045j)	0.35463500022888184	16.3974
173	(2.1697185602620133+0.022279449405741447j)	0.35736083984375	16.49273
174	(2.1687005378182835+0.022301018967573416j)	0.37518811225891113	16.58806
175	(2.1685933915649267+0.022111302932292798j)	0.3641059398651123	16.68339
176	(2.1681638924743165+0.022539806870381263j)	0.3573920726776123	16.77872
177	(2.1675186089808802+0.0219301067414015j)	0.3614351749420166	16.87404
178	(2.1672816627291698+0.02217061095944528j)	0.3587799072265625	16.96937
179	(2.166395818268702+0.02202195756759262j)	0.34722375869750977	17.0647
180	(2.1662416918776652+0.021965651575464262j)	0.34421396255493164	17.16003
181	(2.165495938771902+0.022214359971189257j)	0.36645984649658203	17.25536
182	(2.1649863377724956+0.022008845546900968j)	0.35326218605041504	17.35068
183	(2.1645468625178887+0.02238152359087686j)	0.35579681396484375	17.44601
184	(2.163978417315488+0.022148361682831963j)	0.33437490463256836	17.54134
185	(2.164127759721519+0.022384537792461412j)	0.3387598991394043	17.63667
186	(2.182022272640615+0.041716772441885874j)	0.36400485038757324	17.732
187	(2.16300108942277+0.021811411256967617j)	0.36204099655151367	17.82732
188	(2.1623228690050267+0.021744698224747783j)	0.3419530391693115	17.92265
189	(2.1623381540370685+0.021894880789075977j)	0.340346097946167	18.01798
190	(2.1621370862912395+0.022103746199733765j)	0.3664250373840332	18.11331
191	(2.161323461371877+0.021675241128159106j)	0.3839607238769531	18.20863
192	(2.161243490605287+0.02162189230233391j)	0.36996984481811523	18.30396
193	(2.1610069923042183+0.021626678166138724j)	0.35821008682250977	18.39929
194	(2.1602863784590975+0.021942580189703742j)	0.38196516036987305	18.49462
195	(2.1600961972354913+0.021955105791056084j)	0.3590409755706787	18.58995
196	(2.1595848001868254+0.021801130511715394j)	0.36490511894226074	18.68527
197	(2.15922851648836+0.021707151108734557j)	0.3775160312652588	18.7806
198	(2.1585547179304516+0.021537480131309295j)	0.35216593742370605	18.87593
199	(2.1585932726188335+0.02136115147507245j)	0.3698160648345947	18.97126
200	(2.1580119814600556+0.02158723608201174j)	0.35853123664855957	19.06659
201	(2.1580149701817146+0.02105183845038794j)	0.35187506675720215	19.16191
202	(2.1577450240081513+0.02128037855780396j)	0.3406651020050049	19.25724
203	(2.1574945067775153+0.021212279500362863j)	0.3569328784942627	19.35257
204	(2.156624160325399+0.02019238015858771j)	0.3145751953125	19.4479
205	(2.1565494636594456+0.02079359878880571j)	0.342120885848999	19.54323
206	(2.1563150893519505+0.02039192116776034j)	0.36214709281921387	19.63855
207	(2.1558421710692515+0.020605534884333254j)	0.3436286449432373	19.73388
208	(2.1555228851831165+0.020179387946482663j)	0.3552577495574951	19.82921
209	(2.1554671147014237+0.020550128703769044j)	0.35214900970458984	19.92454
210	(2.1548417414465875+0.019902574098231485j)	0.3678321838378906	20.01987
211	(2.154898223716302+0.020272964414217665j)	0.36115002632141113	20.11519
212	(2.1543422847144704+0.020390568851312185j)	0.3598928451538086	20.21052
213	(2.1544150434469307+0.02010240437002997j)	0.34930419921875	20.30585
214	(2.1536605347844837+0.019653080741792284j)	0.3638911247253418	20.40118
215	(2.1536850524179663+0.01973395713880577j)	0.34778499603271484	20.49651
216	(2.141718788131014+0.003549215547478557j)	0.3446378707885742	20.59183
217	(2.1533890231779886+0.019599398811435575j)	0.3796727657318115	20.68716
218	(2.152691773131195+0.019646968154167777j)	0.36601781845092773	20.78249
219	(2.152834192765499+0.01917735103834617j)	0.35475897789001465	20.87782
220	(2.1524100221627425+0.018835654631917498j)	0.35077786445617676	20.97314
221	(2.1523749914277226+0.019083058551998544j)	0.3625659942626953	21.06847
222	(2.1518162009135735+0.019101279731718046j)	0.3515310287475586	21.1638
223	(2.1518002093873774+0.018778836790181552j)	0.36591100692749023	21.25913
224	(2.151137100301464+0.018513275782772398j)	0.3448503017425537	21.35446
225	(2.1513976624561604+0.01847442435106239j)	0.3631742000579834	21.44978
226	(2.1511168479753353+0.018750053608095896j)	0.3358039855957031	21.54511
227	(2.1509683028227187+0.018266333448380356j)	0.36164188385009766	21.64044
228	(2.150965327061906+0.01841760730929809j)	0.3825647830963135	21.73577
229	(2.15056608670186+0.018245676716161174j)	0.35709500312805176	21.8311
230	(2.150858391682172+0.018084107894608237j)	0.3536701202392578	21.92642
231	(2.150072221471925+0.017712188144759722j)	0.3761410713195801	22.02175
232	(2.150144576965153+0.01735885095112577j)	0.3596341609954834	22.11708
233	(2.149862969151455+0.017535382469351712j)	0.36092281341552734	22.21241
234	(2.1495524029958455+0.017103700438206526j)	0.3538970947265625	22.30774
235	(2.149360978114993+0.017275411999287726j)	0.3878777027130127	22.40306
236	(2.1489494358634995+0.017122810125428267j)	0.38561511039733887	22.49839
237	(2.149159741132382+0.016925336860679763j)	0.35382819175720215	22.59372
238	(2.1487141723032144+0.017075546296835054j)	0.3493010997772217	22.68905
239	(2.1486424572519622+0.016689149550888405j)	0.3654651641845703	22.78438
240	(2.148728851006583+0.0169564367770606j)	0.38051724433898926	22.8797
241	(2.148373416248069+0.016538077895555836j)	0.36359596252441406	22.97503
242	(2.1486239829400153+0.01655176719986673j)	0.3520991802215576	23.07036
243	(2.148543278591343+0.016280959514399562j)	0.38101983070373535	23.16569
244	(2.148273402526342+0.0160488991762594j)	0.38127899169921875	23.26102
245	(2.1478747806308283+0.01603499157217969j)	0.3762049674987793	23.35634
246	(2.1476917503026285+0.015872127909688616j)	0.3422360420227051	23.45167
247	(2.14792121989107+0.015578830089334805j)	0.34526586532592773	23.547
248	(2.147438599394577+0.01583514477000947j)	0.3658719062805176	23.64233
249	(2.1473422967634677+0.015509141568237461j)	0.3452157974243164	23.73765
250	(2.1469106288538633+0.015522527934395125j)	0.3638339042663574	23.83298
251	(2.147022918524771+0.015223626017071057j)	0.3489856719970703	23.92831
252	(2.1469115191700903+0.015453333235285749j)	0.36057591438293457	24.02364
253	(2.146660157472493+0.015062478042547567j)	0.35883307456970215	24.11897
254	(2.1468152698096508+0.015185721512858796j)	0.3420710563659668	24.21429
255	(2.1465759635476727+0.014927161000051314j)	0.36434483528137207	24.30962
256	(2.1468151458228273+0.014653736976035336j)	0.37003397941589355	24.40495
257	(2.1464544532545218+0.014703464400316335j)	0.34125399589538574	24.50028
258	(2.1459109561114484+0.014544899807489409j)	0.35785412788391113	24.59561
259	(2.146206427693663+0.014291150263876173j)	0.3376121520996094	24.69093
260	(2.1458967550596753+0.01391433536192066j)	0.35881495475769043	24.78626
261	(2.1460598319670092+0.01394959794992745j)	0.37585902214050293	24.88159
262	(2.1456726576586456+0.013860862616407177j)	0.36865997314453125	24.97692
263	(2.1458038151744514+0.013598424502712314j)	0.3608429431915283	25.07225
264	(2.145523806320181+0.01401820587397895j)	0.3593020439147949	25.16757
265	(2.1454317288923805+0.0136011838415242j)	0.3622579574584961	25.2629
266	(2.145500408499545+0.013877966693741528j)	0.35607004165649414	25.35823
267	(2.1453977754860927+0.013430380981497958j)	0.34667086601257324	25.45356
268	(2.1206701029319937-0.041920521658584065j)	0.3355271816253662	25.54889
269	(2.145329984643585+0.013192431563627482j)	0.3513462543487549	25.64421
270	(2.145389132520381+0.012884608511479545j)	0.3670971393585205	25.73954
271	(2.1450334476327577+0.01315770229918889j)	0.36248207092285156	25.83487
272	(2.145068066495295+0.012622154385161233j)	0.3368368148803711	25.9302
273	(2.145171290462344+0.01244675690891095j)	0.34879016876220703	26.02553
274	(2.1446558202059007+0.012491358579964085j)	0.3469250202178955	26.12085
275	(2.1448041809130918+0.012329827946037097j)	0.3856391906738281	26.21618
276	(2.144508968962176+0.012453855341037823j)	0.36039090156555176	26.31151
277	(2.1444773225399487+0.012114228984535402j)	0.3512907028198242	26.40684
278	(2.144577587646683+0.012437142096131892j)	0.35765790939331055	26.50216
279	(2.1442901661058746+0.011881699191457984j)	0.40474963188171387	26.59749
280	(2.1446538430700506+0.012175811173457896j)	0.36142802238464355	26.69282
281	(2.1444426766326763+0.012027566106155296j)	0.37911391258239746	26.78815
282	(2.1445276913065485+0.011798553183364424j)	0.3641369342803955	26.88348
283	(2.1442770444185055+0.011808724274937621j)	0.3528738021850586	26.9788
284	(2.1441935713040885+0.01141461585489123j)	0.37480688095092773	27.07413
285	(2.1443867505165257+0.011499495014666516j)	0.35382723808288574	27.16946
286	(2.14406150328507+0.011231421988611712j)	0.3620889186859131	27.26479
287	(2.1443410190376455+0.011151874523118055j)	0.34441304206848145	27.36012
288	(2.1437341848387828+0.011213425515619102j)	0.36105918884277344	27.45544
289	(2.143908966570416+0.010928621381481096j)	0.3523712158203125	27.55077
290	(2.143785108741295+0.011168187297361798j)	0.3446359634399414	27.6461
291	(2.1436599250226323+0.010804710819077856j)	0.3377809524536133	27.74143
292	(2.1438656358518595+0.010936834029479314j)	0.3488142490386963	27.83676
293	(2.1436647385648953+0.01083568325315254j)	0.34372591972351074	27.93208
294	(2.143611562023555+0.010829708817836181j)	0.3452422618865967	28.02741
295	(2.1437494670612556+0.010855221675209026j)	0.3502020835876465	28.12274
296	(2.1437880120073407+0.010418902571132205j)	0.35192298889160156	28.21807
297	(2.1437409203917643+0.010369424054000542j)	0.3728299140930176	28.3134
298	(2.1435729637333227+0.010266503905756674j)	0.3412508964538574	28.40872
299	(2.1437737845001674+0.010037440175882262j)	0.341677188873291	28.50405
300	(2.1434310819041547+0.010035182568320478j)	0.3495957851409912	28.59938
301	(2.14365735688441+0.01003682841776321j)	0.352755069732666	28.69471
302	(2.1434044477630056+0.009967365374236925j)	0.3473207950592041	28.79004
303	(2.1432233026196474+0.009763010355874013j)	0.3553450107574463	28.88536
304	(2.1433522748362885+0.009939662614059652j)	0.3487129211425781	28.98069
305	(2.1431039370056926+0.009754792617081454j)	0.35915493965148926	29.07602
306	(2.143407072055023+0.009991418328794688j)	0.37130308151245117	29.17135
307	(2.143276932851335+0.00970711534537716j)	0.3477299213409424	29.26667
308	(2.143414973965401+0.009219431557154434j)	0.35386085510253906	29.362
309	(2.1434246414323668+0.009601690793607176j)	0.3367280960083008	29.45733
310	(2.143278421438232+0.00923979948700121j)	0.334226131439209	29.55266
311	(2.143467721079976+0.00927853967689024j)	0.34124207496643066	29.64799
312	(2.143037107319624+0.008916829083314315j)	0.34547877311706543	29.74331
313	(2.143066863173378+0.008889039361435813j)	0.3484220504760742	29.83864
314	(2.1434154254954803+0.009120259431866284j)	0.3737001419067383	29.93397
315	(2.1428727860501278+0.008682651077105086j)	0.3698580265045166	30.0293
316	(2.1429846364900222+0.009028864242473511j)	0.37947797775268555	30.12463
317	(2.1428832644029647+0.00875234201874936j)	0.3443489074707031	30.21995
318	(2.1430960049449785+0.008904596640792739j)	0.3491349220275879	30.31528
319	(2.1428232090438195+0.008815568837375887j)	0.34763526916503906	30.41061
320	(2.143056893375864+0.008760820935715952j)	0.367434024810791	30.50594
321	(2.1429582811492276+0.008824160913180557j)	0.3482060432434082	30.60127
322	(2.1430930578474614+0.008358781089487677j)	0.35117578506469727	30.69659
323	(2.1432141083631886+0.00847807645300408j)	0.3769340515136719	30.79192
324	(2.1429622757782862+0.008210551550124456j)	0.35471200942993164	30.88725
325	(2.1426062455863755+0.008141642392149151j)	0.3715019226074219	30.98258
326	(2.1429835754215976+0.008166102351488624j)	0.3409562110900879	31.07791
327	(2.142983021138515+0.008077616384686903j)	0.3744380474090576	31.17323
328	(2.1428108778014545+0.008089824673981783j)	0.3539261817932129	31.26856
329	(2.142743486278928+0.007746069873828754j)	0.3544960021972656	31.36389
330	(2.1429627196249137+0.007901691134020172j)	0.3480548858642578	31.45922
331	(2.1428903685341205+0.007632382097254031j)	0.3652808666229248	31.55455
332	(2.1429672294973656+0.007911676359830977j)	0.3642008304595947	31.64987
333	(2.1427118856199026+0.008012826531734352j)	0.36690616607666016	31.7452
334	(2.1428516463458473+0.0076873597852085696j)	0.3579988479614258	31.84053
335	(2.142953164221835+0.0079068610673651j)	0.3522529602050781	31.93586
336	(2.1428515457567805+0.0074450944408794295j)	0.34315991401672363	32.03118
337	(2.1427446357479445+0.007521080514951872j)	0.35730504989624023	32.12651
338	(2.1427933389003138+0.0074336636767963205j)	0.33579421043395996	32.22184
339	(2.143001171685737+0.00724309419841862j)	0.3472781181335449	32.31717
340	(2.1428588212047526+0.007394896991726629j)	0.37299275398254395	32.4125
341	(2.1426222150610608+0.007091567206870819j)	0.3421180248260498	32.50782
342	(2.1427012919430584+0.007297196941375372j)	0.3370249271392822	32.60315
343	(2.142473289299124+0.007233293591359269j)	0.36209726333618164	32.69848
344	(2.142786428717521+0.007158314006405986j)	0.3350069522857666	32.79381
345	(2.1425346411156156+0.0071588186564952305j)	0.35248303413391113	32.88914
346	(2.1428769364869487+0.007050098786694103j)	0.34163999557495117	32.98446
347	(2.142798785349648+0.007283622077815549j)	0.368333101272583	33.07979
348	(2.1427447967937425+0.006945284231676091j)	0.356065034866333	33.17512
349	(2.1427219882853485+0.006901274259780654j)	0.36303091049194336	33.27045
350	(2.1427292986483564+0.007004839961686327j)	0.36686277389526367	33.36578
351	(2.143021162687598+0.006600816222988359j)	0.3789210319519043	33.4611
352	(2.142702949110043+0.006470621387407782j)	0.36756086349487305	33.55643
353	(2.142787860442629+0.006497534675343877j)	0.35606813430786133	33.65176
354	(2.142814177262241+0.006654029293566233j)	0.3512599468231201	33.74709
355	(2.142520335552507+0.006263360177545002j)	0.3680109977722168	33.84242
356	(2.142530172519346+0.006600254316966439j)	0.3502027988433838	33.93774
357	(2.1424642841414+0.006587613032928916j)	0.34534287452697754	34.03307
358	(2.1426891569855653+0.006417917097840314j)	0.3823871612548828	34.1284
359	(2.1425603318000945+0.006657557188601421j)	0.3447718620300293	34.22373
360	(2.1426717930431702+0.006345305973909157j)	0.3472249507904053	34.31906
361	(2.1428853071086618+0.006609509508334152j)	0.3740501403808594	34.41438
362	(2.1426653872842962+0.00601418386805843j)	0.36178088188171387	34.50971
363	(2.1429219980634837+0.0063356130186128685j)	0.3616361618041992	34.60504
364	(2.142763863065042+0.006358136098578673j)	0.37666988372802734	34.70037
365	(2.1428561597878493+0.006245155817221921j)	0.3734619617462158	34.79569
366	(2.14273709487972+0.0061887047382527954j)	0.3608131408691406	34.89102
367	(2.1417216355306308+0.0057174185908479905j)	0.34292101860046387	34.98635
368	(2.1428131507093413+0.006053359056656878j)	0.36372900009155273	35.08168
369	(2.1424049803537737+0.005921856202971587j)	0.3659660816192627	35.17701
370	(2.1426944871867297+0.005947259758242715j)	0.3569517135620117	35.27233
371	(2.1429329343926056+0.006201978162771675j)	0.4050459861755371	35.36766
372	(2.142669336328828+0.0058665415340696594j)	0.45935606956481934	35.46299
373	(2.14275795994994+0.006069715084864237j)	0.5202500820159912	35.55832
374	(2.1425226689552512+0.005832935641500114j)	0.475344181060791	35.65365
375	(2.1429015842051373+0.00569887095926723j)	0.48212409019470215	35.74897
376	(2.1427108153758025+0.005850374975245751j)	0.36353111267089844	35.8443
377	(2.142739812984454+0.006073471734758196j)	0.409146785736084	35.93963
378	(2.142794082439111+0.0058224612201848575j)	0.33490610122680664	36.03496
379	(2.1428049632079054+0.00550028586542152j)	0.3526341915130615	36.13029
380	(2.1428522416466906+0.0056122108951105615j)	0.3525240421295166	36.22561
381	(2.1429733760062697+0.00543188736532213j)	0.3442249298095703	36.32094
382	(2.142819518482384+0.005465171171722433j)	0.3488731384277344	36.41627
383	(2.1424605166003654+0.00562710374488451j)	0.3572840690612793	36.5116
384	(2.1426441542900836+0.005292413403199081j)	0.3452720642089844	36.60693
385	(2.142647488936867+0.005782919872315245j)	0.3376479148864746	36.70225
386	(2.14261174742895+0.005463254556938746j)	0.33924102783203125	36.79758
387	(2.142830069953573+0.005552485549807945j)	0.33731603622436523	36.89291
388	(2.1426837471061506+0.005502053620422803j)	0.35529518127441406	36.98824
389	(2.1428264522587757+0.005341481100493012j)	0.38476109504699707	37.08357
390	(2.1428103436302375+0.005428091181119921j)	0.3649008274078369	37.17889
391	(2.142942398853002+0.005136624298039627j)	0.34276604652404785	37.27422
392	(2.142942041754922+0.005266001436064427j)	0.3597142696380615	37.36955
393	(2.142741068890053+0.0050347830406639316j)	0.3488478660583496	37.46488
394	(2.1428244747014613+0.005154022897464222j)	0.35543203353881836	37.5602
395	(2.142517925792476+0.0051528369708473964j)	0.3480098247528076	37.65553
396	(2.1427600393589796+0.005028751728608116j)	0.35457587242126465	37.75086
397	(2.1428363125237624+0.005038761811294312j)	0.368027925491333	37.84619
398	(2.1425877976741323+0.004874693467789293j)	0.34151124954223633	37.94152
399	(2.142881721491689+0.005344751796657388j)	0.3436567783355713	38.03684
400	(2.1426438101413496+0.0051785350119814555j)	0.33785223960876465	38.13217
401	(2.1429065714962285+0.005172189983075615j)	0.3672339916229248	38.2275
402	(2.1426477931274346+0.005202013235392322j)	0.3490109443664551	38.32283
403	(2.14292403676033+0.005012127120107568j)	0.36541318893432617	38.41816
404	(2.142663174476646+0.004886990468774388j)	0.3575141429901123	38.51348
405	(2.14276025762571+0.004904973147542457j)	0.35994696617126465	38.60881
406	(2.142960143197748+0.004900348918012609j)	0.3546628952026367	38.70414
407	(2.1427198004186043+0.004759901105540587j)	0.3350369930267334	38.79947
408	(2.1429477400260857+0.004681411368785526j)	0.3422269821166992	38.8948
409	(2.1425920655310997+0.00492320312309269j)	0.3382389545440674	38.99012
410	(2.1427036866497695+0.004682722144700557j)	0.37676072120666504	39.08545
411	(2.1427469961474928+0.00488183716581142j)	0.38938021659851074	39.18078
412	(2.142546782124308+0.0046786428138052005j)	0.3935868740081787	39.27611
413	(2.14276626182316+0.0048532453483227656j)	0.3761789798736572	39.37144
414	(2.142708690715693+0.004705867871430958j)	0.3719780445098877	39.46676
415	(2.143015966870482+0.004562589734357025j)	0.3688037395477295	39.56209
416	(2.1428830464942963+0.0049557147305586136j)	0.3672950267791748	39.65742
417	(2.142891295791519+0.004966871620540492j)	0.3612351417541504	39.75275
418	(2.142998068280768+0.004738198106989111j)	0.35358309745788574	39.84808
419	(2.1427111561234184+0.004445723355258224j)	0.37046194076538086	39.9434
420	(2.1430003683653256+0.00450478937966875j)	0.370542049407959	40.03873
421	(2.1428473683513816+0.0042903011882299835j)	0.3611280918121338	40.13406
422	(2.142792609871541+0.004348555745722293j)	0.3419649600982666	40.22939
423	(2.14264418736205+0.004651939843996145j)	0.3379697799682617	40.32471
424	(2.1426403641213+0.00445483750851039j)	0.35162997245788574	40.42004
425	(2.143068985689997+0.004472926828361645j)	0.3785989284515381	40.51537
426	(2.1425794851902524+0.004570686375829469j)	0.3377957344055176	40.6107
427	(2.1428676984957744+0.004529328300929891j)	0.3495171070098877	40.70603
428	(2.142780941463526+0.004609492822855166j)	0.33850979804992676	40.80135
429	(2.142911543757092+0.004321378459000935j)	0.3678290843963623	40.89668
430	(2.143035092192452+0.004549089935155015j)	0.34981489181518555	40.99201
431	(2.1428521448654037+0.004324810678252411j)	0.34771299362182617	41.08734
432	(2.14307187491648+0.004309075520516847j)	0.36571288108825684	41.18267
433	(2.1429289522419808+0.004365035125886707j)	0.3487889766693115	41.27799
434	(2.142832777153375+0.004235257290211125j)	0.3601820468902588	41.37332
435	(2.142976134007596+0.0043566317359581275j)	0.3433661460876465	41.46865
436	(2.1427065436348878+0.0041005581838393645j)	0.3459463119506836	41.56398
437	(2.1428592024045234+0.004328619676785217j)	0.4041097164154053	41.65931
438	(2.1426513518666597+0.004218901990736823j)	0.36233997344970703	41.75463
439	(2.1428926533398425+0.004325459522009245j)	0.3438069820404053	41.84996
440	(2.1425439825627226+0.004437474346581816j)	0.36188387870788574	41.94529
441	(2.142883274595776+0.004137712212545774j)	0.34641408920288086	42.04062
442	(2.142818583885453+0.004435080731574392j)	0.34721899032592773	42.13595
443	(2.1429066927156244+0.004114629633785283j)	0.33549976348876953	42.23127
444	(2.143122321077563+0.004260024116461092j)	0.342191219329834	42.3266
445	(2.142849430401704+0.004057749841552938j)	0.35221219062805176	42.42193
446	(2.143043734451681+0.004049153118346638j)	0.36438679695129395	42.51726
447	(2.1428762627230986+0.004143764069063027j)	0.34139132499694824	42.61259
448	(2.142825013703462+0.00390094607119007j)	0.34151697158813477	42.70791
449	(2.1427775680430967+0.004105603268641289j)	0.3453400135040283	42.80324
450	(2.1425889838421797+0.003982024675934448j)	0.3490118980407715	42.89857
451	(2.1428935890531955+0.004039062860137332j)	0.338040828704834	42.9939
452	(2.142702445327438+0.004174647858473435j)	0.339130163192749	43.08922
453	(2.1429656599685853+0.004054049187973141j)	0.34954285621643066	43.18455
454	(2.1428244654724997+0.00430304584369412j)	0.362529993057251	43.27988
455	(2.142972786446144+0.004012265839935525j)	0.3786487579345703	43.37521
456	(2.1429941330036066+0.004172262387104664j)	0.37398290634155273	43.47054
457	(2.1429186998393006+0.003876462716542517j)	0.3511350154876709	43.56586
458	(2.143155116752837+0.003913847493884903j)	0.3589451313018799	43.66119
459	(2.1428504319908557+0.003949585551097812j)	0.3497910499572754	43.75652
460	(2.142939717441642+0.0038111946203190916j)	0.3493070602416992	43.85185
461	(2.1430181870961413+0.003926816696910529j)	0.37606000900268555	43.94718
462	(2.1427305519002697+0.003754281284381822j)	0.3674201965332031	44.0425
463	(2.142963823542844+0.003978823781837892j)	0.35002708435058594	44.13783
464	(2.142629998811119+0.003789278953433506j)	0.36524200439453125	44.23316
465	(2.142928344829909+0.003866373632751108j)	0.35465216636657715	44.32849
466	(2.142729859681602+0.0040739738235503475j)	0.34856486320495605	44.42382
467	(2.14292610027474+0.003838985752359414j)	0.3555169105529785	44.51914
468	(2.142885323528776+0.0039911643911139105j)	0.3574838638305664	44.61447
469	(2.142785000882844+0.0038510068960181387j)	0.3599090576171875	44.7098
470	(2.143085235310531+0.003919195585527224j)	0.3480510711669922	44.80513
471	(2.142878132062474+0.0038831817482868347j)	0.3358778953552246	44.90046
472	(2.1430042126195787+0.0035911876916288055j)	0.3443870544433594	44.99578
473	(2.1429215132490853+0.0038153891248186023j)	0.35288286209106445	45.09111
474	(2.1428672446805925+0.003512838672764751j)	0.3353919982910156	45.18644
475	(2.1429258173626122+0.00373189767731541j)	0.3359110355377197	45.28177
476	(2.14267220948886+0.0037684784600829913j)	0.34889674186706543	45.3771
477	(2.1428473815366442+0.0037679965333911047j)	0.34660887718200684	45.47242
478	(2.142631421993477+0.003857547503691383j)	0.33681797981262207	45.56775
479	(2.1428715618570737+0.0036665890313815064j)	0.33347010612487793	45.66308
480	(2.142648111897184+0.003889380466926884j)	0.3402743339538574	45.75841
481	(2.1429378410638673+0.0036953826523510314j)	0.34265804290771484	45.85373
482	(2.143112162630622+0.003722154862952909j)	0.39632296562194824	45.94906
483	(2.1428326932158663+0.003678998502187003j)	0.3677351474761963	46.04439
484	(2.1431047904789664+0.0036656511165508165j)	0.3387420177459717	46.13972
485	(2.1429792041015165+0.00382497580894281j)	0.35759997367858887	46.23505
486	(2.1427938774809334+0.0034645541658037127j)	0.3667480945587158	46.33037
487	(2.143034704442752+0.003667919147787857j)	0.35137391090393066	46.4257
488	(2.1426042066938447+0.003776383315622134j)	0.35414981842041016	46.52103
489	(2.1429575863315393+0.0035362985830018623j)	0.3458847999572754	46.61636
490	(2.1426669257438236+0.0036113187259736446j)	0.36274290084838867	46.71169
491	(2.14288605551973+0.003501551585161411j)	0.36460208892822266	46.80701
492	(2.1427232569201475+0.0037934283795357793j)	0.36707615852355957	46.90234
493	(2.1427201571743373+0.003485068679877412j)	0.3648221492767334	46.99767
494	(2.142946317020537+0.0037477788877838814j)	0.3401012420654297	47.093
495	(2.142739511936127+0.0036224838253108294j)	0.34259581565856934	47.18833
496	(2.143113415066098+0.0035406443750298777j)	0.35187292098999023	47.28365
497	(2.142918012965297+0.0036051160207904998j)	0.3387119770050049	47.37898
498	(2.1430086936299846+0.0033989784000875156j)	0.3584628105163574	47.47431
499	(2.142990887051548+0.003576981500543308j)	0.35005712509155273	47.56964
500	(2.14298762959422+0.003315649327585435j)	0.40522313117980957	47.66497
501	(2.142813268617038+0.0036256882325990114j)	0.36504697799682617	47.76029
502	(2.1426974567457657+0.003361393060956841j)	0.343076229095459	47.85562
503	(2.1429144252465626+0.003336264361447072j)	0.3654758930206299	47.95095
504	(2.1427375866120277+0.003521515027185007j)	0.34389305114746094	48.04628
505	(2.1427310661063936+0.003292145285202719j)	0.3425748348236084	48.14161
506	(2.1425565135686857+0.0034044298544460005j)	0.3768320083618164	48.23693
507	(2.142662309842768+0.00328680371506751j)	0.35376906394958496	48.33226
508	(2.143017933615912+0.003488092067541082j)	0.3502669334411621	48.42759
509	(2.1428002152053334+0.003628603905263761j)	0.3602559566497803	48.52292
510	(2.143033855723321+0.0033079166184177833j)	0.3839988708496094	48.61824
511	(2.1429096240039778+0.0034971774410441636j)	0.354417085647583	48.71357
512	(2.1430445117191366+0.0032372436249687997j)	0.3600199222564697	48.8089
513	(2.14296865291131+0.0035695670835351745j)	0.37714719772338867	48.90423
514	(2.142776617268828+0.0033630112740827833j)	0.35059189796447754	48.99956
515	(2.1430118871197203+0.003543949290075954j)	0.34573793411254883	49.09488
516	(2.1426538352130873+0.0034038043257851314j)	0.36324191093444824	49.19021
517	(2.142813518251501+0.003215019931262608j)	0.33604001998901367	49.28554
518	(2.1427982785859663+0.0034267019924902886j)	0.35391902923583984	49.38087
519	(2.1427475513107455+0.0032072576348767257j)	0.3497951030731201	49.4762
520	(2.142984549523755+0.0034474650333677914j)	0.3616909980773926	49.57152
521	(2.1427960265837087+0.003435778490002761j)	0.3592667579650879	49.66685
522	(2.1430026767114523+0.003274748003730066j)	0.3557560443878174	49.76218
523	(2.14290549444791+0.0034523745586063637j)	0.3431060314178467	49.85751
524	(2.1429614067435914+0.0032599915095326004j)	0.35907506942749023	49.95284
525	(2.14297618095502+0.0033349887721427773j)	0.36484408378601074	50.04816
526	(2.1429473653890976+0.0029986742768259855j)	0.3537719249725342	50.14349
527	(2.1430384758218217+0.0031481840177463027j)	0.3644130229949951	50.23882
528	(2.142691665432781+0.0032083682294934412j)	0.3528451919555664	50.33415
529	(2.142918329386637+0.003042715755363856j)	0.33999204635620117	50.42948
530	(2.1427018590101774+0.00338215504200412j)	0.3538968563079834	50.5248
531	(2.1427444887054587+0.003035589626752211j)	0.3584170341491699	50.62013
532	(2.1428559313428055+0.0033111811183894613j)	0.3441770076751709	50.71546
533	(2.142672327055573+0.003228138123810842j)	0.3555309772491455	50.81079
534	(2.1429531050723343+0.0031920635841988787j)	0.3448822498321533	50.90612
535	(2.1428126549683877+0.0034006165029742963j)	0.34841108322143555	51.00144
536	(2.1429946665408623+0.003152502520786138j)	0.35268211364746094	51.09677
537	(2.1429218475377634+0.0033740973138300934j)	0.344419002532959	51.1921
538	(2.142917964726122+0.0031491412317570244j)	0.35507726669311523	51.28743
539	(2.1431372291157507+0.003232226332465782j)	0.38396501541137695	51.38276
540	(2.142750127587633+0.0030795636619385114j)	0.3447399139404297	51.47808
541	(2.1430323938615468+0.0029453653229942756j)	0.3605809211730957	51.57341
542	(2.142738005138352+0.003109766648667467j)	0.3562350273132324	51.66874
543	(2.1427613495121403+0.002887134448516182j)	0.34111690521240234	51.76407
544	(2.142447195443942+0.002878316152010285j)	0.32031702995300293	51.85939
545	(2.1426375154851938+0.003092653340859064j)	0.3736410140991211	51.95472
546	(2.1429240738198136+0.003126287824307905j)	0.36402392387390137	52.05005
547	(2.1424641470987593+0.0030678313365104515j)	0.35881996154785156	52.14538
548	(2.1430493426709436+0.003018388429664398j)	0.37158203125	52.24071
549	(2.142831821116399+0.003200684007284682j)	0.34413623809814453	52.33603
550	(2.142910669029339+0.003011174800114258j)	0.3571901321411133	52.43136
551	(2.1430087716473243+0.003179076531917513j)	0.3942410945892334	52.52669
552	(2.142811576263762+0.003034529990956214j)	0.34143710136413574	52.62202
553	(2.143044537676867+0.003062349160542821j)	0.3485891819000244	52.71735
554	(2.1427130088844066+0.0030323360332511484j)	0.37061023712158203	52.81267
555	(2.1426847093736616+0.0032277287634838725j)	0.35243797302246094	52.908
556	(2.1428027389112585+0.002936891220707283j)	0.344069242477417	53.00333
557	(2.142708283914854+0.0028614081542728265j)	0.33891797065734863	53.09866
558	(2.1428575027258217+0.0029775230220498994j)	0.33681797981262207	53.19399
559	(2.1428420877797327+0.0033757421225815154j)	0.3614799976348877	53.28931
560	(2.1429247857515508+0.0030587107102137967j)	0.3428459167480469	53.38464
561	(2.142697427328641+0.0031420491121381122j)	0.34027600288391113	53.47997
562	(2.1428288402460187+0.002920224811534755j)	0.3353438377380371	53.5753
563	(2.142979518988829+0.0031480626996855943j)	0.345012903213501	53.67063
564	(2.1428592333215972+0.0028939602208324366j)	0.33720898628234863	53.76595
565	(2.1430051984624456+0.0029551209960174685j)	0.3519740104675293	53.86128
566	(2.1429769206080467+0.0028417738411943283j)	0.35066819190979004	53.95661
567	(2.1429721503489123+0.00283365538946323j)	0.36082005500793457	54.05194
568	(2.142790489840097+0.0029437064377701994j)	0.4782381057739258	54.14727
569	(2.142859179091159+0.0029725592313398774j)	0.3386270999908447	54.24259
570	(2.142790399378635+0.002937666957083307j)	0.340040922164917	54.33792
571	(2.1425907569670395+0.002815595725585762j)	0.344663143157959	54.43325
572	(2.1427972054732454+0.0028866827317639565j)	0.37957215309143066	54.52858
573	(2.142742006822119+0.0030078923658360956j)	0.3509640693664551	54.6239
574	(2.1428394163320066+0.0028688432008623366j)	0.3381180763244629	54.71923
575	(2.1429109738959116+0.0030139615439315204j)	0.36747097969055176	54.81456
576	(2.1428886313602207+0.0028923944624461573j)	0.3396279811859131	54.90989
577	(2.14295913681656+0.0030455065104202372j)	0.35173702239990234	55.00522
578	(2.1428360724555713+0.0027928609803211657j)	0.336137056350708	55.10054
579	(2.1429738675637755+0.0028177473684900534j)	0.346390962600708	55.19587
580	(2.1430559434982137+0.0027695192317285233j)	0.3720850944519043	55.2912
581	(2.142882810150447+0.0026657716327611602j)	0.3446362018585205	55.38653
582	(2.142821110642824+0.00292802668533243j)	0.33402299880981445	55.48186
583	(2.142737357042895+0.002868245448390372j)	0.34865617752075195	55.57718
584	(2.142827600284953+0.0028657137874503746j)	0.33321595191955566	55.67251
585	(2.1425324652143436+0.002509657289925027j)	0.32992005348205566	55.76784
586	(2.1427882012178996+0.002763367831626784j)	0.3423879146575928	55.86317
587	(2.142670300023643+0.002987938153213854j)	0.33471107482910156	55.9585
588	(2.142794976797988+0.0027925016621390686j)	0.3372917175292969	56.05382
589	(2.1428910876003053+0.002968441514177078j)	0.34488606452941895	56.14915
590	(2.1428598937444034+0.002872840342414529j)	0.3534071445465088	56.24448
591	(2.1429823114538924+0.0028376510894698725j)	0.3586874008178711	56.33981
592	(2.142656496169481+0.002709705702739651j)	0.37050771713256836	56.43514
593	(2.14288135453988+0.002620106848005177j)	0.33884119987487793	56.53046
594	(2.1427959227448685+0.0027874486629212436j)	0.3565523624420166	56.62579
595	(2.1427573687072394+0.002559717731592248j)	0.32782793045043945	56.72112
596	(2.142857357592495+0.002617489310060672j)	0.360288143157959	56.81645
597	(2.1426453961594567+0.002650777267471649j)	0.3724343776702881	56.91178
598	(2.142789111869112+0.0027059076250494085j)	0.3560791015625	57.0071
599	(2.14263851604692+0.00284525562054172j)	0.35775113105773926	57.10243
600	(2.142751080938454+0.002668858333404023j)	0.38565683364868164	57.19776
601	(2.1426919094255243+0.0029514142956486022j)	0.36296701431274414	57.29309
602	(2.1427821752226905+0.002705790898891669j)	0.3533289432525635	57.38841
603	(2.14297788072659+0.0028378830997540794j)	0.3453841209411621	57.48374
604	(2.1427748813132474+0.0027498526918640076j)	0.3378176689147949	57.57907
605	(2.143020791266575+0.0026521644365997687j)	0.3607940673828125	57.6744
606	(2.1428008653036716+0.002818887121663338j)	0.3478219509124756	57.76973
607	(2.1427199086527366+0.002458279151430154j)	0.3430359363555908	57.86505
608	(2.1428636033929016+0.002709855801640293j)	0.3578798770904541	57.96038
609	(2.1426354299345585+0.0025808200148548233j)	0.336169958114624	58.05571
610	(2.1428194044853983+0.0026018560684956116j)	0.3326690196990967	58.15104
611	(2.142557790305821+0.0026734896457168977j)	0.3593180179595947	58.24637
612	(2.1427189888042135+0.00257637881734063j)	0.33942127227783203	58.34169
613	(2.1426841782840773+0.002777641368995498j)	0.35163092613220215	58.43702
614	(2.142628335952507+0.0026867335325234665j)	0.3484070301055908	58.53235
615	(2.1428537260870226+0.0028353205390645453j)	0.34785985946655273	58.62768
616	(2.142573642800301+0.0027693603662618527j)	0.3449547290802002	58.72301
617	(2.1429782066042984+0.0026417273395650254j)	0.34227490425109863	58.81833
618	(2.1427140611912345+0.002678633501978611j)	0.3697519302368164	58.91366
619	(2.142889194506357+0.002564223734090376j)	0.35124731063842773	59.00899
620	(2.1429341273297067+0.0026815820216090636j)	0.3400611877441406	59.10432
621	(2.1427398867614875+0.0024413772131490763j)	0.3423588275909424	59.19965
622	(2.1425250510799776+0.002687191731838956j)	0.3536701202392578	59.29497
623	(2.1425498562276575+0.0025835362248909366j)	0.3398702144622803	59.3903
624	(2.142864637896326+0.0025230249763520396j)	0.343580961227417	59.48563
625	(2.1428698633164367+0.0026348915299193587j)	0.35146594047546387	59.58096
626	(2.142634356058959+0.002476569494658798j)	0.341785192489624	59.67629
627	(2.1427604573342487+0.0027223077979922072j)	0.33785009384155273	59.77161
628	(2.142622210000525+0.0026459069020098314j)	0.3435800075531006	59.86694
629	(2.1429154751032855+0.002592034989082004j)	0.34311985969543457	59.96227
630	(2.1426695130856026+0.0026849270059677854j)	0.3362917900085449	60.0576
631	(2.1428944458822508+0.0025507246204733436j)	0.3679389953613281	60.15292
632	(2.142868232971607+0.002574661707713144j)	0.33530282974243164	60.24825
633	(2.142814787115409+0.002508572517591623j)	0.33388590812683105	60.34358
634	(2.1428833496640443+0.002497505772321107j)	0.3743112087249756	60.43891
635	(2.142697077008542+0.002449179791834566j)	0.36838698387145996	60.53424
636	(2.142565702112411+0.0026227737329578282j)	0.37255024909973145	60.62956
637	(2.1425439559786827+0.002597436603457459j)	0.36030101776123047	60.72489
638	(2.1427732560216852+0.0022981033786219074j)	0.3619241714477539	60.82022
639	(2.142641818914285+0.002571160201372491j)	0.3666062355041504	60.91555
640	(2.142512225515153+0.0024576678352209447j)	0.355161190032959	61.01088
641	(2.1427818558033582+0.00264249406468664j)	0.35094189643859863	61.1062
642	(2.142673093777003+0.0025886095529636943j)	0.34691905975341797	61.20153
643	(2.1427799143514+0.0025720480359306963j)	0.34369468688964844	61.29686
644	(2.1427639870842405+0.002626993324942095j)	0.3439207077026367	61.39219
645	(2.1427962508282534+0.002427392893195157j)	0.35692596435546875	61.48752
646	(2.1428428660643704+0.0024573147974686904j)	0.36638498306274414	61.58284
647	(2.14301745043798+0.0024467526909103254j)	0.3593916893005371	61.67817
648	(2.1427424943798465+0.0023288170769765193j)	0.33660197257995605	61.7735
649	(2.1426371253629464+0.002433583451912358j)	0.33543825149536133	61.86883
650	(2.142638049052737+0.002151497312924966j)	0.3405458927154541	61.96416
651	(2.1429313020032814+0.002435869589061168j)	0.34166979789733887	62.05948
652	(2.141194370096893+0.0031384936633108707j)	0.3176591396331787	62.15481
653	(2.1426822922645368+0.002495298297260362j)	0.3390331268310547	62.25014
654	(2.142621103544498+0.0024292394376289606j)	0.346041202545166	62.34547
655	(2.1427364040003+0.002443353584244634j)	0.3335561752319336	62.4408
656	(2.1426679359649214+0.0024148501940581824j)	0.335374116897583	62.53612
657	(2.1428494727843095+0.002528167563490946j)	0.348064661026001	62.63145
658	(2.1428273442319394+0.002531027075921566j)	0.33438897132873535	62.72678
659	(2.142788896458106+0.0023108609207613817j)	0.3410499095916748	62.82211
660	(2.142875693414277+0.0025002231299428024j)	0.3543517589569092	62.91743
661	(2.142800559835562+0.002321226884590577j)	0.34534716606140137	63.01276
662	(-60.921730911519525+19.629834105211703j)	0.3364579677581787	63.10809
663	(2.142554888458025+0.002382372780184716j)	0.37285780906677246	63.20342
664	(2.142663744511399+0.002161409252119384j)	0.374269962310791	63.29875
665	(2.1426859919899597+0.0024655651747653717j)	0.34603095054626465	63.39407
666	(2.1424768306179467+0.002400095203020425j)	0.3527102470397949	63.4894
667	(2.142922885287476+0.002332468278144373j)	0.3347899913787842	63.58473
668	(2.1425808642731052+0.002549978041997747j)	0.3380570411682129	63.68006
669	(2.142788200748063+0.00238520611787274j)	0.34517908096313477	63.77539
670	(2.142749134049503+0.00251741797766436j)	0.34329891204833984	63.87071
671	(2.1426826167519786+0.002177888575030651j)	0.33594202995300293	63.96604
672	(2.142928962573705+0.002380689284695481j)	0.33994388580322266	64.06137
673	(2.142677664528151+0.002324909564673572j)	0.33833909034729004	64.1567
674	(2.142858019377733+0.0022292624095139324j)	0.34476685523986816	64.25203
675	(2.14256389468388+0.0022960228114885517j)	0.34860801696777344	64.34735
676	(2.1425270511991052+0.0021086038767407222j)	0.3258070945739746	64.44268
677	(2.1427948893998954+0.002290532423287528j)	0.34820103645324707	64.53801
678	(2.142615857742525+0.002128793717067534j)	0.3562467098236084	64.63334
679	(2.1427270037277983+0.0022269309140682814j)	0.3491477966308594	64.72867
680	(2.142539562180664+0.0024198612005854048j)	0.3448500633239746	64.82399
681	(2.1423554410571586+0.002400100526436799j)	0.3315460681915283	64.91932
682	(2.142803852287237+0.0024459858898859266j)	0.37454891204833984	65.01465
683	(2.142697963014425+0.0022434349418658517j)	0.37515807151794434	65.10998
684	(2.142779400701246+0.002401049866661953j)	0.3478047847747803	65.20531
685	(2.1425397875326837+0.0020669692391994676j)	0.35057568550109863	65.30063
686	(2.142948601920047+0.002220924599962759j)	0.3676900863647461	65.39596
687	(2.1426689821985243+0.002218606565060788j)	0.3583343029022217	65.49129
688	(2.142799328620482+0.002141979344459366j)	0.4296691417694092	65.58662
689	(2.1425546324718563+0.0021967258505637965j)	0.3508453369140625	65.68194
690	(2.142708881096196+0.0020814377553823316j)	0.3395371437072754	65.77727
691	(2.14288662039661+0.002247397408542906j)	0.36971068382263184	65.8726
692	(2.1424651985738477+0.0022547585066691744j)	0.36538004875183105	65.96793
693	(2.142614094747541+0.0020391400558343875j)	0.4030640125274658	66.06326
694	(2.1427117976355725+0.0021746054976725104j)	0.46187901496887207	66.15858
695	(2.142679039181569+0.0022251223710817447j)	0.37016820907592773	66.25391
696	(2.142689201044111+0.0023638242942954357j)	0.364835262298584	66.34924
697	(2.1426672703199077+0.0021820598276492964j)	0.4599168300628662	66.44457
698	(2.142400391835235+0.002373456743821778j)	0.39791393280029297	66.5399
699	(2.1426156254183364+0.0021425694340103663j)	0.5017209053039551	66.63522
700	(2.1427473191122335+0.002029705665358539j)	0.4801950454711914	66.73055
701	(2.1426586456742984+0.00218535720240981j)	0.7523729801177979	66.82588
702	(2.1426631727266146+0.0019733140594132004j)	0.494365930557251	66.92121
703	(2.142748106743629+0.0021245003879185043j)	0.3101530075073242	67.01654
704	(2.142434248307783+0.002125982086117695j)	0.3057668209075928	67.11186
705	(2.1426675234632473+0.002187014128368886j)	0.3695857524871826	67.20719
706	(2.142478756452884+0.0021952732774200845j)	0.656771183013916	67.30252
707	(2.1426065197555015+0.002105067491013468j)	0.3960871696472168	67.39785
708	(2.1425605804010734+0.002341105509333835j)	0.4508531093597412	67.49318
709	(2.142562732312946+0.0020934340440154353j)	0.3510608673095703	67.5885
710	(2.1421765972992746+0.002248146977300275j)	0.5141808986663818	67.68383
711	(2.142587596256029+0.0021787652366547505j)	0.37172889709472656	67.77916
712	(2.1428448600105527+0.0021599031754956644j)	0.6641700267791748	67.87449
713	(2.1426923248820255+0.002248310271294629j)	0.526691198348999	67.96982
714	(2.1427262125446482+0.0019292120298528836j)	0.5628700256347656	68.06514
715	(2.142691914351726+0.002029673508029378j)	0.42510199546813965	68.16047
716	(2.142568822796049+0.0019309769214879702j)	0.4022219181060791	68.2558
717	(2.1427267685264204+0.001997146969413749j)	0.33498501777648926	68.35113
718	(2.142917815300855+0.0021099972310048287j)	0.3858177661895752	68.44645
719	(2.1426186719596023+0.0020689727454556717j)	0.35540080070495605	68.54178
720	(2.142542363779174+0.002148926484262126j)	0.3716099262237549	68.63711
721	(2.142538641373322+0.0020737399777883553j)	0.3755462169647217	68.73244
722	(2.142671073396607+0.002148563904819767j)	0.4141812324523926	68.82777
723	(2.1426222665880488+0.002020986234127206j)	0.36834096908569336	68.92309
724	(2.1428406771126274+0.0021108308553444144j)	0.3529179096221924	69.01842
725	(2.1426503490917086+0.0021272785490415863j)	0.43538999557495117	69.11375
726	(2.142773023775097+0.0019992867943971968j)	0.37723422050476074	69.20908
727	(2.1428709913840036+0.002077149419614545j)	0.6395468711853027	69.30441
728	(2.142554835184181+0.0018665209853993003j)	0.44078493118286133	69.39973
729	(2.142694903328676+0.0020132140507768057j)	0.5081379413604736	69.49506
730	(2.1424810375959105+0.0020519896843547124j)	0.42427706718444824	69.59039
731	(2.142637177324783+0.001914918650375996j)	0.399169921875	69.68572
732	(2.142488058110907+0.0020519595689653318j)	0.5419321060180664	69.78105
733	(2.1425156330511905+0.002141006704340781j)	0.5378961563110352	69.87637
734	(2.1425694551543986+0.0021775616846270284j)	0.4235541820526123	69.9717
735	(2.1426101937441118+0.00200549131060785j)	0.47704195976257324	70.06703
736	(2.1427089221050117+0.0020662566834642945j)	0.39077019691467285	70.16236
737	(2.1425336541825817+0.002232423731158263j)	0.4384958744049072	70.25769
738	(2.1428009522161195+0.0019098551062475336j)	0.4076259136199951	70.35301
739	(2.1426854198005683+0.0019995183585323276j)	0.4136226177215576	70.44834
740	(2.142683376060041+0.0018851696577723148j)	0.36992597579956055	70.54367
741	(2.142726348691596+0.002044203087712873j)	0.520517110824585	70.639
742	(2.1425956215504014+0.0018988059515932937j)	0.4410128593444824	70.73433
743	(2.1426855158716247+0.001929299816535418j)	0.39861512184143066	70.82965
744	(2.1424546000882576+0.0019837930868460696j)	0.4146111011505127	70.92498
745	(2.1425803850244782+0.0018154975539101254j)	0.43132901191711426	71.02031
746	(2.1426134834927857+0.002165013297702287j)	0.4546518325805664	71.11564
747	(2.142433566587812+0.0019688834853478776j)	0.5040078163146973	71.21096
748	(2.1428102061299446+0.0018918573487908819j)	0.4444999694824219	71.30629
749	(2.1426850056571247+0.002050270237583196j)	0.4124441146850586	71.40162
750	(2.142718215803743+0.0019315879486280496j)	0.3905789852142334	71.49695
751	(2.1425517997549064+0.0021375678576817936j)	0.3927278518676758	71.59228
752	(2.1427198211372596+0.0018080867489441155j)	0.40062689781188965	71.6876
753	(2.142769681336141+0.001930633909289492j)	0.6223702430725098	71.78293
754	(2.142703655546652+0.0018071059078648977j)	0.43381500244140625	71.87826
755	(2.142774271821348+0.0018561548066902689j)	0.45574212074279785	71.97359
756	(2.1425623870516923+0.0018184025670352766j)	0.51863694190979	72.06892
757	(2.1425595083715807+0.0018547143329757654j)	0.4308741092681885	72.16424
758	(2.1424431798733163+0.001956062332636177j)	0.5005419254302979	72.25957
759	(2.142473292521514+0.002030578639686337j)	0.40233397483825684	72.3549
760	(2.1425332498436083+0.0020048580924630355j)	0.4208037853240967	72.45023
761	(2.1424025447831996+0.001934201843140082j)	0.4445960521697998	72.54556
762	(2.142721907098383+0.0019375057352788438j)	0.46818113327026367	72.64088
763	(2.14255144455325+0.0018859022486735766j)	0.3688068389892578	72.73621
764	(2.1427951322947685+0.0019401339594828926j)	0.3509359359741211	72.83154
765	(2.1426470832531503+0.002056517499143984j)	0.3455839157104492	72.92687
766	(2.1428354332685275+0.0018787831940071942j)	0.32958483695983887	73.0222
767	(2.1427216190594+0.0018326960059680264j)	0.35193896293640137	73.11752
768	(2.1425233720584087+0.001770412527120624j)	0.376209020614624	73.21285
769	(2.142742230542032+0.001731223717053143j)	0.3646688461303711	73.30818
770	(2.142592412962855+0.0018059216043626591j)	0.34157800674438477	73.40351
771	(2.1428175500977065+0.0017319689217205059j)	0.3495032787322998	73.49884
772	(2.1426129034856083+0.0017711369491444917j)	0.33962178230285645	73.59416
773	(2.1424027882876158+0.001956051795164837j)	0.3466799259185791	73.68949
774	(2.142621548197582+0.0019389578736972446j)	0.340008020401001	73.78482
775	(2.1424547209498854+0.001913162082790354j)	0.36354875564575195	73.88015
776	(2.1427031907178646+0.0018541441411092374j)	0.35240912437438965	73.97547
777	(2.1425035827894203+0.002081375354472892j)	0.3669459819793701	74.0708
778	(2.1426876331687392+0.0017205943281320413j)	0.33241772651672363	74.16613
779	(2.1427364133335787+0.0019059065586819468j)	0.33254003524780273	74.26146
780	(2.1428534263017855+0.0017530447533488092j)	0.37056994438171387	74.35679
781	(2.1427339703480572+0.0016435553873349051j)	0.35733699798583984	74.45211
782	(2.142551161421142+0.0017394059230634307j)	0.3347198963165283	74.54744
783	(2.1426063885423887+0.0016195982306533296j)	0.34208106994628906	74.64277
784	(2.1425478274007914+0.001801015716649923j)	0.33073878288269043	74.7381
785	(2.142425975915503+0.0016563811741192036j)	0.33052611351013184	74.83343
786	(2.142579800749747+0.0018271791754009836j)	0.3411848545074463	74.92875
787	(2.142436522651343+0.0018531611174920637j)	0.34852004051208496	75.02408
788	(2.142566507438924+0.0017958372269522016j)	0.3336949348449707	75.11941
789	(2.142570656683694+0.0018412188025547227j)	0.3412051200866699	75.21474
790	(2.142551470495949+0.0018335848179067415j)	0.3316221237182617	75.31007
791	(2.1424802624048724+0.001966939692010894j)	0.3358480930328369	75.40539
792	(2.1425884263675887+0.0017095259289507947j)	0.3282430171966553	75.50072
793	(2.142812834123374+0.0018499885289962048j)	0.33409786224365234	75.59605
794	(2.142599964971999+0.0017462063460003119j)	0.33373284339904785	75.69138
795	(2.142729327117426+0.001643644369513808j)	0.3370339870452881	75.78671
796	(2.1424829150214033+0.0017323484208134898j)	0.33410191535949707	75.88203
797	(2.1429080759220387+0.001574596206748824j)	0.3121347427368164	75.97736
798	(2.142562428910664+0.0017483189715832292j)	0.35058093070983887	76.07269
799	(2.1424010087955576+0.0016847034714003728j)	0.3705620765686035	76.16802
