	res_adaptive	time_adaptive	w
0	(1.0676025610113689-0.05806349185814803j)	0.38616013526916504	0.001
1	(1.2541992832598652-0.22970410742304287j)	0.4363441467285156	0.09633
2	(1.3468945789706732-0.3170054123749374j)	0.3547639846801758	0.19166
3	(1.4191707631460557-0.38456246088955426j)	0.3315861225128174	0.28698
4	(1.4768498407656192-0.43808730769027j)	0.3878042697906494	0.38231
5	(1.524675262880574-0.48954334030990865j)	0.3699190616607666	0.47764
6	(1.5695805537947174-0.5347557345858603j)	0.37627410888671875	0.57297
7	(1.6061136833492042-0.5752621527516429j)	0.3987388610839844	0.6683
8	(1.6377304432761433-0.6146769190428596j)	0.38373398780822754	0.76362
9	(1.6703071913944894-0.6512885342209445j)	0.39281511306762695	0.85895
10	(1.6950037265773799-0.6846027836515378j)	0.4193589687347412	0.95428
11	(1.7235206453616665-0.7190322989753949j)	0.3859579563140869	1.04961
12	(1.7487690843364738-0.7526771187283054j)	0.3477609157562256	1.14494
13	(1.7690880456850107-0.7823087583637699j)	0.3521289825439453	1.24026
14	(1.787654035425205-0.8130921290582303j)	0.46799778938293457	1.33559
15	(1.8067913741427883-0.8418774812985216j)	0.37795376777648926	1.43092
16	(1.823066208497385-0.869603187349467j)	0.3872029781341553	1.52625
17	(1.8384735200391034-0.8975250956964793j)	0.37007784843444824	1.62157
18	(1.8532856592741038-0.9254568882672365j)	0.45240187644958496	1.7169
19	(1.8650890499547657-0.9509214099719563j)	0.38683295249938965	1.81223
20	(1.8756628015921704-0.9772615224170818j)	0.34734320640563965	1.90756
21	(1.886683959765666-1.0037336822936302j)	0.32656407356262207	2.00289
22	(1.8956691745416943-1.0263673120064183j)	0.401033878326416	2.09821
23	(1.9034401665974452-1.0509474506202183j)	0.3608667850494385	2.19354
24	(1.9115528588090693-1.0762289213881084j)	0.3521311283111572	2.28887
25	(1.9170178368824704-1.09965824271863j)	0.3590259552001953	2.3842
26	(1.9220357778034156-1.124247813034158j)	0.3762481212615967	2.47953
27	(1.9252034927624304-1.1467580806890076j)	0.3613860607147217	2.57485
28	(1.929399696604617-1.1691928083108118j)	0.35391879081726074	2.67018
29	(1.9322401908110127-1.1914480614178664j)	0.3545811176300049	2.76551
30	(1.934709090854808-1.2136106820624977j)	0.34357309341430664	2.86084
31	(1.9351370708883722-1.2352764204163738j)	0.32889604568481445	2.95617
32	(1.9346454400526327-1.2581109367551j)	0.31705689430236816	3.05149
33	(1.9337679653122752-1.278757552321455j)	0.4002201557159424	3.14682
34	(1.9331873993289759-1.30063051381597j)	0.36792492866516113	3.24215
35	(1.9311490018651942-1.3209370185699014j)	0.33252620697021484	3.33748
36	(1.9279932562831832-1.341076241381434j)	0.3450629711151123	3.43281
37	(1.9260657914113053-1.361601383058451j)	0.33248376846313477	3.52813
38	(1.9216487580588457-1.382513017869453j)	0.33216381072998047	3.62346
39	(1.9175614116659956-1.4020760521427373j)	0.3718531131744385	3.71879
40	(1.9114865159996584-1.4212367926609544j)	0.3365039825439453	3.81412
41	(1.9064864385572002-1.4410234102496144j)	0.3349597454071045	3.90945
42	(1.8998942184195353-1.4592556310546425j)	0.3355681896209717	4.00477
43	(1.8933336232358347-1.4790896159250266j)	0.3541910648345947	4.1001
44	(1.8853361638616857-1.4980289772767954j)	0.3981292247772217	4.19543
45	(1.877568871780352-1.5161885244309168j)	0.31349802017211914	4.29076
46	(1.867632207546066-1.5336332093823077j)	0.36812424659729004	4.38608
47	(1.8586388225404256-1.5520814306027353j)	0.4029209613800049	4.48141
48	(1.8493375075808103-1.5701597730053314j)	0.4020369052886963	4.57674
49	(1.838983807995247-1.587457843843338j)	0.40401196479797363	4.67207
50	(1.828366437008153-1.605314785540606j)	0.34702420234680176	4.7674
51	(1.8167344789828002-1.6225026750835831j)	0.35158395767211914	4.86272
52	(1.804372102747551-1.6388062726143209j)	0.32444119453430176	4.95805
53	(1.7920744603053886-1.6559806937077288j)	0.3662559986114502	5.05338
54	(1.7802188430327863-1.671827176896551j)	0.36262035369873047	5.14871
55	(1.7657061410603783-1.6881408883114326j)	0.3475358486175537	5.24404
56	(1.7528215265721654-1.7051279082037585j)	0.3458218574523926	5.33936
57	(1.7388482241297887-1.7207206172257279j)	0.4055781364440918	5.43469
58	(1.723498625088625-1.735969792963132j)	0.37096595764160156	5.53002
59	(1.7085450865772878-1.751763150624183j)	0.3593168258666992	5.62535
60	(1.6933596909524784-1.7661772275434635j)	0.3674049377441406	5.72068
61	(1.6777304832040105-1.7809714263515444j)	0.3514249324798584	5.816
62	(1.661421142295939-1.7965298788520783j)	0.37427711486816406	5.91133
63	(1.6450116590520563-1.8105362047528077j)	0.3767881393432617	6.00666
64	(1.6271738945448249-1.824703896218279j)	0.39325499534606934	6.10199
65	(1.6096229798785278-1.8382674886834316j)	0.4159657955169678	6.19732
66	(1.5924507822050444-1.8519591330263296j)	0.44423508644104004	6.29264
67	(1.5738071621815424-1.8651586912191294j)	0.38474392890930176	6.38797
68	(1.5552976888515386-1.8790964028806085j)	0.42438602447509766	6.4833
69	(1.5368224806092394-1.891685279224392j)	0.39170289039611816	6.57863
70	(1.5168856622104934-1.9046512262801776j)	0.380511999130249	6.67396
71	(1.4967706579072813-1.9168342815248958j)	0.33846330642700195	6.76928
72	(1.477407110396049-1.928887613460474j)	0.3490908145904541	6.86461
73	(1.456672267101564-1.940737077325041j)	0.3676168918609619	6.95994
74	(1.4365306319548279-1.9529058920930644j)	0.34470677375793457	7.05527
75	(1.4156836817107499-1.9646554942566818j)	0.34769105911254883	7.15059
76	(1.393779093182216-1.9755657984004602j)	0.35880398750305176	7.24592
77	(1.3719056662838205-1.98651856076602j)	0.37947607040405273	7.34125
78	(1.3504323565224743-1.9975729818256935j)	0.34090495109558105	7.43658
79	(1.3280373277597464-2.0073349627914694j)	0.34435105323791504	7.53191
80	(1.306139604538168-2.017678650687673j)	0.38890695571899414	7.62723
81	(1.283925393736673-2.0276778411901466j)	0.33934807777404785	7.72256
82	(1.260896783198575-2.0374102463451673j)	0.36315417289733887	7.81789
83	(1.2371974329544624-2.047040367192243j)	0.4100029468536377	7.91322
84	(1.2137092189495848-2.05547085294951j)	0.3703339099884033	8.00855
85	(1.1899770689404157-2.0638262808594217j)	0.352039098739624	8.10387
86	(1.166271892853614-2.0729276945856925j)	0.34719300270080566	8.1992
87	(1.1419398898957938-2.0812190849667767j)	0.3319590091705322	8.29453
88	(1.1180545291614696-2.089136538766734j)	0.3352680206298828	8.38986
89	(1.0930341587051262-2.0970535450047603j)	0.3159980773925781	8.48519
90	(1.0679143300888627-2.1036576797762896j)	0.4087851047515869	8.58051
91	(1.0418566765171002-2.1116080760912825j)	0.34983396530151367	8.67584
92	(1.0173858526861197-2.1172838875034934j)	0.35750889778137207	8.77117
93	(0.9923359527258138-2.123869635577986j)	0.364915132522583	8.8665
94	(0.9667153718224063-2.130534487082137j)	0.3433799743652344	8.96183
95	(0.9401904825241292-2.1368599859693354j)	0.34664297103881836	9.05715
96	(0.9143449248239567-2.141904184970794j)	0.35126614570617676	9.15248
97	(0.8877750879864953-2.1471664168650304j)	0.3759438991546631	9.24781
98	(0.8616523913814292-2.1520392117427094j)	0.3935117721557617	9.34314
99	(0.8352787215404724-2.1565785448491828j)	0.34271883964538574	9.43847
100	(0.8084346656950075-2.161650876343508j)	0.3364551067352295	9.53379
101	(0.7817339183168163-2.1661596865197295j)	0.368211030960083	9.62912
102	(0.754727216914158-2.169447684823023j)	0.4840099811553955	9.72445
103	(0.7271158784026625-2.1730992467459287j)	0.3513009548187256	9.81978
104	(0.7005183535748458-2.1762655674401765j)	0.3435208797454834	9.9151
105	(0.6734128138153107-2.1788776059350803j)	0.357651948928833	10.01043
106	(0.6444595567624625-2.1825262202317424j)	0.40375280380249023	10.10576
107	(0.6181809058599886-2.1843397849230417j)	0.35376477241516113	10.20109
108	(0.590387382379192-2.18617316822245j)	0.35269927978515625	10.29642
109	(0.5620698100700855-2.1872323351387766j)	0.39026618003845215	10.39174
110	(0.5345176506786602-2.188892370027971j)	0.3863098621368408	10.48707
111	(0.5067142934490418-2.189533257413757j)	0.34958791732788086	10.5824
112	(0.47831162101137226-2.1905768123045033j)	0.3503282070159912	10.67773
113	(0.45063349616201165-2.191242158050176j)	0.34418630599975586	10.77306
114	(0.42204198446611485-2.190994574256295j)	0.3587191104888916	10.86838
115	(0.39321485457842986-2.190817867351389j)	0.3344688415527344	10.96371
116	(0.3652416103833288-2.1904201436061035j)	0.32317090034484863	11.05904
117	(0.3368911247811619-2.18953844112811j)	0.34374308586120605	11.15437
118	(0.30834451428557164-2.1882120683781165j)	0.3683297634124756	11.2497
119	(0.28006892207951795-2.1873204534247233j)	0.4029858112335205	11.34502
120	(0.25152449730315607-2.185086075178143j)	0.3730587959289551	11.44035
121	(0.22244724830107476-2.18305112680582j)	0.3144099712371826	11.53568
122	(0.1942644658148983-2.1805619303664807j)	0.33881616592407227	11.63101
123	(0.16573894174509418-2.1775495139753924j)	0.33162498474121094	11.72634
124	(0.1372135904521884-2.1745061569591115j)	0.3220977783203125	11.82166
125	(0.10876204749712548-2.1714693977033632j)	0.3942148685455322	11.91699
126	(0.08013630246753822-2.1677480251161896j)	0.3420228958129883	12.01232
127	(0.05163450982035078-2.163211579985212j)	0.38393115997314453	12.10765
128	(0.022652479604609255-2.159179840406583j)	0.442141056060791	12.20298
129	(-0.00577406291669702-2.1538316438332985j)	0.4161679744720459	12.2983
130	(-0.034227661611891724-2.148901427755459j)	0.38074493408203125	12.39363
131	(-0.06300025356567729-2.1441711175643037j)	0.3581268787384033	12.48896
132	(-0.09117282052043996-2.1385277207662514j)	0.36600708961486816	12.58429
133	(-0.12003772399187307-2.13180850164715j)	0.357820987701416	12.67961
134	(-0.14853324724144712-2.1259230134881273j)	0.3709409236907959	12.77494
135	(-0.17682433879947568-2.119250612350242j)	0.37047767639160156	12.87027
136	(-0.2047499405694584-2.112444118701072j)	0.35967206954956055	12.9656
137	(-0.23332753864556544-2.1050242253195393j)	0.38933897018432617	13.06093
138	(-0.2622224526494006-2.097877842174608j)	0.39135003089904785	13.15625
139	(-0.290439661587789-2.089843602027921j)	0.33504796028137207	13.25158
140	(-0.31819047455449234-2.0816380393940475j)	0.36931586265563965	13.34691
141	(-0.34661454426510174-2.0727924016810917j)	0.3334951400756836	13.44224
142	(-0.3743475458505118-2.0641658632492677j)	0.33847975730895996	13.53757
143	(-0.4017733860716016-2.055351470720125j)	0.35824084281921387	13.63289
144	(-0.42956139846126074-2.0455206299859103j)	0.41289806365966797	13.72822
145	(-0.4574218255214665-2.036214359939479j)	0.4177100658416748	13.82355
146	(-0.4847867525137832-2.025911584621328j)	0.3666038513183594	13.91888
147	(-0.5126213754633029-2.015148612107758j)	0.39772820472717285	14.01421
148	(-0.5396748084663677-2.004508111741383j)	0.3306581974029541	14.10953
149	(-0.5664289772475086-1.9936440950015233j)	0.4385793209075928	14.20486
150	(-0.593784721984052-1.9821242069535128j)	0.39241504669189453	14.30019
151	(-0.6208812636978257-1.971025880754265j)	0.3735768795013428	14.39552
152	(-0.6475301962186234-1.9588531928501993j)	0.3377687931060791	14.49085
153	(-0.6745448777543361-1.946278518515622j)	0.3479928970336914	14.58617
154	(-0.7011148012407457-1.9339493765733486j)	0.35590505599975586	14.6815
155	(-0.7270224018692076-1.9210808733799651j)	0.35669398307800293	14.77683
156	(-0.7536241766983287-1.9079446497832082j)	0.3179600238800049	14.87216
157	(-0.779565364014493-1.8949345099149526j)	0.3387272357940674	14.96749
158	(-0.8056508149567897-1.8812287204265514j)	0.3438589572906494	15.06281
159	(-0.8316774346304214-1.8666296386225012j)	0.3430976867675781	15.15814
160	(-0.8565756817752094-1.852365179894659j)	0.3157670497894287	15.25347
161	(-0.8822791558230219-1.8380345846433983j)	0.4509470462799072	15.3488
162	(-0.9075721749004632-1.8233302216542078j)	0.3807380199432373	15.44412
163	(-0.9328833013567988-1.8085451749160881j)	0.3310048580169678	15.53945
164	(-0.9575267655621271-1.7930403876177965j)	0.34027624130249023	15.63478
165	(-0.9825784541084948-1.777101554174295j)	0.3540222644805908	15.73011
166	(-1.0070191456727213-1.7614116319112854j)	0.35684704780578613	15.82544
167	(-1.0306702189424364-1.7449887167166755j)	0.3298633098602295	15.92076
168	(-1.0549610422654434-1.728276590860975j)	0.3624451160430908	16.01609
169	(-1.0789885216519948-1.7119600636253574j)	0.3312082290649414	16.11142
170	(-1.102395730419088-1.6947840474538727j)	0.4335458278656006	16.20675
171	(-1.1263208891912573-1.677381878489331j)	0.3446629047393799	16.30208
172	(-1.1493901245147828-1.6595014372660857j)	0.3312110900878906	16.3974
173	(-1.172145375053657-1.6419650085748263j)	0.41280508041381836	16.49273
174	(-1.1951511738737577-1.6238173943371859j)	0.352200984954834	16.58806
175	(-1.2176899278530597-1.6054538469390702j)	0.36942434310913086	16.68339
176	(-1.2397372339858233-1.5871451582527962j)	0.3638160228729248	16.77872
177	(-1.261854119872824-1.5676702452892697j)	0.3616628646850586	16.87404
178	(-1.2839432981739243-1.5483452873307515j)	0.3568429946899414	16.96937
179	(-1.3052828340543463-1.5293574886535766j)	0.31721997261047363	17.0647
180	(-1.3265802691226505-1.5099130351880459j)	0.35204315185546875	17.16003
181	(-1.3476678985563724-1.4901563747754702j)	0.3500199317932129	17.25536
182	(-1.3684802471111492-1.4702939540824789j)	0.38419604301452637	17.35068
183	(-1.389391845479386-1.4497086743202918j)	0.37012600898742676	17.44601
184	(-1.4092928838003929-1.4290494926333128j)	0.3645477294921875	17.54134
185	(-1.4295869052002064-1.4082453260669623j)	0.3569350242614746	17.63667
186	(-1.4494925080919117-1.3873205618167992j)	0.3457632064819336	17.732
187	(-1.4686692817658697-1.3665948919660524j)	0.33456921577453613	17.82732
188	(-1.4876003784980265-1.3451038298530311j)	0.3301839828491211	17.92265
189	(-1.5069399460607071-1.3234190429564467j)	0.32917213439941406	18.01798
190	(-1.525335494672062-1.3016522655732239j)	0.41713809967041016	18.11331
191	(-1.543478433627068-1.279296186251416j)	0.32457494735717773	18.20863
192	(-1.5617523709983785-1.25693922935764j)	0.330718994140625	18.30396
193	(-1.5794299536848957-1.2349553175070909j)	0.39818406105041504	18.39929
194	(-1.5966682454697592-1.212188772760556j)	0.36181211471557617	18.49462
195	(-1.6139947342543972-1.1891877746307025j)	0.34414100646972656	18.58995
196	(-1.6312833067060302-1.1663926212663824j)	0.3662869930267334	18.68527
197	(-1.6475082402952288-1.1429442570531567j)	0.3227219581604004	18.7806
198	(-1.6639927085074677-1.119461163694323j)	0.3752748966217041	18.87593
199	(-1.679567498414906-1.0963287142635605j)	0.3340020179748535	18.97126
200	(-1.6951991029023157-1.0721847699202933j)	0.34638190269470215	19.06659
201	(-1.7108991119703127-1.0485275575934785j)	0.43177318572998047	19.16191
202	(-1.7256412403138313-1.0243780471167474j)	0.35574817657470703	19.25724
203	(-1.7403387158599033-1.0001667385914803j)	0.40044379234313965	19.35257
204	(-1.7548909535500616-0.9757919218987621j)	0.38436412811279297	19.4479
205	(-1.7686501051957022-0.9513769960602899j)	0.3403646945953369	19.54323
206	(-1.7827890313468513-0.927478109982817j)	0.3688681125640869	19.63855
207	(-1.796216739826855-0.9019398628690071j)	0.35742807388305664	19.73388
208	(-1.8089180101826643-0.8770245063016957j)	0.3400721549987793	19.82921
209	(-1.8215636329764218-0.8516542500412227j)	0.33457517623901367	19.92454
210	(-1.8343126390355011-0.826353904633521j)	0.44078588485717773	20.01987
211	(-1.8458209792377318-0.8011290635235667j)	0.40895915031433105	20.11519
212	(-1.857276301656308-0.7753905238639534j)	0.365253210067749	20.21052
213	(-1.8690055811065536-0.7498952445871376j)	0.34712815284729004	20.30585
214	(-1.8800015241305155-0.7244628264175992j)	0.38388919830322266	20.40118
215	(-1.8906338400938356-0.6982185218010807j)	0.3365910053253174	20.49651
216	(-1.90111485389483-0.6719051911586327j)	0.3549370765686035	20.59183
217	(-1.9109232481048242-0.6461856589938684j)	0.43703317642211914	20.68716
218	(-1.9205133824369036-0.6203851737214321j)	0.35628819465637207	20.78249
219	(-1.9298319465255434-0.5934933977795385j)	0.3480031490325928	20.87782
220	(-1.9389868527078058-0.5674278901139413j)	0.39224886894226074	20.97314
221	(-1.9473542750251438-0.5406035576312378j)	0.36606597900390625	21.06847
222	(-1.9556142082170704-0.5136924191619453j)	0.32066798210144043	21.1638
223	(-1.9634204928698764-0.48742925543796245j)	0.3344137668609619	21.25913
224	(-1.970809989832087-0.4603923980586736j)	0.4049711227416992	21.35446
225	(-1.978142757013218-0.4340129941603348j)	0.36116504669189453	21.44978
226	(-1.9848751973434173-0.4074169381619849j)	0.41002869606018066	21.54511
227	(-1.9913358900262854-0.38019436109076066j)	0.5569911003112793	21.64044
228	(-1.997653918390845-0.35319700295807743j)	0.37699413299560547	21.73577
229	(-2.003094764782704-0.32615247358698385j)	0.33166003227233887	21.8311
230	(-2.0081711243913904-0.2992264216120393j)	0.38363099098205566	21.92642
231	(-2.013390807308845-0.2718623110650611j)	0.33118295669555664	22.02175
232	(-2.017896779087094-0.24506410828288228j)	0.406660795211792	22.11708
233	(-2.0221327462960517-0.21746396596215323j)	0.39356184005737305	22.21241
234	(-2.026406948010921-0.19038575221501852j)	0.3259756565093994	22.30774
235	(-2.0295829482056247-0.16284249251183402j)	0.3644979000091553	22.40306
236	(-2.032652020182641-0.135917605895702j)	0.3947739601135254	22.49839
237	(-2.035602874736644-0.10818538246496823j)	0.3295631408691406	22.59372
238	(-2.0378813055282783-0.0819903472497383j)	0.3257017135620117	22.68905
239	(-2.039926108385693-0.05354567859324655j)	0.46140480041503906	22.78438
240	(-2.0420467993939093-0.02607637962910825j)	0.37192702293395996	22.8797
241	(-2.043088211477062+0.0011628507462123627j)	0.35349607467651367	22.97503
242	(-2.0438856376583234+0.028753645945237438j)	0.41456103324890137	23.07036
243	(-2.044695429943371+0.05594106251651998j)	0.33730292320251465	23.16569
244	(-2.0447316876215287+0.08329513445659209j)	0.39672112464904785	23.26102
245	(-2.0446859258397785+0.1105040884936006j)	0.34604692459106445	23.35634
246	(-2.044010013957883+0.1375572855934427j)	0.36954593658447266	23.45167
247	(-2.0433611922370956+0.16495372538931674j)	0.3771042823791504	23.547
248	(-2.0422805594141193+0.19247388368719154j)	0.33782196044921875	23.64233
249	(-2.0404816153926473+0.2195250469025708j)	0.3476071357727051	23.73765
250	(-2.0383101816221236+0.24640919643842873j)	0.33249688148498535	23.83298
251	(-2.0362508036781946+0.2734800815423767j)	0.34237194061279297	23.92831
252	(-2.033680193562479+0.30066815626694887j)	0.39182615280151367	24.02364
253	(-2.030429754274323+0.3280818518555598j)	0.3289508819580078	24.11897
254	(-2.0267014147378837+0.35513210790237504j)	0.3549079895019531	24.21429
255	(-2.0231983809031755+0.38185558016423926j)	0.3745720386505127	24.30962
256	(-2.018732995661473+0.40847489320516395j)	0.34507274627685547	24.40495
257	(-2.014346781284529+0.43547303878134314j)	0.3393528461456299	24.50028
258	(-2.009661658026122+0.4618579938088864j)	0.3874022960662842	24.59561
259	(-2.0041545254280875+0.4885367006355129j)	0.3590850830078125	24.69093
260	(-1.998649237276641+0.5154251196100217j)	0.4164109230041504	24.78626
261	(-1.9928659662596484+0.5414805302536106j)	0.3333740234375	24.88159
262	(-1.9863593908261001+0.5679911691041686j)	0.35464906692504883	24.97692
263	(-1.9800002684387317+0.5941433545605306j)	0.34148192405700684	25.07225
264	(-1.9733039486730812+0.6203034507885066j)	0.3970158100128174	25.16757
265	(-1.9656617743304332+0.6463763176459261j)	0.3534231185913086	25.2629
266	(-1.9580359002904444+0.6726357234413258j)	0.3431580066680908	25.35823
267	(-1.9501010288975607+0.6982792498475926j)	0.45549678802490234	25.45356
268	(-1.941318981556778+0.7240412582873473j)	0.41765284538269043	25.54889
269	(-1.9328059425977966+0.7494890983437454j)	0.3838520050048828	25.64421
270	(-1.9240102009202114+0.7750267842685353j)	0.3633127212524414	25.73954
271	(-1.9142595681383+0.800108682717995j)	0.36191487312316895	25.83487
272	(-1.9046648503440586+0.8255373092558479j)	0.3695223331451416	25.9302
273	(-1.8945793033045564+0.850426967708657j)	0.32173800468444824	26.02553
274	(-1.8837090906304572+0.8752289536064481j)	0.3314030170440674	26.12085
275	(-1.8730544597553795+0.9001954378182194j)	0.3268551826477051	26.21618
276	(-1.8621779360648636+0.9244825480424175j)	0.3817901611328125	26.31151
277	(-1.8508202416213952+0.9491053472229369j)	0.3492898941040039	26.40684
278	(-1.8389320183546745+0.9736758054270421j)	0.3410928249359131	26.50216
279	(-1.8270196732892412+0.9976282933050076j)	0.32410097122192383	26.59749
280	(-1.81446583428287+1.0211983141368965j)	0.3456990718841553	26.69282
281	(-1.801641293759364+1.0454434215828656j)	0.3429892063140869	26.78815
282	(-1.7886795840710912+1.0686198079407643j)	0.33202624320983887	26.88348
283	(-1.7754575436831683+1.0923174449181905j)	0.39588093757629395	26.9788
284	(-1.7618717537513293+1.115638260273035j)	0.4392819404602051	27.07413
285	(-1.7479051174675795+1.1385485416346526j)	0.3508179187774658	27.16946
286	(-1.733306438098043+1.1614619477214132j)	0.42282581329345703	27.26479
287	(-1.7184134690628987+1.1841367321241476j)	0.3608570098876953	27.36012
288	(-1.7041443461349246+1.206205051642359j)	0.3951129913330078	27.45544
289	(-1.6885715233332599+1.2286831946000427j)	0.4310719966888428	27.55077
290	(-1.6736883763025427+1.2506161639655713j)	0.3395698070526123	27.6461
291	(-1.6575077104433917+1.2723863920905092j)	0.37874817848205566	27.74143
292	(-1.6413943552043957+1.2942383161749085j)	0.32610082626342773	27.83676
293	(-1.625039393294206+1.3156850513445173j)	0.35890769958496094	27.93208
294	(-1.6083759234316568+1.3364444280447607j)	0.3518702983856201	28.02741
295	(-1.5916545366712742+1.3576810437103077j)	0.3544349670410156	28.12274
296	(-1.5743250933048403+1.378285437131003j)	0.3677802085876465	28.21807
297	(-1.5567576707799429+1.3984753825843916j)	0.446256160736084	28.3134
298	(-1.5386744105848256+1.4191021819266116j)	0.48537707328796387	28.40872
299	(-1.5207679626107784+1.4392307188386022j)	0.36594390869140625	28.50405
300	(-1.5024429964718164+1.458602189604982j)	0.382457971572876	28.59938
301	(-1.4837051072072285+1.4781873151396736j)	0.3296370506286621	28.69471
302	(-1.4652558797570367+1.497244552225216j)	0.38236117362976074	28.79004
303	(-1.4462311512077535+1.516579240374493j)	0.33566999435424805	28.88536
304	(-1.4265663804511886+1.5354061662240448j)	0.3290290832519531	28.98069
305	(-1.4069768091762198+1.553986280635016j)	0.3442981243133545	29.07602
306	(-1.3871928561126925+1.5719691641541744j)	0.3973410129547119	29.17135
307	(-1.3671973325680136+1.5898049092846582j)	0.33963775634765625	29.26667
308	(-1.3469788336030586+1.6077210741916685j)	0.34301114082336426	29.362
309	(-1.326092715930273+1.624996399037923j)	0.44486284255981445	29.45733
310	(-1.3054566695565053+1.6423907821533503j)	0.42925214767456055	29.55266
311	(-1.2840776463980077+1.6615938251595488j)	0.3147420883178711	29.64799
312	(-1.2631408802642203+1.6754426624352092j)	0.34925413131713867	29.74331
313	(-1.2416363349093134+1.6920508625258557j)	0.40041184425354004	29.83864
314	(-1.2203270419551404+1.7080205303893548j)	0.34760093688964844	29.93397
315	(-1.1981627661455256+1.7234841307134068j)	0.35633111000061035	30.0293
316	(-1.1758766199542534+1.739121749565871j)	0.41159892082214355	30.12463
317	(-1.153631309474815+1.7545244272798783j)	0.37642621994018555	30.21995
318	(-1.1311858754516304+1.769070429820909j)	0.36721205711364746	30.31528
319	(-1.1080473695468682+1.7836617956872267j)	0.3825039863586426	30.41061
320	(-1.0854706326759014+1.7978814631257605j)	0.3237907886505127	30.50594
321	(-1.0623285461195013+1.811144859977275j)	0.3579373359680176	30.60127
322	(-1.0386413498472606+1.8255604832333456j)	0.34286975860595703	30.69659
323	(-1.0155788112632282+1.8389386101297442j)	0.37921595573425293	30.79192
324	(-0.991782825782912+1.8517987310899047j)	0.3472568988800049	30.88725
325	(-0.9677087147537542+1.8646466478456463j)	0.4124178886413574	30.98258
326	(-0.943994547344532+1.8769433387646393j)	0.3557751178741455	31.07791
327	(-0.9198881247472582+1.8891452040753733j)	0.3430619239807129	31.17323
328	(-0.8955230698412557+1.900812753975024j)	0.3943188190460205	31.26856
329	(-0.8711754864996699+1.9124283024265167j)	0.35675907135009766	31.36389
330	(-0.8463207508602288+1.9233199709464246j)	0.34705400466918945	31.45922
331	(-0.8213478305274534+1.9342781112532679j)	0.3393521308898926	31.55455
332	(-0.7966812047956697+1.9444339982383112j)	0.3388190269470215	31.64987
333	(-0.7715931138739651+1.9543120231130686j)	0.3536977767944336	31.7452
334	(-0.746304051031094+1.9643656839345842j)	0.36814284324645996	31.84053
335	(-0.720776405839548+1.9740405764478015j)	0.31700706481933594	31.93586
336	(-0.6953564424881563+1.982844945098613j)	0.32401084899902344	32.03118
337	(-0.6695584316414644+1.9914190379481835j)	0.3530879020690918	32.12651
338	(-0.6441580345154311+2.000135651194991j)	0.5427310466766357	32.22184
339	(-0.6182525765342114+2.0079757536723646j)	0.386368989944458	32.31717
340	(-0.5923221151610152+2.0160260722842938j)	0.3941020965576172	32.4125
341	(-0.5663714336654815+2.023734734532765j)	0.3299520015716553	32.50782
342	(-0.5400626141300429+2.0305455877017913j)	0.34713101387023926	32.60315
343	(-0.5140869939838562+2.0370664832480228j)	0.35773301124572754	32.69848
344	(-0.48760147179545393+2.043372798123602j)	0.3329129219055176	32.79381
345	(-0.4609517191890395+2.04968011275217j)	0.37087512016296387	32.88914
346	(-0.4346582951809183+2.055497561701073j)	0.3289368152618408	32.98446
347	(-0.4082987069493907+2.060958864999032j)	0.3173048496246338	33.07979
348	(-0.38149608231375354+2.0657796913848423j)	0.33266592025756836	33.17512
349	(-0.35462658603902947+2.070444090581029j)	0.33239102363586426	33.27045
350	(-0.3279553097403806+2.0748800313334312j)	0.3504650592803955	33.36578
351	(-0.30119842689312903+2.078423532839152j)	0.3327012062072754	33.4611
352	(-0.2741678715947614+2.0823324564014754j)	0.32599401473999023	33.55643
353	(-0.2472409342949543+2.0855555156185233j)	0.33167099952697754	33.65176
354	(-0.2202741817332738+2.088410300944195j)	0.33395981788635254	33.74709
355	(-0.1932181737186605+2.0912823916630208j)	0.3604137897491455	33.84242
356	(-0.16620320262739008+2.0932180860488168j)	0.3545198440551758	33.93774
357	(-0.13898969958556473+2.094800158787702j)	0.33073997497558594	34.03307
358	(-0.11214334732262515+2.096579908315356j)	0.4041919708251953	34.1284
359	(-0.08500628626568861+2.0976927701608843j)	0.3731546401977539	34.22373
360	(-0.05762532945183302+2.0983384693030858j)	0.36118125915527344	34.31906
361	(-0.030242681159525796+2.09905318023023j)	0.3841819763183594	34.41438
362	(-0.003248140330537601+2.0987384179828465j)	0.312025785446167	34.50971
363	(0.024124511529738907+2.098597364261642j)	0.32975220680236816	34.60504
364	(0.0510071809680599+2.0980430606421168j)	0.3054351806640625	34.70037
365	(0.07809691186365221+2.097054234210402j)	0.37537598609924316	34.79569
366	(0.10565578769809622+2.095363215597857j)	0.36461329460144043	34.89102
367	(0.13283607197089636+2.094104680959786j)	0.30901598930358887	34.98635
368	(0.15972775584686683+2.092016601841406j)	0.34072208404541016	35.08168
369	(0.18704533679802976+2.0893694174903437j)	0.3525350093841553	35.17701
370	(0.21391281458866046+2.086633085698684j)	0.32775306701660156	35.27233
371	(0.24069042547012204+2.083495711467832j)	0.38552284240722656	35.36766
372	(0.2678551744368841+2.079924481409889j)	0.34795284271240234	35.46299
373	(0.2948621478203328+2.076412075965918j)	0.33072996139526367	35.55832
374	(0.32184230170394124+2.072048703137038j)	0.35272216796875	35.65365
375	(0.34872587181823106+2.0671864673338454j)	0.335601806640625	35.74897
376	(0.3755340173957914+2.0624965486203024j)	0.36882567405700684	35.8443
377	(0.4019893357636101+2.05709880353048j)	0.38892388343811035	35.93963
378	(0.4287274424038069+2.0515696543505437j)	0.3435699939727783	36.03496
379	(0.45560474488010627+2.045944477247812j)	0.32779693603515625	36.13029
380	(0.487543213909457+1.945553075176592j)	0.284959077835083	36.22561
381	(0.5085607464508308+2.0327186238770607j)	0.324185848236084	36.32094
382	(0.5348570691928638+2.0259369178574635j)	0.31469011306762695	36.41627
383	(0.5608796309660832+2.0183852775017956j)	0.3164818286895752	36.5116
384	(0.5872548458744202+2.0107680923343993j)	0.30360984802246094	36.60693
385	(0.6133553483190498+2.0025923580142315j)	0.3186039924621582	36.70225
386	(0.6391444346694631+1.9947259631383982j)	0.3193359375	36.79758
387	(0.6652857965699549+1.9859138031865926j)	0.4376688003540039	36.89291
388	(0.6909057356677034+1.9770357881076561j)	0.3547229766845703	36.98824
389	(0.7164113072972706+1.9674067863739062j)	0.31357479095458984	37.08357
390	(0.741783873814875+1.9578736558883318j)	0.33312201499938965	37.17889
391	(0.7671892737828777+1.9480731963936357j)	0.3641541004180908	37.27422
392	(0.7923723061020953+1.9375952942668708j)	0.30942702293395996	37.36955
393	(0.8176691981833812+1.9268343150880742j)	0.3692159652709961	37.46488
394	(0.8427149871642223+1.9158512484788681j)	0.3219151496887207	37.5602
395	(0.8672530983723971+1.9044551769824702j)	0.34424781799316406	37.65553
396	(0.892192435445767+1.8927054468639395j)	0.33484792709350586	37.75086
397	(0.9165279516596979+1.8810489986990744j)	0.3184325695037842	37.84619
398	(0.9407995288973376+1.8687356693337662j)	0.33519530296325684	37.94152
399	(0.965458988177166+1.8559454861122582j)	0.31421589851379395	38.03684
400	(0.989478262345667+1.8431583314389481j)	0.32573533058166504	38.13217
401	(1.0131385629681982+1.829846806441158j)	0.36946606636047363	38.2275
402	(1.0369949075390559+1.8162086424831705j)	0.3430907726287842	38.32283
403	(1.0603529410582322+1.8025511638299663j)	0.3309602737426758	38.41816
404	(1.0837241410617042+1.7884738244558247j)	0.3706331253051758	38.51348
405	(1.1071394094478455+1.773967803473789j)	0.35689592361450195	38.60881
406	(1.1300978422463874+1.759420134456997j)	0.3312549591064453	38.70414
407	(1.152782917339355+1.7440067569140199j)	0.4309229850769043	38.79947
408	(1.175570215531441+1.7286968930989672j)	0.3613290786743164	38.8948
409	(1.1976568820685878+1.71335012897252j)	0.32922816276550293	38.99012
410	(1.2197485553557108+1.6972773348095358j)	0.3562660217285156	39.08545
411	(1.2420230782557262+1.681075637344839j)	0.32325100898742676	39.18078
412	(1.2637277136687137+1.6647273180665605j)	0.3659510612487793	39.27611
413	(1.285285068953328+1.6476934635119682j)	0.3329050540924072	39.37144
414	(1.3066087245771232+1.6307284203904997j)	0.32938599586486816	39.46676
415	(1.3275880196859569+1.6134460111788578j)	0.3895881175994873	39.56209
416	(1.3483356126541477+1.5956263287398331j)	0.3448622226715088	39.65742
417	(1.3693125995673225+1.5779331722633847j)	0.3603389263153076	39.75275
418	(1.389583899289598+1.5598841712945406j)	0.3654940128326416	39.84808
419	(1.4098290172084744+1.5411145399828334j)	0.3203878402709961	39.9434
420	(1.4299517878196903+1.522458132377515j)	0.36687183380126953	40.03873
421	(1.4493775624414527+1.503657077604056j)	0.3542368412017822	40.13406
422	(1.468770235557722+1.4843464603642333j)	0.3193631172180176	40.22939
423	(1.4883717743568083+1.4650909456769394j)	0.3329579830169678	40.32471
424	(1.5073009845157006+1.4455226937879184j)	0.31876611709594727	40.42004
425	(1.5255645098037385+1.4252481164203519j)	0.30689001083374023	40.51537
426	(1.5444777536719567+1.405161792510399j)	0.34389305114746094	40.6107
427	(1.5623767559545385+1.3847921962558014j)	0.3462681770324707	40.70603
428	(1.5805573292357884+1.3642554049863804j)	0.30538415908813477	40.80135
429	(1.598089781434803+1.343400222929338j)	0.33896493911743164	40.89668
430	(1.6155001011312735+1.3221366708845854j)	0.31477808952331543	40.99201
431	(1.6324700191913406+1.3008696432656235j)	0.3749239444732666	41.08734
432	(1.6490159740472488+1.2792869158825693j)	0.3361320495605469	41.18267
433	(1.6660419580255044+1.2576309448936693j)	0.33543992042541504	41.27799
434	(1.6820131608710693+1.2358736406648376j)	0.38695597648620605	41.37332
435	(1.697967973706165+1.2135233370761145j)	0.39449191093444824	41.46865
436	(1.7135088638126192+1.1912673702721253j)	0.35611891746520996	41.56398
437	(1.7290405461773748+1.1684423834982338j)	0.3569791316986084	41.65931
438	(1.7442148323564768+1.145536525596853j)	0.3407900333404541	41.75463
439	(1.7587155956956366+1.1226904339696961j)	0.3463730812072754	41.84996
440	(1.7732378757980405+1.0993285318242694j)	0.32067322731018066	41.94529
441	(1.7875204571305772+1.0762488458927875j)	0.3825061321258545	42.04062
442	(1.8011829286464645+1.0527188783450765j)	0.3888089656829834	42.13595
443	(1.8150075653243574+1.0288030724174582j)	0.5190742015838623	42.23127
444	(1.828439815088935+1.0049293162306276j)	0.31174278259277344	42.3266
445	(1.8411310658456972+0.9809095300944072j)	0.3133840560913086	42.42193
446	(1.8538844423923662+0.9570276531452895j)	0.3104708194732666	42.51726
447	(1.8661590604434486+0.9322950977720249j)	0.3080477714538574	42.61259
448	(1.8781502061301487+0.9079985076280964j)	0.3708620071411133	42.70791
449	(1.889832354654949+0.8830665577641601j)	0.34812116622924805	42.80324
450	(1.9014247328801979+0.8584268070318088j)	0.32999300956726074	42.89857
451	(1.9119362551251422+0.8331495959622118j)	0.31629204750061035	42.9939
452	(1.9226863265421326+0.8080183659384136j)	0.3610670566558838	43.08922
453	(1.9332800766217477+0.7828844860843805j)	0.3856039047241211	43.18455
454	(1.9433858014257053+0.7572758308190504j)	0.3379809856414795	43.27988
455	(1.9530218372979238+0.7318806475022304j)	0.31603097915649414	43.37521
456	(1.962559654154165+0.706371794992681j)	0.3169991970062256	43.47054
457	(1.9714240900020026+0.6804042631153714j)	0.30660390853881836	43.56586
458	(1.9803514287283657+0.6545381454944305j)	0.3403000831604004	43.66119
459	(1.9885438719301387+0.6285265586508701j)	0.3580210208892822	43.75652
460	(1.9964863180402268+0.6025992407149662j)	0.368574857711792	43.85185
461	(2.004152888172842+0.5763162638186882j)	0.3778862953186035	43.94718
462	(2.01177951008851+0.5498431784157877j)	0.3618149757385254	44.0425
463	(2.0185991556901515+0.5234987654619234j)	0.30744099617004395	44.13783
464	(2.025391856804203+0.49681483070457766j)	0.40693020820617676	44.23316
465	(2.031755640709813+0.47056163927243444j)	0.3908360004425049	44.32849
466	(2.037331010729938+0.443797695066522j)	0.3416719436645508	44.42382
467	(2.043185039608831+0.41708421023399045j)	0.35679006576538086	44.51914
468	(2.0486619667463035+0.39037735825350445j)	0.3290669918060303	44.61447
469	(2.0533394857931855+0.3634541609472834j)	0.32596826553344727	44.7098
470	(2.0580647696673307+0.33632035932496607j)	0.3070850372314453	44.80513
471	(2.062209748053938+0.3095149051540166j)	0.33361101150512695	44.90046
472	(2.065981403593946+0.28247783533007176j)	0.32996487617492676	44.99578
473	(2.069533444889442+0.2553893771862633j)	0.31937313079833984	45.09111
474	(2.0726680600704186+0.2284170446096584j)	0.41149282455444336	45.18644
475	(2.0755183782932516+0.20126891546076742j)	0.3669240474700928	45.28177
476	(2.078195082146903+0.17391761523807425j)	0.36020803451538086	45.3771
477	(2.0800474120486614+0.14674176013474105j)	0.3379027843475342	45.47242
478	(2.081926986974815+0.1196955715217155j)	0.36019420623779297	45.56775
479	(2.083169010524606+0.09224343616935171j)	0.3478982448577881	45.66308
480	(2.0842418931084823+0.06522142881706805j)	0.3470730781555176	45.75841
481	(2.084893418511973+0.03763346961163305j)	0.5050981044769287	45.85373
482	(2.0852529031894305+0.010146929151840345j)	0.4282710552215576	45.94906
483	(2.085246375442048-0.016943030523464353j)	0.31035590171813965	46.04439
484	(2.084629501296974-0.044225707604102826j)	0.3345818519592285	46.13972
485	(2.084030056908392-0.07160833506035835j)	0.3636007308959961	46.23505
486	(2.083190465376071-0.09865930427393876j)	0.3640298843383789	46.33037
487	(2.081587831605609-0.1259509214683575j)	0.3275458812713623	46.4257
488	(2.079875241190166-0.15344685022957405j)	0.3557851314544678	46.52103
489	(2.077660727318594-0.1804424544866592j)	0.34287405014038086	46.61636
490	(2.074882410019657-0.20772181979936244j)	0.3895533084869385	46.71169
491	(2.0722142181375425-0.23479144531948493j)	0.3885829448699951	46.80701
492	(2.0690888570074475-0.26164824780530227j)	0.37192392349243164	46.90234
493	(2.065262922510855-0.28879328657241965j)	0.4562687873840332	46.99767
494	(2.061605291883542-0.3159387774236553j)	0.37168169021606445	47.093
495	(2.057231699366687-0.3427598195981981j)	0.3713240623474121	47.18833
496	(2.052329978959577-0.3696352849098027j)	0.3437461853027344	47.28365
497	(2.04743644296944-0.3965243241295837j)	0.3753831386566162	47.37898
498	(2.0421804541677857-0.42304059338972977j)	0.3304729461669922	47.47431
499	(2.036388245887065-0.4498781718077154j)	0.32375502586364746	47.56964
500	(2.0306057555813792-0.47653456037984776j)	0.3300189971923828	47.66497
501	(2.0241595721864103-0.5031575056638984j)	0.3678779602050781	47.76029
502	(2.017141911539955-0.5295858006619873j)	0.3731048107147217	47.85562
503	(2.010258356546113-0.5559723292064034j)	0.3139791488647461	47.95095
504	(2.0028043163431333-0.5819672255941815j)	0.315885066986084	48.04628
505	(1.9949212343621983-0.6082268299672414j)	0.3249831199645996	48.14161
506	(1.9871579269217494-0.6344220372703453j)	0.3269021511077881	48.23693
507	(1.9787305801519954-0.6602319852416365j)	0.3942539691925049	48.33226
508	(1.9697342607686057-0.6862037409592265j)	0.3528268337249756	48.42759
509	(1.9607655247210045-0.7119557683966137j)	0.30568575859069824	48.52292
510	(1.9514128624006577-0.7371512034288575j)	0.3036949634552002	48.61824
511	(1.9414812660346499-0.7627013965525596j)	0.317150354385376	48.71357
512	(1.9315918929540334-0.7881502199494262j)	0.3489060401916504	48.8089
513	(1.9211031272163672-0.8132057078817626j)	0.35569214820861816	48.90423
514	(1.910124054618601-0.8383544841290629j)	0.31930017471313477	48.99956
515	(1.899036201942148-0.8633195959107326j)	0.31737494468688965	49.09488
516	(1.8876666075786246-0.8878666980209667j)	0.34975409507751465	49.19021
517	(1.8758859027520534-0.9126158822970841j)	0.3758678436279297	49.28554
518	(1.864054151950845-0.9370535347669626j)	0.3423900604248047	49.38087
519	(1.8516159459972346-0.9612415936558822j)	0.32782721519470215	49.4762
520	(1.8386853269049164-0.9856006089361975j)	0.3771350383758545	49.57152
521	(1.8259978200516893-1.0096249200953462j)	0.3498518466949463	49.66685
522	(1.8127874403886715-1.0331992259431204j)	0.3486347198486328	49.76218
523	(1.798849841015418-1.0569961372769705j)	0.35716772079467773	49.85751
524	(1.7849591526236108-1.080333305577476j)	0.32105398178100586	49.95284
525	(1.7709916504507168-1.1034247186363086j)	0.3152890205383301	50.04816
526	(1.7561670042960078-1.1267868343912346j)	0.31178903579711914	50.14349
527	(1.7413289301480743-1.149579246925055j)	0.3237881660461426	50.23882
528	(1.7262103611649091-1.1722493207109204j)	0.31368184089660645	50.33415
529	(1.7105670308636947-1.1947221181210006j)	0.3292510509490967	50.42948
530	(1.695315801856828-1.2168766505245947j)	0.32390713691711426	50.5248
531	(1.679255231180327-1.2388609535847568j)	0.31656408309936523	50.62013
532	(1.6628005978712272-1.2609261366594073j)	0.30643200874328613	50.71546
533	(1.6463541465211875-1.2824918692514278j)	0.33514904975891113	50.81079
534	(1.629337942553699-1.303882696743677j)	0.316478967666626	50.90612
535	(1.6120885680330788-1.3249406309949443j)	0.3220200538635254	51.00144
536	(1.594920721614117-1.3459612198138584j)	0.32774829864501953	51.09677
537	(1.5772197885010646-1.3665556464658806j)	0.3881840705871582	51.1921
538	(1.5592321284983017-1.3873045731601161j)	0.34313130378723145	51.28743
539	(1.541177046232812-1.4075065740829678j)	0.36382174491882324	51.38276
540	(1.5223512244500348-1.4274388764790085j)	0.3410801887512207	51.47808
541	(1.5035470689318056-1.4472850963338708j)	0.31333184242248535	51.57341
542	(1.4848688221315516-1.4667015621744353j)	0.3337559700012207	51.66874
543	(1.4654344938015562-1.4859124077632604j)	0.34648704528808594	51.76407
544	(1.4458875628223917-1.5053285517702135j)	0.32749414443969727	51.85939
545	(1.4261445520955738-1.5238239843011183j)	0.32822513580322266	51.95472
546	(1.4061617063274008-1.542410642014556j)	0.382601261138916	52.05005
547	(1.3858885416945235-1.5608200670523968j)	0.36511898040771484	52.14538
548	(1.3655702186401573-1.578686789408494j)	0.33905982971191406	52.24071
549	(1.3450311179742171-1.596303246883203j)	0.34384584426879883	52.33603
550	(1.3239160572584285-1.6139142170584322j)	0.36896610260009766	52.43136
551	(1.3029126664322963-1.6311215312697227j)	0.44745588302612305	52.52669
552	(1.2813703827917684-1.6478908161205905j)	0.3762357234954834	52.62202
553	(1.2596951542434713-1.6647033447014232j)	0.3835887908935547	52.71735
554	(1.2381641798911447-1.6807525112418924j)	0.34349799156188965	52.81267
555	(1.2159983533703114-1.696655834542575j)	0.34247612953186035	52.908
556	(1.1936921751050658-1.7126822499999919j)	0.32863473892211914	53.00333
557	(1.1712736024984716-1.727830666738578j)	0.35605382919311523	53.09866
558	(1.1486065266005216-1.7432143733760506j)	0.3330800533294678	53.19399
559	(1.1256179188331736-1.7581633779237347j)	0.3307352066040039	53.28931
560	(1.1028529202756037-1.7725496774495582j)	0.3348519802093506	53.38464
561	(1.0796045528952165-1.78686154264721j)	0.35884690284729004	53.47997
562	(1.0562274580924047-1.8008701488052739j)	0.33535265922546387	53.5753
563	(1.0327794145146252-1.8143956715198455j)	0.3353118896484375	53.67063
564	(1.0087936133485176-1.82786978613207j)	0.3189539909362793	53.76595
565	(0.9847248390642998-1.8410464682199437j)	0.4050261974334717	53.86128
566	(0.9608498055497731-1.853620894867619j)	0.349437952041626	53.95661
567	(0.936351547936661-1.8658554380898393j)	0.36531591415405273	54.05194
568	(0.9121351179988649-1.8781173828794704j)	0.319730281829834	54.14727
569	(0.8878829332125387-1.8898428885384133j)	0.3263237476348877	54.24259
570	(0.8628903230631408-1.9013721337071778j)	0.42986297607421875	54.33792
571	(0.8380774130226097-1.9125128995242648j)	0.4252908229827881	54.43325
572	(0.813657472505072-1.923765562736801j)	0.38256192207336426	54.52858
573	(0.7878955375877182-1.9335117725630524j)	0.33903002738952637	54.6239
574	(0.762562101809895-1.943897106545014j)	0.36469316482543945	54.71923
575	(0.7371677880494829-1.9536314533023125j)	0.34761905670166016	54.81456
576	(0.7116257740160833-1.9630689603806464j)	0.38225412368774414	54.90989
577	(0.6859691876982948-1.9724657221603263j)	0.3469510078430176	55.00522
578	(0.6602210919787439-1.9809812280071801j)	0.3298361301422119	55.10054
579	(0.6341682010327273-1.9893088857040697j)	0.3499271869659424	55.19587
580	(0.6079922528309779-1.9976954046318753j)	0.42301201820373535	55.2912
581	(0.5822973332047181-2.0052731973806246j)	0.3678770065307617	55.38653
582	(0.5559765818969954-2.0127387092756406j)	0.3368508815765381	55.48186
583	(0.5294937108830089-2.0200931906920254j)	0.3251521587371826	55.57718
584	(0.5032162410581257-2.02666158118965j)	0.3442080020904541	55.67251
585	(0.47660308856457356-2.0329782445247746j)	0.3473317623138428	55.76784
586	(0.4501627685768409-2.039208607015153j)	0.3469109535217285	55.86317
587	(0.4236551610704151-2.044683329209174j)	0.3501150608062744	55.9585
588	(0.3968888183096587-2.0502729499567134j)	0.3006560802459717	56.05382
589	(0.37008215786996645-2.055484550048169j)	0.2999560832977295	56.14915
590	(0.3433037930810219-2.059978344732689j)	0.3037900924682617	56.24448
591	(0.3161479524834816-2.0642550198396656j)	0.3005189895629883	56.33981
592	(0.2896557307518749-2.0679227845346873j)	0.322847843170166	56.43514
593	(0.26269270634900166-2.0718475387781936j)	0.3090958595275879	56.53046
594	(0.23548193725338795-2.0750858035966373j)	0.31025171279907227	56.62579
595	(0.20833613299723397-2.0781582591341605j)	0.3020029067993164	56.72112
596	(0.18128437192290836-2.0805828251902256j)	0.30465006828308105	56.81645
597	(0.1538478197371208-2.0828014627280993j)	0.31595492362976074	56.91178
598	(0.1268220531974693-2.084588309542813j)	0.31060099601745605	57.0071
599	(0.0995735029145478-2.085760870720027j)	0.30997300148010254	57.10243
600	(0.0724083587466241-2.0870925715229753j)	0.30588221549987793	57.19776
601	(0.04535728717719978-2.0880631337468514j)	0.3067481517791748	57.29309
602	(0.018017005947485787-2.0883963496210303j)	0.3016180992126465	57.38841
603	(-0.009919550418810652-2.0883457707349895j)	0.2992269992828369	57.48374
604	(-0.036604832004577315-2.0882401909333246j)	0.30220484733581543	57.57907
605	(-0.06371828473745644-2.0873658219615367j)	0.3036160469055176	57.6744
606	(-0.09102445461723774-2.0864147284367824j)	0.3038609027862549	57.76973
607	(-0.11824602290222841-2.08541002164235j)	0.3076329231262207	57.86505
608	(-0.14536970976929753-2.0834016162976408j)	0.32871103286743164	57.96038
609	(-0.17274952894670303-2.081403776653154j)	0.3050217628479004	58.05571
610	(-0.19972256708609015-2.079064889402979j)	0.3033781051635742	58.15104
611	(-0.22680782119668086-2.0760291131542865j)	0.30438709259033203	58.24637
612	(-0.2537625816060939-2.07301555281145j)	0.306779146194458	58.34169
613	(-0.2808047439023348-2.06973881908063j)	0.31076979637145996	58.43702
614	(-0.3077141673892726-2.065750358971798j)	0.3009958267211914	58.53235
615	(-0.33484277383787475-2.0616650574013446j)	0.3038978576660156	58.62768
616	(-0.3614050564294966-2.0570464340187042j)	0.3102138042449951	58.72301
617	(-0.3883104536817755-2.0520309889120623j)	0.30268168449401855	58.81833
618	(-0.4151643096607496-2.0467680009399873j)	0.3004622459411621	58.91366
619	(-0.4418534779022644-2.0413203452212523j)	0.31399011611938477	59.00899
620	(-0.46837617422033034-2.0351343344681867j)	0.30705833435058594	59.10432
621	(-0.49496326298315074-2.029198919963057j)	0.3034791946411133	59.19965
622	(-0.5213217087147937-2.022435426633648j)	0.3070499897003174	59.29497
623	(-0.5476349335312273-2.015319155808174j)	0.3076159954071045	59.3903
624	(-0.5739847566752085-2.0080620004052467j)	0.30049681663513184	59.48563
625	(-0.5998797452388898-2.0005337085466497j)	0.304948091506958	59.58096
626	(-0.625990735596711-1.9924079733838393j)	0.32721996307373047	59.67629
627	(-0.6522212440922428-1.9842035024128188j)	0.3085970878601074	59.77161
628	(-0.6779585655981553-1.9755815868074114j)	0.30365705490112305	59.86694
629	(-0.7036273035291409-1.9663298550298207j)	0.3059568405151367	59.96227
630	(-0.7293440798826782-1.957170778020288j)	0.3103349208831787	60.0576
631	(-0.7544580074202334-1.9474992741627362j)	0.30699992179870605	60.15292
632	(-0.7798649860948605-1.9374529714225086j)	0.31181955337524414	60.24825
633	(-0.8052786729788517-1.9270825448969708j)	0.30835819244384766	60.34358
634	(-0.8302370599424629-1.9165999490259025j)	0.305966854095459	60.43891
635	(-0.855268280494957-1.9053868319234832j)	0.3047187328338623	60.53424
636	(-0.879980877850862-1.8939943605023812j)	0.3087348937988281	60.62956
637	(-0.9048038848798499-1.882415852952957j)	0.30427980422973633	60.72489
638	(-0.9289951367710716-1.870383316397459j)	0.31230688095092773	60.82022
639	(-0.9534039472413196-1.858397486736256j)	0.3047158718109131	60.91555
640	(-0.9776033608474817-1.845474274281097j)	0.3132619857788086	61.01088
641	(-1.0015228170089256-1.8325519656605023j)	0.3038172721862793	61.1062
642	(-1.0254866449024356-1.8194415836936029j)	0.30521607398986816	61.20153
643	(-1.0489003346273469-1.8059718721258635j)	0.3009669780731201	61.29686
644	(-1.0723757258610334-1.7920077350843364j)	0.30538487434387207	61.39219
645	(-1.095772779788716-1.7778542787640077j)	0.3100318908691406	61.48752
646	(-1.1189162510788135-1.763744950893848j)	0.300062894821167	61.58284
647	(-1.1419169192129524-1.7486495251054297j)	0.3052961826324463	61.67817
648	(-1.1646391240679823-1.733696033919478j)	0.30445218086242676	61.7735
649	(-1.187161771287688-1.7183737003686415j)	0.32094407081604004	61.86883
650	(-1.2093435819008125-1.7025820972798809j)	0.30069708824157715	61.96416
651	(-1.2315038461234824-1.686959898323177j)	0.3083949089050293	62.05948
652	(-1.253275267971721-1.6707942858657336j)	0.3071420192718506	62.15481
653	(-1.2751468088977873-1.654040252540919j)	0.31232786178588867	62.25014
654	(-1.2967375219020347-1.6374075790547107j)	0.30385518074035645	62.34547
655	(-1.3177362109898496-1.620272377640673j)	0.3057281970977783	62.4408
656	(-1.3386551286026775-1.6028975439202002j)	0.301677942276001	62.53612
657	(-1.3595252761306789-1.5854696578812126j)	0.30862879753112793	62.63145
658	(-1.3799749982678082-1.567643619021502j)	0.30422401428222656	62.72678
659	(-1.400561164426415-1.5493382286200235j)	0.31128692626953125	62.82211
660	(-1.4207073099820962-1.5308208998570634j)	0.3004109859466553	62.91743
661	(-1.440314143851578-1.5123049712007777j)	0.30927419662475586	63.01276
662	(-1.4599232010172662-1.4931795769909746j)	0.3085918426513672	63.10809
663	(-1.4793542383872018-1.4741945451941953j)	0.3180510997772217	63.20342
664	(-1.4982913342890467-1.4548470783365508j)	0.3026010990142822	63.29875
665	(-1.517425572953437-1.4350154404263933j)	0.31564807891845703	63.39407
666	(-1.5360668216923004-1.415154776623373j)	0.30848193168640137	63.4894
667	(-1.5541651668739376-1.394986150525653j)	0.3071298599243164	63.58473
668	(-1.572367582602661-1.3745004920767838j)	0.30593204498291016	63.68006
669	(-1.5900879422801313-1.35394879941755j)	0.30171704292297363	63.77539
670	(-1.607609780909984-1.3332804056212835j)	0.3166348934173584	63.87071
671	(-1.6245078000815067-1.3122632552316058j)	0.3387880325317383	63.96604
672	(-1.64197233894958-1.2907322158471999j)	0.3255629539489746	64.06137
673	(-1.658310276090588-1.269116098498838j)	0.29805803298950195	64.1567
674	(-1.6749998753535225-1.2472505932253928j)	0.3050990104675293	64.25203
675	(-1.6910267030869734-1.2255857387833056j)	0.3060581684112549	64.34735
676	(-1.7067981278697018-1.2034018412338914j)	0.3034989833831787	64.44268
677	(-1.7224752724483383-1.1809382601108658j)	0.3055691719055176	64.53801
678	(-1.7378370036332342-1.158501149189025j)	0.3281290531158447	64.63334
679	(-1.7526591954938415-1.1355577924467637j)	0.3104259967803955	64.72867
680	(-1.7672703692701222-1.1124243923770367j)	0.3269319534301758	64.82399
681	(-1.7817195762381313-1.0894084522388305j)	0.31273722648620605	64.91932
682	(-1.7955776892555546-1.066125237009679j)	0.3063528537750244	65.01465
683	(-1.8095365831276273-1.0425584384818969j)	0.30442118644714355	65.10998
684	(-1.8229342647745495-1.019004105386268j)	0.31322598457336426	65.20531
685	(-1.836001326967263-0.9948998550367862j)	0.3017420768737793	65.30063
686	(-1.8489743524002291-0.9707945642240918j)	0.3011436462402344	65.39596
687	(-1.861137040331676-0.946616994886186j)	0.3079347610473633	65.49129
688	(-1.873417892427004-0.9222341790102526j)	0.3229062557220459	65.58662
689	(-1.8855361117952294-0.897761672739526j)	0.30346202850341797	65.68194
690	(-1.8971905010474985-0.8732476676417954j)	0.3028111457824707	65.77727
691	(-1.9084328089860483-0.8480921496571495j)	0.3218729496002197	65.8726
692	(-1.918975741394287-0.8232478306748684j)	0.312424898147583	65.96793
693	(-1.9298447029468664-0.7982201856486675j)	0.4029538631439209	66.06326
694	(-1.9398113919086337-0.7731117274949523j)	0.3099989891052246	66.15858
695	(-1.9499419326195522-0.7475673546178065j)	0.3000319004058838	66.25391
696	(-1.9595946603748484-0.7222359198491762j)	0.3025527000427246	66.34924
697	(-1.9687377850783276-0.6964733915941688j)	0.3074369430541992	66.44457
698	(-1.977824914028366-0.6706334830933961j)	0.3017399311065674	66.5399
699	(-1.9861902183941151-0.6449021420635209j)	0.3076448440551758	66.63522
700	(-1.9945488512455087-0.6186876800066374j)	0.3119819164276123	66.73055
701	(-2.002341812820973-0.5927946006479607j)	0.30284976959228516	66.82588
702	(-2.0099487962772065-0.5667742685479796j)	0.3000800609588623	66.92121
703	(-2.017057505071821-0.5403864852648981j)	0.30287909507751465	67.01654
704	(-2.024111131046458-0.5137977341977742j)	0.3101329803466797	67.11186
705	(-2.030580478339799-0.48750698997319875j)	0.3005218505859375	67.20719
706	(-2.0365934834402513-0.4608914507538039j)	0.35587096214294434	67.30252
707	(-2.042558648036091-0.43427675156186973j)	0.30634188652038574	67.39785
708	(-2.0479654339797984-0.407797331265671j)	0.308441162109375	67.49318
709	(-2.0532324031741798-0.38090001957455016j)	0.30852699279785156	67.5885
710	(-2.05809989603747-0.35392210015829684j)	0.30894994735717773	67.68383
711	(-2.062509888533698-0.32716430689840703j)	0.30826497077941895	67.77916
712	(-2.066457292481215-0.3001289494532098j)	0.30312395095825195	67.87449
713	(-2.070318901384014-0.2731519418380438j)	0.3016970157623291	67.96982
714	(-2.0737519419420836-0.24641604762600477j)	0.3215930461883545	68.06514
715	(-2.076638983876515-0.21918248617951483j)	0.31043410301208496	68.16047
716	(-2.0794900876409717-0.19210544558445017j)	0.314251184463501	68.2558
717	(-2.08181537855315-0.16511474583656804j)	0.3047771453857422	68.35113
718	(-2.0834931485951365-0.13773081221814248j)	0.3093380928039551	68.44645
719	(-2.085273735358674-0.11046353264001035j)	0.3158268928527832	68.54178
720	(-2.08658000282568-0.08339833326200596j)	0.310344934463501	68.63711
721	(-2.087365715579701-0.05603186357394685j)	0.2994067668914795	68.73244
722	(-2.0881777844264553-0.02886573632384884j)	0.30908894538879395	68.82777
723	(-2.08813553031896-0.0015347795536574532j)	0.32842016220092773	68.92309
724	(-2.0879003232845954+0.025735747426406178j)	0.3014068603515625	69.01842
725	(-2.087614223430979+0.05307933969395639j)	0.31075191497802734	69.11375
726	(-2.086556805385999+0.0800480092534007j)	0.3056797981262207	69.20908
727	(-2.085308966528099+0.10740490133430615j)	0.3139939308166504	69.30441
728	(-2.0840825060134667+0.13471454243388012j)	0.3267500400543213	69.39973
729	(-2.0820138859740194+0.16185107922628067j)	0.3094792366027832	69.49506
730	(-2.0796057137262642+0.18911072382124913j)	0.3078291416168213	69.59039
731	(-2.0770416245208816+0.21610707283704553j)	0.30387115478515625	69.68572
732	(-2.073908472826734+0.24309490216073446j)	0.30606603622436523	69.78105
733	(-2.0706777559764737+0.27007553877701446j)	0.3017427921295166	69.87637
734	(-2.06713890295484+0.2972068378634947j)	0.3026580810546875	69.9717
735	(-2.062969759898867+0.32406455896654235j)	0.3080942630767822	70.06703
736	(-2.0585579664632596+0.35118484625807844j)	0.30854082107543945	70.16236
737	(-2.0538288010232+0.3779774685831613j)	0.3120560646057129	70.25769
738	(-2.048513297051134+0.4047188739559113j)	0.300372838973999	70.35301
739	(-2.043102343579574+0.4313188078525725j)	0.3052663803100586	70.44834
740	(-2.037526977921304+0.45785894749305844j)	0.3128221035003662	70.54367
741	(-2.0312737069132902+0.48434762698433653j)	0.3063993453979492	70.639
742	(-2.024812418941567+0.5110819760202635j)	0.30419421195983887	70.73433
743	(-2.017708569229101+0.5374095846448336j)	0.3210930824279785	70.82965
744	(-2.0105880974975014+0.5634563006759233j)	0.3128089904785156	70.92498
745	(-2.003050966316481+0.5898436470538111j)	0.310621976852417	71.02031
746	(-1.9953808507228505+0.615790553212194j)	0.3031578063964844	71.11564
747	(-1.987187174302052+0.6418092047850521j)	0.30709314346313477	71.21096
748	(-1.9785754264674764+0.6678514740652106j)	0.30910611152648926	71.30629
749	(-1.9697967287817424+0.6935763066466065j)	0.30554914474487305	71.40162
750	(-1.9603305586512871+0.7191309586937895j)	0.30109715461730957	71.49695
751	(-1.950825119278929+0.7447736287687612j)	0.30472302436828613	71.59228
752	(-1.9412108504608792+0.7700745535356016j)	0.30747222900390625	71.6876
753	(-1.9309063183619493+0.7952071016636778j)	0.30180907249450684	71.78293
754	(-1.9203218908825967+0.8205115662869972j)	0.30330419540405273	71.87826
755	(-1.9096051421867337+0.8455323044620655j)	0.302379846572876	71.97359
756	(-1.8981746989585861+0.8703127405102214j)	0.3077220916748047	72.06892
757	(-1.8866252645412844+0.8949137875653962j)	0.30492186546325684	72.16424
758	(-1.8749439082598922+0.9194646621371885j)	0.3134729862213135	72.25957
759	(-1.8627237948186643+0.9437729007113211j)	0.30648303031921387	72.3549
760	(-1.850293597668897+0.968099906827896j)	0.31404709815979004	72.45023
761	(-1.8375775877319496+0.9919690148353395j)	0.3088958263397217	72.54556
762	(-1.8243726087690142+1.016078628916283j)	0.3089609146118164	72.64088
763	(-1.8108005200324124+1.0398128268520905j)	0.30071306228637695	72.73621
764	(-1.7972380233868075+1.0632322078238847j)	0.31215596199035645	72.83154
765	(-1.7831547685934248+1.0865073731396477j)	0.30176520347595215	72.92687
766	(-1.7688794926101028+1.109871258933625j)	0.31276893615722656	73.0222
767	(-1.7543797943591917+1.132995247584098j)	0.3075888156890869	73.11752
768	(-1.7391157050015065+1.1557282025424624j)	0.3102583885192871	73.21285
769	(-1.723916377288431+1.1783467661258222j)	0.30576395988464355	73.30818
770	(-1.7085645520459536+1.2005574835182442j)	0.3062450885772705	73.40351
771	(-1.692590701377659+1.2227856511531439j)	0.3051178455352783	73.49884
772	(-1.676672927862431+1.2449647481372097j)	0.300584077835083	73.59416
773	(-1.6604588216618437+1.2666009049000628j)	0.382465124130249	73.68949
774	(-1.6433068057533622+1.2881968370651466j)	0.3043482303619385	73.78482
775	(-1.626598178051803+1.309768791134671j)	0.30334997177124023	73.88015
776	(-1.609535414086444+1.3305359692280727j)	0.30457496643066406	73.97547
777	(-1.5919902596658029+1.3512123576632904j)	0.3082101345062256	74.0708
778	(-1.5742521303573045+1.3720894816118059j)	0.30829334259033203	74.16613
779	(-1.556278162214791+1.3925140792302007j)	0.3025672435760498	74.26146
780	(-1.53768636967999+1.412695072649038j)	0.32627367973327637	74.35679
781	(-1.519083069805696+1.4327529105543821j)	0.3117637634277344	74.45211
782	(-1.5004439420893623+1.4522798180298229j)	0.30274415016174316	74.54744
783	(-1.4812687840422738+1.4716817380045475j)	0.30104494094848633	74.64277
784	(-1.4620767570820667+1.4910425212769292j)	0.3105289936065674	74.7381
785	(-1.4426037527029798+1.5098359893469793j)	0.3028299808502197	74.83343
786	(-1.422562633339332+1.528729643657058j)	0.30393004417419434	74.92875
787	(-1.4024990230567855+1.5472521593880582j)	0.31280994415283203	75.02408
788	(-1.3822482961473597+1.565209757848192j)	0.3039417266845703	75.11941
789	(-1.361546793992968+1.583099955758458j)	0.30085277557373047	75.21474
790	(-1.3407629188958845+1.6007525606087385j)	0.32378387451171875	75.31007
791	(-1.3200787321544767+1.618226990819938j)	0.3022189140319824	75.40539
792	(-1.298688088619565+1.6352907569920845j)	0.3000209331512451	75.50072
793	(-1.2772359545009948+1.652269085912286j)	0.3038320541381836	75.59605
794	(-1.2556139421727548+1.6686225517538786j)	0.3061649799346924	75.69138
795	(-1.2335516861625946+1.6848267639741261j)	0.3075680732727051	75.78671
796	(-1.211723797290062+1.7009010483898468j)	0.3017122745513916	75.88203
797	(-1.1893828902664751+1.716467858611036j)	0.31786108016967773	75.97736
798	(-1.1669099938828782+1.7318512011921443j)	0.3031899929046631	76.07269
799	(-1.1443131151915154+1.7470712066009393j)	0.30385780334472656	76.16802
800	(-1.1213520687972873+1.7616583067770901j)	0.306110143661499	76.26335
801	(-1.0981855532286886+1.7759906339869656j)	0.3035728931427002	76.35867
802	(-1.075024684218775+1.790345426560221j)	0.30817604064941406	76.454
803	(-1.0516227386713224+1.8040949033128708j)	0.3497180938720703	76.54933
804	(-1.0279150667778065+1.817832391739151j)	0.3673441410064697	76.64466
805	(-1.003922337836089+1.831173687581326j)	0.3703479766845703	76.73998
806	(-0.9800445558188489+1.8439537648968807j)	0.40391993522644043	76.83531
807	(-0.9558583288210774+1.8565658458339291j)	0.3307819366455078	76.93064
808	(-0.9316175943555037+1.8689124354858404j)	0.30477213859558105	77.02597
809	(-0.9072162298999563+1.8807355657349727j)	0.3138847351074219	77.1213
810	(-0.8824690122757779+1.8925947148576863j)	0.30254173278808594	77.21662
811	(-0.8577513074009944+1.9041219267501555j)	0.3036007881164551	77.31195
812	(-0.8328799738616981+1.9149733624299836j)	0.3080408573150635	77.40728
813	(-0.8076687451213427+1.9257386276616455j)	0.3023679256439209	77.50261
814	(-0.7826701030787468+1.9361094470821067j)	0.3022959232330322	77.59794
815	(-0.7575503269323354+1.9460955153275914j)	0.30848097801208496	77.69326
816	(-0.7318901615043462+1.955835161364502j)	0.3070359230041504	77.78859
817	(-0.7064055234781451+1.9653809539025902j)	0.3034999370574951	77.88392
818	(-0.6805114880904614+1.974337223239572j)	0.30666399002075195	77.97925
819	(-0.6547229342693051+1.9830889753669514j)	0.3025529384613037	78.07458
820	(-0.6288509899511757+1.9913459191421379j)	0.30623483657836914	78.1699
821	(-0.6028393700795085+1.9992157358414122j)	0.30660200119018555	78.26523
822	(-0.5766399388096077+2.0070720249164102j)	0.30710315704345703	78.36056
823	(-0.550597503006617+2.014429400955777j)	0.3087649345397949	78.45589
824	(-0.5242846596801424+2.021412543166184j)	0.3010551929473877	78.55122
825	(-0.4975377550188599+2.028055436290058j)	0.30216097831726074	78.64654
826	(-0.4710740132955311+2.0345148230167176j)	0.3324451446533203	78.74187
827	(-0.44458733001154044+2.040291703988244j)	0.3011922836303711	78.8372
828	(-0.41788827801897416+2.045969882707208j)	0.3056797981262207	78.93253
829	(-0.39131533083859105+2.0513545998679135j)	0.30374693870544434	79.02786
830	(-0.36449398871892746+2.0562478953023375j)	0.3086268901824951	79.12318
831	(-0.3373849889498705+2.060895126186362j)	0.3014669418334961	79.21851
832	(-0.31068645025682473+2.065129080396665j)	0.30918025970458984	79.31384
833	(-0.28335213126974446+2.0691093579075055j)	0.29334402084350586	79.40917
834	(-0.25666457213725735+2.072495538536766j)	0.30115699768066406	79.50449
835	(-0.23250094150304967+2.0754000635051573j)	0.27544689178466797	79.59982
836	(-0.20260939725793625+2.0786083103215094j)	0.3054931163787842	79.69515
837	(-0.1752518560784342+2.0810639341018313j)	0.3048410415649414	79.79048
838	(-0.14819646422433186+2.083169868437864j)	0.30324673652648926	79.88581
839	(-0.12112835855926318+2.084625022054425j)	0.3019850254058838	79.98113
840	(-0.09377183189567873+2.086196111896511j)	0.30332279205322266	80.07646
841	(-0.06679975432091667+2.087300459747563j)	0.30147719383239746	80.17179
842	(-0.03951541146505955+2.0878753988534253j)	0.3174471855163574	80.26712
843	(-0.012082283956800888+2.088396907657264j)	0.30140209197998047	80.36245
844	(0.01513145257605275+2.088299730022187j)	0.30023908615112305	80.45777
845	(0.04234570426308759+2.08771193904558j)	0.3074009418487549	80.5531
846	(0.06968089341978045+2.0871095807862328j)	0.30281591415405273	80.64843
847	(0.09666859631084812+2.0860531045114215j)	0.3002951145172119	80.74376
848	(0.12397323254529835+2.084555994537472j)	0.3041219711303711	80.83909
849	(0.15136789838187625+2.082867083967222j)	0.30260777473449707	80.93441
