	res_adaptive	time_adaptive	w
0	(1.242831206109424-0.052008952170656396j)	1.4887959957122803	0.001
1	(1.5769997237809585-0.18139955822900272j)	0.4186372756958008	0.09633
2	(1.6613412777718592-0.20479108234788929j)	0.3705289363861084	0.19166
3	(1.7202359941114806-0.21301144848538664j)	0.35280323028564453	0.28698
4	(1.7656078837352016-0.2161329675003134j)	0.33920788764953613	0.38231
5	(1.7976766004919487-0.22059565531541017j)	0.31270813941955566	0.47764
6	(1.825191427325304-0.22342938781534893j)	0.3283267021179199	0.57297
7	(1.8526839829146335-0.22107430007425696j)	0.30747485160827637	0.6683
8	(1.8755599904019016-0.22082361555651023j)	0.3488798141479492	0.76362
9	(1.8932628996165777-0.21912472343177403j)	0.3302011489868164	0.85895
10	(1.9088642388046266-0.21695879572875565j)	0.3217151165008545	0.95428
11	(1.9267556376320332-0.21510511689669154j)	0.315960168838501	1.04961
12	(1.9416635896432632-0.2127550412884526j)	0.3450889587402344	1.14494
13	(1.9535261791149985-0.20990717214319501j)	0.33775806427001953	1.24026
14	(1.964559009280507-0.20577398014714937j)	0.32548093795776367	1.33559
15	(1.9767490427240977-0.2033170407111986j)	0.32904481887817383	1.43092
16	(1.9863982673703202-0.20070035053308605j)	0.32868313789367676	1.52625
17	(1.9960645848899647-0.19750243758095312j)	0.3690309524536133	1.62157
18	(2.005044262772669-0.1931027810811989j)	0.33483195304870605	1.7169
19	(2.0133077297519204-0.19141317664226787j)	0.33536314964294434	1.81223
20	(2.020958974151212-0.18888611601394895j)	0.3398880958557129	1.90756
21	(2.028241686208288-0.18390564545590063j)	0.31794285774230957	2.00289
22	(2.035621852407956-0.1803858680793335j)	0.3729889392852783	2.09821
23	(2.040316702960495-0.17827416957680634j)	0.3206310272216797	2.19354
24	(2.046531936426866-0.17551610723763883j)	0.31583619117736816	2.28887
25	(2.0531521881760293-0.17116051216429107j)	0.3097379207611084	2.3842
26	(2.057472395986659-0.1679060781198086j)	0.33082008361816406	2.47953
27	(2.06377960612512-0.1645273673118387j)	0.32512998580932617	2.57485
28	(2.0667246465161297-0.1621339480699532j)	0.328153133392334	2.67018
29	(2.071166733329129-0.1590424737485035j)	0.3347289562225342	2.76551
30	(2.0770105985439353-0.15579446174675526j)	0.317857027053833	2.86084
31	(2.079940820554282-0.15280490750864484j)	0.3278157711029053	2.95617
32	(2.0830861665458307-0.1493801017368966j)	0.3068239688873291	3.05149
33	(2.0876729658986735-0.14708473941970895j)	0.32251477241516113	3.14682
34	(2.091349388109878-0.1446137741593999j)	0.3351259231567383	3.24215
35	(2.0934196061482107-0.14119030906971625j)	0.3152623176574707	3.33748
36	(2.096259229816829-0.13730779453328945j)	0.310405969619751	3.43281
37	(2.099800086477407-0.13653692839916193j)	0.33670926094055176	3.52813
38	(2.1018301901424326-0.13285522850635179j)	0.31414008140563965	3.62346
39	(2.104709295935342-0.13002188925686625j)	0.3121960163116455	3.71879
40	(2.107016499971241-0.12690871909640644j)	0.31554627418518066	3.81412
41	(2.109524958100026-0.12553345342122996j)	0.3361039161682129	3.90945
42	(2.1112438878355255-0.1229992990782281j)	0.3257410526275635	4.00477
43	(2.1137334860990245-0.11940849476742443j)	0.3106071949005127	4.1001
44	(2.1157183151740186-0.11682086619855225j)	0.34065675735473633	4.19543
45	(2.1169658728233856-0.11545696213905782j)	0.3115830421447754	4.29076
46	(2.119539104329335-0.11263386524439645j)	0.3196070194244385	4.38608
47	(2.1208681474604085-0.10978902627712206j)	0.31789278984069824	4.48141
48	(2.1226486085549032-0.10767531450994172j)	0.304610013961792	4.57674
49	(2.123037025895271-0.10587305777088074j)	0.32622480392456055	4.67207
50	(2.1243625463204077-0.10387954843948782j)	0.33225226402282715	4.7674
51	(2.1264626223458314-0.10111957802525057j)	0.31849002838134766	4.86272
52	(2.1279930442032438-0.09932559629430615j)	0.30873894691467285	4.95805
53	(2.1280841631779635-0.09693207345872351j)	0.31389904022216797	5.05338
54	(2.1292314419410396-0.09488563659216309j)	0.30256009101867676	5.14871
55	(2.1310259542987398-0.09233315601757652j)	0.3422670364379883	5.24404
56	(2.1319694973565118-0.09154054989534688j)	0.3233790397644043	5.33936
57	(2.1321853118370058-0.08877056438923542j)	0.30657386779785156	5.43469
58	(2.1334765055118585-0.08757375214306928j)	0.30448007583618164	5.53002
59	(2.134445879335352-0.08587709205144078j)	0.34137773513793945	5.62535
60	(2.135034263663154-0.08378439947578731j)	0.31142592430114746	5.72068
61	(2.1358308736425373-0.0813234851570126j)	0.3471550941467285	5.816
62	(2.136332847750136-0.07954720545640137j)	0.3183870315551758	5.91133
63	(2.136786203150534-0.07882790107197579j)	0.33818602561950684	6.00666
64	(2.1374033080265953-0.0769001458803632j)	0.3322103023529053	6.10199
65	(2.1378766103313307-0.07443591737984967j)	0.3260810375213623	6.19732
66	(2.1388291660087666-0.07301726809078224j)	0.30375194549560547	6.29264
67	(2.1384536638638596-0.07173154989873887j)	0.32179999351501465	6.38797
68	(2.13934729722615-0.0702309891524967j)	0.3335540294647217	6.4833
69	(2.140232499194783-0.06835054658376039j)	0.30687499046325684	6.57863
70	(2.140238934221949-0.06713798440035257j)	0.3118870258331299	6.67396
71	(2.139994320022859-0.06576456830477462j)	0.34511804580688477	6.76928
72	(2.1404332824213004-0.06441516218663301j)	0.32547879219055176	6.86461
73	(2.1415940174455543-0.06294566763455145j)	0.30427002906799316	6.95994
74	(2.141820210580867-0.061458090189161485j)	0.3373560905456543	7.05527
75	(2.141136619366688-0.05983192072376986j)	0.31675076484680176	7.15059
76	(2.141438117893935-0.058644630863391556j)	0.3314859867095947	7.24592
77	(2.1413615377670068-0.05776341545217434j)	0.3385021686553955	7.34125
78	(2.1422139219187333-0.056480696797848506j)	0.31064391136169434	7.43658
79	(2.1419251210355204-0.0550736114520497j)	0.30887699127197266	7.53191
80	(2.1422455055609904-0.05351733174214379j)	0.32964205741882324	7.62723
81	(2.141752375547733-0.05272642548410422j)	0.33240294456481934	7.72256
82	(2.1420855604465356-0.05125253694219978j)	0.3359808921813965	7.81789
83	(2.1423856886341763-0.049912548624379216j)	0.3124399185180664	7.91322
84	(2.142618307826666-0.049245755278198855j)	0.3111379146575928	8.00855
85	(2.1424323684068383-0.048607904639555444j)	0.30947303771972656	8.10387
86	(2.143206746545175-0.04710144668290295j)	0.31784701347351074	8.1992
87	(2.1429936243917536-0.04563637632599493j)	0.3132951259613037	8.29453
88	(2.1425235350285186-0.04445312112543964j)	0.311873197555542	8.38986
89	(2.1423159859220577-0.04450645362924288j)	0.3104088306427002	8.48519
90	(2.1424324025595105-0.04314482799570374j)	0.32660579681396484	8.58051
91	(2.1430721579562513-0.0419821666509802j)	0.32079219818115234	8.67584
92	(2.142690028722439-0.04120614609005391j)	0.31576991081237793	8.77117
93	(2.1419548478903128-0.04040029488579988j)	0.30184221267700195	8.8665
94	(2.14245126549853-0.03936316093446435j)	0.334399938583374	8.96183
95	(2.1424140622830645-0.03867807445005211j)	0.31581902503967285	9.05715
96	(2.1423647139940067-0.037700682701820254j)	0.30323314666748047	9.15248
97	(2.1417087517682867-0.03653152854157238j)	0.31646084785461426	9.24781
98	(2.1420373131890638-0.0359626112534569j)	0.3074789047241211	9.34314
99	(2.1423638642867795-0.035408733655538094j)	0.30679869651794434	9.43847
100	(2.1418676442842526-0.03454122155832651j)	0.30588698387145996	9.53379
101	(2.1415622197953366-0.03329791104146185j)	0.3217740058898926	9.62912
102	(2.1416419562867013-0.03307268749497683j)	0.3251609802246094	9.72445
103	(2.14136586438732-0.03218573517492107j)	0.31332921981811523	9.81978
104	(2.1411751609476077-0.031569557251793334j)	0.3033130168914795	9.9151
105	(2.141209440707038-0.03017454201854397j)	0.3044102191925049	10.01043
106	(2.140782283342784-0.029601121844170408j)	0.3197212219238281	10.10576
107	(2.1406005746099197-0.02974660606132129j)	0.3087279796600342	10.20109
108	(2.140623545970244-0.028528923515508287j)	0.313518762588501	10.29642
109	(2.1402212363966564-0.028183022646489753j)	0.3180251121520996	10.39174
110	(2.140313733746047-0.027284213852521777j)	0.3393096923828125	10.48707
111	(2.139638375012095-0.02698447301838458j)	0.3465390205383301	10.5824
112	(2.1398911627568826-0.02611168898999583j)	0.32411718368530273	10.67773
113	(2.140107845550361-0.025299813246983938j)	0.31172895431518555	10.77306
114	(2.139414376750581-0.025290996359783713j)	0.3193197250366211	10.86838
115	(2.138669193244069-0.024389232361689772j)	0.3606553077697754	10.96371
116	(2.1391196043661482-0.023778854707700692j)	0.3175199031829834	11.05904
117	(2.139406375545658-0.02336415504886835j)	0.30775976181030273	11.15437
118	(2.1385408053945216-0.022690884478812734j)	0.3368220329284668	11.2497
119	(2.1381677823897625-0.021801241904648605j)	0.3083219528198242	11.34502
120	(2.138383921470612-0.021626898062745314j)	0.3103508949279785	11.44035
121	(2.138196969654283-0.02115483103637339j)	0.3245229721069336	11.53568
122	(2.1378998940607996-0.020587062464213157j)	0.31577610969543457	11.63101
123	(2.1374804757284718-0.019917856755866103j)	0.31986188888549805	11.72634
124	(2.137517797970889-0.019753694217776063j)	0.30730390548706055	11.82166
125	(2.137336659286586-0.01981143842020361j)	0.33368897438049316	11.91699
126	(2.137110103261424-0.018789598585974843j)	0.30346012115478516	12.01232
127	(2.136911554555539-0.01803032240664726j)	0.3342587947845459	12.10765
128	(2.136669714397176-0.01826789449762145j)	0.3138160705566406	12.20298
129	(2.136182037800094-0.01797516984797698j)	0.2996561527252197	12.2983
130	(2.13657634859301-0.017552388630285076j)	0.3159611225128174	12.39363
131	(2.136349453080549-0.01649472672923402j)	0.3029770851135254	12.48896
132	(2.136313472984079-0.016180074394903543j)	0.31505799293518066	12.58429
133	(2.1351606959469738-0.016142430305121636j)	0.324049711227417	12.67961
134	(2.1354653309815412-0.015666038983805586j)	0.3060343265533447	12.77494
135	(2.135641884303184-0.015250963053084488j)	0.31139039993286133	12.87027
136	(2.134823321624639-0.01497876448201263j)	0.31418704986572266	12.9656
137	(2.1344112705543328-0.014648188917994354j)	0.3129739761352539	13.06093
138	(2.1349162552124348-0.014054899199798965j)	0.3213028907775879	13.15625
139	(2.134733607196177-0.014189120928595589j)	0.31986284255981445	13.25158
140	(2.134041555983301-0.013555319607501226j)	0.32156825065612793	13.34691
141	(2.133717306990079-0.01304930852326569j)	0.33075881004333496	13.44224
142	(2.133950479265752-0.01319656552942683j)	0.3166019916534424	13.53757
143	(2.1336795967328217-0.013113854278153259j)	0.30633020401000977	13.63289
144	(2.133284778661863-0.012293667262644581j)	0.3166947364807129	13.72822
145	(2.1330292867358214-0.011754539933054087j)	0.3196847438812256	13.82355
146	(2.1329874766617207-0.0121037593842368j)	0.3184938430786133	13.91888
147	(2.132757127925561-0.011887211752855897j)	0.3019073009490967	14.01421
148	(2.1325547777090623-0.011222700960426879j)	0.31099700927734375	14.10953
149	(2.1324559368888516-0.010674671576744732j)	0.3019132614135742	14.20486
150	(2.13198537204165-0.011016945695872193j)	0.30462098121643066	14.30019
151	(2.1317545889467895-0.010824411244988452j)	0.29775190353393555	14.39552
152	(2.132028303919049-0.010251724930034678j)	0.3054060935974121	14.49085
153	(2.1318569495958286-0.009896196019094194j)	0.322983980178833	14.58617
154	(2.1311311781145124-0.009919669327884018j)	0.3023052215576172	14.6815
155	(2.1308996235233684-0.0100880380764381j)	0.3288581371307373	14.77683
156	(2.130825007648816-0.00957428299962948j)	0.31089186668395996	14.87216
157	(2.1309157142849995-0.009004848161576984j)	0.32811713218688965	14.96749
158	(2.1303355133133888-0.008947208977368337j)	0.3155999183654785	15.06281
159	(2.1300060956376115-0.008671708844887549j)	0.30637598037719727	15.15814
160	(2.1304375806032705-0.00867928303134513j)	0.3295927047729492	15.25347
161	(2.1302295371103837-0.00846266594439915j)	0.33910131454467773	15.3488
162	(2.129698543033942-0.008057837294051184j)	0.3278927803039551	15.44412
163	(2.129393377584124-0.00767956749852261j)	0.3067800998687744	15.53945
164	(2.1295759612938787-0.00789345444800138j)	0.3130030632019043	15.63478
165	(2.129237517857196-0.007988267247450054j)	0.32330799102783203	15.73011
166	(-41.32621201017349-37.52044947329317j)	0.32786989212036133	15.82544
167	(2.1289054877399325-0.00693837785924889j)	0.31047797203063965	15.92076
168	(2.1285396725352252-0.007248419310372567j)	0.32385683059692383	16.01609
169	(2.128837518457501-0.00694563148328986j)	0.30757999420166016	16.11142
170	(2.128299573814094-0.006605695906110043j)	0.3093581199645996	16.20675
171	(2.1283145832162704-0.006554960238192464j)	0.3410060405731201	16.30208
172	(2.127844054841289-0.0066433811190107495j)	0.3105947971343994	16.3974
173	(2.1276331904739347-0.006582262187227572j)	0.31464195251464844	16.49273
174	(2.127903520598303-0.006053913093107655j)	0.31920599937438965	16.58806
175	(2.127670862451399-0.005968222668060186j)	0.30879902839660645	16.68339
176	(2.127307507352012-0.00644710076773336j)	0.32656311988830566	16.77872
177	(2.126797878794772-0.00573425205311362j)	0.3082749843597412	16.87404
178	(2.1273087301107383-0.005720114574828461j)	0.32015204429626465	16.96937
179	(2.12710321295279-0.005584353211082638j)	0.3179807662963867	17.0647
180	(2.126353280444798-0.005430878650284798j)	0.30480527877807617	17.16003
181	(2.1264196195656138-0.005317951469281157j)	0.3166990280151367	17.25536
182	(2.1267732140895657-0.005460957741885375j)	0.30969905853271484	17.35068
183	(2.1262560261914665-0.0051104980261704736j)	0.31352972984313965	17.44601
184	(2.1258491408614795-0.00477825046536795j)	0.3372972011566162	17.54134
185	(2.125953967773385-0.0049195691486687565j)	0.3083488941192627	17.63667
186	(2.125637764777967-0.004819260121255553j)	0.30768275260925293	17.732
187	(2.125602252879742-0.004694563135463126j)	0.32881712913513184	17.82732
188	(2.1254400255690618-0.004261971263128661j)	0.31285810470581055	17.92265
189	(2.1254180314117885-0.00484668816087197j)	0.31859421730041504	18.01798
190	(2.125225786381913-0.004773517253059634j)	0.3179440498352051	18.11331
191	(2.1251450009732618-0.004309250596183034j)	0.32161521911621094	18.20863
192	(2.125058449941064-0.003959833744006991j)	0.31269025802612305	18.30396
193	(2.124880424223265-0.003975370221194652j)	0.3053159713745117	18.39929
194	(2.124459196392615-0.004358572676273598j)	0.301433801651001	18.49462
195	(2.1242852381642097-0.004014761255025423j)	0.3108072280883789	18.58995
196	(2.124634300682467-0.0038144150468049087j)	0.3179807662963867	18.68527
197	(2.1244606610563506-0.0037652933137248823j)	0.309298038482666	18.7806
198	(2.123777942843144-0.0037983553007812088j)	0.3086428642272949	18.87593
199	(2.1235995807510104-0.003460773055544264j)	0.30712008476257324	18.97126
200	(2.123745150755741-0.0034006187233355245j)	0.317396879196167	19.06659
201	(2.123933024691595-0.0036088576125503646j)	0.3044428825378418	19.16191
202	(2.1233415489111813-0.003298884816989478j)	0.3118901252746582	19.25724
203	(2.123372671602869-0.0033623374951616825j)	0.3135390281677246	19.35257
204	(2.1236847217257835-0.003521618537021931j)	0.30128979682922363	19.4479
205	(2.123218576163923-0.003276959866760354j)	0.3237602710723877	19.54323
206	(2.122974640168281-0.0029367579611134786j)	0.3110520839691162	19.63855
207	(2.1229508648920308-0.0030229029310435696j)	0.3075447082519531	19.73388
208	(2.122992701889616-0.0034755990516786017j)	0.30516624450683594	19.82921
209	(2.123025268919529-0.00288525705359044j)	0.3175220489501953	19.92454
210	(2.1227392104086737-0.0028035777171409038j)	0.3556389808654785	20.01987
211	(2.122583507655642-0.0027494592185193234j)	0.31671881675720215	20.11519
212	(2.12233796990774-0.0032356276604355028j)	0.31577205657958984	20.21052
213	(2.122324829039863-0.0028797487438838587j)	0.3090212345123291	20.30585
214	(2.122355514036766-0.0024537493373653074j)	0.3047659397125244	20.40118
215	(2.121933957507478-0.0029576864264055924j)	0.3190279006958008	20.49651
216	(2.1220275346325543-0.0025000545820788034j)	0.3037691116333008	20.59183
217	(2.1218316952790257-0.002677452579997963j)	0.3050508499145508	20.68716
218	(2.1221200691641093-0.0024093709807782027j)	0.3144209384918213	20.78249
219	(2.1191285619881843-0.0037754919089010297j)	0.2917020320892334	20.87782
220	(2.1212948401265685-0.002489977420033762j)	0.30732274055480957	20.97314
221	(2.121398437622707-0.0024807420477837017j)	0.3312830924987793	21.06847
222	(2.121528002007948-0.0029277211743539144j)	0.31298398971557617	21.1638
223	(2.1213143736243842-0.0024135453876462654j)	0.3192629814147949	21.25913
224	(2.1208404209780056-0.0022894095467065334j)	0.3114347457885742	21.35446
225	(2.120238952405073-0.0031733985800347364j)	0.29253697395324707	21.44978
226	(2.121260734316432-0.002563896404218946j)	0.30692267417907715	21.54511
227	(2.1209572732556734-0.0022737292704477774j)	0.30356907844543457	21.64044
228	(2.1211862105035624-0.0023386553281814493j)	0.3207430839538574	21.73577
229	(2.1207917890050276-0.0022874216215307275j)	0.30197978019714355	21.8311
230	(2.1206904834633913-0.0025105720066621595j)	0.30469822883605957	21.92642
231	(2.1204989568672374-0.0021553555522755286j)	0.31376099586486816	22.02175
232	(2.120499527897634-0.001771617554588989j)	0.32323193550109863	22.11708
233	(2.12041183852146-0.0021713609388851474j)	0.30973386764526367	22.21241
234	(2.1202935322713343-0.0023844126770695695j)	0.30040884017944336	22.30774
235	(2.120229390237622-0.0020741713415303176j)	0.3137021064758301	22.40306
236	(2.120358824482861-0.001762270093205176j)	0.30458593368530273	22.49839
237	(2.1200772469495752-0.002029508325830487j)	0.3099362850189209	22.59372
238	(2.1198290413885283-0.00214594740736318j)	0.3056209087371826	22.68905
239	(2.1200313954363166-0.0018207576008080206j)	0.3059208393096924	22.78438
240	(2.120154328652948-0.001898276525758802j)	0.3161900043487549	22.8797
241	(2.119736532854884-0.0019087676844526946j)	0.3346569538116455	22.97503
242	(2.119690777885136-0.0018780443315041806j)	0.30953097343444824	23.07036
243	(2.1197949588297247-0.0015043873950745246j)	0.3092780113220215	23.16569
244	(2.1196256759294227-0.002188239349771526j)	0.3168618679046631	23.26102
245	(2.119457166552156-0.0018218173429241924j)	0.31385207176208496	23.35634
246	(2.119452159750212-0.0018520361509981598j)	0.311722993850708	23.45167
247	(2.1195524182758048-0.002112889250189154j)	0.3081991672515869	23.547
248	(2.1194849316123507-0.0019613022648741207j)	0.30454516410827637	23.64233
249	(2.119214130076057-0.0017979372680463346j)	0.3059229850769043	23.73765
250	(2.118996749565169-0.0014740221717679525j)	0.30698108673095703	23.83298
251	(2.118641594530314-0.001766864918687605j)	0.30829691886901855	23.92831
252	(2.1190787694484117-0.002036680928467094j)	0.31267881393432617	24.02364
253	(2.1187760703123106-0.0017572692590197558j)	0.3170139789581299	24.11897
254	(2.1190032957754963-0.0014215849691430194j)	0.3090660572052002	24.21429
255	(2.118774031767189-0.0017554024167983906j)	0.2990448474884033	24.30962
256	(2.118583005449705-0.0019539491739192227j)	0.30889010429382324	24.40495
257	(2.118780074304942-0.0015218223249553464j)	0.3081960678100586	24.50028
258	(2.1187426113005436-0.0014395088090736197j)	0.30240917205810547	24.59561
259	(2.118505296537292-0.0016375718858048227j)	0.30532097816467285	24.69093
260	(2.1181802591786787-0.001789971562819015j)	0.3183269500732422	24.78626
261	(2.1185768762780057-0.0015229350206578118j)	0.34903717041015625	24.88159
262	(2.1186685510768433-0.001454694751485297j)	0.34128689765930176	24.97692
263	(2.1180977594179415-0.0016897987977700923j)	0.31371021270751953	25.07225
264	(2.1180192703796203-0.001492404725646157j)	0.30571436882019043	25.16757
265	(2.118346475911297-0.0016377535136442578j)	0.3204929828643799	25.2629
266	(2.118405825470143-0.001663821567861934j)	0.308337926864624	25.35823
267	(2.1180529231049725-0.0015770346563832582j)	0.32360291481018066	25.45356
268	(2.117858974252785-0.0014813742315137324j)	0.31342601776123047	25.54889
269	(2.11804898665524-0.0016382897259579199j)	0.3117222785949707	25.64421
270	(2.1180785654352174-0.0018502296617272096j)	0.32502198219299316	25.73954
271	(2.117779938584026-0.001354420514403376j)	0.32789111137390137	25.83487
272	(2.1175685205942383-0.0016810514082821193j)	0.33092188835144043	25.9302
273	(2.117571751466075-0.0016461218568061264j)	0.322523832321167	26.02553
274	(2.117668032553837-0.0017991845098516146j)	0.3053009510040283	26.12085
275	(2.1176999632101614-0.0013885198076264427j)	0.30533409118652344	26.21618
276	(2.117672100367945-0.0012536992046071616j)	0.30234384536743164	26.31151
277	(2.1175428188542176-0.0017508748169113852j)	0.3110320568084717	26.40684
278	(2.1173493241052155-0.0015098543490325023j)	0.3272387981414795	26.50216
279	(2.1176129242699675-0.001403409776467801j)	0.30574584007263184	26.59749
280	(2.1176318105133816-0.001330327344195914j)	0.3008878231048584	26.69282
281	(2.117246124046976-0.0016392702518105429j)	0.30418920516967773	26.78815
282	(2.1172130624150043-0.00160430163944425j)	0.3010838031768799	26.88348
283	(2.11743938364483-0.001469806420349995j)	0.31082701683044434	26.9788
284	(2.117544935132313-0.001472525863465246j)	0.3082399368286133	27.07413
285	(2.1170215920104245-0.001445363152002166j)	0.3007338047027588	27.16946
286	(2.117007884028117-0.001457123078057676j)	0.2988729476928711	27.26479
287	(2.1174277223616027-0.0014835675276333449j)	0.2997260093688965	27.36012
288	(2.1173349800287546-0.0016205628902460356j)	0.30493998527526855	27.45544
289	(2.11691444916189-0.0013157536255307134j)	0.32573485374450684	27.55077
290	(2.1168605839985672-0.0013388618471441571j)	0.30734992027282715	27.6461
291	(2.1171715296661238-0.0016446642060264915j)	0.30194091796875	27.74143
292	(2.116645849850457-0.0013933846404871053j)	0.3126552104949951	27.83676
293	(2.11689445643875-0.0013044224794059867j)	0.3085629940032959	27.93208
294	(2.1168560619847425-0.0012513477961342279j)	0.30240893363952637	28.02741
295	(2.116881314771784-0.001699566266146979j)	0.31816601753234863	28.12274
296	(2.1168258546363994-0.001620226007101655j)	0.3292248249053955	28.21807
297	(2.1167487459731094-0.0011766794866298058j)	0.3176259994506836	28.3134
298	(2.116831738791103-0.0012499061785744559j)	0.3066706657409668	28.40872
299	(2.1166064356396124-0.001660526127155726j)	0.3223588466644287	28.50405
300	(2.116562978995026-0.0016027688378931204j)	0.30614709854125977	28.59938
301	(2.1167540747993328-0.0013696150162429976j)	0.3028860092163086	28.69471
302	(2.1167870322024704-0.0011592207497866935j)	0.3128359317779541	28.79004
303	(2.116336500552677-0.0015415655777186732j)	0.31587696075439453	28.88536
304	(2.11659685898696-0.002728082497654327j)	0.29489827156066895	28.98069
305	(2.1166053564152576-0.001342476797659975j)	0.30843496322631836	29.07602
306	(2.1165586055519108-0.0014611136233876332j)	0.3024613857269287	29.17135
307	(2.116351103199341-0.001133297673450273j)	0.3162250518798828	29.26667
308	(2.116212515174443-0.0014046022525857627j)	0.3201310634613037	29.362
309	(2.1166185475969925-0.0015574219022874702j)	0.3023350238800049	29.45733
310	(2.116449202106242-0.001485507457570867j)	0.30248188972473145	29.55266
311	(2.1160937686658454-0.0013022725399143842j)	0.3176388740539551	29.64799
312	(2.116165374417336-0.0012903080915807053j)	0.32607007026672363	29.74331
313	(2.1163663069577363-0.0016958524474302572j)	0.31630802154541016	29.83864
314	(2.116275897890348-0.001583198940260433j)	0.30930495262145996	29.93397
315	(4.633665268439473+11.284759166462608j)	0.3090207576751709	30.0293
316	(2.116211532875274-0.0014514690725485058j)	0.3198888301849365	30.12463
317	(2.1160792872208978-0.0017013544177713058j)	0.310471773147583	30.21995
318	(2.116075848600807-0.0015793142909669156j)	0.31587767601013184	30.31528
319	(2.116168572588308-0.0012065098023638643j)	0.31164097785949707	30.41061
320	(2.11595121782089-0.0013770175337959878j)	0.32058024406433105	30.50594
321	(2.115967833019392-0.0017370689778911652j)	0.31402015686035156	30.60127
322	(2.115889486940484-0.0015209209739808216j)	0.3071937561035156	30.69659
323	(2.1158700204890186-0.0012501397813441395j)	0.3238661289215088	30.79192
324	(2.1159635864843094-0.0016179437783248596j)	0.3104679584503174	30.88725
325	(2.115703264925206-0.0016375269802596515j)	0.3179500102996826	30.98258
326	(2.1159956890721427-0.0014791988255453137j)	0.3119959831237793	31.07791
327	(2.116167909365479-0.0014250580960924464j)	0.3080718517303467	31.17323
328	(2.1159188840396688-0.0015491388985707233j)	0.32910680770874023	31.26856
329	(2.1155716147435224-0.001439023558098329j)	0.31459689140319824	31.36389
330	(2.1158352130431988-0.001392332987510958j)	0.31232595443725586	31.45922
331	(2.1160522871834258-0.0015099495326983403j)	0.3299558162689209	31.55455
332	(2.115838475354888-0.0015807275736210435j)	0.3073239326477051	31.64987
333	(2.115588845748391-0.0012624903247622776j)	0.3087189197540283	31.7452
334	(2.1157214334532255-0.001445411068402791j)	0.2997150421142578	31.84053
335	(2.115989826061103-0.0013278820178871387j)	0.32080721855163574	31.93586
336	(2.115668056636283-0.001624488077440367j)	0.30782508850097656	32.03118
337	(2.1156555402128903-0.0012290168172992j)	0.30836987495422363	32.12651
338	(2.1156917344719637-0.0014201386990537745j)	0.3260500431060791	32.22184
339	(2.115647614828848-0.001798776983379352j)	0.30861997604370117	32.31717
340	(2.1156574358137776-0.0013991903525491234j)	0.30712175369262695	32.4125
341	(2.1157214005246754-0.0012709352578210154j)	0.306210994720459	32.50782
342	(2.1153123964515648-0.0013820751018483735j)	0.3338429927825928	32.60315
343	(2.1153154660377207-0.0016904140824445801j)	0.3295328617095947	32.69848
344	(2.1155958579099825-0.0014892384206291465j)	0.3156161308288574	32.79381
345	(2.1156228232769627-0.0012708658671138628j)	0.3092930316925049	32.88914
346	(2.1155374582236743-0.0015439546654410774j)	0.32340097427368164	32.98446
347	(2.1151743921359807-0.0015280143381428135j)	0.30611205101013184	33.07979
348	(2.1155066847312742-0.001522980930312584j)	0.3184940814971924	33.17512
349	(2.11571107518906-0.001541254428542721j)	0.3032238483428955	33.27045
350	(2.1153664744774257-0.0015088090071394555j)	0.3021891117095947	33.36578
351	(2.1151342976287992-0.0013705189578682164j)	0.30655598640441895	33.4611
352	(2.115470009378873-0.0015018447180456251j)	0.3014261722564697	33.55643
353	(2.115605908368787-0.001704051845105567j)	0.32402992248535156	33.65176
354	(2.1154041724470494-0.0014542369526832216j)	0.3269481658935547	33.74709
355	(2.115145796285916-0.0013577917460520783j)	0.3065149784088135	33.84242
356	(2.1153636790974932-0.0015148015318942054j)	0.3000071048736572	33.93774
357	(2.1153666233116164-0.0017822969301099223j)	0.3127169609069824	34.03307
358	(2.11538019171502-0.0014551252413717713j)	0.30796098709106445	34.1284
359	(2.1153056450157237-0.0017259904844322271j)	0.30501294136047363	34.22373
360	(2.1152905653950693-0.0016390558370578331j)	0.30490899085998535	34.31906
361	(2.1151500005716195-0.001735876373429826j)	0.306563138961792	34.41438
362	(2.115249005194476-0.001443139849737013j)	0.31508302688598633	34.50971
363	(2.1153272648645762-0.001234306394582961j)	0.3187272548675537	34.60504
364	(2.1152891844033914-0.0015895484282646942j)	0.3252909183502197	34.70037
365	(2.114982314945563-0.0016888310972299845j)	0.3402280807495117	34.79569
366	(2.115230727803546-0.0014962674688396888j)	0.30860400199890137	34.89102
367	(2.1153819328058825-0.001468900736754146j)	0.32997703552246094	34.98635
368	(2.115118923610813-0.0015688546320347142j)	0.31673383712768555	35.08168
369	(2.1147604480042026-0.0016235219620717133j)	0.3201773166656494	35.17701
370	(2.115156998506386-0.0017082000670238448j)	0.3249940872192383	35.27233
371	(2.1153911107183307-0.0016241979486110517j)	0.3088839054107666	35.36766
372	(2.1151341741664615-0.0013913944710786733j)	0.3175840377807617	35.46299
373	(2.11487193338675-0.00143678528071247j)	0.32175707817077637	35.55832
374	(2.1151875590194282-0.0016054846985430749j)	0.30823397636413574	35.65365
375	(2.1152260084903913-0.0017129131717439905j)	0.2989189624786377	35.74897
376	(2.115035569237508-0.0014367944868911436j)	0.3101329803466797	35.8443
377	(2.1150333228255085-0.0013406054728066913j)	0.3309941291809082	35.93963
378	(2.1150899907186456-0.0016580672871067542j)	0.3010101318359375	36.03496
379	(2.1151226265856256-0.0017161530183390228j)	0.3017120361328125	36.13029
380	(2.115048732800393-0.0014525654683969491j)	0.30493903160095215	36.22561
381	(2.1150330606803465-0.0014695287586582173j)	0.30994415283203125	36.32094
382	(2.1149777850639304-0.0016600063109962204j)	0.3024332523345947	36.41627
383	(2.1149168978538797-0.0018007526636179827j)	0.3147702217102051	36.5116
384	(2.1150264352030264-0.0013312976126930443j)	0.3050680160522461	36.60693
385	(2.115141777542827-0.0013555138148121648j)	0.3029439449310303	36.70225
386	(2.1150822248216388-0.0017434810705050652j)	0.3139970302581787	36.79758
387	(2.114771349583478-0.0014611511790849352j)	0.306121826171875	36.89291
388	(2.1151156816870027-0.0014116873574400723j)	0.3059699535369873	36.98824
389	(2.1150504780979156-0.001464414852673207j)	0.3097820281982422	37.08357
390	(2.1148362446752604-0.0015282872542306536j)	0.3147461414337158	37.17889
391	(2.1146899048149876-0.001564740265542458j)	0.30235815048217773	37.27422
392	(2.1150824684968974-0.0015478255438329536j)	0.3069908618927002	37.36955
393	(2.1150347347110987-0.0015736740881243383j)	0.3263990879058838	37.46488
394	(2.1148717364165517-0.0019073368974563687j)	0.31171512603759766	37.5602
395	(2.114620639374659-0.001432414667324633j)	0.3198509216308594	37.65553
396	(2.1149928241520004-0.0018028441605899004j)	0.3043656349182129	37.75086
397	(2.1149016116283046-0.0016942186115815883j)	0.32611799240112305	37.84619
398	(2.1146922178392975-0.0016497923506347267j)	0.3216829299926758	37.94152
399	(2.1149796314029436-0.0012745896729249862j)	0.2994701862335205	38.03684
400	(2.114832996208898-0.0017091393992355597j)	0.3098289966583252	38.13217
401	(2.1147533686904167-0.001492566426828601j)	0.30727434158325195	38.2275
402	(2.114736213155099-0.0013285378917601287j)	0.3076491355895996	38.32283
403	(2.1147704175842055-0.0014487303516780847j)	0.3223586082458496	38.41816
404	(2.1146931307910593-0.0016842053684589242j)	0.3126199245452881	38.51348
405	(2.1146571536692953-0.0017281989090458527j)	0.31966423988342285	38.60881
406	(2.114950206467752-0.001397130958299464j)	0.30840611457824707	38.70414
407	(2.114841167534677-0.001357248071989725j)	0.31060099601745605	38.79947
408	(2.114561688505084-0.0017766580680335098j)	0.30551600456237793	38.8948
409	(2.114481493345843-0.0016743251514260704j)	0.300753116607666	38.99012
410	(2.1149363025330707-0.0015457289591062628j)	0.30530524253845215	39.08545
411	(2.114809807289468-0.0015715162769739388j)	0.3053157329559326	39.18078
412	(2.11448675958393-0.001632245780163133j)	0.3172416687011719	39.27611
413	(2.1145418488116228-0.0013244977921373913j)	0.33402109146118164	39.37144
414	(2.1023850647532694+0.05805237685771264j)	0.2679102420806885	39.46676
415	(2.114823932468325-0.0016343344599790144j)	0.30878710746765137	39.56209
416	(2.114439828938468-0.0014798639941588365j)	0.30902099609375	39.65742
417	(2.1145725616135573-0.001538617044847701j)	0.2991480827331543	39.75275
418	(2.114871157519015-0.0016829394423851785j)	0.31937599182128906	39.84808
419	(2.1147377827333083-0.0017222830462359506j)	0.3235456943511963	39.9434
420	(2.114600960244837-0.0016898047765488422j)	0.3098459243774414	40.03873
421	(2.120550323756948-0.026301275777768973j)	0.323746919631958	40.13406
422	(2.1146917645164374-0.0017902107934090195j)	0.3066530227661133	40.22939
423	(2.114581386048582-0.0016959970974513294j)	0.3069491386413574	40.32471
424	(2.114583317676527-0.001521550858213483j)	0.3398919105529785	40.42004
425	(2.1146173969917856-0.0014317894629884975j)	0.3246939182281494	40.51537
426	(2.1147452124383075-0.0017568943113157598j)	0.3112950325012207	40.6107
427	(2.1146072988477824-0.0015829041681642009j)	0.30474090576171875	40.70603
428	(2.114724585827912-0.0015218492387588656j)	0.3000361919403076	40.80135
429	(2.1145880254634384-0.0015484778321395165j)	0.31291890144348145	40.89668
430	(2.114370995602482-0.0016849838991086497j)	0.30130696296691895	40.99201
431	(2.1145157730632307-0.0016038241847530221j)	0.3197951316833496	41.08734
432	(2.1147870928603036-0.001450922068659044j)	0.30608105659484863	41.18267
433	(2.114743505869067-0.001602758623543643j)	0.3097560405731201	41.27799
434	(2.1144155306528543-0.0015304062676370078j)	0.32076311111450195	41.37332
435	(2.1144242137956497-0.0015706089545377555j)	0.301361083984375	41.46865
436	(2.1147316762947668-0.001634824698608539j)	0.31116724014282227	41.56398
437	(2.1145128615375413-0.0015709816852316205j)	0.30421996116638184	41.65931
438	(2.114467143814352-0.001516228652441387j)	0.30399513244628906	41.75463
439	(2.1143040520832503-0.0015751703335801226j)	0.31584692001342773	41.84996
440	(2.1149414469102585-0.0017800541381080004j)	0.3059959411621094	41.94529
441	(2.114574580171431-0.0016309851568534484j)	0.31171488761901855	42.04062
442	(2.114400451673484-0.0013410780648199783j)	0.30658984184265137	42.13595
443	(2.114514769366736-0.001512284026287114j)	0.3212559223175049	42.23127
444	(2.114482165064469-0.001808827149224923j)	0.3247699737548828	42.3266
445	(2.114561272073402-0.0016216461780655944j)	0.3133859634399414	42.42193
446	(2.114476341681875-0.0013189982701126146j)	0.3146638870239258	42.51726
447	(2.114514302846379-0.0016664045897816226j)	0.3003549575805664	42.61259
448	(2.114540365539418-0.0018812864040230748j)	0.31537604331970215	42.70791
449	(2.114338948724853-0.0017007646531197462j)	0.30608701705932617	42.80324
450	(2.1146408372717205-0.0014088418115765222j)	0.30205392837524414	42.89857
451	(2.1143794060168575-0.0015823879743089853j)	0.31853318214416504	42.9939
452	(2.114233113235778-0.0016308501325853486j)	0.3145182132720947	43.08922
453	(2.114293412150077-0.0015418188861749949j)	0.3163115978240967	43.18455
454	(2.1144068729241656-0.0018366475810196459j)	0.3136780261993408	43.27988
455	(2.114231313991429-0.0017080584919407782j)	0.3035590648651123	43.37521
456	(2.114240158607216-0.0017408768415847486j)	0.3376030921936035	43.47054
457	(2.114318306096626-0.001482043973969449j)	0.3130159378051758	43.56586
458	(2.1145797775172577-0.0015999874858649843j)	0.3046691417694092	43.66119
459	(2.11441490014689-0.001603313915929161j)	0.30481505393981934	43.75652
460	(2.11433213881085-0.0014025289386440098j)	0.31096911430358887	43.85185
461	(2.1144249201977345-0.0016433678048465294j)	0.30870509147644043	43.94718
462	(2.114480644722211-0.0018306303160711135j)	0.29996395111083984	44.0425
463	(2.114375453124795-0.001606289227443658j)	0.3297457695007324	44.13783
464	(2.114311792291164-0.0013782411513689752j)	0.3456079959869385	44.23316
465	(2.114403251316393-0.0015872360172966005j)	0.31284189224243164	44.32849
466	(2.1144117795560042-0.0019137401378934715j)	0.3240697383880615	44.42382
467	(2.114361784037838-0.001632820341018415j)	0.3084721565246582	44.51914
468	(2.114479851823922-0.0013697618994616967j)	0.30890393257141113	44.61447
469	(2.114273918053868-0.0016608834867081201j)	0.31356120109558105	44.7098
470	(2.1142583846264995-0.0017881473353407173j)	0.30775880813598633	44.80513
471	(2.1144398703771987-0.0014720698586334624j)	0.31066012382507324	44.90046
472	(2.1145486652575234-0.001480514134113431j)	0.3155670166015625	44.99578
473	(2.1142782938448383-0.0015515461088998483j)	0.3047361373901367	45.09111
474	(2.1141409948961796-0.0016772889113334521j)	0.3118278980255127	45.18644
475	(2.114371083066656-0.0014722899509598264j)	0.3347508907318115	45.28177
476	(2.1145378649130233-0.0018260870504146487j)	0.3110079765319824	45.3771
477	(2.11422214405802-0.0013457746458577224j)	0.30671191215515137	45.47242
478	(2.1140747488136946-0.0015021302180688867j)	0.3040170669555664	45.56775
479	(2.114390848639232-0.001615379099892511j)	0.30044126510620117	45.66308
480	(2.1144276313600625-0.0013464408429070263j)	0.3082399368286133	45.75841
481	(2.1145316166830415-0.0016212383121891882j)	0.3065297603607178	45.85373
482	(2.1141726035854074-0.001353308990973856j)	0.32456183433532715	45.94906
483	(2.1142823461392135-0.0014522059624532124j)	0.328873872756958	46.04439
484	(2.1144187249592643-0.0018150271947541263j)	0.31669092178344727	46.13972
485	(2.1142417260083075-0.0014448098182002767j)	0.30826902389526367	46.23505
486	(2.1143235860980285-0.0013960229928331458j)	0.31520891189575195	46.33037
487	(2.1142897790147277-0.0016196303289317537j)	0.3027667999267578	46.4257
488	(2.1143902681016957-0.0016910409080374j)	0.30998992919921875	46.52103
489	(2.1142997834493995-0.001418575214062301j)	0.3067028522491455	46.61636
490	(2.114426070469356-0.0014683196662763631j)	0.30417680740356445	46.71169
491	(2.1142202442460514-0.0016597774237235852j)	0.31059789657592773	46.80701
492	(2.1140737080954493-0.0016789701778474608j)	0.31430506706237793	46.90234
493	(2.1143418155892872-0.0014864867373973745j)	0.31006383895874023	46.99767
494	(2.114449517104883-0.0014040135929500597j)	0.3199911117553711	47.093
495	(2.1141721254700974-0.0016329792978708735j)	0.3114900588989258	47.18833
496	(2.11397223139174-0.0015401732515074595j)	0.31491684913635254	47.28365
497	(2.1143485698519258-0.00148991950384314j)	0.3203999996185303	47.37898
498	(2.1140342801352636-0.001499362488802669j)	0.31970834732055664	47.47431
499	(2.1141656006268015-0.0015096367126029575j)	0.3154287338256836	47.56964
500	(2.1142732770645107-0.0015034216128201328j)	0.30678606033325195	47.66497
501	(2.1142330870140986-0.0017230870505503537j)	0.32776308059692383	47.76029
502	(2.1143455162213867-0.0017180675790708921j)	0.30318403244018555	47.85562
503	(2.1141403630579934-0.0014441097245353474j)	0.30636167526245117	47.95095
504	(2.114313101679744-0.0015883063473244308j)	0.309952974319458	48.04628
505	(2.114383351240298-0.0017386802325344286j)	0.30646824836730957	48.14161
506	(2.114337955427632-0.0016967916444413644j)	0.31771206855773926	48.23693
507	(2.114265891398616-0.0013889476649124877j)	0.30684494972229004	48.33226
508	(2.1142590855840093-0.001412276690977099j)	0.3121531009674072	48.42759
509	(2.1142311791830606-0.0017698582628562498j)	0.31327271461486816	48.52292
510	(2.1140496778789983-0.0017881524025900042j)	0.3077528476715088	48.61824
511	(2.1141023637648697-0.0015829990440878738j)	0.3027629852294922	48.71357
512	(2.1143158976660494-0.0014011403720597393j)	0.30582308769226074	48.8089
513	(2.114072580153736-0.0016771318225436982j)	0.2993440628051758	48.90423
514	(2.113974433425755-0.0016917294305196506j)	0.34569311141967773	48.99956
515	(2.114309015924392-0.0015848842322105927j)	0.3363308906555176	49.09488
516	(2.1143965338435917-0.0014941245595159192j)	0.30948495864868164	49.19021
517	(2.1140613034703897-0.0015890221996934795j)	0.30895018577575684	49.28554
518	(2.1140243960948495-0.0014226997665298668j)	0.3142690658569336	49.38087
519	(2.114406571977451-0.0015001380976715772j)	0.31003594398498535	49.4762
520	(2.114108772845761-0.0016187252999984025j)	0.3115420341491699	49.57152
521	(2.1140115516725855-0.001494245017489071j)	0.30658411979675293	49.66685
522	(2.1140655798749024-0.001454450019523268j)	0.32380080223083496	49.76218
523	(2.1144759959810457-0.0018801883031385191j)	0.2943730354309082	49.85751
524	(2.1141592340649367-0.0013511056635868712j)	0.320573091506958	49.95284
525	(2.1141277133498617-0.0014059607743708291j)	0.32642173767089844	50.04816
526	(2.1140274309327793-0.0014154182168322205j)	0.33004307746887207	50.14349
527	(2.114154571460367-0.0017080414983867698j)	0.3286588191986084	50.23882
528	(2.1142625536410904-0.0017417569634798902j)	0.3307228088378906	50.33415
529	(2.1139168736908056-0.0014291598172486708j)	0.3284571170806885	50.42948
530	(2.1140741137505197-0.0013308722556919506j)	0.32407188415527344	50.5248
531	(2.114052575642143-0.0017199283772300067j)	0.3052248954772949	50.62013
532	(2.114057770583442-0.0016920177527244284j)	0.3055860996246338	50.71546
533	(2.114226790498562-0.0014157181476850411j)	0.3060479164123535	50.81079
534	(2.114190370428465-0.0014813302511831328j)	0.31775999069213867	50.90612
535	(2.1141394394785022-0.0015033248592564163j)	0.31850504875183105	51.00144
536	(2.1140316412718203-0.0015903967093886529j)	0.30919384956359863	51.09677
537	(2.1142971479327066-0.001425107612536669j)	0.3037428855895996	51.1921
538	(2.11398510837137-0.0012850254497149827j)	0.3085958957672119	51.28743
539	(2.113752042778569-0.0015240813832089195j)	0.3131430149078369	51.38276
540	(2.1139520519812978-0.0015349732666776195j)	0.3148677349090576	51.47808
541	(2.1142738575582745-0.0016179446990940427j)	0.31383824348449707	51.57341
542	(2.1141977464287356-0.0015471994851103954j)	0.30261683464050293	51.66874
543	(2.114121742693813-0.0012061090566906074j)	0.32445693016052246	51.76407
544	(2.114034419542107-0.001464613285183436j)	0.3059258460998535	51.85939
545	(2.1142174602306874-0.0016903368673464314j)	0.3360559940338135	51.95472
546	(2.1140985268982684-0.001593002691651746j)	0.3273012638092041	52.05005
547	(2.1138982602332725-0.0013350686383937216j)	0.30315494537353516	52.14538
548	(2.114086530951678-0.0014854383771012447j)	0.3121519088745117	52.24071
549	(2.1143517793847657-0.0015160228959534283j)	0.3184998035430908	52.33603
550	(2.1140928107212837-0.0016741392064023586j)	0.30763792991638184	52.43136
551	(2.1140587544228016-0.0013756290818143224j)	0.3060290813446045	52.52669
552	(2.1140564296129503-0.0014239926339445486j)	0.31394505500793457	52.62202
553	(2.114090812010656-0.0017507572900281598j)	0.30530595779418945	52.71735
554	(2.1140571861866384-0.001416487602807548j)	0.31017279624938965	52.81267
555	(2.1139358565516977-0.0016639158775038076j)	0.3333911895751953	52.908
556	(2.114123536335409-0.0014726999819538733j)	0.3434019088745117	53.00333
557	(2.1136506762174334-0.0013087016883484015j)	0.29165196418762207	53.09866
558	(2.114110016756438-0.0015180887558365885j)	0.3163778781890869	53.19399
559	(2.1143622914424935-0.0014883606220463808j)	0.33148980140686035	53.28931
560	(2.1140048488170358-0.0014615505149047081j)	0.3148832321166992	53.38464
561	(2.1138443352142846-0.0015196041045342223j)	0.31780219078063965	53.47997
562	(2.1141127624314335-0.0015744696183845885j)	0.31688404083251953	53.5753
563	(2.114264085875565-0.0015371025416293094j)	0.30434703826904297	53.67063
564	(2.1140009047798833-0.0017401764036402145j)	0.31928229331970215	53.76595
565	(2.113858245509595-0.0014524918515534946j)	0.33818697929382324	53.86128
566	(2.113992520926768-0.0017775502875598814j)	0.3108532428741455	53.95661
567	(2.1142501234201365-0.0016302895414557206j)	0.3225557804107666	54.05194
568	(2.1139144738731366-0.0014480686506785911j)	0.31123995780944824	54.14727
569	(2.113840533175723-0.0014757001142777781j)	0.3192918300628662	54.24259
570	(2.1140405927489905-0.001446624706158195j)	0.30412817001342773	54.33792
571	(2.114089267536654-0.0017688325748586031j)	0.30345702171325684	54.43325
572	(2.114014535230405-0.0014674552093418836j)	0.320476770401001	54.52858
573	(2.1141390318806352-0.001337716294641078j)	0.3126518726348877	54.6239
574	(2.1140722462320203-0.0014853170085959988j)	0.3326139450073242	54.71923
575	(2.1139629869285343-0.0016781103503724637j)	0.34722208976745605	54.81456
576	(2.1140453393287704-0.0014855679258458654j)	0.3169522285461426	54.90989
577	(2.1140146013678356-0.0012935004233334269j)	0.32271313667297363	55.00522
578	(2.1140836501544054-0.0014243588561548837j)	0.3186991214752197	55.10054
579	(2.1138871745692978-0.0016410869440619535j)	0.3081071376800537	55.19587
580	(2.1140279943189904-0.001504357097777076j)	0.3128948211669922	55.2912
581	(2.1141453820203226-0.001557498997078799j)	0.3196909427642822	55.38653
582	(2.113940834955561-0.0014452552370849414j)	0.3304579257965088	55.48186
583	(2.113802959355734-0.0014451807624926705j)	0.3006720542907715	55.57718
584	(2.1139361209987566-0.0017889164973174942j)	0.30677294731140137	55.67251
585	(2.113812756635454-0.0016519199401361373j)	0.31314802169799805	55.76784
586	(2.1140520610979445-0.0015644046851173155j)	0.3053879737854004	55.86317
587	(2.113812532428921-0.0014525222389489834j)	0.3125631809234619	55.9585
588	(2.1140367801498776-0.0015335750918680224j)	0.30251026153564453	56.05382
589	(2.114125730495065-0.0017033478637339394j)	0.30257415771484375	56.14915
590	(2.1139451123366446-0.001450002941415729j)	0.3151531219482422	56.24448
591	(2.113864553590499-0.0013601574566991514j)	0.31284594535827637	56.33981
592	(2.1140943114918422-0.001078867194312716j)	0.30227088928222656	56.43514
593	(2.1139334393078375-0.0016075173358196526j)	0.323803186416626	56.53046
594	(2.114020704937202-0.001484901572842534j)	0.3070647716522217	56.62579
595	(2.114042009085572-0.0012848693387772503j)	0.31309080123901367	56.72112
596	(2.1139658581100202-0.001539058061329035j)	0.32069897651672363	56.81645
597	(12.597350296692804-6.87845110080816j)	0.30393004417419434	56.91178
598	(2.1140046875461285-0.001526747090356051j)	0.3073689937591553	57.0071
599	(2.114293401183275-0.001446168630711231j)	0.3210718631744385	57.10243
600	(2.1139989301233415-0.00168084248803535j)	0.30736207962036133	57.19776
601	(2.113805429588816-0.0015962866802371467j)	0.3009190559387207	57.29309
602	(2.113971799357501-0.001478202133766482j)	0.309920072555542	57.38841
603	(2.1139985806643167-0.0017487898495993637j)	0.30619382858276367	57.48374
604	(2.1138375153818822-0.0013944255314188858j)	0.3260350227355957	57.57907
605	(2.113798404811991-0.001508940831479566j)	0.3005540370941162	57.6744
606	(2.1140304738639912-0.0015614121073206366j)	0.327272891998291	57.76973
607	(2.1138261793601485-0.0014126815900792344j)	0.3138091564178467	57.86505
608	(2.1139482411116948-0.0014562677093924448j)	0.3034660816192627	57.96038
609	(2.1138811478421373-0.0013612914075742388j)	0.3043820858001709	58.05571
610	(2.1141068580720295-0.0014806822126728347j)	0.31007885932922363	58.15104
611	(2.1141242367794053-0.0016820766924389163j)	0.3188161849975586	58.24637
612	(2.114043359131834-0.0015205971066338808j)	0.31174707412719727	58.34169
613	(2.1139305034948-0.0013532059466456747j)	0.3062629699707031	58.43702
614	(2.113936501100824-0.0015931261332474689j)	0.3061509132385254	58.53235
615	(2.11403012077929-0.0015280726158437563j)	0.34369897842407227	58.62768
616	(2.1138461318187862-0.0014114513689631458j)	0.3280329704284668	58.72301
617	(2.114140051383504-0.0013670450276777046j)	0.3185873031616211	58.81833
618	(2.113877178629898-0.0016003033852828308j)	0.3044428825378418	58.91366
619	(2.114024017443129-0.0013201145927201896j)	0.35989809036254883	59.00899
620	(2.114132082256099-0.0014634872143924893j)	0.31349706649780273	59.10432
621	(2.1140780611147805-0.0016092941851274523j)	0.32419681549072266	59.19965
622	(2.113833072321747-0.0015022425717967636j)	0.32155489921569824	59.29497
623	(2.1138854901395576-0.0014398874632409742j)	0.32314014434814453	59.3903
624	(2.114059244630921-0.00141014565577402j)	0.3111908435821533	59.48563
625	(2.1141101124857498-0.0014264874568172825j)	0.3288729190826416	59.58096
626	(2.113972731239402-0.0014636488476941212j)	0.3213307857513428	59.67629
627	(2.113793540290504-0.0013950472230018773j)	0.3143641948699951	59.77161
628	(2.1140887985227947-0.0015239285590122886j)	0.3061389923095703	59.86694
629	(2.114089518616761-0.001561264066583301j)	0.3090081214904785	59.96227
630	(2.1139336476846644-0.0014660411895115466j)	0.3054649829864502	60.0576
631	(2.113625443906121-0.0011065273550148191j)	0.3085801601409912	60.15292
632	(2.1140028526134342-0.0016039872759919804j)	0.3075220584869385	60.24825
633	(2.1139571041415595-0.001666794636436375j)	0.31175708770751953	60.34358
634	(2.1138067461388017-0.0013159073537799548j)	0.3055570125579834	60.43891
635	(2.1138680920099566-0.0014126506147476015j)	0.31240320205688477	60.53424
636	(2.1138993791144425-0.00151985359249307j)	0.3124079704284668	60.62956
637	(2.1138516633564377-0.001631782020269812j)	0.29926395416259766	60.72489
638	(2.113973355637082-0.0013519275720728086j)	0.35602688789367676	60.82022
639	(2.1142238983199046-0.0014571787952460946j)	0.4719669818878174	60.91555
640	(2.1138508712875836-0.001612545925160913j)	0.410938024520874	61.01088
641	(2.113785505105407-0.0015723615363831822j)	0.4838099479675293	61.1062
642	(2.114064953428437-0.0014345738094396765j)	0.4288761615753174	61.20153
643	(2.1139873704729575-0.0013811339664339117j)	0.3667130470275879	61.29686
644	(2.113729812210026-0.0015852662727268152j)	0.40593385696411133	61.39219
645	(2.1138595298184826-0.0014301776363627727j)	0.4054532051086426	61.48752
646	(2.1140290875888894-0.0014649646643931646j)	0.38944101333618164	61.58284
647	(2.114073315220795-0.0015226422746870139j)	0.3677351474761963	61.67817
648	(2.1137332335866654-0.001404502199847335j)	0.3199312686920166	61.7735
649	(2.1137767350550574-0.0014460883646515432j)	0.3149290084838867	61.86883
650	(2.113954451165066-0.0015143450123586977j)	0.32472801208496094	61.96416
651	(2.1141124116684873-0.0014715853414322133j)	0.34979891777038574	62.05948
652	(2.113796431496425-0.0013672757268926583j)	0.35517096519470215	62.15481
653	(2.1138162077753537-0.0013824274439970807j)	0.3100302219390869	62.25014
654	(2.114015537020209-0.0011834359032452113j)	0.3625061511993408	62.34547
655	(2.113916070964671-0.0014096030745385235j)	0.3192718029022217	62.4408
656	(2.1137208376009893-0.0015166669524054877j)	0.3085923194885254	62.53612
657	(2.11387804460983-0.0013323216023845008j)	0.3013498783111572	62.63145
658	(2.113816592695247-0.0017019978533859836j)	0.30434417724609375	62.72678
659	(2.113795473133878-0.001513926509173369j)	0.3075289726257324	62.82211
660	(2.113976890729354-0.0014420855910012298j)	0.3055000305175781	62.91743
661	(2.1140136436843227-0.001399390697151781j)	0.30861997604370117	63.01276
662	(2.1137432330385306-0.0016050811057807257j)	0.32457494735717773	63.10809
663	(2.1138574195008006-0.0014566422878963259j)	0.3193039894104004	63.20342
664	(2.1139816043722734-0.0012851858742199962j)	0.31741881370544434	63.29875
665	(2.11391564741667-0.0013031365403242123j)	0.3196873664855957	63.39407
666	(2.1137277453651637-0.001456402066144613j)	0.3101367950439453	63.4894
667	(2.1137516188564085-0.0014589338575559108j)	0.30811095237731934	63.58473
668	(2.1140426344158914-0.00143040558141172j)	0.3071329593658447	63.68006
669	(2.1138347953911585-0.0015361418009786076j)	0.32439327239990234	63.77539
670	(2.3371364846843727-0.06265522604579654j)	0.30644798278808594	63.87071
671	(2.11386949724979-0.0014082909581013547j)	0.30257678031921387	63.96604
672	(2.1138202882780965-0.001561962451761545j)	0.3385732173919678	64.06137
673	(2.1139352381090974-0.0014366488802515232j)	0.32535290718078613	64.1567
674	(2.1137338595019313-0.0013493849148124015j)	0.3194577693939209	64.25203
675	(2.1137795210295063-0.001571152234890738j)	0.31758904457092285	64.34735
676	(2.113908415807465-0.0016424429859485667j)	0.30532073974609375	64.44268
677	(2.113924023415957-0.0017631714935183451j)	0.3077819347381592	64.53801
678	(2.1137492112013128-0.00127221501323449j)	0.32319211959838867	64.63334
679	(2.1137388554328167-0.001500832203511715j)	0.3108048439025879	64.72867
680	(2.113749125520956-0.0016042394997883846j)	0.30223822593688965	64.82399
681	(2.1138255307776435-0.0014545457789579275j)	0.2999541759490967	64.91932
682	(2.113937688608427-0.001265118073734528j)	0.30554962158203125	65.01465
683	(2.113894997148665-0.0014663491699699605j)	0.30622386932373047	65.10998
684	(2.113775771672776-0.0015711300648297843j)	0.3106100559234619	65.20531
685	(2.1138509676492565-0.0014037057628153993j)	0.3280308246612549	65.30063
686	(2.113972194613743-0.0013446589887505245j)	0.3037588596343994	65.39596
687	(2.1138234226383954-0.0013662056019728697j)	0.30646395683288574	65.49129
688	(3.2961974458651664-0.2291955854994766j)	0.30692195892333984	65.58662
689	(2.1137913083523636-0.0014259722872371206j)	0.3036658763885498	65.68194
690	(2.1140962274694597-0.0014406054939505863j)	0.3033111095428467	65.77727
691	(2.1137955643371034-0.0013261358402742451j)	0.3090548515319824	65.8726
692	(2.1136594342846426-0.001346311135494438j)	0.31664299964904785	65.96793
693	(2.1138354822078096-0.0014667325537425224j)	0.3151278495788574	66.06326
694	(2.1139469395425423-0.0015857825237375334j)	0.3041348457336426	66.15858
695	(2.113812650028589-0.001645252765259786j)	0.3043529987335205	66.25391
696	(2.1137387313207388-0.001245974937914951j)	0.3059389591217041	66.34924
697	(2.113878501819032-0.0014035227381810067j)	0.30470800399780273	66.44457
698	(2.1138850573838974-0.0015972928543206977j)	0.30251383781433105	66.5399
699	(2.113826919187617-0.0016326187374077206j)	0.30536890029907227	66.63522
700	(2.113748699755349-0.0011422040637231179j)	0.31902408599853516	66.73055
701	(2.113824799450799-0.0014683246812151607j)	0.30428004264831543	66.82588
702	(2.113656536990305-0.001556449192675502j)	0.30834102630615234	66.92121
703	(2.113829743608087-0.0013432890412968246j)	0.3136920928955078	67.01654
704	(2.1139617666461983-0.0012767184100513917j)	0.312424898147583	67.11186
705	(2.113824643042085-0.0014922701692478835j)	0.31594300270080566	67.20719
706	(2.113637644982528-0.0015272975105722064j)	0.30103206634521484	67.30252
707	(2.113946019569883-0.0013081000326222447j)	0.30881309509277344	67.39785
708	(2.114008562959557-0.0013768574680928236j)	0.3080172538757324	67.49318
709	(2.11377700885584-0.001447619317835408j)	0.30181884765625	67.5885
710	(2.1134483259646015-0.0015326725909465821j)	0.3100111484527588	67.68383
711	(2.113883703904069-0.0014923907475737908j)	0.3013308048248291	67.77916
712	(2.1139958200684945-0.0014743191983885295j)	0.30471301078796387	67.87449
713	(2.113605737570323-0.00141054491421444j)	0.32090187072753906	67.96982
714	(2.1136290953065147-0.0015797952992280262j)	0.31656694412231445	68.06514
715	(2.1138922235298505-0.0014063715783978747j)	0.32686710357666016	68.16047
716	(2.1139093957099155-0.0016019666082332795j)	0.30627894401550293	68.2558
717	(2.113747052730049-0.0013967543647474823j)	0.30887508392333984	68.35113
718	(2.113738751621286-0.0011764798937568266j)	0.32216405868530273	68.44645
719	(2.1138622191488063-0.0014643267867032461j)	0.3012208938598633	68.54178
720	(2.1138448422185654-0.0016613177896544207j)	0.3081521987915039	68.63711
721	(2.1137797345640257-0.0013041453559754085j)	0.30367088317871094	68.73244
722	(2.1138918190467013-0.0012903969075779287j)	0.30872488021850586	68.82777
723	(2.1137742691101367-0.0014631387634688742j)	0.3038771152496338	68.92309
724	(2.11371061045672-0.0015584739026303918j)	0.3302958011627197	69.01842
725	(2.1138848568015303-0.0013524269174084724j)	0.3030400276184082	69.11375
726	(2.1139372212822947-0.0013019907599182978j)	0.31261205673217773	69.20908
727	(2.1137030940595216-0.001474742540210336j)	0.3196220397949219	69.30441
728	(2.1136940366060433-0.0014612634722139667j)	0.31408214569091797	69.39973
729	(2.1140133488877986-0.0014075141198585488j)	0.30744194984436035	69.49506
730	(2.113969662830751-0.0013742679615392286j)	0.30011606216430664	69.59039
731	(2.1137058325189684-0.0013522662358336542j)	0.3085470199584961	69.68572
732	(2.114056903192158-0.0014246515873057937j)	0.305980920791626	69.78105
733	(2.113822636896204-0.0014179848037389736j)	0.3060290813446045	69.87637
734	(2.1140039130471564-0.0014682037729649815j)	0.3024110794067383	69.9717
735	(2.1136754449170407-0.0013794374146868967j)	0.3054769039154053	70.06703
736	(2.1137616167021345-0.0016096375014121173j)	0.31047701835632324	70.16236
737	(2.1139090422902944-0.001532508117213685j)	0.3210890293121338	70.25769
738	(2.113873175589874-0.0015952491257518256j)	0.30251216888427734	70.35301
739	(2.113745915079007-0.0013541882620779142j)	0.30827903747558594	70.44834
740	(2.1137335554354553-0.0012586922800608413j)	0.30203819274902344	70.54367
741	(2.1138013713599926-0.001542071671874909j)	0.30362701416015625	70.639
742	(2.1138383169465267-0.001529440997885087j)	0.3040478229522705	70.73433
743	(2.113870772451489-0.001278388099894709j)	0.31598806381225586	70.82965
744	(2.1138378778083493-0.0012712492370715034j)	0.3145899772644043	70.92498
745	(2.113743767772864-0.001592115018418147j)	0.3056759834289551	71.02031
746	(2.113756810628524-0.0015718604599237462j)	0.307161808013916	71.11564
747	(2.1138936649066493-0.001404586804574226j)	0.3079349994659424	71.21096
748	(2.1139639648645843-0.0014241166407154837j)	0.32232069969177246	71.30629
749	(2.113693972139834-0.0014307512709731962j)	0.4102058410644531	71.40162
750	(2.113638780537533-0.0014301994787567773j)	0.3491508960723877	71.49695
751	(2.1139786317577416-0.0015075542173257905j)	0.3145160675048828	71.59228
752	(2.1140284732204577-0.0013788388902600812j)	0.3134281635284424	71.6876
753	(2.1136533115843488-0.0013436409740973099j)	0.3104889392852783	71.78293
754	(2.113715523249349-0.0014550688493398523j)	0.3229382038116455	71.87826
755	(2.113854583013604-0.0014130417922688931j)	0.3184030055999756	71.97359
756	(2.113853531260194-0.001333601396274725j)	0.34925389289855957	72.06892
757	(2.1136706787976465-0.0013307266320112532j)	0.3265209197998047	72.16424
758	(2.1136312072623844-0.001312455929812384j)	0.3138120174407959	72.25957
759	(2.1138803680272598-0.001496489270010004j)	0.3104841709136963	72.3549
760	(2.113832767556247-0.0015081248471618403j)	0.38375329971313477	72.45023
761	(2.1136025565640937-0.0011719634489640307j)	0.31418395042419434	72.54556
762	(2.113737365164773-0.0013729309043293836j)	0.4335770606994629	72.64088
763	(2.113893808630948-0.0014619388255771026j)	0.578502893447876	72.73621
764	(2.113742933842547-0.0014941229511725163j)	0.5634069442749023	72.83154
765	(2.1137991135793497-0.0012144908512064512j)	0.48341798782348633	72.92687
766	(2.1138630983719304-0.001477202261661148j)	0.41733312606811523	73.0222
767	(2.113682303397742-0.0014968114825288925j)	0.4596731662750244	73.11752
768	(2.1138437646932338-0.0013225366184190235j)	0.3619201183319092	73.21285
769	(2.113800155969539-0.0012138621351546752j)	0.3890399932861328	73.30818
770	(2.113824644825768-0.001396287002535912j)	0.3740549087524414	73.40351
771	(2.1136471602887044-0.001340057002050532j)	0.3244647979736328	73.49884
772	(2.1137265649406616-0.0013806616199964483j)	0.3119850158691406	73.59416
773	(2.1138932046251466-0.0013992549651504205j)	0.31657886505126953	73.68949
774	(2.113818396856637-0.0014075844694383943j)	0.32156896591186523	73.78482
775	(2.1136053865149385-0.0014129675245437845j)	0.3162717819213867	73.88015
776	(2.1136263813007656-0.001328782647353255j)	0.32273292541503906	73.97547
777	(2.1137487095984655-0.0008243923618139193j)	0.32587409019470215	74.0708
778	(2.11375689192327-0.0013293775238473193j)	0.32253408432006836	74.16613
779	(2.113618415652825-0.0013627979457690453j)	0.3108348846435547	74.26146
780	(2.113655129181359-0.0014363539019129345j)	0.32507801055908203	74.35679
781	(2.1137978124876997-0.0015306556535154558j)	0.302030086517334	74.45211
782	(2.1137457360770444-0.001443623191535237j)	0.3046278953552246	74.54744
783	(2.113704177545963-0.0012074487273150414j)	0.2999427318572998	74.64277
784	(2.113753163874148-0.0013226224322358537j)	0.300004243850708	74.7381
785	(2.1138480063851723-0.001609987545940994j)	0.3065059185028076	74.83343
786	(2.113652031548002-0.0014884740826819898j)	0.3138411045074463	74.92875
787	(2.113888706181637-0.0014637719510307012j)	0.30905866622924805	75.02408
788	(2.113698446590968-0.0012984928718822175j)	0.30461573600769043	75.11941
789	(2.113681808234982-0.0015560603372736792j)	0.3053619861602783	75.21474
790	(2.1138345824882787-0.0016433625652205741j)	0.3220560550689697	75.31007
791	(2.1136536182050856-0.0013936947812120959j)	0.30446791648864746	75.40539
792	(2.113606402711046-0.0014660769847989474j)	0.312546968460083	75.50072
793	(2.113626168505797-0.0014799648144387945j)	0.3178670406341553	75.59605
794	(2.1137503428410085-0.0014102905556572232j)	0.3046107292175293	75.69138
795	(2.113869750982316-0.0014113074753174804j)	0.3052222728729248	75.78671
796	(2.1138538001054137-0.0014419012987966218j)	0.3022172451019287	75.88203
797	(2.1134274535549746-0.0012281389751508387j)	0.3109102249145508	75.97736
798	(2.1137011296529753-0.001424011305632189j)	0.29928088188171387	76.07269
799	(2.1139300413389503-0.001512978185707059j)	0.3034999370574951	76.16802
800	(2.113708060832975-0.001403946668401046j)	0.30327820777893066	76.26335
801	(2.113687167488055-0.0012238421064595384j)	0.30457210540771484	76.35867
802	(2.113674130044208-0.001419100097208581j)	0.30103302001953125	76.454
803	(2.113795138151173-0.001546253195077285j)	0.3018949031829834	76.54933
804	(2.1136924064048643-0.0014763650040746645j)	0.30457496643066406	76.64466
805	(2.113770470908073-0.0012463268414881767j)	0.3001728057861328	76.73998
806	(2.113766806629311-0.0012974641824883282j)	0.3278229236602783	76.83531
807	(2.1136921436765177-0.001580726326119497j)	0.3050870895385742	76.93064
808	(2.113734811618348-0.0012900532609275706j)	0.30286407470703125	77.02597
809	(2.1138090033824968-0.001238631827791381j)	0.3050651550292969	77.1213
810	(2.1137397739117-0.0013633402946622297j)	0.33510828018188477	77.21662
811	(2.113488070825157-0.0015062566766371743j)	0.31765079498291016	77.31195
812	(2.1137865855520275-0.0015100341573898168j)	0.31281185150146484	77.40728
813	(2.113876902206974-0.0012983937598456397j)	0.3094520568847656	77.50261
814	(2.1136730286579395-0.001469806196129908j)	0.31168103218078613	77.59794
815	(2.1135524340180125-0.001407874298115952j)	0.3150908946990967	77.69326
816	(2.113732715258999-0.0013637277138393022j)	0.30251598358154297	77.78859
817	(2.1136690551001758-0.0014058958712342973j)	0.31404805183410645	77.88392
818	(2.1136659742026276-0.0013001647540262784j)	0.3164327144622803	77.97925
819	(2.1136412501801924-0.0013185819246063213j)	0.31424403190612793	78.07458
820	(2.1137773830925326-0.0014229012076230063j)	0.32803893089294434	78.1699
821	(2.1138735872076317-0.0015121942679621192j)	0.3312680721282959	78.26523
822	(2.1136565150957907-0.001412291075404526j)	0.30323290824890137	78.36056
823	(2.1136126989969286-0.0012455695082307372j)	0.30118608474731445	78.45589
824	(2.1136960514219774-0.0012158743878124545j)	0.3048708438873291	78.55122
825	(2.113747389342606-0.0015409560846787462j)	0.3012380599975586	78.64654
826	(2.1137030534298353-0.0013944599937347757j)	0.30238890647888184	78.74187
827	(2.113724058154582-0.0012029074271912021j)	0.3045010566711426	78.8372
828	(2.113761003443029-0.001424184141953777j)	0.3106100559234619	78.93253
829	(2.113701212004139-0.0015490615697275611j)	0.3137180805206299	79.02786
830	(2.1137362820625527-0.0013949382084513795j)	0.301271915435791	79.12318
831	(2.1138084345260406-0.0013001565865442544j)	0.305696964263916	79.21851
832	(2.1137009258357775-0.0014503978024872355j)	0.30338382720947266	79.31384
833	(2.1136486016338583-0.0015028897742567215j)	0.3020658493041992	79.40917
834	(-8.547444676382273-4.9699170495341605j)	0.30271315574645996	79.50449
835	(2.1138252016952053-0.0012732573715886764j)	0.29901909828186035	79.59982
836	(2.113678434721728-0.001461648011785499j)	0.30818629264831543	79.69515
837	(2.113581146328214-0.0014303159221202844j)	0.30263400077819824	79.79048
838	(2.1138346177006904-0.0013855211704359993j)	0.3023967742919922	79.88581
839	(2.1137671245278327-0.0014425091411626179j)	0.313323974609375	79.98113
840	(2.1136870050594334-0.0013513027404652433j)	0.29979515075683594	80.07646
841	(2.113649910903312-0.0015118171902515076j)	0.32128405570983887	80.17179
842	(2.113713396070169-0.0012438293545210533j)	0.31630802154541016	80.26712
843	(2.1137828425813114-0.0014335706257847525j)	0.3057420253753662	80.36245
844	(2.113702848842229-0.0013060528876640554j)	0.3007469177246094	80.45777
845	(2.1136134562867395-0.001232374626766286j)	0.3004298210144043	80.5531
846	(2.113715998397569-0.0014272443102210097j)	0.30055999755859375	80.64843
847	(2.113717348919979-0.001510883769416549j)	0.30472898483276367	80.74376
848	(2.1137062030289293-0.0013005612338552464j)	0.3143630027770996	80.83909
849	(2.1136960877703546-0.001145677318153293j)	0.3064126968383789	80.93441
850	(2.1136572071980217-0.001446344047722925j)	0.3030359745025635	81.02974
851	(2.1135199130307316-0.0012482482594159405j)	0.30002689361572266	81.12507
852	(2.113684131896454-0.001282029955974373j)	0.3022642135620117	81.2204
853	(2.1137490544474824-0.001295702117271369j)	0.3009059429168701	81.31573
854	(2.113589186908554-0.0014447403038527762j)	0.3005509376525879	81.41105
855	(2.1135862428787435-0.0014927809945692871j)	0.3040609359741211	81.50638
856	(2.113843008914012-0.001397132682293356j)	0.2987680435180664	81.60171
857	(2.1138206796848666-0.001412422243413869j)	0.3030059337615967	81.69704
858	(2.113689602904639-0.0016882399201614273j)	0.3065207004547119	81.79237
859	(2.113526240283923-0.0013749429259547474j)	0.306394100189209	81.88769
860	(2.1136497752763876-0.0014786523421800313j)	0.2994980812072754	81.98302
861	(2.113804071873016-0.001413064443199552j)	0.3053741455078125	82.07835
862	(2.113564153801804-0.0013455977667491403j)	0.3331880569458008	82.17368
863	(2.1135605871862846-0.001255810541861191j)	0.31354498863220215	82.269
864	(2.113757938290372-0.0014504623179466547j)	0.30890488624572754	82.36433
865	(2.113799424531684-0.0014673326683500854j)	0.30356407165527344	82.45966
866	(2.113532832901292-0.001293623285118839j)	0.31472110748291016	82.55499
867	(2.1136207826274163-0.0013469379959040184j)	0.3042621612548828	82.65032
868	(2.113753924593289-0.001462096786678302j)	0.30942702293395996	82.74564
869	(2.1135681618508677-0.0013705569708937215j)	0.3033919334411621	82.84097
870	(2.1134175561297113-0.0013868737371474094j)	0.3043241500854492	82.9363
871	(2.113670337208859-0.0012720488057468282j)	0.31385087966918945	83.03163
872	(2.113652366214511-0.0015340274800930143j)	0.33812522888183594	83.12696
873	(2.1137572569220007-0.0013224941909855126j)	0.32744407653808594	83.22228
874	(2.1137616122189002-0.00127123798148987j)	0.30796194076538086	83.31761
875	(2.1136406729560964-0.0013756485426335008j)	0.32684898376464844	83.41294
876	(2.113484707873525-0.0015479037868459944j)	0.31017184257507324	83.50827
877	(2.113594711641069-0.0014871819146510257j)	0.310960054397583	83.6036
878	(2.1138210276812837-0.0012261936521442696j)	0.3150320053100586	83.69892
879	(2.113716488939627-0.0013763590458550912j)	0.30655598640441895	83.79425
880	(2.113536601338471-0.001388170555105983j)	0.3028390407562256	83.88958
881	(2.113630708626311-0.001263215913877458j)	0.3050088882446289	83.98491
882	(2.113854041746889-0.0013911904153867116j)	0.31261110305786133	84.08024
883	(2.1135661896191227-0.0013299520172185275j)	0.3094639778137207	84.17556
884	(2.11354413762486-0.0013006105867354734j)	0.31351518630981445	84.27089
885	(2.113667245560883-0.0013922886784780708j)	0.2999610900878906	84.36622
886	(2.113806107065674-0.0014824216808222435j)	0.3005249500274658	84.46155
887	(2.1136363352423935-0.0014299633333567652j)	0.31043291091918945	84.55688
888	(2.1138054043506536-0.001501073600636671j)	0.3150348663330078	84.6522
889	(2.1136938625716586-0.0012865882586461375j)	0.30045008659362793	84.74753
890	(2.113563465394384-0.001612520451695021j)	0.3048093318939209	84.84286
891	(2.1136770278304273-0.0013754551168794205j)	0.30069780349731445	84.93819
892	(2.113738378294634-0.0013452400042732737j)	0.3210759162902832	85.03351
893	(2.113672447293191-0.00131156042367353j)	0.3106570243835449	85.12884
894	(2.1136106580086076-0.0015249102314178753j)	0.30507516860961914	85.22417
895	(2.1136746854826374-0.0014759136355724234j)	0.3041999340057373	85.3195
896	(2.1138255187772472-0.0012083192526686215j)	0.30455994606018066	85.41483
897	(2.113806923298312-0.0013496871605558347j)	0.3243870735168457	85.51015
898	(2.1135879286149986-0.001458855422464378j)	0.29938673973083496	85.60548
899	(2.113631354063574-0.001359199999075189j)	0.30452704429626465	85.70081
900	(2.113772545725088-0.0012433553166435463j)	0.3101539611816406	85.79614
901	(2.1136904381996486-0.001340823982675099j)	0.30326294898986816	85.89147
902	(2.1136059305508064-0.001441361380675188j)	0.3035290241241455	85.98679
903	(2.1136111880832154-0.0013432701672153602j)	0.306049108505249	86.08212
904	(2.1141110633821776-0.0011626034792286966j)	0.3031597137451172	86.17745
905	(2.1136279352420475-0.0013448597154925857j)	0.30388402938842773	86.27278
906	(2.1134948656117203-0.0013404991923946508j)	0.30817294120788574	86.36811
907	(2.1136360281189654-0.001307637213601387j)	0.30904603004455566	86.46343
908	(2.113760904526601-0.001492245934977987j)	0.29909706115722656	86.55876
909	(2.113666761394073-0.001406899064192224j)	0.30187296867370605	86.65409
910	(2.1135741739625793-0.0011949121262664342j)	0.30603599548339844	86.74942
911	(2.1136851120280324-0.0014061440624753008j)	0.3233761787414551	86.84475
912	(2.113738485763279-0.0016220573843785946j)	0.31014204025268555	86.94007
913	(2.113665824601493-0.0014048786235243416j)	0.3143630027770996	87.0354
914	(2.1135321024429086-0.0012416353176130102j)	0.3146207332611084	87.13073
915	(2.1136847845911366-0.001389107879268936j)	0.31684017181396484	87.22606
916	(2.1137658989289845-0.0011854946612488426j)	0.31046009063720703	87.32139
917	(2.1137441879779075-0.0015520888471822758j)	0.33253979682922363	87.41671
918	(2.113807072111962-0.0012783389494981368j)	0.3036479949951172	87.51204
919	(2.1136448387144364-0.0013930080483628426j)	0.3027799129486084	87.60737
920	(2.11350714405485-0.001488453637253917j)	0.31363987922668457	87.7027
921	(2.113601347875848-0.0014990361941142893j)	0.30876922607421875	87.79802
922	(2.1137728660290245-0.0013901748354456789j)	0.3020350933074951	87.89335
923	(2.1136537468255763-0.0013276795168628563j)	0.3354339599609375	87.98868
924	(2.1135163348375094-0.0013248212710321727j)	0.3161921501159668	88.08401
925	(2.1135983782286267-0.0015063963784709422j)	0.3081538677215576	88.17934
926	(2.113730160847188-0.001566528562773728j)	0.30753207206726074	88.27466
927	(2.1136196765267723-0.001364539569496337j)	0.30428194999694824	88.36999
928	(2.1135669068047402-0.0011995027111206813j)	0.3034329414367676	88.46532
929	(2.1100019707710405-0.0055608087311695975j)	0.2758820056915283	88.56065
930	(2.1137707480744137-0.0014743974077089383j)	0.3118600845336914	88.65598
931	(2.1137490881352754-0.0012965600024323898j)	0.29958200454711914	88.7513
932	(2.1136418539547095-0.0012470910592206064j)	0.29814767837524414	88.84663
933	(2.1136662865422604-0.0013425954203583057j)	0.3064920902252197	88.94196
934	(2.113647853718393-0.0015269335083072377j)	0.3026549816131592	89.03729
935	(2.1136367134310046-0.0011553474160366228j)	0.31195521354675293	89.13262
936	(2.113526977567378-0.0014434175518884818j)	0.32203221321105957	89.22794
937	(2.113674218504558-0.0013751772893648706j)	0.30197978019714355	89.32327
938	(2.1135252151873436-0.0015516104231338979j)	0.3047342300415039	89.4186
939	(2.1137095721390033-0.0013839561793791422j)	0.303987979888916	89.51393
940	(2.113731514938854-0.00146407775588564j)	0.3152120113372803	89.60926
941	(2.113668587701018-0.0012793957810413037j)	0.3036191463470459	89.70458
942	(2.1133893060975053-0.0014402782988425233j)	0.298936128616333	89.79991
943	(2.1137193448876834-0.001388298218189199j)	0.31610107421875	89.89524
944	(2.1138163681905255-0.0013729798669586124j)	0.3233919143676758	89.99057
945	(2.1137946182428764-0.001595713479916272j)	0.29788970947265625	90.0859
946	(2.1135160496304906-0.001364429913148113j)	0.30922794342041016	90.18122
947	(2.1137206159097284-0.0014515089097781875j)	0.3029460906982422	90.27655
948	(2.113739988830565-0.0014204961776196345j)	0.31241893768310547	90.37188
949	(2.113537511742558-0.001278325996305174j)	0.3026459217071533	90.46721
