	res_adaptive	time_adaptive	w
0	(1.0514297185019545-0.004796176250307792j)	0.39307689666748047	0.001
1	(1.2842643942543617-0.287240941253398j)	0.3037431240081787	0.09633
2	(1.4080632996752067-0.4042296981033361j)	0.4082491397857666	0.19166
3	(1.518451614058715-0.49185866012128293j)	0.3662731647491455	0.28698
4	(1.6165707869642834-0.562612410263899j)	0.39378809928894043	0.38231
5	(1.7076920866058116-0.6162643806455943j)	0.42429375648498535	0.47764
6	(1.7941732740222487-0.6601496082455773j)	0.2959861755371094	0.57297
7	(1.879866556424204-0.6989750388444067j)	0.33237504959106445	0.6683
8	(1.965089428273028-0.7286719884629491j)	0.2889871597290039	0.76362
9	(2.047816385955024-0.7487295506576988j)	0.28793811798095703	0.85895
10	(2.1281529710727325-0.7621087878936385j)	0.2876410484313965	0.95428
11	(2.207790156669178-0.7719010840658633j)	0.28705406188964844	1.04961
12	(2.287149380992504-0.7760535393637568j)	0.28581714630126953	1.14494
13	(2.362593048414318-0.7724497558587865j)	0.28568506240844727	1.24026
14	(2.43770365359674-0.7627521739681967j)	0.2913849353790283	1.33559
15	(2.5103646237117285-0.7500500487763947j)	0.29740476608276367	1.43092
16	(2.5817651260447074-0.7329163334041099j)	0.29872918128967285	1.52625
17	(2.6502385680495726-0.7082605607149323j)	0.3035130500793457	1.62157
18	(2.717521239349084-0.6791346683759282j)	0.29456281661987305	1.7169
19	(2.7807460652764813-0.6469247542033871j)	0.2919480800628662	1.81223
20	(2.8415287824760442-0.6111142619249237j)	0.29415011405944824	1.90756
21	(2.9000128036176296-0.5694370374250501j)	0.29255127906799316	2.00289
22	(2.9561224389255147-0.5233232274395588j)	0.30289721488952637	2.09821
23	(3.006991979307995-0.4745316379680435j)	0.2940700054168701	2.19354
24	(3.0543244414852286-0.42289928772501306j)	0.2929728031158447	2.28887
25	(3.0992959797885353-0.36690474580896165j)	0.2912309169769287	2.3842
26	(3.1403808970259957-0.3068784098471609j)	0.29369688034057617	2.47953
27	(3.176992007288419-0.2460719305836161j)	0.2903130054473877	2.57485
28	(3.208393248604078-0.1821534697794005j)	0.29674482345581055	2.67018
29	(3.2370839187719946-0.1157150281560641j)	0.3041951656341553	2.76551
30	(3.2617208344265713-0.046506538344930015j)	0.3111460208892822	2.86084
31	(3.280666667611845+0.02368770507622514j)	0.3007333278656006	2.95617
32	(3.2940407904927813+0.09500852570172713j)	0.291705846786499	3.05149
33	(3.3043645548489753+0.1675365228991595j)	0.30935025215148926	3.14682
34	(3.3104978428822993+0.24136180148375286j)	0.28702211380004883	3.24215
35	(3.310474120754718+0.315686048526097j)	0.29084181785583496	3.33748
36	(3.304941855890355+0.389488479789462j)	0.3072171211242676	3.43281
37	(3.295601818127633+0.46448771099891606j)	0.2977027893066406	3.52813
38	(3.2821799356826444+0.5382053215885848j)	0.2874619960784912	3.62346
39	(3.262768139695421+0.6118704367501903j)	0.2906031608581543	3.71879
40	(3.2377125646628304+0.6842536116957321j)	0.3052518367767334	3.81412
41	(3.2089633007714196+0.7553066373601209j)	0.2899501323699951	3.90945
42	(3.1766334197583794+0.8247559378819378j)	0.2949490547180176	4.00477
43	(3.138578600579837+0.8929139642356083j)	0.28759312629699707	4.1001
44	(3.0952777514914374+0.9590441205797138j)	0.28769803047180176	4.19543
45	(3.048532737311419+1.0221752892523561j)	0.2899949550628662	4.29076
46	(2.9983902267156046+1.082030547415343j)	0.2904469966888428	4.38608
47	(2.943588490099644+1.1400428818214707j)	0.35631728172302246	4.48141
48	(2.884394204798408+1.1952696071841313j)	0.3439512252807617	4.57674
49	(2.822047833712587+1.2461076367754413j)	0.29482388496398926	4.67207
50	(2.7572197783442185+1.2929711692070534j)	0.28700995445251465	4.7674
51	(2.687956285537702+1.336179318792028j)	0.2941601276397705	4.86272
52	(2.6161458905808663+1.3763792721851196j)	0.3103671073913574	4.95805
53	(2.5415909066012223+1.4112474385566087j)	0.3013279438018799	5.05338
54	(2.465235724791207+1.4410080557018556j)	0.3236532211303711	5.14871
55	(2.386485460205735+1.466908683344554j)	0.29606103897094727	5.24404
56	(2.3054091640560017+1.4889621178895827j)	0.28789186477661133	5.33936
57	(2.222873707987328+1.5051359470674743j)	0.28837013244628906	5.43469
58	(2.13928039345286+1.5155495098496248j)	0.28878211975097656	5.53002
59	(2.054922022073315+1.5217039812966018j)	0.31132960319519043	5.62535
60	(1.9693769974772033+1.523537654300565j)	0.3976480960845947	5.72068
61	(1.8843717272611278+1.5195680101661053j)	0.5149838924407959	5.816
62	(1.7985250241356525+1.5095685248806516j)	0.4506678581237793	5.91133
63	(1.7135838121183602+1.495000017194313j)	0.36980628967285156	6.00666
64	(1.6292369141680996+1.4761659718764975j)	0.33130598068237305	6.10199
65	(1.5456521404531243+1.451632184387101j)	0.34014010429382324	6.19732
66	(1.4634560496653741+1.420907007674523j)	0.3223559856414795	6.29264
67	(1.3831216125913803+1.385893699040935j)	0.31972408294677734	6.38797
68	(1.3051010296707706+1.3467420284824894j)	0.32297515869140625	6.4833
69	(1.22879857103129+1.302384071899323j)	0.36679506301879883	6.57863
70	(1.1551386783401385+1.2523949120060414j)	0.42975521087646484	6.67396
71	(1.083904177322822+1.1985975515684748j)	0.3379511833190918	6.76928
72	(1.016953010283828+1.1408026655478238j)	0.32765626907348633	6.86461
73	(0.9527569202979238+1.0787502825469786j)	0.3363759517669678	6.95994
74	(0.8917312344978474+1.0119519222511753j)	0.32157278060913086	7.05527
75	(0.8347106769639103+0.9422801475077609j)	0.3116729259490967	7.15059
76	(0.782919200944314+0.8687961671227444j)	0.312514066696167	7.24592
77	(0.7348374868107248+0.7923149524354521j)	0.3240499496459961	7.34125
78	(0.6905240202055191+0.712453746456116j)	0.34168004989624023	7.43658
79	(0.6514094519250799+0.6298699773664873j)	0.4632411003112793	7.53191
80	(0.618110576533486+0.5454874031119639j)	0.44008302688598633	7.62723
81	(0.5892870557521975+0.4588373898769055j)	0.45548534393310547	7.72256
82	(0.5648027661096027+0.37044083490227586j)	0.31942296028137207	7.81789
83	(0.5460245124523943+0.2803227348846508j)	0.36655569076538086	7.91322
84	(0.5334938899288854+0.18944372455979372j)	0.3771178722381592	8.00855
85	(0.5261082660564959+0.09721023098822822j)	0.4770498275756836	8.10387
86	(0.5234033398369364+0.005307489438092949j)	0.4182851314544678	8.1992
87	(0.5264850550692178-0.0871786687707258j)	0.4549698829650879	8.29453
88	(0.5359979011982795-0.17957247075508764j)	0.36494898796081543	8.38986
89	(0.5508520174331607-0.27113100795465683j)	0.4553830623626709	8.48519
90	(0.5700952477790002-0.3618829481680669j)	0.39705586433410645	8.58051
91	(0.5952145148577467-0.45139340532636957j)	0.3178532123565674	8.67584
92	(0.6263689792119758-0.5398839852835653j)	0.29778313636779785	8.77117
93	(0.6627259226233693-0.6261402725269596j)	0.33446192741394043	8.8665
94	(0.7033270318493874-0.7100028858285934j)	0.30626511573791504	8.96183
95	(0.7492538180485114-0.7910124605758398j)	0.3002760410308838	9.05715
96	(0.8001632049707126-0.8695137350278261j)	0.3113279342651367	9.15248
97	(0.8562472119772588-0.9460908276236144j)	0.28999900817871094	9.24781
98	(0.9159561209562863-1.0178963985992961j)	0.2978177070617676	9.34314
99	(0.9797868978101001-1.0862880840218847j)	0.2889583110809326	9.43847
100	(1.0486479923606302-1.151195240532709j)	0.28980398178100586	9.53379
101	(1.1209441327205916-1.2119537246965182j)	0.2906301021575928	9.62912
102	(1.196535407044758-1.2674998069390098j)	0.2891981601715088	9.72445
103	(1.275178804519593-1.3186300200034502j)	0.3309667110443115	9.81978
104	(1.3573812858233676-1.36584929687558j)	0.30146217346191406	9.9151
105	(1.4420116437919823-1.407860463771164j)	0.3254988193511963	10.01043
106	(1.529234812493361-1.4439399424099633j)	0.37067103385925293	10.10576
107	(1.6182575907011065-1.4748503435825384j)	0.30037522315979004	10.20109
108	(1.7092108198383-1.501222643124745j)	0.31662607192993164	10.29642
109	(1.8011964326453782-1.5220915574351503j)	0.29386091232299805	10.39174
110	(1.895021215522711-1.5366557608358469j)	0.28867506980895996	10.48707
111	(1.9892946527958615-1.5455845098289003j)	0.2857816219329834	10.5824
112	(2.0837097646278195-1.5496610802675919j)	0.284578800201416	10.67773
113	(2.178451631818321-1.548191760747899j)	0.30114316940307617	10.77306
114	(2.272823604298546-1.5400338948203058j)	0.29129600524902344	10.86838
115	(2.366850599919771-1.5264902956470174j)	0.285841703414917	10.96371
116	(2.459298716413863-1.5078962672676384j)	0.28295016288757324	11.05904
117	(2.5506415392812825-1.4839734667152733j)	0.28655481338500977	11.15437
118	(2.6406848988217897-1.4538822650997254j)	0.29025912284851074	11.2497
119	(2.7291090461725895-1.4185061173851077j)	0.34119129180908203	11.34502
120	(2.8142847201222154-1.3781416208001906j)	0.3760519027709961	11.44035
121	(2.8970898788376043-1.3331276318761094j)	0.39777612686157227	11.53568
122	(2.9776241761376343-1.2826795615004003j)	0.29675817489624023	11.63101
123	(3.054944443454092-1.227193439225626j)	0.4067089557647705	11.72634
124	(3.12842871530857-1.168117811979195j)	0.5388920307159424	11.82166
125	(3.1979624703245713-1.104422348528492j)	0.5467538833618164	11.91699
126	(3.264337731053333-1.0366019176691872j)	0.4760448932647705	12.01232
127	(3.327207095228969-0.9635906230058326j)	0.4416649341583252	12.10765
128	(3.3838603298595324-0.8895878568150413j)	0.33067917823791504	12.20298
129	(3.4361321498217534-0.8111703504709118j)	0.2991816997528076	12.2983
130	(3.484514071906694-0.7299303119134961j)	0.29659223556518555	12.39363
131	(3.5281147140918936-0.6457788048445274j)	0.3296029567718506	12.48896
132	(3.565872959772417-0.5592436473450482j)	0.3347198963165283	12.58429
133	(3.5981737807312664-0.47037682432540895j)	0.313370943069458	12.67961
134	(3.625786470967058-0.38037842275575096j)	0.3032801151275635	12.77494
135	(3.6481844543916253-0.28882094369550826j)	0.2903709411621094	12.87027
136	(3.6644324961590353-0.19578814380754594j)	0.3143038749694824	12.9656
137	(3.674774117690286-0.10214892667125164j)	0.3544600009918213	13.06093
138	(3.680436827929116-0.00800212928244548j)	0.3247830867767334	13.15625
139	(3.6803791992061425+0.0858058279095042j)	0.3043551445007324	13.25158
140	(3.674364142336316+0.1800246633528233j)	0.30576324462890625	13.34691
141	(3.6624387036507846+0.27368449495647273j)	0.29871487617492676	13.44224
142	(3.645535909740028+0.36606532758483046j)	0.30428218841552734	13.53757
143	(3.6233945099377762+0.4568560909567312j)	0.44127702713012695	13.63289
144	(3.5956399229330533+0.5468964879472531j)	0.4733240604400635	13.72822
145	(3.5623569797607084+0.6352194447894572j)	0.3971078395843506	13.82355
146	(3.524224853758984+0.7207653502017395j)	0.4222850799560547	13.91888
147	(3.481552976577802+0.8037149679236297j)	0.3940558433532715	14.01421
148	(3.4332951880826386+0.884234103677763j)	0.3036019802093506	14.10953
149	(3.380713160437694+0.9621882494128281j)	0.2974860668182373	14.20486
150	(3.3236108949258867+1.036170656524879j)	0.35387396812438965	14.30019
151	(3.26256787627022+1.1063014760092722j)	0.34474802017211914	14.39552
152	(3.1973339238506933+1.1731857171159954j)	0.2953300476074219	14.49085
153	(3.128228248559445+1.2365399852352243j)	0.2950427532196045	14.58617
154	(3.055472761905669+1.2949633241949554j)	0.29190802574157715	14.6815
155	(2.9795613199912903+1.3485927217236342j)	0.3118572235107422	14.77683
156	(2.9007787737813846+1.3981957874122901j)	0.42984819412231445	14.87216
157	(2.8189868543440917+1.4434710170455167j)	0.426159143447876	14.96749
158	(2.735252668707023+1.4832558194097272j)	0.37130284309387207	15.06281
159	(2.648832255767829+1.5176813149404835j)	0.29724693298339844	15.15814
160	(2.560998010234827+1.5474085465106162j)	0.2930607795715332	15.25347
161	(2.4716127326012445+1.5723923461845295j)	0.2859029769897461	15.3488
162	(2.381116744681898+1.591309478921098j)	0.28871798515319824	15.44412
163	(2.289131186990894+1.6049056583573005j)	0.2897341251373291	15.53945
164	(2.1971712495412516+1.6132932674591554j)	0.3080439567565918	15.63478
165	(2.1051595092318935+1.6166887164276982j)	0.30088186264038086	15.73011
166	(2.0128428547278436+1.614354509332688j)	0.29294514656066895	15.82544
167	(1.9205329114853513+1.6062560201065617j)	0.32006001472473145	15.92076
168	(1.829509275904319+1.5930388537070577j)	0.3018770217895508	16.01609
169	(1.7398449224584487+1.5747916827159207j)	0.3910999298095703	16.11142
170	(1.6509930457478459+1.5512428740839264j)	0.4334688186645508	16.20675
171	(1.5634628960627184+1.5221215028171173j)	0.4375119209289551	16.30208
172	(1.4780958523324268+1.4886240803931046j)	0.48625612258911133	16.3974
173	(1.3955080861379079+1.4499268888939998j)	0.558445930480957	16.49273
174	(1.3148898162326959+1.4066831199161565j)	0.3956899642944336	16.58806
175	(1.2363353972071693+1.3584411077841971j)	0.3857910633087158	16.68339
176	(1.161618019555562+1.306223044314304j)	0.3480808734893799	16.77872
177	(1.0905324666635687+1.2498219594134725j)	0.3383347988128662	16.87404
178	(1.0224021537946095+1.1894574530536222j)	0.40140795707702637	16.96937
179	(0.9574801066031952+1.125342249391407j)	0.3825070858001709	17.0647
180	(0.8968422477562183+1.0574807017773091j)	0.3185431957244873	17.16003
181	(0.8408590620041052+0.9865205185824889j)	0.38640379905700684	17.25536
182	(0.7887551939670683+0.9121316608649988j)	0.38170695304870605	17.35068
183	(0.7406808182159303+0.835541302625963j)	0.36754465103149414	17.44601
184	(0.6974357256635759+0.7560409537618425j)	0.2909679412841797	17.54134
185	(0.6594663624895887+0.6741867443017764j)	0.31235694885253906	17.63667
186	(0.6260940838719338+0.5905671493927579j)	0.2901642322540283	17.732
187	(0.5969654374879562+0.5053559193392652j)	0.28885722160339355	17.82732
188	(0.5732077990804701+0.4185671931723488j)	0.29027295112609863	17.92265
189	(0.5549355663603867+0.3303233293917213j)	0.28563809394836426	18.01798
190	(0.5418320084865391+0.2417683027327194j)	0.2827792167663574	18.11331
191	(0.5330304960247455+0.1527760604971873j)	0.2901041507720947	18.20863
192	(0.5297664723616042+0.06336355165648755j)	0.2896728515625	18.30396
193	(0.5318262940200779-0.026451641373564982j)	0.3098561763763428	18.39929
194	(0.5390580762968917-0.11552941456387661j)	0.2894110679626465	18.49462
195	(0.5509560598644684-0.20350492344386478j)	0.30164313316345215	18.58995
196	(0.5683358279137315-0.2906291904906443j)	0.3257291316986084	18.68527
197	(0.5903342585431952-0.37716800035831327j)	0.49828481674194336	18.7806
198	(0.6174253669621019-0.4618681979246559j)	0.33448290824890137	18.87593
199	(0.6491355959193834-0.5440275995685747j)	0.3301100730895996	18.97126
200	(0.685380907739378-0.6247017983844131j)	0.45592188835144043	19.06659
201	(0.7263861244753417-0.7035214079272897j)	0.37810611724853516	19.16191
202	(0.7716846127164975-0.7794474905418736j)	0.41034770011901855	19.25724
203	(0.8213406540229835-0.852023799675618j)	0.4166221618652344	19.35257
204	(0.8747988193474112-0.9217237557267017j)	0.2901730537414551	19.4479
205	(0.9321855150864761-0.9887660092768003j)	0.3169269561767578	19.54323
206	(0.9928988848942863-1.0521233553604543j)	0.28882503509521484	19.63855
207	(1.0576654959716347-1.1113970882707174j)	0.3206510543823242	19.73388
208	(1.1253437273577451-1.1668794290138j)	0.4489619731903076	19.82921
209	(1.1957748535926211-1.2189004084724557j)	0.3628699779510498	19.92454
210	(1.2691437511016386-1.2667303226728535j)	0.3439178466796875	20.01987
211	(1.3450768356611664-1.3095129660833122j)	0.29567527770996094	20.11519
212	(1.423273470496365-1.3481238009495085j)	0.5060741901397705	20.21052
213	(1.5029865030408252-1.3825371041325316j)	0.5304861068725586	20.30585
214	(1.5846167792590444-1.4123590826292698j)	0.35187315940856934	20.40118
215	(1.6679637188192264-1.4369053011595259j)	0.40781211853027344	20.49651
216	(1.7526676816238749-1.4568565727868117j)	0.42627978324890137	20.59183
217	(1.8375336878683814-1.4720384236245572j)	0.32755565643310547	20.68716
218	(1.923195253224347-1.482478164687354j)	0.39924192428588867	20.78249
219	(2.009704390472345-1.4876875188923224j)	0.5887491703033447	20.87782
220	(2.0962863102774962-1.4882910343244637j)	0.29753613471984863	20.97314
221	(2.182005993735685-1.4836616701689627j)	0.3578836917877197	21.06847
222	(2.267346561939855-1.474381763810841j)	0.34450316429138184	21.1638
223	(2.3525169481937818-1.4602522381271548j)	0.33124518394470215	21.25913
224	(2.4366226030034883-1.4411672028553508j)	0.29581308364868164	21.35446
225	(2.518750702528639-1.4176628320187423j)	0.29264402389526367	21.44978
226	(2.599489486644202-1.3893591701890047j)	0.2854750156402588	21.54511
227	(2.678927825956722-1.3568226338747549j)	0.29147982597351074	21.64044
228	(2.7563384881756106-1.3197079500702888j)	0.2917768955230713	21.73577
229	(2.830864924182933-1.2783026497268506j)	0.28515076637268066	21.8311
230	(2.9028620839400285-1.2325324522595487j)	0.29044294357299805	21.92642
231	(2.972518411043258-1.183382917632675j)	0.2867560386657715	22.02175
232	(3.0392994666996747-1.130263595370349j)	0.28679704666137695	22.11708
233	(3.102414400417065-1.0732005955919257j)	0.30101919174194336	22.21241
234	(3.161988878134159-1.0128368067135323j)	0.3663291931152344	22.30774
235	(3.2187162376254164-0.9493179865863345j)	0.4155898094177246	22.40306
236	(3.2715339402444736-0.8829565029845653j)	0.4123368263244629	22.49839
237	(3.3198383248121326-0.8135735029500964j)	0.48966193199157715	22.59372
238	(3.364948340870774-0.7412484279189844j)	0.3076498508453369	22.68905
239	(3.4053654779951232-0.6667874038312671j)	0.3286161422729492	22.78438
240	(3.4414661365946166-0.5904987205762413j)	0.3072211742401123	22.8797
241	(3.4736938396345907-0.5120056146494618j)	0.3792409896850586	22.97503
242	(3.5009442517014517-0.4316957361803653j)	0.350261926651001	23.07036
243	(3.5238262388910346-0.35053578609108693j)	0.3262777328491211	23.16569
244	(3.5423392631249593-0.2683200862891397j)	0.3071098327636719	23.26102
245	(3.555592482476424-0.18487335698628105j)	0.3062889575958252	23.35634
246	(3.5643994152944196-0.10064843019943304j)	0.28955793380737305	23.45167
247	(3.5683717116395437-0.01665770891904117j)	0.28557491302490234	23.547
248	(3.567787629245203+0.06723312794847636j)	0.2901577949523926	23.64233
249	(3.5621936450098612+0.15154138492408697j)	0.2842869758605957	23.73765
250	(3.5521802086307637+0.23535982946633505j)	0.29129791259765625	23.83298
251	(3.5371222374335454+0.3180054153412819j)	0.2887883186340332	23.92831
252	(3.5175287717613766+0.3994433028896871j)	0.29068803787231445	24.02364
253	(3.4934952373171657+0.4801338873954504j)	0.3007657527923584	24.11897
254	(3.4651844088136414+0.559472150815622j)	0.32552123069763184	24.21429
255	(3.4319443316073084+0.6366903531624248j)	0.28864479064941406	24.30962
256	(3.3944247799263967+0.711702497090583j)	0.310197114944458	24.40495
257	(3.353100035763965+0.7848511567245755j)	0.3266327381134033	24.50028
258	(3.307695921151308+0.8558433731952839j)	0.2931339740753174	24.59561
259	(3.2583347288986113+0.9234915949863349j)	0.3114750385284424	24.69093
260	(3.204877707160468+0.9883853317125695j)	0.3374519348144531	24.78626
261	(3.1483629466172784+1.050313884191506j)	0.3291139602661133	24.88159
262	(3.0885579568412513+1.1092135651033825j)	0.3390779495239258	24.97692
263	(3.025197946615765+1.1643376920290844j)	0.32761096954345703	25.07225
264	(2.9585343631579746+1.2156628752346736j)	0.3300008773803711	25.16757
265	(2.8896472742188593+1.2632533140615534j)	0.3073880672454834	25.2629
266	(2.8183774520195293+1.307054491188321j)	0.29228711128234863	25.35823
267	(2.744289985759579+1.3466751039691438j)	0.2962188720703125	25.45356
268	(2.66788270853191+1.3817573036992208j)	0.30289721488952637	25.54889
269	(2.589940703566818+1.4129946008432723j)	0.28860998153686523	25.64421
270	(2.5106848672633806+1.439484615920187j)	0.28729677200317383	25.73954
271	(2.4295921736099437+1.46162403299479j)	0.3042640686035156	25.83487
272	(2.3470654743873576+1.4790089431965492j)	0.29138612747192383	25.9302
273	(2.264068511981007+1.4917611648854001j)	0.28818678855895996	26.02553
274	(2.180886993520396+1.499845637483346j)	0.286668062210083	26.12085
275	(2.096875750702126+1.5033767783879468j)	0.29009509086608887	26.21618
276	(2.0124638861730184+1.5021798997030114j)	0.3260989189147949	26.31151
277	(1.9279376796590604+1.4943946585008479j)	0.27561426162719727	26.40684
278	(1.8455363741398418+1.485021186629739j)	0.29988884925842285	26.50216
279	(1.762854868804976+1.4697157956641291j)	0.29543304443359375	26.59749
280	(1.680891165214045+1.449913776519117j)	0.2914092540740967	26.69282
281	(1.6003961732168615+1.4251672203104835j)	0.2966797351837158	26.78815
282	(1.5217849621749244+1.3958361100241679j)	0.2961881160736084	26.88348
283	(1.4443764766616707+1.3621335872219578j)	0.2911217212677002	26.9788
284	(1.3690579960180451+1.3245865148796079j)	0.2919321060180664	27.07413
285	(1.2959875097188345+1.2823917344779119j)	0.30290722846984863	27.16946
286	(1.2256655632443276+1.2358780254913841j)	0.2895832061767578	27.26479
287	(1.1578855807195985+1.1857510283333539j)	0.33034801483154297	27.36012
288	(1.0927584198211557+1.1322268541251364j)	0.31035590171813965	27.45544
289	(1.0308262402404762+1.074650489846119j)	0.3051571846008301	27.55077
290	(0.9723308179428787+1.0133094261532143j)	0.33054184913635254	27.6461
291	(0.9173727645839287+0.9490938250156233j)	0.42732691764831543	27.74143
292	(0.8658017379984126+0.8821670908789183j)	0.35355496406555176	27.83676
293	(0.8184951714977067+0.8121720509040062j)	0.3060488700866699	27.93208
294	(0.7748469832741148+0.7391370409753133j)	0.33418798446655273	28.02741
295	(0.735572316457002+0.6640356286968987j)	0.3076291084289551	28.12274
296	(0.700495720116643+0.5872018571773909j)	0.28714895248413086	28.21807
297	(0.6697431245916181+0.5081931562891202j)	0.28904199600219727	28.3134
298	(0.6436752097180367+0.4270008339207567j)	0.30454015731811523	28.40872
299	(0.622093459710719+0.3448083436383214j)	0.42499804496765137	28.50405
300	(0.6054049618258996+0.2618329893532434j)	0.3288228511810303	28.59938
301	(0.5932405632992299+0.17776869292936665j)	0.3130810260772705	28.69471
302	(0.5859086665529278+0.09262304052937467j)	0.32396578788757324	28.79004
303	(0.583167508460364+0.007472204699391j)	0.3292250633239746	28.88536
304	(0.5851976420120358-0.07695750120007223j)	0.30094289779663086	28.98069
305	(0.5929446464470377-0.16240356881271106j)	0.286679744720459	29.07602
306	(0.6047193912625821-0.2472194211470575j)	0.33266401290893555	29.17135
307	(0.6212787619033214-0.33085581906073397j)	0.39377498626708984	29.26667
308	(0.6431360431962426-0.4135760283572886j)	0.32709574699401855	29.362
309	(0.6693408204218212-0.4949288537573381j)	0.32546520233154297	29.45733
310	(0.6994033944285246-0.5745869602159169j)	0.5369811058044434	29.55266
311	(0.7349757070157638-0.6532035902100496j)	0.4511575698852539	29.64799
312	(0.774991261012581-0.7290089758750717j)	0.43104004859924316	29.74331
313	(0.8186245744012948-0.8029746472340604j)	0.5265321731567383	29.83864
314	(0.8667661966802632-0.8736922596253246j)	0.30519914627075195	29.93397
315	(0.9187494288696278-0.9420775222283377j)	0.3127260208129883	30.0293
316	(0.9749946673585147-1.0071947757492439j)	0.32372093200683594	30.12463
317	(1.0347747834182448-1.0693699371755145j)	0.3738827705383301	30.21995
318	(1.0975767956300633-1.12773147954039j)	0.47223901748657227	30.31528
319	(1.1638253574678878-1.1826634813528762j)	0.33703184127807617	30.41061
320	(1.2336189263211144-1.2337676247494946j)	0.3364439010620117	30.50594
321	(1.306152650140502-1.2807254772085723j)	0.4200592041015625	30.60127
322	(1.3807357242756555-1.3236198102398162j)	0.34728097915649414	30.69659
323	(1.457944412561067-1.3621644936282022j)	0.3015151023864746	30.79192
324	(1.5376812187288778-1.396497126867175j)	0.296093225479126	30.88725
325	(1.619246735342301-1.426073894430087j)	0.3138308525085449	30.98258
326	(1.7019426314198243-1.4509284646406821j)	0.33225083351135254	31.07791
327	(1.7861434646252319-1.4708150037123744j)	0.43042993545532227	31.17323
328	(1.8716706669947576-1.4864195337112815j)	0.32739710807800293	31.26856
329	(1.9580300866820193-1.4969175987164363j)	0.3244328498840332	31.36389
330	(2.044517885032366-1.5021882776373092j)	0.34816598892211914	31.45922
331	(2.1316002904369578-1.5021384415070707j)	0.27942919731140137	31.55455
332	(2.218351846992621-1.4982746925878685j)	0.2919490337371826	31.64987
333	(2.3049957788883213-1.4889612649686343j)	0.3881821632385254	31.7452
334	(2.3908312785833874-1.4742586639830872j)	0.4731781482696533	31.84053
335	(2.47565504369316-1.4547565238028601j)	0.3378598690032959	31.93586
336	(2.5596562666691156-1.4308476054923236j)	0.3144702911376953	32.03118
337	(2.6420374732512983-1.4020237612966169j)	0.30017995834350586	32.12651
338	(2.722739365044889-1.3680367399079378j)	0.29306602478027344	32.22184
339	(2.8012862257153945-1.3295221843462657j)	0.2964181900024414	32.31717
340	(2.8777147237578737-1.2869850525295967j)	0.29415202140808105	32.4125
341	(2.951389434233998-1.2401132202792058j)	0.29850220680236816	32.50782
342	(3.022663738625346-1.1885695303328758j)	0.29607129096984863	32.60315
343	(3.090747334681838-1.1329999528197068j)	0.2954280376434326	32.69848
344	(3.155484931703098-1.074039588421133j)	0.30161571502685547	32.79381
345	(3.216908757865246-1.0114573469616182j)	0.3063969612121582	32.88914
346	(3.27453678799281-0.944835123147663j)	0.3007810115814209	32.98446
347	(3.328457439372293-0.8750802429768743j)	0.2908909320831299	33.07979
348	(3.3779990475646366-0.8026468465262383j)	0.2894411087036133	33.17512
349	(3.4234304603862253-0.7275164565296767j)	0.3218371868133545	33.27045
350	(3.464609364399041-0.6493950713020551j)	0.3371999263763428	33.36578
351	(3.501448999028636-0.5689948584328534j)	0.3270580768585205	33.4611
352	(3.533102445823501-0.4867908164196182j)	0.2904021739959717	33.55643
353	(3.560060996631143-0.40295885093112627j)	0.3030710220336914	33.65176
354	(3.582492613244899-0.317331041085789j)	0.30100178718566895	33.74709
355	(3.599914706279327-0.23031733192789483j)	0.2913241386413574	33.84242
356	(3.6121458129029143-0.1429594970973695j)	0.30158519744873047	33.93774
357	(3.619142373385516-0.05479954264944874j)	0.3220658302307129	34.03307
358	(3.6215000143029346+0.033782549368392534j)	0.33754396438598633	34.1284
359	(3.6185650879009996+0.12238184600348037j)	0.2996361255645752	34.22373
360	(3.6105882628399715+0.21082709481014533j)	0.37482118606567383	34.31906
361	(3.5970991646265644+0.2985267006309349j)	0.43917417526245117	34.41438
362	(3.5791012058619467+0.38533317706917236j)	0.31140589714050293	34.50971
363	(3.556192581098029+0.47113261137729856j)	0.29797792434692383	34.60504
364	(3.5279185957891737+0.5554394264118435j)	0.31206393241882324	34.70037
365	(3.494666881610564+0.6381620688354187j)	0.3165092468261719	34.79569
366	(3.457115730150249+0.7185539981383938j)	0.31133413314819336	34.89102
367	(3.415076214974169+0.7967664674398908j)	0.30468010902404785	34.98635
368	(3.3681492716575043+0.8726198290782292j)	0.31185102462768555	35.08168
369	(3.316705589741587+0.9455546871008689j)	0.31255078315734863	35.17701
370	(3.2616607012090872+1.0155505205527895j)	0.2975931167602539	35.27233
371	(3.202592312699742+1.0819963980786684j)	0.3074479103088379	35.36766
372	(3.1394764044946375+1.1453016837831504j)	0.307340145111084	35.46299
373	(3.0725790273081772+1.204862812132693j)	0.3078420162200928	35.55832
374	(3.00268668046585+1.2603001560384657j)	0.3129589557647705	35.65365
375	(2.9298267863554672+1.3114190888214312j)	0.2966792583465576	35.74897
376	(2.8538719887171475+1.3587147626192435j)	0.29999613761901855	35.8443
377	(2.7751118320277826+1.4016210177677701j)	0.2986907958984375	35.93963
378	(2.6942027685312526+1.439569483104266j)	0.30324387550354004	36.03496
379	(2.6114793533433964+1.4727378810069947j)	0.2956511974334717	36.13029
380	(2.5264465639505786+1.5012082119278702j)	0.3032362461090088	36.22561
381	(2.44003979506189+1.5250373088716587j)	0.3148331642150879	36.32094
382	(2.3523944277937208+1.5434118523509013j)	0.30028796195983887	36.41627
383	(2.2640055101437477+1.5565288616715762j)	0.30781006813049316	36.5116
384	(2.1748130428652583+1.5648310801620404j)	0.3057749271392822	36.60693
385	(2.0851830319028304+1.5682593114177126j)	0.3008232116699219	36.70225
386	(1.995468179997066+1.5660460136291112j)	0.3075292110443115	36.79758
387	(1.9061006477944054+1.5584288608701249j)	0.3387889862060547	36.89291
388	(1.8173181925259196+1.5460244621734636j)	0.35724806785583496	36.98824
389	(1.7291670906135788+1.528749598788397j)	0.3346059322357178	37.08357
390	(1.642511176055566+1.5060815190115402j)	0.32727813720703125	37.17889
391	(1.5569598679401602+1.4781777490568837j)	0.32958173751831055	37.27422
392	(1.473360216932462+1.4456904401581667j)	0.3035461902618408	37.36955
393	(1.3917074379790841+1.4087195534856702j)	0.3018498420715332	37.46488
394	(1.3124495338881421+1.366608306120989j)	0.30433011054992676	37.5602
395	(1.2353536412641408+1.3199492651614106j)	0.3132460117340088	37.65553
396	(1.1614317199145692+1.2690822822348162j)	0.3951101303100586	37.75086
397	(1.0906595196240805+1.214294277068061j)	0.40579891204833984	37.84619
398	(1.0211283686727446+1.1549994287781291j)	0.2855501174926758	37.94152
399	(0.9585825799290918+1.0921294061041154j)	0.503957986831665	38.03684
400	(0.8983009005595864+1.0255795908839513j)	0.3530910015106201	38.13217
401	(0.8421643863895019+0.9558345282525895j)	0.2906372547149658	38.2275
402	(0.7898403587020562+0.8828393379638766j)	0.29412317276000977	38.32283
403	(0.7416703308514795+0.806621338754691j)	0.2928042411804199	38.41816
404	(0.6980886555050433+0.728184243047572j)	0.2967531681060791	38.51348
405	(0.659522448769114+0.6471863037764718j)	0.2976388931274414	38.60881
406	(0.6253593819161958+0.5641545339147769j)	0.32099294662475586	38.70414
407	(0.5957767676708083+0.4791034378473553j)	0.34798312187194824	38.79947
408	(0.5714192712637142+0.3925452939767397j)	0.44329285621643066	38.8948
409	(0.5524750083986842+0.3049182969853521j)	0.3446998596191406	38.99012
410	(0.5382894750602778+0.21631011911065734j)	0.48726892471313477	39.08545
411	(0.5289332450374387+0.12701847811134492j)	0.3291170597076416	39.18078
412	(0.5250221448991126+0.03726464006808812j)	0.31647491455078125	39.27611
413	(0.5266486902986892-0.05236840162827314j)	0.3039669990539551	39.37144
414	(0.533218567193946-0.142030866725579j)	0.30103182792663574	39.46676
415	(0.5446400810377002-0.2307926833150769j)	0.3193941116333008	39.56209
416	(0.561372432413231-0.318945882481039j)	0.30684494972229004	39.65742
417	(0.5835402006099997-0.4059828607342553j)	0.2964310646057129	39.75275
418	(0.6105177498227281-0.4914713301407842j)	0.2960691452026367	39.84808
419	(0.6419250912598486-0.5752291902033009j)	0.3422110080718994	39.9434
420	(0.6783747120035474-0.6570913493797619j)	0.295886754989624	40.03873
421	(0.7197824958332946-0.7368865398320171j)	0.31664013862609863	40.13406
422	(0.7655995513653021-0.8139475607745184j)	0.2967872619628906	40.22939
423	(0.8154089787070062-0.8879648028835971j)	0.31986093521118164	40.32471
424	(0.8695814685046019-0.9591978093041064j)	0.3392348289489746	40.42004
425	(0.927912255650919-1.027470143078094j)	0.39966702461242676	40.51537
426	(0.990050912357435-1.0920016671330282j)	0.31717991828918457	40.6107
427	(1.0554709648188232-1.1525712424800725j)	0.30966782569885254	40.70603
428	(1.1245743310449061-1.209276073419642j)	0.29791688919067383	40.80135
429	(1.1966456994752095-1.2623551103586783j)	0.28520703315734863	40.89668
430	(1.2717402090213326-1.3109367470605129j)	0.29492712020874023	40.99201
431	(1.3493402684354514-1.3547254319121402j)	0.2997450828552246	41.08734
432	(1.4292617448177907-1.394111310740603j)	0.3082261085510254	41.18267
433	(1.511510574559913-1.429220439180504j)	0.28870105743408203	41.27799
434	(1.5955334408828197-1.4593059608049153j)	0.29511213302612305	41.37332
435	(1.6811754335867237-1.4841148960030646j)	0.36846089363098145	41.46865
436	(1.7679483764212007-1.5040771766407954j)	0.2990231513977051	41.56398
437	(1.8558095922369058-1.5193995485081384j)	0.32179784774780273	41.65931
438	(1.9441214856971634-1.5295107772410863j)	0.46892285346984863	41.75463
439	(2.03322108975423-1.5341712713875633j)	0.3789491653442383	41.84996
440	(2.1222151807252967-1.533770209543176j)	0.32773399353027344	41.94529
441	(2.210898103069871-1.528646010721733j)	0.3424992561340332	42.04062
442	(2.2989557719949296-1.5179166233100878j)	0.43573594093322754	42.13595
443	(2.3869428923224105-1.5025129636581283j)	0.38100314140319824	42.23127
444	(2.4732131741752337-1.4819556086762247j)	0.3230569362640381	42.3266
445	(2.558035025070477-1.456684798271594j)	0.29491209983825684	42.42193
446	(2.6413559369044255-1.4266015413465563j)	0.29260993003845215	42.51726
447	(2.7228981139663295-1.391394888771874j)	0.29479503631591797	42.61259
448	(2.80239181087991-1.3517186662523093j)	0.31490492820739746	42.70791
449	(2.8789376923005636-1.3076791875779832j)	0.3858649730682373	42.80324
450	(2.952918438129715-1.2594056254408836j)	0.3571481704711914	42.89857
451	(3.02427983305095-1.206714494477127j)	0.29253602027893066	42.9939
452	(3.0924932266115914-1.1502680294380927j)	0.2834961414337158	43.08922
453	(3.1568374690370637-1.0898516757891923j)	0.3027966022491455	43.18455
454	(3.2176746238733527-1.0260022218795568j)	0.3598201274871826	43.27988
455	(3.275119662714502-0.9587277267343759j)	0.44464612007141113	43.37521
456	(3.328538600151423-0.8881929370316319j)	0.31909894943237305	43.47054
457	(3.377351091985379-0.815010105158442j)	0.31423091888427734	43.56586
458	(3.421957677744895-0.7390263129698167j)	0.40932321548461914	43.66119
459	(3.4624897905959213-0.6607938621376694j)	0.47547197341918945	43.75652
460	(3.4984456913962227-0.5802894711983115j)	0.5064699649810791	43.85185
461	(3.5293009109738183-0.49794724436044047j)	0.4300971031188965	43.94718
462	(3.5553595458584866-0.413840510510989j)	0.3432161808013916	44.0425
463	(3.5768871378248837-0.3287921406180323j)	0.4512827396392822	44.13783
464	(3.593538661255214-0.24257779020058923j)	0.3440830707550049	44.23316
465	(3.6048387715519334-0.15543290852266978j)	0.30880188941955566	44.32849
466	(3.6110283541367347-0.06793189895828022j)	0.4039890766143799	44.42382
467	(3.6127040160961674+0.019738642685542596j)	0.3116738796234131	44.51914
468	(3.6092400019785758+0.10715925711572627j)	0.4002797603607178	44.61447
469	(3.6005494149775115+0.1945269780648382j)	0.3453969955444336	44.7098
470	(3.5867626222543816+0.2811539883858205j)	0.36770200729370117	44.80513
471	(3.5683951969205+0.3666127498303322j)	0.3784670829772949	44.90046
472	(3.54518316308039+0.45064446083902454j)	0.28888702392578125	44.99578
473	(3.5170946552869506+0.5336464188864872j)	0.4171481132507324	45.09111
474	(3.4842047973817856+0.6148549533743292j)	0.48963212966918945	45.18644
475	(3.447079518030956+0.6934022022648575j)	0.4124627113342285	45.28177
476	(3.405454606061261+0.7701592507877287j)	0.3621697425842285	45.3771
477	(3.359243640883786+0.8443308698801258j)	0.285398006439209	45.47242
478	(3.309080224995442+0.9158735370902874j)	0.2867860794067383	45.56775
479	(3.2549377648346667+0.9839980137274735j)	0.30292391777038574	45.66308
480	(3.1971680673350904+1.0487980659320446j)	0.2903010845184326	45.75841
481	(3.1355791566757185+1.1105858515549079j)	0.3081033229827881	45.85373
482	(3.0708180993155603+1.1687474112978573j)	0.3063240051269531	45.94906
483	(3.0026712603591137+1.2227469568701514j)	0.32750678062438965	46.04439
484	(2.931671999116353+1.2726183840824232j)	0.30977892875671387	46.13972
485	(2.858016614994116+1.3187085692839895j)	0.34135007858276367	46.23505
486	(2.7820423531466805+1.3606315046221351j)	0.32723498344421387	46.33037
487	(2.703494404049216+1.3978237573203556j)	0.31378602981567383	46.4257
488	(2.623016833543971+1.4303283346049693j)	0.3274381160736084	46.52103
489	(2.5410765623501415+1.4584890605620424j)	0.33663511276245117	46.61636
490	(2.457653558471296+1.4821358426655895j)	0.3357827663421631	46.71169
491	(2.373086386839392+1.5005044328855397j)	0.4230020046234131	46.80701
492	(2.2873681279332803+1.5140917180189826j)	0.3552231788635254	46.90234
493	(2.2014057405949394+1.5229280059567867j)	0.31624603271484375	46.99767
494	(2.115167297402554+1.5270466292435136j)	0.32979917526245117	47.093
495	(2.0286532393754637+1.525995036198759j)	0.3321950435638428	47.18833
496	(1.9421721348587988+1.519905112473999j)	0.325192928314209	47.28365
497	(1.8566100415794622+1.5090232914534139j)	0.3224942684173584	47.37898
498	(1.77195981124588+1.4934328968777009j)	0.45981621742248535	47.47431
499	(1.6880392374401956+1.472948165048425j)	0.43518686294555664	47.56964
500	(1.605333146444794+1.4474965470760421j)	0.32379698753356934	47.66497
501	(1.5244386570412027+1.4177994638217921j)	0.30627989768981934	47.76029
502	(1.4456536302679575+1.3833602174953048j)	0.3020670413970947	47.85562
503	(1.368632186123559+1.344583795071061j)	0.301116943359375	47.95095
504	(1.2937612223808972+1.3013695771112719j)	0.3238101005554199	48.04628
505	(1.2217771241725393+1.2540522166149295j)	0.32375597953796387	48.14161
506	(1.1529234608383898+1.202794667063043j)	0.29682374000549316	48.23693
507	(1.0868386740680187+1.1476506383031349j)	0.3117709159851074	48.33226
508	(1.023586986943573+1.08911132428915j)	0.3217017650604248	48.42759
509	(0.9641757100654824+1.0268710309263478j)	0.33585596084594727	48.52292
510	(0.9086665479049186+0.9612634197152641j)	0.29375195503234863	48.61824
511	(0.8567058277750783+0.8928938449642745j)	0.3106701374053955	48.71357
512	(0.8085306084821535+0.8217885711468347j)	0.3037600517272949	48.8089
513	(0.7646966199172722+0.747848821988752j)	0.3024749755859375	48.90423
514	(0.7254314120689522+0.6715396955593943j)	0.31604599952697754	48.99956
515	(0.6901605116998973+0.5931260482350598j)	0.32373809814453125	49.09488
516	(0.6594380595096178+0.5132128191571396j)	0.3635993003845215	49.19021
517	(0.6333754426333145+0.43138132169691085j)	0.338346004486084	49.28554
518	(0.6122299747443709+0.3480679847814424j)	0.34388184547424316	49.38087
519	(0.5956999476885467+0.2639191612545301j)	0.3312220573425293	49.4762
520	(0.5837538594682061+0.17924346852583964j)	0.37159299850463867	49.57152
521	(0.5767445842431254+0.09372379964974079j)	0.428037166595459	49.66685
522	(0.5745164553164472+0.007574959444117457j)	0.35755228996276855	49.76218
523	(0.577393657705795-0.07783505527108137j)	0.38304805755615234	49.85751
524	(0.5849574545372275-0.16311266473547048j)	0.42545509338378906	49.95284
525	(0.5975303769394406-0.2478288881838628j)	0.4278550148010254	50.04816
526	(0.6146674335592909-0.332038592128517j)	0.4725058078765869	50.14349
527	(0.6366674403652874-0.4148678683960265j)	0.33564019203186035	50.23882
528	(0.6632229998463812-0.4960094029288473j)	0.3302571773529053	50.33415
529	(0.6943139197896974-0.5757123503631323j)	0.4410233497619629	50.42948
530	(0.7299707252480943-0.65387363821785j)	0.3279421329498291	50.5248
531	(0.77001388977279-0.7296175147799326j)	0.3020451068878174	50.62013
532	(0.8143409516059118-0.8026702011981509j)	0.3707468509674072	50.71546
533	(0.8626115615679899-0.8732740140036864j)	0.4455900192260742	50.81079
534	(0.9148877165572376-0.9413701744232702j)	0.4607350826263428	50.90612
535	(0.9707233548539732-1.0061613178668525j)	0.32346177101135254	51.00144
536	(1.0305267957408772-1.0674647665446646j)	0.3691549301147461	51.09677
537	(1.0934955500115102-1.1253884001515375j)	0.3991518020629883	51.1921
538	(1.159546470252517-1.1799787820632655j)	0.3368949890136719	51.28743
539	(1.2289414477705087-1.2306217246908022j)	0.38109374046325684	51.38276
540	(1.3007008985688362-1.2768797479708696j)	0.36516308784484863	51.47808
541	(1.3751358002002356-1.3191734289480337j)	0.3069801330566406	51.57341
542	(1.4516067131647028-1.3574050601865286j)	0.38929295539855957	51.66874
543	(1.5302942597558868-1.3912017109378028j)	0.40113306045532227	51.76407
544	(1.6110495719091227-1.4201920319930803j)	0.3446691036224365	51.85939
545	(1.6931366122370664-1.444684641052548j)	0.35256314277648926	51.95472
546	(1.7761746245632632-1.4645512450883966j)	0.2997710704803467	52.05005
547	(1.8603968411324867-1.4797236204707216j)	0.3759117126464844	52.14538
548	(1.9456421661316219-1.4898721440428417j)	0.35544276237487793	52.24071
549	(2.0312623465317428-1.4954264363142782j)	0.3095428943634033	52.33603
550	(2.116691820861846-1.4958837812609227j)	0.3194239139556885	52.43136
551	(2.20227860920002-1.4917330852510156j)	0.3193247318267822	52.52669
552	(2.2876436895722323-1.48248749893881j)	0.3561437129974365	52.62202
553	(2.3723702876456474-1.4684268020105398j)	0.3707311153411865	52.71735
554	(2.45575694137405-1.4497172628085755j)	0.37813282012939453	52.81267
555	(2.5381449685889956-1.4262371478382985j)	0.3558778762817383	52.908
556	(2.6194012111070606-1.3982511861490747j)	0.49342989921569824	53.00333
557	(2.698887740091371-1.3655662633870511j)	0.3381228446960449	53.09866
558	(2.776033182165951-1.328429288826908j)	0.5754101276397705	53.19399
559	(2.8510472648323395-1.286806952052913j)	0.3044731616973877	53.28931
560	(2.92387399943528-1.241332327673815j)	0.30515193939208984	53.38464
561	(2.99399267063091-1.1916476416076207j)	0.3453691005706787	53.47997
562	(3.060866786854327-1.137871830793889j)	0.3321421146392822	53.5753
563	(3.1245703566424248-1.0804728723672334j)	0.3548848628997803	53.67063
564	(3.185365223787976-1.0196117456429323j)	0.38913702964782715	53.76595
565	(3.2424684603614757-0.9554093371020664j)	0.29215097427368164	53.86128
566	(3.29565709541094-0.8877348316826552j)	0.45709800720214844	53.95661
567	(3.344868609788866-0.8172184864227658j)	0.31681299209594727	54.05194
568	(3.3903185972146437-0.7441943568863734j)	0.3421168327331543	54.14727
569	(3.4314375009467613-0.668816558534777j)	0.3019142150878906	54.24259
570	(3.468196617919356-0.5907309023276621j)	0.3051331043243408	54.33792
571	(3.5003720810491616-0.5107259236042392j)	0.29383015632629395	54.43325
572	(3.528121521926728-0.4293233375560288j)	0.295302152633667	54.52858
573	(3.5510202544930487-0.34647898316025016j)	0.2975478172302246	54.6239
574	(3.5694072446988145-0.2620318547628935j)	0.2873830795288086	54.71923
575	(3.5828398962768544-0.17667873640941356j)	0.28440117835998535	54.81456
576	(3.591370900615601-0.09103673846091898j)	0.2908308506011963	54.90989
577	(3.59512336607705-0.005035124347068098j)	0.37560319900512695	55.00522
578	(3.5937815112918936+0.08144093832620869j)	0.2990241050720215	55.10054
579	(3.587736668134423+0.16776586255631853j)	0.3234870433807373	55.19587
580	(3.576534629073639+0.25328221126134753j)	0.3049001693725586	55.2912
581	(3.5605646085082707+0.33800293311530716j)	0.4004323482513428	55.38653
582	(3.5398355468120863+0.42206657216462795j)	0.30777502059936523	55.48186
583	(3.514501605488051+0.5048450786446168j)	0.31375598907470703	55.57718
584	(3.4840934146568467+0.585853519489026j)	0.31132006645202637	55.67251
585	(3.449023537023541+0.6647477143410894j)	0.3753321170806885	55.76784
586	(3.4100089322584637+0.7422426934750201j)	0.3114621639251709	55.86317
587	(3.3664274944875894+0.8173399488434578j)	0.3719449043273926	55.9585
588	(3.3185465877851756+0.8894056907647807j)	0.47069787979125977	56.05382
589	(3.2664511382761185+0.958783578730048j)	0.3113532066345215	56.14915
590	(3.2107994454631115+1.0252318102630495j)	0.383699893951416	56.24448
591	(3.1514244319487226+1.0885526254399358j)	0.28556108474731445	56.33981
592	(3.088271227510317+1.1481592168635575j)	0.32338809967041016	56.43514
593	(3.021623080143628+1.204083916998718j)	0.28855013847351074	56.53046
594	(2.9522762990372122+1.2561660869672724j)	0.4758799076080322	56.62579
595	(2.8800850449210866+1.304331238248462j)	0.36929798126220703	56.72112
596	(2.804894405179759+1.348218023237274j)	0.2921280860900879	56.81645
597	(2.727210290711657+1.3875816021972445j)	0.3188962936401367	56.91178
598	(2.6476415447867048+1.422801603618883j)	0.3697216510772705	57.0071
599	(2.5662853892719446+1.4532315832654523j)	0.3303689956665039	57.10243
600	(2.4829460373216103+1.479062123783236j)	0.3335380554199219	57.19776
601	(2.398095563285273+1.4999873424830752j)	0.3572111129760742	57.29309
602	(2.3120060919594185+1.5152740374570537j)	0.4624509811401367	57.38841
603	(2.2266091458246597+1.5272017544088274j)	0.3183300495147705	57.48374
604	(2.1390694711364593+1.5335902605890126j)	0.3317441940307617	57.57907
605	(2.051516902390291+1.5349161819959958j)	0.30908703804016113	57.6744
606	(1.964295876471286+1.5311238614202847j)	0.2983705997467041	57.76973
607	(1.877531043395384+1.5221935593318103j)	0.3334379196166992	57.86505
608	(1.7911584325852514+1.5086422970934443j)	0.33080220222473145	57.96038
609	(1.705529669083747+1.4901933034799788j)	0.41628217697143555	58.05571
610	(1.6212735636820352+1.466611864291126j)	0.2953610420227051	58.15104
611	(1.5386867424557589+1.4382195931336001j)	0.33812713623046875	58.24637
612	(1.4574230041365028+1.4051955680132058j)	0.3687131404876709	58.34169
613	(1.3782471258829454+1.3678083850723979j)	0.4736759662628174	58.43702
614	(1.3013657031127837+1.325598309703559j)	0.42295193672180176	58.53235
615	(1.2271678716468217+1.2789273378500599j)	0.44336414337158203	58.62768
616	(1.1555752708539535+1.228295646369485j)	0.44721102714538574	58.72301
617	(1.086809795795103+1.1738020289538431j)	0.3971257209777832	58.81833
618	(1.021430986068788+1.1151726009514307j)	0.4145641326904297	58.91366
619	(0.9595140127986298+1.052654575657248j)	0.32858777046203613	59.00899
620	(0.9012376305677291+0.9869589218955972j)	0.32026004791259766	59.10432
621	(0.846611716684506+0.9181764697294944j)	0.32227396965026855	59.19965
622	(0.796315000558198+0.8461300020462161j)	0.32883310317993164	59.29497
623	(0.7499770355454067+0.7710560326121458j)	0.39314794540405273	59.3903
624	(0.7081407044522305+0.6936941229258549j)	0.41825103759765625	59.48563
625	(0.6707229237576151+0.6142610851492043j)	0.4243910312652588	59.58096
626	(0.6379002988742224+0.5325392636560279j)	0.35204577445983887	59.67629
627	(0.6098201192872473+0.44875499708177036j)	0.37168002128601074	59.77161
628	(0.5866901829487308+0.36374959273574403j)	0.362231969833374	59.86694
629	(0.568516517922548+0.2777493900034307j)	0.3444249629974365	59.96227
630	(0.5551671376007893+0.19060178338923967j)	0.3165769577026367	60.0576
631	(0.5466896862472281+0.1025839208922823j)	0.40842700004577637	60.15292
632	(0.5435431822908157+0.014377487537242134j)	0.3394172191619873	60.24825
633	(0.5456045169298469-0.07373223237692905j)	0.3244919776916504	60.34358
634	(0.5524867098829871-0.16173026067033908j)	0.30350279808044434	60.43891
635	(0.5643243460264981-0.24947930937691457j)	0.33046388626098633	60.53424
636	(0.581225354275554-0.33606941327821227j)	0.3417048454284668	60.62956
637	(0.6034189025777362-0.42167499426413313j)	0.32575082778930664	60.72489
638	(0.6302213171808787-0.5058752783320363j)	0.33326292037963867	60.82022
639	(0.6616251506400626-0.5885930644238418j)	0.3287808895111084	60.91555
640	(0.6979414239908491-0.6693218324954529j)	0.3942229747772217	61.01088
641	(0.739116748902245-0.7476709123100767j)	0.37572813034057617	61.1062
642	(0.7844751352045753-0.8236065978756213j)	0.3183400630950928	61.20153
643	(0.8338891322670355-0.8968730081996918j)	0.31447410583496094	61.29686
644	(0.8876696314991114-0.9672341312838836j)	0.31996893882751465	61.39219
645	(0.9456754424098123-1.0342248063159563j)	0.3257930278778076	61.48752
646	(1.0072841620114343-1.0980351869258742j)	0.30687808990478516	61.58284
647	(1.0722466736727456-1.1579720965332836j)	0.3074760437011719	61.67817
648	(1.1406508402720852-1.214204605388509j)	0.3095827102661133	61.7735
649	(1.2125376712662232-1.2664129619053026j)	0.29994797706604004	61.86883
650	(1.2871712761258736-1.3143426721819718j)	0.3143928050994873	61.96416
651	(1.3640842069593817-1.3579394774415523j)	0.3768959045410156	62.05948
652	(1.4143939345103023-1.3865947715101443j)	0.3003849983215332	62.15481
653	(1.5255447310637409-1.4317212705922313j)	0.31591176986694336	62.25014
654	(1.609285561657833-1.4614706249554006j)	0.3113269805908203	62.34547
655	(1.6941631546563827-1.4863129137921933j)	0.30687713623046875	62.4408
656	(1.7805982575638148-1.5061028270188452j)	0.32694411277770996	62.53612
657	(1.8681857036887577-1.5212747106478786j)	0.2949960231781006	62.63145
658	(1.9564751686825645-1.5311895912549327j)	0.3602879047393799	62.72678
659	(2.044923159403581-1.5358383625578873j)	0.3022761344909668	62.82211
660	(2.1337603290244527-1.5353898516861937j)	0.31180715560913086	62.91743
661	(2.2223473039714188-1.5302162614259163j)	0.2939488887786865	63.01276
662	(2.3105618050438808-1.519750902459347j)	0.2940359115600586	63.10809
663	(2.39788666488015-1.5039466186060733j)	0.29577088356018066	63.20342
664	(2.4841443210745453-1.483274836724432j)	0.2918510437011719	63.29875
665	(2.569285207371406-1.4579832870163214j)	0.2932279109954834	63.39407
666	(2.6527543928774886-1.427660257044106j)	0.29801392555236816	63.4894
667	(2.7343542037577397-1.3922771532686942j)	0.2941009998321533	63.58473
668	(2.8137030757286823-1.3523794852973203j)	0.3095841407775879	63.68006
669	(2.8907579412372133-1.3082868059833117j)	0.31282782554626465	63.77539
670	(2.9649365503916862-1.2597599638410066j)	0.3119323253631592	63.87071
671	(3.036482566452535-1.2067251708387399j)	0.29352402687072754	63.96604
672	(3.1047146116634226-1.1497422614314987j)	0.2906210422515869	64.06137
673	(3.1695090032386912-1.0892545734803272j)	0.3776590824127197	64.1567
674	(3.2308070322731446-1.0250948670214777j)	0.29430317878723145	64.25203
675	(3.2882466942390454-0.9571215536087501j)	0.35874414443969727	64.34735
676	(3.3417305885269455-0.8860972618588605j)	0.32274508476257324	64.44268
677	(3.390837815988963-0.8123699936480404j)	0.2858920097351074	64.53801
678	(3.4356877577108533-0.7359263527153297j)	0.3018531799316406	64.63334
679	(3.4762073592573146-0.6567157296239772j)	0.34273719787597656	64.72867
680	(3.51219551508201-0.5754111743565471j)	0.33800387382507324	64.82399
681	(3.543049541110126-0.4923115894023273j)	0.3190610408782959	64.91932
682	(3.5691828784926605-0.4076223696737063j)	0.3958890438079834	65.01465
683	(3.590628324247707-0.32133629774694633j)	0.31911230087280273	65.10998
684	(3.6070009717781875-0.23386974812430483j)	0.43442201614379883	65.20531
685	(3.618145579918813-0.14605088148872347j)	0.3570399284362793	65.30063
686	(3.6241894553379446-0.05757921498458718j)	0.3244669437408447	65.39596
687	(3.625451406813949+0.03118045723767382j)	0.34470105171203613	65.49129
688	(3.6215616831370285+0.11993817355637382j)	0.3350849151611328	65.58662
689	(3.612241658667359+0.20805955374688767j)	0.3144357204437256	65.68194
690	(3.597933630117651+0.29562647159182687j)	0.29361820220947266	65.77727
691	(3.5789358769169457+0.38213331328202726j)	0.287276029586792	65.8726
692	(3.55498182966821+0.467485842038579j)	0.28728604316711426	65.96793
693	(3.525877690354144+0.5512245746689817j)	0.28929805755615234	66.06326
694	(3.4919116442763785+0.6332903837387347j)	0.3421318531036377	66.15858
695	(3.4542218877214785+0.7128884974287835j)	0.2735888957977295	66.25391
696	(3.41087598119518+0.7904275907816122j)	0.35474681854248047	66.34924
697	(3.3634198760960365+0.8653751439225059j)	0.28621602058410645	66.44457
698	(3.311676343844971+0.9373630962168668j)	0.2911970615386963	66.5399
699	(3.256308738793226+1.0062954647519173j)	0.3097689151763916	66.63522
700	(3.196789546028439+1.0721141694676959j)	0.39055895805358887	66.73055
701	(3.1338048476527485+1.1339928744970138j)	0.3445169925689697	66.82588
702	(3.06707256725585+1.1923988116048658j)	0.3058638572692871	66.92121
703	(2.997408699248047+1.246737771767432j)	0.30768609046936035	67.01654
704	(2.9247733952712225+1.2968213184422286j)	0.3097240924835205	67.11186
705	(2.8492116868679846+1.3430211164100365j)	0.2914412021636963	67.20719
706	(2.771124625968236+1.3847659534189762j)	0.31060194969177246	67.30252
707	(2.6909455526124795+1.4216891584134224j)	0.35492706298828125	67.39785
708	(2.608950493168653+1.4539442097058235j)	0.2909829616546631	67.49318
709	(2.5248864595612246+1.481567578523874j)	0.34617185592651367	67.5885
710	(2.4395271126926383+1.5044602986234081j)	0.3500559329986572	67.68383
711	(2.353045551859571+1.5219829511547094j)	0.2939929962158203	67.77916
712	(2.2658619444729204+1.5346542234288418j)	0.28844594955444336	67.87449
713	(2.1779559994336415+1.542450598954842j)	0.285351037979126	67.96982
714	(2.089790605133427+1.5453623374979668j)	0.2858710289001465	68.06514
715	(2.0015732009910954+1.5428397123231976j)	0.28693580627441406	68.16047
716	(1.9137526191384773+1.5351700375378585j)	0.2914149761199951	68.2558
717	(1.8265332038495137+1.5227853947549796j)	0.32029199600219727	68.35113
718	(1.7403030084375124+1.5055458476173047j)	0.3149070739746094	68.44645
719	(1.6549903161754351+1.4831025986933242j)	0.31702613830566406	68.54178
720	(1.5711569871963662+1.455707512278364j)	0.36125707626342773	68.63711
721	(1.4892077200789042+1.4238358286719048j)	0.3862650394439697	68.73244
722	(1.4091843034496279+1.3874955821484591j)	0.5449838638305664	68.82777
723	(1.3314803625047025+1.3462555677734658j)	0.4231119155883789	68.92309
724	(1.2560338334630412+1.3006736348713124j)	0.3112068176269531	69.01842
725	(1.1836319146239511+1.251022567644792j)	0.3866238594055176	69.11375
726	(1.1142374458992623+1.1974823842653128j)	0.39944911003112793	69.20908
727	(1.047891122878144+1.1398421666998555j)	0.41378307342529297	69.30441
728	(0.9848197140000327+1.0784085334900297j)	0.4797539710998535	69.39973
729	(0.9258333010437185+1.0134055459270288j)	0.35987210273742676	69.49506
730	(0.8705040146355758+0.9456800383205146j)	0.6057946681976318	69.59039
731	(0.8190388587206375+0.8745977875261327j)	0.44832706451416016	69.68572
732	(0.7716695897160348+0.8005071886350582j)	0.47263622283935547	69.78105
733	(0.7287595786932863+0.7242088386820577j)	0.4633629322052002	69.87637
734	(0.6905315638330507+0.6454580859504034j)	0.5191819667816162	69.9717
735	(0.6565887212541553+0.564702572047074j)	0.2980480194091797	70.06703
736	(0.6271793785536315+0.4820321284490472j)	0.30148983001708984	70.16236
737	(0.602784998465471+0.3979265971303986j)	0.35115528106689453	70.25769
738	(0.5834860008796522+0.31266687767371976j)	0.44519591331481934	70.35301
739	(0.5687901345859038+0.22648844009820362j)	0.47005486488342285	70.44834
740	(0.558421078669543+0.14006849687050213j)	0.38250112533569336	70.54367
741	(0.554178311380222+0.0522726245884492j)	0.38454604148864746	70.639
742	(0.5547037257093538-0.035013721134698j)	0.3374450206756592	70.73433
743	(0.5599739021524597-0.12231732648564883j)	0.35149288177490234	70.82965
744	(0.5700440995175117-0.20889400230403254j)	0.42285633087158203	70.92498
745	(0.5852410630349765-0.29489707922745956j)	0.43308591842651367	71.02031
746	(0.6055599167102109-0.37985105467029645j)	0.303164005279541	71.11564
747	(0.6303478532900675-0.4635283589947375j)	0.3124518394470215	71.21096
748	(0.659865743026277-0.5453323782874185j)	0.3064591884613037	71.30629
749	(0.694086010043149-0.6255507825754846j)	0.292360782623291	71.40162
750	(0.7330188139705498-0.703761161408349j)	0.3553030490875244	71.49695
751	(0.7761939036632293-0.77943360752j)	0.4607961177825928	71.59228
752	(0.8233955778383838-0.8523020429940007j)	0.39127206802368164	71.6876
753	(0.8747908636969968-0.9225897191734477j)	0.2941911220550537	71.78293
754	(0.9302115532566172-0.9899848351695867j)	0.3907938003540039	71.87826
755	(0.9893196717717093-1.0538617200766605j)	0.42632007598876953	71.97359
756	(1.0517296734739887-1.1140936760810067j)	0.31585097312927246	72.06892
757	(1.1177363646302514-1.1707219793226202j)	0.31716299057006836	72.16424
758	(1.1867029369946958-1.2237890667274107j)	0.3347201347351074	72.25957
759	(1.2586341469886466-1.2725897119850285j)	0.3957512378692627	72.3549
760	(1.3330939006178735-1.3169607276014175j)	0.39134883880615234	72.45023
761	(1.4099450010120764-1.3571752997658242j)	0.3443279266357422	72.54556
762	(1.489049187903352-1.3932200190093171j)	0.3303561210632324	72.64088
763	(1.5700495370902303-1.4244617135902395j)	0.323944091796875	72.73621
764	(1.652693664916904-1.4507803489099116j)	0.3870861530303955	72.83154
765	(1.7365944978059482-1.472508104604899j)	0.3026900291442871	72.92687
766	(1.821673747197905-1.4896921843583881j)	0.3168778419494629	73.0222
767	(1.907365828729664-1.5018273525761048j)	0.3089931011199951	73.11752
768	(1.9938894757461765-1.5088410952881877j)	0.30248594284057617	73.21285
769	(2.080481710315541-1.511027971862215j)	0.322983980178833	73.30818
770	(2.1669824410800653-1.5085626272061585j)	0.3069119453430176	73.40351
771	(2.2532705218013684-1.5010772677786097j)	0.29413509368896484	73.49884
772	(2.3389892158086485-1.488349644825187j)	0.2900969982147217	73.59416
773	(2.4236963357507877-1.471068733196302j)	0.301713228225708	73.68949
774	(2.5072509626790453-1.44894740209617j)	0.2871427536010742	73.78482
775	(2.5894469870279777-1.4221929281660064j)	0.29400086402893066	73.88015
776	(2.6701646411452735-1.3905485144246892j)	0.30300092697143555	73.97547
777	(2.748785145989024-1.3544872302328974j)	0.29483795166015625	74.0708
778	(2.8249564461765155-1.314104331768305j)	0.29779720306396484	74.16613
779	(2.8988495833925976-1.2694799218769297j)	0.4562668800354004	74.26146
780	(2.9702862743622735-1.2205196908852154j)	0.3348701000213623	74.35679
781	(3.0387682258067623-1.1678124470616535j)	0.3979930877685547	74.45211
782	(3.1037907970559404-1.111142491457092j)	0.5443220138549805	74.54744
783	(3.1655861184799825-1.0509819990397844j)	0.39873719215393066	74.64277
784	(3.2241941065305957-0.9873295273720812j)	0.37044811248779297	74.7381
785	(3.2789544281122303-0.9204093479598234j)	0.3378279209136963	74.83343
786	(3.3294764422054817-0.850652887488267j)	0.35138511657714844	74.92875
787	(3.3760889592128325-0.7780739330809532j)	0.3335716724395752	75.02408
788	(3.418769164329398-0.7030565894448627j)	0.4085352420806885	75.11941
789	(3.4570374119690257-0.6256459022883873j)	0.32578182220458984	75.21474
790	(3.490528745615256-0.546244591581773j)	0.3384850025177002	75.31007
791	(3.519519024708338-0.46492566509690225j)	0.3181021213531494	75.40539
792	(3.5440746591589196-0.38239850056311964j)	0.3049600124359131	75.50072
793	(3.5638715648017683-0.29848641332455195j)	0.28504514694213867	75.59605
794	(3.578573830716843-0.2134799803779598j)	0.3703620433807373	75.69138
795	(3.5884064910369933-0.12785744683290345j)	0.4054079055786133	75.78671
796	(3.5937419392577565-0.04188152992201699j)	0.3131370544433594	75.88203
797	(3.5940463409767336+0.04423042677077105j)	0.34641265869140625	75.97736
798	(3.5892690219987915+0.13045636249987536j)	0.2925558090209961	76.07269
799	(3.5795536146795306+0.2161790681203838j)	0.38993096351623535	76.16802
800	(3.5652654691135197+0.30107125638365484j)	0.30133581161499023	76.26335
801	(3.5460902764863556+0.384884826042453j)	0.3041961193084717	76.35867
802	(3.522117358381775+0.4678604063930254j)	0.30300092697143555	76.454
803	(3.4933962560845457+0.5492645762096616j)	0.2974731922149658	76.54933
804	(3.4602676553994693+0.6286423296251857j)	0.3102383613586426	76.64466
805	(3.42253336532922+0.7059636016353206j)	0.4034390449523926	76.73998
806	(3.380480362399324+0.7813314093839239j)	0.3019421100616455	76.83531
807	(3.3343796103633525+0.8542398062553207j)	0.34746408462524414	76.93064
808	(3.284089622450156+0.924046538174939j)	0.3168008327484131	77.02597
809	(3.2300046769478445+0.9908804401289788j)	0.3237111568450928	77.1213
810	(3.17204519575848+1.0548720120579467j)	0.2897500991821289	77.21662
811	(3.110659143505405+1.115413464662336j)	0.3027820587158203	77.31195
812	(3.0457826267650123+1.1720956712105635j)	0.29260802268981934	77.40728
813	(2.977823101320672+1.224951885268443j)	0.292802095413208	77.50261
814	(2.9070593300265197+1.2742016239809186j)	0.2918281555175781	77.59794
815	(2.833703329364872+1.3193456156262526j)	0.3014998435974121	77.69326
816	(2.7575851095104054+1.3600213893606137j)	0.32153916358947754	77.78859
817	(2.6793384636508084+1.396248076738094j)	0.38023996353149414	77.88392
818	(2.5993160384326686+1.4282299554469295j)	0.3324909210205078	77.97925
819	(2.5175347281581693+1.4557149939730682j)	0.32859015464782715	78.07458
820	(2.4343042029691935+1.4781222152224345j)	0.31525683403015137	78.1699
821	(2.3497778439017+1.4958534523239926j)	0.30498480796813965	78.26523
822	(2.2646439932324105+1.5088915684812196j)	0.3204689025878906	78.36056
823	(2.1788842616853623+1.5171740585123974j)	0.30893588066101074	78.45589
824	(2.0923872329032016+1.5204019742607344j)	0.2945289611816406	78.55122
825	(2.006143772912117+1.5185668766392748j)	0.3130221366882324	78.64654
826	(1.9202542114755077+1.5119438845291011j)	0.3345060348510742	78.74187
827	(1.8348951382473901+1.5005376681108062j)	0.3011958599090576	78.8372
828	(1.750037911048492+1.4841767493863416j)	0.2860381603240967	78.93253
829	(1.666191086745868+1.4628585201462028j)	0.2885739803314209	79.02786
830	(1.583878970932795+1.4371194409346173j)	0.28577208518981934	79.12318
831	(1.503276282207957+1.4065723788273112j)	0.2934532165527344	79.21851
832	(1.4242320344470498+1.3715228108736688j)	0.29235005378723145	79.31384
833	(1.3471974242028069+1.3319191712867262j)	0.2911980152130127	79.40917
834	(1.2728724534335583+1.288154684209093j)	0.28748607635498047	79.50449
835	(1.2011503470797718+1.2400252711783832j)	0.2935678958892822	79.59982
836	(1.1320348531168936+1.1880691245408816j)	0.2980988025665283	79.69515
837	(1.0658536086663084+1.1322063801265372j)	0.28702282905578613	79.79048
838	(1.0032135330331753+1.072593204172715j)	0.2893359661102295	79.88581
839	(0.9441807846584471+1.0093866695723785j)	0.2870180606842041	79.98113
840	(0.8886115055526275+0.9431652679673594j)	0.3902909755706787	80.07646
841	(0.8367757058803799+0.8738820195974104j)	0.3273501396179199	80.17179
842	(0.789164707745612+0.8015495752402066j)	0.3876359462738037	80.26712
843	(0.7459237306009023+0.7266162518530852j)	0.3142850399017334	80.36245
844	(0.706661111060203+0.6493442723967203j)	0.34363293647766113	80.45777
845	(0.6719175017714766+0.5701566507682373j)	0.31742310523986816	80.5531
846	(0.6418159817060739+0.48882223655301293j)	0.3443911075592041	80.64843
847	(0.616545053280776+0.40581230031692483j)	0.2990541458129883	80.74376
848	(0.5958802057126917+0.32165952156409633j)	0.2863168716430664	80.83909
849	(0.579944175829148+0.23663112602292333j)	0.3119809627532959	80.93441
850	(0.5689401956357889+0.150499951662594j)	0.34145522117614746	81.02974
851	(0.5629560761205757+0.0637350840164658j)	0.40438294410705566	81.12507
852	(0.5618800610606823-0.023003095138973778j)	0.3549060821533203	81.2204
853	(0.5655760393237231-0.109558272215239j)	0.3707561492919922	81.31573
854	(0.5744874022499628-0.19593968051915678j)	0.3288111686706543	81.41105
855	(0.5881405118980889-0.28191473367850317j)	0.28662919998168945	81.50638
856	(0.606768330281076-0.36674607214903565j)	0.29318714141845703	81.60171
857	(0.6301262380088296-0.4502138039217942j)	0.31305503845214844	81.69704
858	(0.6582312133465924-0.5324446679340296j)	0.3224940299987793	81.79237
859	(0.691020348333818-0.6131981820072089j)	0.3691980838775635	81.88769
860	(0.72844319459039-0.6917191677258493j)	0.41969919204711914	81.98302
861	(0.7704200121832925-0.7679777299578202j)	0.3092050552368164	82.07835
862	(0.816378406061609-0.8416010511780778j)	0.4427499771118164	82.17368
863	(0.8664818160837254-0.9128631354699095j)	0.30106210708618164	82.269
864	(0.9208030096611977-0.9809861553595269j)	0.37213635444641113	82.36433
865	(0.9790414886620038-1.0457667184995612j)	0.5063817501068115	82.45966
866	(1.040711135858136-1.1072636964496243j)	0.5860168933868408	82.55499
867	(1.1057610631437784-1.165387163301983j)	0.6864550113677979	82.65032
868	(1.17403906749122-1.219405914153369j)	0.3523569107055664	82.74564
869	(1.2456140404082396-1.2695049612028964j)	0.36713290214538574	82.84097
870	(1.3197147124083943-1.3154635114194022j)	0.4098989963531494	82.9363
871	(1.3961912470115039-1.3572912103362063j)	0.3277318477630615	83.03163
872	(1.4751210120962246-1.3946091159533502j)	0.4814331531524658	83.12696
873	(1.5562859950345507-1.4271917731115846j)	0.3301701545715332	83.22228
874	(1.6389871967332512-1.455162906242835j)	0.3734710216522217	83.31761
875	(1.7229725426787958-1.4784318888619048j)	0.2946653366088867	83.41294
876	(1.808372715971703-1.4968725230553577j)	0.2978827953338623	83.50827
877	(1.8949134925318893-1.5102318537251878j)	0.2893099784851074	83.6036
878	(1.9819772172518704-1.518855795684572j)	0.30600595474243164	83.69892
879	(2.0691613918023712-1.5222905925640255j)	0.28499317169189453	83.79425
880	(2.156599795765534-1.5208428931574045j)	0.29135680198669434	83.88958
881	(2.244087655951119-1.5143441367356725j)	0.29088497161865234	83.98491
882	(2.3309468270273204-1.5028047861967646j)	0.3008999824523926	84.08024
883	(2.41671823979146-1.4863744112341752j)	0.44273996353149414	84.17556
884	(2.5016307138156244-1.465065395750497j)	0.402324914932251	84.27089
885	(2.5854393283386-1.439002815868321j)	0.37804698944091797	84.36622
886	(2.667528019636425-1.408065671587512j)	0.3172118663787842	84.46155
887	(2.747450455829022-1.3724981637564386j)	0.2983260154724121	84.55688
888	(2.825383170864063-1.3322617390803964j)	0.3063547611236572	84.6522
889	(2.9010633675945856-1.2879268188456603j)	0.42403292655944824	84.74753
890	(2.9742143358414115-1.239358838444775j)	0.4536569118499756	84.84286
891	(3.0438871795749702-1.1861478077646062j)	0.36136579513549805	84.93819
892	(3.110814946851848-1.12919726598398j)	0.3222997188568115	85.03351
893	(3.174349671204955-1.0688224659995094j)	0.283203125	85.12884
894	(3.234370428018895-1.0047089505716649j)	0.2906811237335205	85.22417
895	(3.290478144134856-0.9370232109634036j)	0.28705716133117676	85.3195
896	(3.342626863807572-0.8663335427133709j)	0.3760509490966797	85.41483
897	(3.390860029170243-0.7930039826412865j)	0.3672337532043457	85.51015
898	(3.434736143145598-0.7168649673206315j)	0.2982640266418457	85.60548
899	(3.4741945028269225-0.638029367988646j)	0.3196580410003662	85.70081
900	(3.5090467898043123-0.5571382785493391j)	0.2980642318725586	85.79614
901	(3.5392087395281555-0.4747465669290112j)	0.31023287773132324	85.89147
902	(3.5644997074820957-0.39061888247987153j)	0.29550600051879883	85.98679
903	(3.585140674712255-0.3048550175340141j)	0.39435529708862305	86.08212
904	(3.600714790833427-0.21811833728703034j)	0.5032272338867188	86.17745
905	(3.611286463424564-0.13089705197855905j)	0.3253743648529053	86.27278
906	(3.616912727978554-0.043145347237323994j)	0.2892789840698242	86.36811
907	(3.61741188031423+0.045131542128467705j)	0.2876119613647461	86.46343
908	(3.6128946752872877+0.13319310478047552j)	0.30584096908569336	86.55876
909	(3.6031867919470315+0.2206291966729801j)	0.3498530387878418	86.65409
910	(3.5885694826925185+0.30740020146270974j)	0.319500207901001	86.74942
911	(3.5690164340260804+0.3934982261396778j)	0.3030071258544922	86.84475
912	(3.544682706858075+0.47826369592795315j)	0.29597997665405273	86.94007
913	(3.5151903618665523+0.5613529256629988j)	0.3909420967102051	87.0354
914	(3.4810761154357612+0.6426048417275987j)	0.29514288902282715	87.13073
915	(3.4425171540446353+0.7220143446640588j)	0.31125473976135254	87.22606
916	(3.3993856774144833+0.7991392459441j)	0.3092930316925049	87.32139
917	(3.3518059615205407+0.8733157659497985j)	0.2850151062011719	87.41671
918	(3.2999879710424143+0.9447767176928812j)	0.2877192497253418	87.51204
919	(3.2444092190763154+1.0132696804862065j)	0.3058171272277832	87.60737
920	(3.1849312942042713+1.078533294612298j)	0.30629515647888184	87.7027
921	(3.1215422878309727+1.1400364123378013j)	0.28987598419189453	87.79802
922	(3.0547545769459843+1.1979257745656766j)	0.28928327560424805	87.89335
923	(2.9850287733342498+1.251856512674798j)	0.28914403915405273	87.98868
924	(2.912286730373327+1.301780227414666j)	0.2872471809387207	88.08401
925	(2.836515383125154+1.347351156829474j)	0.29383397102355957	88.17934
926	(2.758224274052593+1.3886250882923186j)	0.2868490219116211	88.27466
927	(2.6779699602219402+1.4251349582359223j)	0.39451026916503906	88.36999
928	(2.5957479213555437+1.4570673616807936j)	0.29825782775878906	88.46532
929	(2.5115377369236347+1.4842841901256332j)	0.3806312084197998	88.56065
930	(2.425845854237699+1.5065319617725332j)	0.2899460792541504	88.65598
931	(2.3393712296193967+1.5239119046729313j)	0.31168079376220703	88.7513
932	(2.2519657276291443+1.53617199613698j)	0.2913651466369629	88.84663
933	(2.1637791738003447+1.5435850585055266j)	0.2850532531738281	88.94196
934	(2.075241099386515+1.5458624792567286j)	0.29190516471862793	89.03729
935	(1.9869835958729865+1.5429742103824273j)	0.28505706787109375	89.13262
936	(1.8990642892825478+1.534895623255247j)	0.2958967685699463	89.22794
937	(1.8115845952900447+1.5220879928341156j)	0.2865779399871826	89.32327
938	(1.7249046808944437+1.5042462402129841j)	0.290787935256958	89.4186
939	(1.6395870318568155+1.4812488505496257j)	0.31021618843078613	89.51393
940	(1.5558576580606789+1.4534096777539256j)	0.28956174850463867	89.60926
941	(1.473528532928433+1.4208931365966413j)	0.28450894355773926	89.70458
942	(1.3933015879390536+1.383834423311011j)	0.28873705863952637	89.79991
943	(1.3154003335618927+1.3419492069085996j)	0.2846338748931885	89.89524
944	(1.24014634361644+1.2956262935904639j)	0.2883729934692383	89.99057
945	(1.1675137681262475+1.245259852078754j)	0.2859621047973633	90.0859
946	(1.0978965849969977+1.190961455841309j)	0.28591489791870117	90.18122
947	(1.031503473279566+1.1324219557024824j)	0.2846651077270508	90.27655
948	(0.9686633847957464+1.070101077935703j)	0.2907557487487793	90.37188
949	(0.9094692083416056+1.0045400733602003j)	0.4266068935394287	90.46721
950	(0.85423039645692+0.9358095280997807j)	0.3662891387939453	90.56253
951	(0.8028411852177482+0.8637396965690339j)	0.38848400115966797	90.65786
952	(0.755720343310583+0.7887576103713262j)	0.398845911026001	90.75319
953	(0.7130892479040762+0.7114503289361355j)	0.44876694679260254	90.84852
954	(0.6748996441899876+0.6319641974043269j)	0.3620312213897705	90.94385
955	(0.6414327509414308+0.5501015018928288j)	0.2899448871612549	91.03917
956	(0.6125260101510056+0.46645170426965465j)	0.405440092086792	91.1345
957	(0.5886924866088504+0.3814608695085808j)	0.3064427375793457	91.22983
958	(0.5697805724344053+0.2953880288997751j)	0.361098051071167	91.32516
959	(0.555732154878146+0.20816263655983933j)	0.3357079029083252	91.42049
960	(0.5465869200311914+0.12018177818361994j)	0.3014109134674072	91.51581
961	(0.5427775637629703+0.03196748300428967j)	0.30249905586242676	91.61114
962	(0.5440952624359635-0.056197464304915734j)	0.3171360492706299	91.70647
963	(0.5502584929210537-0.14426574096063866j)	0.30086493492126465	91.8018
964	(0.5614244292277891-0.23200655083599847j)	0.2938220500946045	91.89713
965	(0.5776755023039906-0.3186265016017375j)	0.3021070957183838	91.99245
966	(0.5990867534121697-0.4042672338345384j)	0.29406309127807617	92.08778
967	(0.6251150537034135-0.4885327210846768j)	0.29607415199279785	92.18311
968	(0.6558122991975275-0.5712882184397604j)	0.2951481342315674	92.27844
969	(0.6913984936012174-0.652028980404233j)	0.3360781669616699	92.37377
970	(0.7317435943432375-0.7305014355249038j)	0.2920079231262207	92.46909
971	(0.7762503706894855-0.8065326640291827j)	0.350736141204834	92.56442
972	(0.8248853911792239-0.8799257968843528j)	0.33106112480163574	92.65975
973	(0.8778659482335159-0.9504103929150967j)	0.30793023109436035	92.75508
974	(0.9349612135263827-1.0175863579741091j)	0.38527607917785645	92.85041
975	(0.995610279012308-1.081583085575512j)	0.43697690963745117	92.94573
976	(1.0596471896039714-1.1417802531595935j)	0.41401076316833496	93.04106
977	(1.1272115984983053-1.198326651353153j)	0.35537290573120117	93.13639
978	(1.197769117214005-1.250933571704296j)	0.2811741828918457	93.23172
979	(1.2715705038895044-1.2993100190823796j)	0.3538639545440674	93.32704
980	(1.3476617268595308-1.3432052829879706j)	0.4133949279785156	93.42237
981	(1.426233430251147-1.3828760379373408j)	0.29279303550720215	93.5177
982	(1.5071117417159123-1.4180451924959698j)	0.29561519622802734	93.61303
983	(1.5897209179944514-1.4483704176744858j)	0.30876874923706055	93.70836
984	(1.6737103050331947-1.4737711851252522j)	0.31325793266296387	93.80368
985	(1.7591382917042013-1.4945201386286528j)	0.3033180236816406	93.89901
986	(1.845715243329836-1.5104735651550698j)	0.3065340518951416	93.99434
987	(1.9329763059294753-1.5212488329659521j)	0.32951998710632324	94.08967
988	(2.0204809437498468-1.5268952164718157j)	0.29848432540893555	94.185
989	(2.1083986501700203-1.5275650770933864j)	0.2916247844696045	94.28032
990	(2.196098970045315-1.5234749899885864j)	0.28934288024902344	94.37565
991	(2.283440351007562-1.514160401815531j)	0.28778910636901855	94.47098
992	(2.36996155688789-1.4996705130060044j)	0.28777408599853516	94.56631
993	(2.455512401026233-1.4804065536241262j)	0.29345107078552246	94.66164
994	(2.539922728488214-1.456523791603714j)	0.48804712295532227	94.75696
995	(2.622780254283707-1.4276510558663802j)	0.512563943862915	94.85229
996	(2.703819102823606-1.3938741843971847j)	0.6006731986999512	94.94762
997	(2.782714200171183-1.355680629079103j)	0.3813798427581787	95.04295
998	(2.859392320414511-1.3132736328825083j)	0.3891580104827881	95.13828
999	(2.933302835632302-1.2664342116556038j)	0.4264047145843506	95.2336
