	res_adaptive	time_adaptive	w
0	(0.9851932464160585+0.005930154191329035j)	0.6406412124633789	0.001
1	(1.281172732607501-0.2840970792906057j)	0.3571469783782959	0.09633
2	(1.4084870555166793-0.401331154505222j)	0.4154181480407715	0.19166
3	(1.5054186236628502-0.49138626384743006j)	0.34795689582824707	0.28698
4	(1.5946685365087057-0.558680035816794j)	0.33228278160095215	0.38231
5	(1.6763216831488181-0.6163898145768901j)	0.3625490665435791	0.47764
6	(1.756227247195125-0.6688900831139092j)	0.35692429542541504	0.57297
7	(1.8338591500369783-0.7132891477897825j)	0.3506307601928711	0.6683
8	(1.9045841964332297-0.7518098729200604j)	0.35094499588012695	0.76362
9	(1.9760655509125615-0.781828693994351j)	0.3352701663970947	0.85895
10	(2.0448955572454475-0.8071049254467102j)	0.38498902320861816	0.95428
11	(2.113303877547596-0.830884481035172j)	0.43603515625	1.04961
12	(2.1816400600479633-0.8505922767297351j)	0.41309380531311035	1.14494
13	(2.2454026871188346-0.8656345081863557j)	0.33852124214172363	1.24026
14	(2.3105412486947077-0.8753952131687807j)	0.36494922637939453	1.33559
15	(2.373866230418237-0.8810108103555786j)	0.35884594917297363	1.43092
16	(2.436086075255958-0.8857381061594835j)	0.390902042388916	1.52625
17	(2.497746636438413-0.8870478581344216j)	0.3370480537414551	1.62157
18	(2.556828976429972-0.8858666234613073j)	0.33120107650756836	1.7169
19	(2.6163917395329177-0.8801334082437624j)	0.3566579818725586	1.81223
20	(2.6745317163720244-0.8704756156756392j)	0.35050010681152344	1.90756
21	(2.730788888733262-0.8599118497468935j)	0.3661491870880127	2.00289
22	(2.786513217912778-0.847052242471011j)	0.33415794372558594	2.09821
23	(2.8391614768341826-0.8316930854796452j)	0.3382568359375	2.19354
24	(2.8921372990930325-0.8130376272521262j)	0.30764102935791016	2.28887
25	(2.9439889441424456-0.7907852057543008j)	0.32233691215515137	2.3842
26	(2.9933650952449495-0.7674283212671232j)	0.3383009433746338	2.47953
27	(3.0418552336072957-0.7427418377464314j)	0.30817413330078125	2.57485
28	(3.0869551217072204-0.71540738090741j)	0.3240089416503906	2.67018
29	(3.1319451924661736-0.6858518090188828j)	0.3549339771270752	2.76551
30	(3.176048165225192-0.653237928271732j)	0.31471681594848633	2.86084
31	(3.2173385181700365-0.6193241451886251j)	0.3531351089477539	2.95617
32	(3.2571671169636893-0.5849022011725526j)	0.3135099411010742	3.05149
33	(3.293533196665957-0.5477149653762106j)	0.4251279830932617	3.14682
34	(3.329191762098165-0.5092091310640084j)	0.3459031581878662	3.24215
35	(3.3641107944656032-0.4683869547066187j)	0.3529059886932373	3.33748
36	(3.3961302254260617-0.4261830423604044j)	0.3647799491882324	3.43281
37	(3.426023769658896-0.3841175472837159j)	0.3491950035095215	3.52813
38	(3.4526102191349324-0.339308371336467j)	0.4614601135253906	3.62346
39	(3.477841355694875-0.293893647512386j)	0.5462250709533691	3.71879
40	(3.502363093764332-0.2470482118342851j)	0.5761818885803223	3.81412
41	(3.5225358963654365-0.1991133374678219j)	0.3809950351715088	3.90945
42	(3.542689256565977-0.15143364953779437j)	0.6786379814147949	4.00477
43	(3.5590996346865675-0.10132346538621478j)	0.6920909881591797	4.1001
44	(3.5731595129463507-0.051176914685548636j)	0.6733360290527344	4.19543
45	(3.586415321988575-0.0005441670009737054j)	0.4464383125305176	4.29076
46	(3.596522124352198+0.050405585110420315j)	0.4350409507751465	4.38608
47	(3.604641565444076+0.10181509786655812j)	0.3949007987976074	4.48141
48	(3.6095893749899983+0.15465068386023656j)	0.3868861198425293	4.57674
49	(3.61213815473194+0.20723212273764202j)	0.519672155380249	4.67207
50	(3.6137418802643935+0.2593964476202093j)	0.34223175048828125	4.7674
51	(3.612349876779419+0.3117170300919115j)	0.41953516006469727	4.86272
52	(3.6088733439121907+0.36366861536303885j)	0.3191709518432617	4.95805
53	(3.602630411938138+0.4167754831917815j)	0.30011916160583496	5.05338
54	(3.5937507665871244+0.4694259587558538j)	0.31706714630126953	5.14871
55	(3.5836047125790724+0.5208522809321716j)	0.3516230583190918	5.24404
56	(3.571014793875269+0.572134582280443j)	0.4798440933227539	5.33936
57	(3.556071266197758+0.6223427752949755j)	0.4232809543609619	5.43469
58	(3.5388888380210015+0.6732758024317812j)	0.30135607719421387	5.53002
59	(3.5190808253296035+0.7236352991281305j)	0.42754316329956055	5.62535
60	(3.4977437242970812+0.7721457632967319j)	0.3656890392303467	5.72068
61	(3.4744749877277683+0.8200312550608739j)	0.29204487800598145	5.816
62	(3.448660960502085+0.8663404951752773j)	0.29103899002075195	5.91133
63	(3.421181827610575+0.9128067821848174j)	0.3623349666595459	6.00666
64	(3.391338499949231+0.9586083752944581j)	0.38392019271850586	6.10199
65	(3.359771149515806+1.0021411295115157j)	0.31562209129333496	6.19732
66	(3.326785473735619+1.044448879852978j)	0.291492223739624	6.29264
67	(3.291153083652166+1.0848923865984421j)	0.289747953414917	6.38797
68	(3.254408630219987+1.124838154756459j)	0.29654431343078613	6.4833
69	(3.215779297660163+1.1640024753590406j)	0.30099916458129883	6.57863
70	(3.1753605067706427+1.2006830451687103j)	0.2886807918548584	6.67396
71	(3.133976434716167+1.2354884583058712j)	0.320537805557251	6.76928
72	(3.0899965473944193+1.2683432381481934j)	0.3457069396972656	6.86461
73	(3.045385720840202+1.300029049965658j)	0.3636331558227539	6.95994
74	(2.9995294739720446+1.3307560485109162j)	0.40793776512145996	7.05527
75	(2.95261986272672+1.3584104430660917j)	0.45757293701171875	7.15059
76	(2.903844553967883+1.3846743548255573j)	0.3539111614227295	7.24592
77	(2.8533437275980202+1.4085125655505069j)	0.31058311462402344	7.34125
78	(2.802596628021315+1.4305715849668135j)	0.3370852470397949	7.43658
79	(2.751327263392276+1.4514229772227467j)	0.5610740184783936	7.53191
80	(2.6990501460866585+1.4691411426776249j)	0.41033077239990234	7.62723
81	(2.64645404219839+1.4848610198147267j)	0.34761500358581543	7.72256
82	(2.59074728285567+1.499005983097338j)	0.4137287139892578	7.81789
83	(2.535868224359318+1.5104858509427164j)	0.469635009765625	7.91322
84	(2.481195470002856+1.5204511763105173j)	0.3984999656677246	8.00855
85	(2.425709330115571+1.5274183756838775j)	0.34189510345458984	8.10387
86	(2.36985418219509+1.5325413128025303j)	0.340440034866333	8.1992
87	(2.312794766759241+1.5354652046810902j)	0.5847959518432617	8.29453
88	(2.2559902974278647+1.5358496321197157j)	0.37650108337402344	8.38986
89	(2.200053640199931+1.5343925881344447j)	0.3167269229888916	8.48519
90	(2.1436608726669695+1.530212949780588j)	0.39838624000549316	8.58051
91	(2.08754238310818+1.5239208384437624j)	0.3287348747253418	8.67584
92	(2.030701168311978+1.515738745531273j)	0.3099379539489746	8.77117
93	(1.9742912742223009+1.5049551128809795j)	0.2891957759857178	8.8665
94	(1.9174365679421868+1.4915007629025967j)	0.2803521156311035	8.96183
95	(1.864339131443939+1.4767438538279127j)	0.2902820110321045	9.05715
96	(1.8101646554535753+1.459119863176114j)	0.32311391830444336	9.15248
97	(1.7558725103525616+1.4399691321485542j)	0.2998812198638916	9.24781
98	(1.702192381382493+1.418378349523564j)	0.4093360900878906	9.34314
99	(1.6503146881040873+1.3944440971151777j)	0.4879570007324219	9.43847
100	(1.5990946878181922+1.368510709817849j)	0.3143799304962158	9.53379
101	(1.548996167581842+1.3401308530084073j)	0.3032550811767578	9.62912
102	(1.4994590912491415+1.31058773330378j)	0.37673234939575195	9.72445
103	(1.4507552170376925+1.2789642361068476j)	0.3318789005279541	9.81978
104	(1.4044774660113077+1.245435589524809j)	0.42421674728393555	9.9151
105	(1.35874219769266+1.2092400018485567j)	0.3334841728210449	10.01043
106	(1.3147034977355887+1.1711479201325898j)	0.2912790775299072	10.10576
107	(1.2719156229216488+1.1322193960232747j)	0.2897458076477051	10.20109
108	(1.2305074398124498+1.0918059948802803j)	0.30428290367126465	10.29642
109	(1.1912863482342129+1.0492570968886359j)	0.3150198459625244	10.39174
110	(1.1531274408635879+1.0047432828662854j)	0.31279492378234863	10.48707
111	(1.116916620637468+0.9584029104632379j)	0.29827380180358887	10.5824
112	(1.0825847644689341+0.9114980687178373j)	0.2843608856201172	10.67773
113	(1.0497121768911482+0.8636120791545014j)	0.2909581661224365	10.77306
114	(1.019661199586789+0.8138422447071153j)	0.2915818691253662	10.86838
115	(0.9907330284452689+0.762692930412368j)	0.2951810359954834	10.96371
116	(0.9638377809383305+0.7099197398686143j)	0.2915949821472168	11.05904
117	(0.9401936684815948+0.6571195217423713j)	0.2990729808807373	11.15437
118	(0.9166518976151434+0.6033145699619128j)	0.3114960193634033	11.2497
119	(0.8967511714395788+0.5481758386415168j)	0.3069167137145996	11.34502
120	(0.878337779407965+0.492322582453643j)	0.2998950481414795	11.44035
121	(0.8619058150637091+0.4351995660530399j)	0.3092629909515381	11.53568
122	(0.8481790415172351+0.37792363213168023j)	0.3035702705383301	11.63101
123	(0.8366831048699332+0.3208439230831245j)	0.29036712646484375	11.72634
124	(0.8277911839160274+0.2625116973594985j)	0.2939629554748535	11.82166
125	(0.820743670244607+0.20406331944332354j)	0.2939789295196533	11.91699
126	(0.8155326206831981+0.1448467505218091j)	0.28762006759643555	12.01232
127	(0.8131478113295129+0.08566958556939702j)	0.2918398380279541	12.10765
128	(0.813330512902686+0.027170643515978643j)	0.29409098625183105	12.20298
129	(0.8158872501892864-0.03203829051918089j)	0.29953789710998535	12.2983
130	(0.8205801657663547-0.09086999759420267j)	0.2998318672180176	12.39363
131	(0.8268558658409523-0.14987374044240698j)	0.29970264434814453	12.48896
132	(0.8359973899344242-0.20856126225807703j)	0.2915189266204834	12.58429
133	(0.8474994905479037-0.26607566478922917j)	0.2853572368621826	12.67961
134	(0.8618834114776011-0.3239500946813014j)	0.2884511947631836	12.77494
135	(0.8781971881412283-0.3809258189131165j)	0.2942469120025635	12.87027
136	(0.8959533855190411-0.43735771722244726j)	0.28593897819519043	12.9656
137	(0.9161890973594616-0.4932374782708549j)	0.2840702533721924	13.06093
138	(0.9390094249838119-0.5474641172898598j)	0.2906980514526367	13.15625
139	(0.9643172859788461-0.6017492904660939j)	0.2876007556915283	13.25158
140	(0.9916420839329869-0.6546819764562749j)	0.294661283493042	13.34691
141	(1.0202253033018298-0.7063721555291993j)	0.306657075881958	13.44224
142	(1.0508865493795045-0.7571524427474825j)	0.32496190071105957	13.53757
143	(1.0841902223526139-0.805975957793174j)	0.32241010665893555	13.63289
144	(1.1194674560492381-0.8544713143623031j)	0.3909480571746826	13.72822
145	(1.1567338985223958-0.9013047867745257j)	0.39902591705322266	13.82355
146	(1.195100532249497-0.9462542548614385j)	0.30620718002319336	13.91888
147	(1.2350607336798642-0.9898739010963107j)	0.2916080951690674	14.01421
148	(1.2775749199759496-1.0313775415533568j)	0.2867739200592041	14.10953
149	(1.321490739604212-1.0721018985169737j)	0.2975490093231201	14.20486
150	(1.3672213709286227-1.110987199844429j)	0.3029000759124756	14.30019
151	(1.413909819396483-1.1474657516555813j)	0.28897786140441895	14.39552
152	(1.461680926609278-1.1821589143340596j)	0.2915537357330322	14.49085
153	(1.5117492371754266-1.2146991860016594j)	0.28752994537353516	14.58617
154	(1.562645769135648-1.2459786646096949j)	0.2988138198852539	14.6815
155	(1.6150230234396785-1.2753499933931123j)	0.2861900329589844	14.77683
156	(1.668209160368333-1.3019544197963624j)	0.2861349582672119	14.87216
157	(1.7219898354479737-1.3263253045554246j)	0.2894136905670166	14.96749
158	(1.7776403464010402-1.3485938486514237j)	0.2910001277923584	15.06281
159	(1.8335935355430393-1.3691397329302766j)	0.31613898277282715	15.15814
160	(1.8903978280128912-1.3875040176303133j)	0.29952001571655273	15.25347
161	(1.9481135172330082-1.4034826667290423j)	0.3339567184448242	15.3488
162	(2.0059512309792753-1.4168701695387966j)	0.3481748104095459	15.44412
163	(2.064881282057117-1.4276378057901091j)	0.318432092666626	15.53945
164	(2.1237647786466898-1.4366046366845846j)	0.30563974380493164	15.63478
165	(2.1830368336973454-1.4437110020267079j)	0.28868770599365234	15.73011
166	(2.2426853785346803-1.447887821177313j)	0.28604698181152344	15.82544
167	(2.3020529580046873-1.4494639977155561j)	0.3120760917663574	15.92076
168	(2.362217006915966-1.4485551731600208j)	0.3348376750946045	16.01609
169	(2.421778649686177-1.4455777005089012j)	0.35838794708251953	16.11142
170	(2.4810510447184577-1.440793732791529j)	0.3602128028869629	16.20675
171	(2.5403696841703542-1.4332566176072767j)	0.3952462673187256	16.30208
172	(2.598965026458843-1.4229184839206794j)	0.3422122001647949	16.3974
173	(2.657955097702777-1.4103586167199889j)	0.36098194122314453	16.49273
174	(2.7158949203801246-1.3955647604349248j)	0.35971784591674805	16.58806
175	(2.7728563037450367-1.3790143846311347j)	0.39847588539123535	16.68339
176	(2.8294482945155055-1.3600135613557258j)	0.41364288330078125	16.77872
177	(2.884984758270752-1.3381265897642427j)	0.3232741355895996	16.87404
178	(2.9404309278618124-1.3144014476189891j)	0.29847025871276855	16.96937
179	(2.9944851240470918-1.2884006371228889j)	0.4454658031463623	17.0647
180	(3.046922389874057-1.2606907181663942j)	0.3726170063018799	17.16003
181	(3.098352553454827-1.2305725856254048j)	0.34290289878845215	17.25536
182	(3.1488086700475435-1.1983219045379245j)	0.3680119514465332	17.35068
183	(3.196655278618471-1.1654325582606004j)	0.31331372261047363	17.44601
184	(3.246497873624482-1.1281836602353854j)	0.4334399700164795	17.54134
185	(3.292376449263761-1.090386938109315j)	0.4877359867095947	17.63667
186	(3.3370367426152066-1.0506486711680707j)	0.38547611236572266	17.732
187	(3.3799657770115235-1.0089238157461209j)	0.34023118019104004	17.82732
188	(3.421831631560651-0.9659600680883735j)	0.35652828216552734	17.92265
189	(3.4619038425175237-0.9211235405178764j)	0.3116779327392578	18.01798
190	(3.4994385637652767-0.8747361145077723j)	0.43350815773010254	18.11331
191	(3.5353774799878313-0.826813259137297j)	0.43097805976867676	18.20863
192	(3.569482893488682-0.777709992546479j)	0.3321049213409424	18.30396
193	(3.6016205064512263-0.7270314212640505j)	0.4993431568145752	18.39929
194	(3.632098437536368-0.675299549726524j)	0.32453036308288574	18.49462
195	(3.65981707657951-0.6221812034190095j)	0.46123504638671875	18.58995
196	(3.6855453838852297-0.5680756078505458j)	0.4083428382873535	18.68527
197	(3.7090405464632363-0.5126404447183719j)	0.31665587425231934	18.7806
198	(3.7306377315800723-0.456927558278315j)	0.28684282302856445	18.87593
199	(3.7489633314307445-0.40078311145565704j)	0.2848851680755615	18.97126
200	(3.7670162999938013-0.3423742452578171j)	0.3069193363189697	19.06659
201	(3.781491369009065-0.28445595816011204j)	0.3715670108795166	19.16191
202	(3.793710935462536-0.22526835380068566j)	0.489030122756958	19.25724
203	(3.8036717693917765-0.16629470095844145j)	0.42588019371032715	19.35257
204	(3.8115727929764445-0.10710182487249953j)	0.40300798416137695	19.4479
205	(3.81674728986314-0.04713713884357551j)	0.4892258644104004	19.54323
206	(3.819304167088171+0.012875182187448875j)	0.44202113151550293	19.63855
207	(3.819762133225895+0.07344184809668719j)	0.46034836769104004	19.73388
208	(3.817708725905058+0.13337751236699114j)	0.2898850440979004	19.82921
209	(3.8135259611086427+0.1928699094159554j)	0.33656811714172363	19.92454
210	(3.8068183044099024+0.25267325012981434j)	0.5250699520111084	20.01987
211	(3.797343797710596+0.31216327424520496j)	0.568789005279541	20.11519
212	(3.7860181648794264+0.371677347191147j)	0.4342498779296875	20.21052
213	(3.7720581444811607+0.4302135431288443j)	0.3456439971923828	20.30585
214	(3.755912530705909+0.487682752493096j)	0.36241888999938965	20.40118
215	(3.7375167853644657+0.5449218372713935j)	0.33322691917419434	20.49651
216	(3.716376523632481+0.6015648140074947j)	0.49050402641296387	20.59183
217	(3.6936735975205406+0.6576212917010373j)	0.5476171970367432	20.68716
218	(3.668387153282637+0.7124250200963784j)	0.42533087730407715	20.78249
219	(3.6408931955697743+0.765627119148671j)	0.5420570373535156	20.87782
220	(3.6110881551978444+0.8183056887304423j)	0.40677928924560547	20.97314
221	(3.5794852979440464+0.8695800425498419j)	0.5164022445678711	21.06847
222	(3.546252351251292+0.9199197723854056j)	0.3176991939544678	21.1638
223	(3.5106606842501056+0.968781548217537j)	0.40726304054260254	21.25913
224	(3.4729041586373657+1.015631513230743j)	0.4040989875793457	21.35446
225	(3.433299279276979+1.061478543453644j)	0.42002010345458984	21.44978
226	(3.3919814915358026+1.105529665280428j)	0.4001200199127197	21.54511
227	(3.349473634336597+1.148132120124052j)	0.33472585678100586	21.64044
228	(3.30499358711358+1.1890588693847275j)	0.3869361877441406	21.73577
229	(3.258483636272+1.227705864887044j)	0.31880712509155273	21.8311
230	(3.210600449124738+1.2648606256516681j)	0.43326282501220703	21.92642
231	(3.1611902649790564+1.2999767337539532j)	0.387009859085083	22.02175
232	(3.1110306346458683+1.3331435533435423j)	0.4330151081085205	22.11708
233	(3.059414296551565+1.3644467980919903j)	0.5465540885925293	22.21241
234	(3.0060175190274667+1.3933433909603972j)	0.3965568542480469	22.30774
235	(2.951699537583055+1.4202964413263945j)	0.6007740497589111	22.40306
236	(2.896161755623335+1.4451075844682637j)	0.4409639835357666	22.49839
237	(2.840303280944826+1.4675437831729663j)	0.5586111545562744	22.59372
238	(2.783551838972614+1.4879024671564194j)	0.5039880275726318	22.68905
239	(2.7254108991501+1.505863936530155j)	0.3371398448944092	22.78438
240	(2.666756267215588+1.5215203460065663j)	0.541640043258667	22.8797
241	(2.6073151501030907+1.535047095700937j)	0.4260079860687256	22.97503
242	(2.5479041350958345+1.5458515330292038j)	0.3203258514404297	23.07036
243	(2.488260075581955+1.5544283766908245j)	0.38857293128967285	23.16569
244	(2.4276997158145606+1.5606847836690956j)	0.41133785247802734	23.26102
245	(2.366984044117132+1.5644086754214968j)	0.3200559616088867	23.35634
246	(2.306027153219678+1.566097356754796j)	0.29892683029174805	23.45167
247	(2.2454233895086486+1.564877854589053j)	0.28682899475097656	23.547
248	(2.1851879424409364+1.5612754918416945j)	0.3075270652770996	23.64233
249	(2.1243747371735404+1.555153109744465j)	0.5016319751739502	23.73765
250	(2.0642090379831135+1.547146207644217j)	0.3198280334472656	23.83298
251	(2.0041201100410952+1.536833135774102j)	0.28602123260498047	23.92831
252	(1.9448017192829876+1.5237163205018427j)	0.29441380500793457	24.02364
253	(1.8863186003902253+1.5080523490265823j)	0.2886481285095215	24.11897
254	(1.8277674480740966+1.4901679259822287j)	0.28998899459838867	24.21429
255	(1.7704025055788666+1.4702999909988417j)	0.2972829341888428	24.30962
256	(1.713714369206901+1.448458587177306j)	0.2899971008300781	24.40495
257	(1.6579384713948475+1.4238557422280453j)	0.28927063941955566	24.50028
258	(1.6034930932809441+1.3967442309556493j)	0.29683470726013184	24.59561
259	(1.5495451078771292+1.3677666021870039j)	0.30605006217956543	24.69093
260	(1.4972071072325215+1.3367992834086755j)	0.3396599292755127	24.78626
261	(1.4461133162833864+1.3041748000809312j)	0.33508872985839844	24.88159
262	(1.396202247295389+1.269113983230744j)	0.4390549659729004	24.97692
263	(1.3479370903455123+1.2316358118668762j)	0.3536410331726074	25.07225
264	(1.300748532531622+1.19266456344995j)	0.3283390998840332	25.16757
265	(1.2554690397517678+1.15181777910083j)	0.3048079013824463	25.2629
266	(1.2119933489996122+1.1096457165868638j)	0.29874515533447266	25.35823
267	(1.1699791143667664+1.0654921887504023j)	0.42880892753601074	25.45356
268	(1.1298121475334422+1.0191460052949095j)	0.3329017162322998	25.54889
269	(1.091264573743185+0.9716719070765307j)	0.2901170253753662	25.64421
270	(1.054811458761049+0.9225765680573619j)	0.2889130115509033	25.73954
271	(1.0206604496855392+0.8724788478349176j)	0.28571295738220215	25.83487
272	(0.9882590211732465+0.8209420998100969j)	0.29205894470214844	25.9302
273	(0.9578088967148661+0.7675774306926127j)	0.2988762855529785	26.02553
274	(0.9294316649248677+0.7134289137959573j)	0.3906848430633545	26.12085
275	(0.9032408538144223+0.6580545677911942j)	0.41707491874694824	26.21618
276	(0.8797437535703843+0.6019842258961329j)	0.33364200592041016	26.31151
277	(0.8582806907117307+0.5450547628302255j)	0.3977210521697998	26.40684
278	(0.8390854669544334+0.4866665263185797j)	0.49181509017944336	26.50216
279	(0.8217075375563812+0.4280673762404031j)	0.3263728618621826	26.59749
280	(0.8068290047262173+0.36863766606271603j)	0.3533051013946533	26.69282
281	(0.7951070698340414+0.3090442474136832j)	0.32830190658569336	26.78815
282	(0.7852432187056622+0.24868195557092215j)	0.30244922637939453	26.88348
283	(0.7777777993263579+0.1875629510922217j)	0.359112024307251	26.9788
284	(0.7724116659453494+0.12681330794331147j)	0.38572072982788086	27.07413
285	(0.7694662227653455+0.06570899431326421j)	0.3539247512817383	27.16946
286	(0.7695395144662203+0.004492683695208166j)	0.3927428722381592	27.26479
287	(0.7720982417075142-0.056492387476286154j)	0.3513312339782715	27.36012
288	(0.7766714412523553-0.11791456945713297j)	0.3876471519470215	27.45544
289	(0.7835533536124443-0.1784573225807089j)	0.4425678253173828	27.55077
290	(0.792702421718386-0.2387993449099523j)	0.30541276931762695	27.6461
291	(0.804775745462047-0.2989469531725801j)	0.32476329803466797	27.74143
292	(0.8194335313129919-0.35841860769081835j)	0.33358216285705566	27.83676
293	(0.8358868749534525-0.41770367947608733j)	0.3953278064727783	27.93208
294	(0.8547512505566147-0.4756889691245608j)	0.38219690322875977	28.02741
295	(0.8756834574786302-0.5328745226945776j)	0.40099287033081055	28.12274
296	(0.8992854578932636-0.5895337037924324j)	0.3767430782318115	28.21807
297	(0.9254454884803422-0.6451603367078219j)	0.30582714080810547	28.3134
298	(0.9531594097633453-0.6999550988512767j)	0.30919504165649414	28.40872
299	(0.9834698825267775-0.7528510894164542j)	0.330441951751709	28.50405
300	(1.01518221934967-0.8049014164127146j)	0.339810848236084	28.59938
301	(1.04940288897054-0.8557877544328333j)	0.4406752586364746	28.69471
302	(1.0860079157252263-0.9053692500496868j)	0.35790395736694336	28.79004
303	(1.1239199469580132-0.953506591810105j)	0.3686223030090332	28.88536
304	(1.164015536717656-0.9997823570089194j)	0.3443610668182373	28.98069
305	(1.2057256533899534-1.0441201688071096j)	0.3379051685333252	29.07602
306	(1.2492494023493619-1.0871831527229j)	0.31368207931518555	29.17135
307	(1.294792169446151-1.1285092152429483j)	0.32479286193847656	29.26667
308	(1.3414754550887054-1.1683250688062978j)	0.34394025802612305	29.362
309	(1.3899568424856548-1.2058792455052216j)	0.32529401779174805	29.45733
310	(1.439813318780223-1.2410533643209458j)	0.3445620536804199	29.55266
311	(1.4909657608021942-1.274563935391524j)	0.4371018409729004	29.64799
312	(1.54380656111305-1.3062018055314861j)	0.32250189781188965	29.74331
313	(1.597268188769495-1.3359060375287695j)	0.32743096351623535	29.83864
314	(1.6521805385183044-1.3632379083994384j)	0.30969810485839844	29.93397
315	(1.7082125713056684-1.3878855771836511j)	0.32366275787353516	30.0293
316	(1.7650200697267697-1.410508680893985j)	0.28843116760253906	30.12463
317	(1.8230561523768847-1.431217611479961j)	0.3019990921020508	30.21995
318	(1.8812112221225874-1.4496096470634359j)	0.3148770332336426	30.31528
319	(1.9403526343016693-1.4656072847076114j)	0.3214380741119385	30.41061
320	(2.000326557757451-1.478775307522178j)	0.3069911003112793	30.50594
321	(2.0605859381023297-1.489623351519655j)	0.2876729965209961	30.60127
322	(2.1215057778357114-1.4985845870970922j)	0.32768797874450684	30.69659
323	(2.182255056125501-1.5050266501308853j)	0.37636494636535645	30.79192
324	(2.243101194813786-1.5089140231119473j)	0.31594419479370117	30.88725
325	(2.3046146946017925-1.510091236639218j)	0.36138391494750977	30.98258
326	(2.3659748608072855-1.5087562392081117j)	0.3449578285217285	31.07791
327	(2.4273520305710914-1.5056053017109887j)	0.34158778190612793	31.17323
328	(2.4880012331637054-1.4996491301341774j)	0.31165218353271484	31.26856
329	(2.548465814055939-1.491425669265181j)	0.3433098793029785	31.36389
330	(2.609048724740517-1.4805602367688342j)	0.3304140567779541	31.45922
331	(2.6690978683667996-1.4671250107015688j)	0.3260037899017334	31.55455
332	(2.728493700979709-1.4519685855405218j)	0.3101389408111572	31.64987
333	(2.786834470217451-1.4339727639302646j)	0.2933158874511719	31.7452
334	(2.844370525342497-1.4138218392496986j)	0.31175708770751953	31.84053
335	(2.9015896950731084-1.3913222963024425j)	0.29172301292419434	31.93586
336	(2.9577388762313426-1.3665459081111881j)	0.3078799247741699	32.03118
337	(3.013011292684391-1.339767975250605j)	0.3059418201446533	32.12651
338	(3.0667467659530137-1.3104762984541012j)	0.2946648597717285	32.22184
339	(3.119100400654612-1.27916607152026j)	0.33615803718566895	32.31717
340	(3.170663506134307-1.2458883141590098j)	0.34686803817749023	32.4125
341	(3.2208391116273796-1.2104628941061744j)	0.32230615615844727	32.50782
342	(3.2696407118189836-1.1734191195756638j)	0.38527917861938477	32.60315
343	(3.316638874582249-1.1340280618883658j)	0.4615490436553955	32.69848
344	(3.3617667701113993-1.0927847632185501j)	0.32534313201904297	32.79381
345	(3.4056186862105857-1.050002407779695j)	0.32972097396850586	32.88914
346	(3.447781590163682-1.0053046679350282j)	0.4939610958099365	32.98446
347	(3.4882195203894923-0.959490202711669j)	0.3147461414337158	33.07979
348	(3.5265967657689097-0.9115945974650237j)	0.3078939914703369	33.17512
349	(3.561955742217904-0.8615919692635713j)	0.3559906482696533	33.27045
350	(3.5971477336437836-0.8114180876827015j)	0.3416457176208496	33.36578
351	(3.62978258147172-0.7593269500636746j)	0.3733532428741455	33.4611
352	(3.6600872296411002-0.7064441888661435j)	0.3524298667907715	33.55643
353	(3.6882889779458226-0.6519654482291675j)	0.4831070899963379	33.65176
354	(3.714039040779797-0.5961069265001331j)	0.5978338718414307	33.74709
355	(3.7376555760336876-0.5395861595525058j)	0.343411922454834	33.84242
356	(3.759396389968577-0.4821462692934959j)	0.5253610610961914	33.93774
357	(3.778431058112976-0.4243026836386452j)	0.32924318313598633	34.03307
358	(3.7952957776481457-0.36541033293309266j)	0.4400649070739746	34.1284
359	(3.8096402836396095-0.3054749698652688j)	0.3290708065032959	34.22373
360	(3.821560415859839-0.2452831838047287j)	0.4448258876800537	34.31906
361	(3.831535175855393-0.1847910542490956j)	0.444918155670166	34.41438
362	(3.838551973946156-0.12424953045134579j)	0.503000020980835	34.50971
363	(3.843367769156182-0.06327234662037018j)	0.31449007987976074	34.60504
364	(3.8457313999958775-0.0016663157308007825j)	0.298778772354126	34.70037
365	(3.8458074874953674+0.05960837758102322j)	0.40062689781188965	34.79569
366	(3.8433141060056553+0.12095317617733037j)	0.46967291831970215	34.89102
367	(3.8380539511934573+0.18181424452144346j)	0.5531172752380371	34.98635
368	(3.830590912876454+0.24247899310385268j)	0.3149559497833252	35.08168
369	(3.8208582302144207+0.30328618189880885j)	0.37772297859191895	35.17701
370	(3.808732803303081+0.36333885719616954j)	0.299055814743042	35.27233
371	(3.7942385571343236+0.42296939277925105j)	0.498215913772583	35.36766
372	(3.776937909749874+0.4817441981160777j)	0.31967806816101074	35.46299
373	(3.7574658848459563+0.539721393632659j)	0.3328990936279297	35.55832
374	(3.735988403102039+0.5973018177080474j)	0.43744397163391113	35.65365
375	(3.7121574402873234+0.6537749827516834j)	0.4035658836364746	35.74897
376	(3.686229582613165+0.7092863716648172j)	0.384289026260376	35.8443
377	(3.6576034899607746+0.7636365024545213j)	0.477003812789917	35.93963
378	(3.6268816781330404+0.8166628941924483j)	0.41039586067199707	36.03496
379	(3.5944726396995774+0.8687288044437893j)	0.36088109016418457	36.13029
380	(3.5599038602597926+0.9193976115995184j)	0.3338439464569092	36.22561
381	(3.523548370980682+0.9685559508072257j)	0.43211793899536133	36.32094
382	(3.484756135998754+1.0163021002066641j)	0.45754384994506836	36.41627
383	(3.4440079076111343+1.0623059273611666j)	0.32514500617980957	36.5116
384	(3.4019118694088926+1.1068041249136225j)	0.40845704078674316	36.60693
385	(3.358003080152898+1.1496641143649429j)	0.32550907135009766	36.70225
386	(3.312629971989604+1.1904981907603047j)	0.463820219039917	36.79758
387	(3.265223105154477+1.2297120605968395j)	0.5198020935058594	36.89291
388	(3.21608119332076+1.266892168776094j)	0.31984615325927734	36.98824
389	(3.1659375858305396+1.3020845302656934j)	0.289747953414917	37.08357
390	(3.1144543373661486+1.3354268072606281j)	0.45761895179748535	37.17889
391	(3.061827227828016+1.3663090396631525j)	0.3141157627105713	37.27422
392	(3.0076851455182996+1.39539556924232j)	0.4101119041442871	37.36955
393	(2.9521234665150873+1.4222866244674606j)	0.2982139587402344	37.46488
394	(2.896098564623198+1.4471121460254954j)	0.32723569869995117	37.5602
395	(2.8389070022322587+1.4692978779449564j)	0.42020320892333984	37.65553
396	(2.7810815301144562+1.4890114445453504j)	0.29969215393066406	37.75086
397	(2.722334685089014+1.5067771254475906j)	0.3394358158111572	37.84619
398	(2.6625830412683107+1.5223070466289443j)	0.31260204315185547	37.94152
399	(2.6028049914950704+1.535442407465974j)	0.29305410385131836	38.03684
400	(2.5422754558214145+1.5459422892493877j)	0.4262998104095459	38.13217
401	(2.481523353140343+1.5537260147952952j)	0.4051368236541748	38.2275
402	(2.420472337260809+1.5594347011942542j)	0.3369317054748535	38.32283
403	(2.3589217897356587+1.562967917962466j)	0.3015899658203125	38.41816
404	(2.297739559437902+1.5639023342314897j)	0.41456103324890137	38.51348
405	(2.236312610776316+1.5623033128915447j)	0.3629179000854492	38.60881
406	(2.1750324003779413+1.5578694145456864j)	0.4104878902435303	38.70414
407	(2.114076939523838+1.5513203530889799j)	0.38707494735717773	38.79947
408	(2.053162895912061+1.5426429797737469j)	0.32247304916381836	38.8948
409	(1.992987091089903+1.5313571110565047j)	0.4222841262817383	38.99012
410	(1.9331319513995107+1.5177045206864141j)	0.31337714195251465	39.08545
411	(1.8737614237855327+1.5012558603281831j)	0.3525509834289551	39.18078
412	(1.8152473098790294+1.482618276686787j)	0.31401681900024414	39.27611
413	(1.7574142626352518+1.4621276365630114j)	0.4653329849243164	39.37144
414	(1.7006241622638798+1.4390932654648698j)	0.36440205574035645	39.46676
415	(1.6447420302345517+1.4138993148170969j)	0.2993042469024658	39.56209
416	(1.589655172055259+1.3861069208768009j)	0.5866248607635498	39.65742
417	(1.5358835842591838+1.3561755818345587j)	0.3500847816467285	39.75275
418	(1.4833915827212123+1.3246091818338221j)	0.41251301765441895	39.84808
419	(1.4322425056368573+1.2907647571152827j)	0.33516812324523926	39.9434
420	(1.382562906816605+1.2549926391396093j)	0.46202802658081055	40.03873
421	(1.333973189676263+1.2169654799819924j)	0.30157899856567383	40.13406
422	(1.287052128523906+1.1769498483618253j)	0.39894604682922363	40.22939
423	(1.2417003487192235+1.1356659460334577j)	0.32077813148498535	40.32471
424	(1.1984862443675988+1.0922482962626483j)	0.40756726264953613	40.42004
425	(1.1569788911184546+1.0472779371454108j)	0.3366718292236328	40.51537
426	(1.116844671410244+1.0005173073122005j)	0.32006025314331055	40.6107
427	(1.0786228422957251+0.9520330412172588j)	0.3191869258880615	40.70603
428	(1.0424699000404514+0.9026467589432362j)	0.30779528617858887	40.80135
429	(1.00862933008809+0.8514068633396953j)	0.30031299591064453	40.89668
430	(0.9769252047920313+0.7989894111433584j)	0.30805206298828125	40.99201
431	(0.9468662615878438+0.745327819342983j)	0.40879011154174805	41.08734
432	(0.9188625502522108+0.6903257694627298j)	0.3945000171661377	41.18267
433	(0.8933390696801435+0.6347778568031991j)	0.41703200340270996	41.27799
434	(0.8702047256071925+0.577778726496833j)	0.443220853805542	41.37332
435	(0.8495357967229298+0.5199693963565353j)	0.359097957611084	41.46865
436	(0.8305859030572229+0.4615489076881506j)	0.33956003189086914	41.56398
437	(0.8141032210479023+0.4021858848202995j)	0.3328721523284912	41.65931
438	(0.8002103093148439+0.34266451115329677j)	0.3076310157775879	41.75463
439	(0.7886925398919156+0.2821572615083656j)	0.307330846786499	41.84996
440	(0.7798595247721313+0.22128186594669164j)	0.3080308437347412	41.94529
441	(0.7731213910039435+0.16029016896925943j)	0.3388681411743164	42.04062
442	(0.768490650114725+0.0990187304938766j)	0.5653231143951416	42.13595
443	(0.7667593378377733+0.037874372423745195j)	0.3940110206604004	42.23127
444	(0.7673560100329776-0.02363225367763505j)	0.3228609561920166	42.3266
445	(0.7706589186744078-0.08523517256507479j)	0.45682311058044434	42.42193
446	(0.7762129063054743-0.1463724183370758j)	0.5788459777832031	42.51726
447	(0.7838198602044941-0.20717227276430736j)	0.730294942855835	42.61259
448	(0.7942960300532382-0.26751656339653423j)	0.760418176651001	42.70791
449	(0.8070010512416689-0.32760679453670993j)	0.4989781379699707	42.80324
450	(0.8222987932151834-0.3874367174565597j)	0.5890407562255859	42.89857
451	(0.8399007955922682-0.44632828166074434j)	0.3398568630218506	42.9939
452	(0.8594581428883927-0.5044547356417803j)	0.3360121250152588	43.08922
453	(0.8817099845637476-0.5614061757929736j)	0.43892884254455566	43.18455
454	(0.9060553174801527-0.6176929129173012j)	0.5516579151153564	43.27988
455	(0.9327312922745893-0.6733537128783573j)	0.3942227363586426	43.37521
456	(0.9609943297552836-0.7275439658978142j)	0.34369993209838867	43.47054
457	(0.9922884376756882-0.78066410387266j)	0.4892091751098633	43.56586
458	(1.0255199769882013-0.8321469244411906j)	0.39005231857299805	43.66119
459	(1.0605709936366565-0.8824162986954969j)	0.43996405601501465	43.75652
460	(1.0975738223005718-0.9316691027034776j)	0.4256761074066162	43.85185
461	(1.1366265676207505-0.9792945165843107j)	0.33643388748168945	43.94718
462	(1.1771415417216795-1.025017134537362j)	0.47806882858276367	44.0425
463	(1.220009599264827-1.0690110693427346j)	0.575308084487915	44.13783
464	(1.2644072423794346-1.1112778163664243j)	0.5401601791381836	44.23316
465	(1.3102834319076628-1.1521648951701957j)	0.32103705406188965	44.32849
466	(1.3578863406254083-1.1911901990886147j)	0.44366002082824707	44.42382
467	(1.4066850189330284-1.2278456940113185j)	0.490811824798584	44.51914
468	(1.4574596581563153-1.2626098083218251j)	0.4065251350402832	44.61447
469	(1.5094558441512564-1.2952415575422895j)	0.5118401050567627	44.7098
470	(1.5624149041245161-1.3261265564358167j)	0.3293888568878174	44.80513
471	(1.61665508023327-1.3549878289750679j)	0.35367393493652344	44.90046
472	(1.67181191081719-1.3811334179097505j)	0.4077577590942383	44.99578
473	(1.728448799698541-1.4052850905567749j)	0.3035271167755127	45.09111
474	(1.7859842919402587-1.4270228526622948j)	0.3821737766265869	45.18644
475	(1.8439566139680466-1.4466866670258367j)	0.46680688858032227	45.28177
476	(1.902669405115559-1.4642170103851915j)	0.3411519527435303	45.3771
477	(1.9620022999935-1.4788328879327228j)	0.31679606437683105	45.47242
478	(2.0222314411026154-1.4913971703522426j)	0.36220383644104004	45.56775
479	(2.0830129849140464-1.5014121272305818j)	0.32477903366088867	45.66308
480	(2.143729286993634-1.5090958507811572j)	0.3273441791534424	45.75841
481	(2.2047428678977186-1.5144465356906258j)	0.3493959903717041	45.85373
482	(2.265740177166315-1.5171053853108651j)	0.3232402801513672	45.94906
483	(2.3271605542580067-1.5175578218422237j)	0.33170199394226074	46.04439
484	(2.3887567294789385-1.5154787307037791j)	0.32453298568725586	46.13972
485	(2.449830820312668-1.5109091043255116j)	0.32950711250305176	46.23505
486	(2.5106156365691112-1.5040845021098188j)	0.32486724853515625	46.33037
487	(2.5709720452956133-1.4944673180401113j)	0.3498990535736084	46.4257
488	(2.6311515347364502-1.4827624063270086j)	0.34353017807006836	46.52103
489	(2.691090898134573-1.468683741333329j)	0.32846903800964355	46.61636
490	(2.7501038975126884-1.4521518473272037j)	0.3194739818572998	46.71169
491	(2.808237815042874-1.4333454386687672j)	0.31777310371398926	46.80701
492	(2.86558426052121-1.4118520558622434j)	0.3214120864868164	46.90234
493	(2.9221480319654547-1.3884269036439034j)	0.32379698753356934	46.99767
494	(2.978033858265507-1.3629080272897718j)	0.3114480972290039	47.093
495	(3.032657777667773-1.3349759254822973j)	0.3320808410644531	47.18833
496	(3.0858103545325464-1.3050559716510073j)	0.3203611373901367	47.28365
497	(3.1378891599328766-1.2725661942416142j)	0.31908202171325684	47.37898
498	(3.188625906095171-1.2383143402557586j)	0.32013893127441406	47.47431
499	(3.2382202699934615-1.2023747965286764j)	0.32299208641052246	47.56964
500	(3.2862661356109526-1.1642564111942308j)	0.3226139545440674	47.66497
501	(3.332336898620029-1.1243273567723675j)	0.3207550048828125	47.76029
502	(3.377087489554926-1.0821608574494848j)	0.32625675201416016	47.85562
503	(3.4200184796341704-1.0384737435886824j)	0.3232100009918213	47.95095
504	(3.461351412280723-0.993481955414923j)	0.32471513748168945	48.04628
505	(3.500890222804556-0.9467152983078391j)	0.3384287357330322	48.14161
506	(3.5380606771803382-0.8983518358461596j)	0.3512856960296631	48.23693
507	(3.5737010942302567-0.8482118260879907j)	0.36279916763305664	48.33226
508	(3.6071616085492644-0.7968110497152049j)	0.3346598148345947	48.42759
509	(3.638601130883168-0.7445485399865036j)	0.3293781280517578	48.52292
510	(3.6678008718817123-0.6908530450557179j)	0.3500359058380127	48.61824
511	(3.6947856895980142-0.6359226588001394j)	0.3416779041290283	48.71357
512	(3.719947822375109-0.5800153296468608j)	0.3266432285308838	48.8089
513	(3.742644397398257-0.5229608521984604j)	0.3342001438140869	48.90423
514	(3.762965121281595-0.46548174908702616j)	0.29312682151794434	48.99956
515	(3.7809649569580706-0.407071490228218j)	0.2949059009552002	49.09488
516	(3.796798523678768-0.34806462085434753j)	0.2989499568939209	49.19021
517	(3.810052173568823-0.2882246404931469j)	0.30346083641052246	49.28554
518	(3.821107897181921-0.22780837978538282j)	0.2866387367248535	49.38087
519	(3.829537149688744-0.16738211711224865j)	0.28960299491882324	49.4762
520	(3.8356135737236454-0.1065992244101676j)	0.2896430492401123	49.57152
521	(3.839052397615426-0.045614274872026704j)	0.2898528575897217	49.66685
522	(3.8404725116145393+0.015574294456016019j)	0.290499210357666	49.76218
523	(3.839461113894986+0.07692380585245658j)	0.2887442111968994	49.85751
524	(3.8357022683530353+0.13789976897146405j)	0.2910749912261963	49.95284
525	(3.829599516810651+0.19862654042220848j)	0.2884817123413086	50.04816
526	(3.820815272299839+0.2591833936169586j)	0.2880680561065674	50.14349
527	(3.810040376218337+0.31932119068937603j)	0.28931188583374023	50.23882
528	(3.7970009768108834+0.37914202805085123j)	0.28885674476623535	50.33415
529	(3.781241638780848+0.43823548669085793j)	0.29314613342285156	50.42948
530	(3.7631840419924503+0.49648920686090325j)	0.29104161262512207	50.5248
531	(3.742554992783669+0.5542300158805975j)	0.2909848690032959	50.62013
532	(3.720004274498526+0.6109594568957833j)	0.28922414779663086	50.71546
533	(3.6954433813370655+0.6668582761232037j)	0.286358118057251	50.81079
534	(3.668339872351538+0.7217023565958692j)	0.2886626720428467	50.90612
535	(3.639027664452283+0.7751747031735455j)	0.29009509086608887	51.00144
536	(3.6074049954474834+0.8278115575991306j)	0.287416934967041	51.09677
537	(3.573977106959407+0.8789155023488865j)	0.3208291530609131	51.1921
538	(3.5388515999984254+0.9286683258388412j)	0.3018500804901123	51.28743
539	(3.501500427593943+0.9770561751034894j)	0.28810906410217285	51.38276
540	(3.4620841052134055+1.0236371495463397j)	0.2907979488372803	51.47808
541	(3.4207521065987705+1.0690735463682204j)	0.2897160053253174	51.57341
542	(3.377790554194383+1.1125587584702303j)	0.2916228771209717	51.66874
543	(3.333475772348787+1.1541980182097993j)	0.2888209819793701	51.76407
544	(3.287137675167859+1.1939797176531293j)	0.2933173179626465	51.85939
545	(3.2406820414510054+1.2321054498082795j)	0.2899971008300781	51.95472
546	(3.1900234160545202+1.268454132021516j)	0.2854499816894531	52.05005
547	(3.1392606404741437+1.302623242469251j)	0.2942807674407959	52.14538
548	(3.0875014084615215+1.3345172005820025j)	0.28936195373535156	52.24071
549	(3.0341856085138015+1.3643820661183295j)	0.2899971008300781	52.33603
550	(2.97967975633222+1.391915363708323j)	0.2792470455169678	52.43136
551	(2.9243916999723454+1.4180628613107216j)	0.28850412368774414	52.52669
552	(2.867877030401073+1.4415787766143335j)	0.29733920097351074	52.62202
553	(2.810721735942965+1.4624908068176332j)	0.28825879096984863	52.71735
554	(2.7525621433510485+1.4812396418147062j)	0.28846025466918945	52.81267
555	(2.693759785107623+1.4975967218747341j)	0.2912769317626953	52.908
556	(2.634420886358682+1.5119937550163747j)	0.28758907318115234	53.00333
557	(2.5744241863290367+1.5239288813038363j)	0.28705787658691406	53.09866
558	(2.5141469276195894+1.5330625427111013j)	0.29370594024658203	53.19399
559	(2.453460953427456+1.539933382421979j)	0.31015491485595703	53.28931
560	(2.3925009684812495+1.5442749312812163j)	0.31435084342956543	53.38464
561	(2.331606921877508+1.5465536464157799j)	0.28811025619506836	53.47997
562	(2.270618171487382+1.5458129684351085j)	0.308696985244751	53.5753
563	(2.20956398770539+1.5434545514497018j)	0.3021249771118164	53.67063
564	(2.1487597739477535+1.5381561611894246j)	0.29297590255737305	53.76595
565	(2.088049821310449+1.5303434693166j)	0.2906310558319092	53.86128
566	(2.027998188672197+1.52041310403168j)	0.30315089225769043	53.95661
567	(1.9683236131531308+1.5082212560374852j)	0.28832316398620605	54.05194
568	(1.9090680386156598+1.493278506880817j)	0.2897460460662842	54.14727
569	(1.8505482037919543+1.4760051862713748j)	0.29464221000671387	54.24259
570	(1.7924976591768775+1.456385508237461j)	0.30748486518859863	54.33792
571	(1.7356410136460219+1.4346499600507565j)	0.3044872283935547	54.43325
572	(1.67972119303509+1.4108542818066776j)	0.29110026359558105	54.52858
573	(1.6247818276528743+1.384344907653825j)	0.2900853157043457	54.6239
574	(1.570648931406392+1.3559781926500296j)	0.28844618797302246	54.71923
575	(1.5175720042253544+1.3253594302360832j)	0.2967228889465332	54.81456
576	(1.4661380373012438+1.2927065007552159j)	0.2923290729522705	54.90989
577	(1.4165239073712308+1.2582848764085472j)	0.28025197982788086	55.00522
578	(1.3674920109565982+1.221342864550447j)	0.29991817474365234	55.10054
579	(1.3201500919367024+1.1828721794592758j)	0.2973029613494873	55.19587
580	(1.2741700091815338+1.1424921839094941j)	0.28887128829956055	55.2912
581	(1.2301788075524156+1.1002493744791713j)	0.2943112850189209	55.38653
582	(1.188182434507121+1.0562754952109839j)	0.2917439937591553	55.48186
583	(1.147647320197287+1.0106647001885722j)	0.3032867908477783	55.57718
584	(1.1089665923416936+0.9635926546738441j)	0.3161590099334717	55.67251
585	(1.0719276060245726+0.91506340575527j)	0.3286399841308594	55.76784
586	(1.0371133000444386+0.8649464440940436j)	0.3102588653564453	55.86317
587	(1.0046561111902712+0.8135666989397692j)	0.29718685150146484	55.9585
588	(0.9739573403248625+0.7607052141908451j)	0.2894289493560791	56.05382
589	(0.9454486149839084+0.7068765527098616j)	0.29021191596984863	56.14915
590	(0.9188366646650747+0.6521199199264824j)	0.29892683029174805	56.24448
591	(0.8945814051067369+0.5961531390523939j)	0.29946112632751465	56.33981
592	(0.8729505581529107+0.5392359038834496j)	0.310122013092041	56.43514
593	(0.8532901671245738+0.48140567937263984j)	0.3099989891052246	56.53046
594	(0.8360517032373244+0.42294259816795876j)	0.28987789154052734	56.62579
595	(0.8209312203765735+0.3641174959238058j)	0.2901289463043213	56.72112
596	(0.8082080118400029+0.3045520616167547j)	0.2909092903137207	56.81645
597	(0.7982343469366261+0.24437418783366974j)	0.28759026527404785	56.91178
598	(0.7904051882240016+0.1838642996379683j)	0.2895529270172119	57.0071
599	(0.7850817173953689+0.12308297778408323j)	0.289919376373291	57.10243
600	(0.782049357357578+0.06250189720492784j)	0.287492036819458	57.19776
601	(0.7813807035900934+0.0017201101373504057j)	0.3167710304260254	57.29309
602	(0.783566439291726-0.05912582962165369j)	0.40399718284606934	57.38841
603	(0.7877611236167682-0.12010731041880712j)	0.6315419673919678	57.48374
604	(0.7945255123292253-0.1807875089476735j)	0.34853625297546387	57.57907
605	(0.8036842773242758-0.2407445754179172j)	0.3459649085998535	57.6744
606	(0.8151159412343278-0.30032637568094334j)	0.4871950149536133	57.76973
607	(0.8293246873909137-0.3596275281942361j)	0.45195960998535156	57.86505
608	(0.8454195761245875-0.4184518170754007j)	0.3509860038757324	57.96038
609	(0.8639688407845634-0.47660645243695987j)	0.3663959503173828	58.05571
610	(0.8849280878082894-0.5335809243334199j)	0.37427592277526855	58.15104
611	(0.9080242481451428-0.5896067764665234j)	0.3275461196899414	58.24637
612	(0.9336700324430575-0.6450112199727049j)	0.3481309413909912	58.34169
613	(0.9610436202027053-0.6993436491690992j)	0.3028600215911865	58.43702
614	(0.9906181711359521-0.7526429436191762j)	0.33117008209228516	58.53235
615	(1.0225100209257798-0.8043873237454999j)	0.3019728660583496	58.62768
616	(1.0563638818526104-0.8546546105059518j)	0.3001217842102051	58.72301
617	(1.0924098280043197-0.9039581797698031j)	0.313657283782959	58.81833
618	(1.1299933387534937-0.951657211392497j)	0.3137798309326172	58.91366
619	(1.1694082931811134-0.9979638022868992j)	0.3156318664550781	59.00899
620	(1.2109284125355193-1.0424281290745987j)	0.298062801361084	59.10432
621	(1.2541954281388343-1.0849697620413425j)	0.30422306060791016	59.19965
622	(1.2991987804872638-1.1262087353495058j)	0.3089756965637207	59.29497
623	(1.3455125722582288-1.165407144759973j)	0.33652400970458984	59.3903
624	(1.393204706352951-1.2028661679854786j)	0.48442792892456055	59.48563
625	(1.442668759551341-1.2382787346723116j)	0.4234352111816406	59.58096
626	(1.4936203856703008-1.271436225165476j)	0.30298614501953125	59.67629
627	(1.545790520376148-1.302965498630902j)	0.30109691619873047	59.77161
628	(1.5990000906350967-1.3321435771439798j)	0.3160998821258545	59.86694
629	(1.6530875904699562-1.359260834061242j)	0.2994089126586914	59.96227
630	(1.7085045288709195-1.3842004714097205j)	0.3054525852203369	60.0576
631	(1.7649316317032242-1.4066733740610082j)	0.29806995391845703	60.15292
632	(1.8223682260550844-1.4272468215158365j)	0.2974870204925537	60.24825
633	(1.880354601127653-1.4452859045103055j)	0.2982492446899414	60.34358
634	(1.9387074320192845-1.4609911553559087j)	0.3002147674560547	60.43891
635	(1.9978622157726054-1.4744470491073358j)	0.29620981216430664	60.53424
636	(2.057683446370789-1.4852827475948844j)	0.3011510372161865	60.62956
637	(2.117934098704179-1.4941630470954703j)	0.30849575996398926	60.72489
638	(2.178378011399997-1.5003862297486026j)	0.31055212020874023	60.82022
639	(2.238697693716943-1.5040726890248046j)	0.3018941879272461	60.91555
640	(2.2996434454171353-1.5055740734062617j)	0.307034969329834	61.01088
641	(2.3600871702509405-1.504284530845887j)	0.3076589107513428	61.1062
642	(2.4207459303439753-1.5011100559512078j)	0.30062198638916016	61.20153
643	(2.481222668799815-1.495302061403056j)	0.3033928871154785	61.29686
644	(2.541128622513161-1.4868520723098289j)	0.30820417404174805	61.39219
645	(2.6006690681458564-1.4761619182758396j)	0.29366278648376465	61.48752
646	(2.6601247597404636-1.4629860952813494j)	0.2968409061431885	61.58284
647	(2.7187828123264977-1.4478708632730233j)	0.3067290782928467	61.67817
648	(2.7768624332768126-1.430283586624906j)	0.310945987701416	61.7735
649	(2.833982670068605-1.4100680677106594j)	0.2980380058288574	61.86883
650	(2.8901793912827536-1.3876865364868922j)	0.30181288719177246	61.96416
651	(2.9458796185650202-1.363089018364364j)	0.30068182945251465	62.05948
652	(3.000220300785637-1.336622081622496j)	0.30886197090148926	62.15481
653	(3.0535702960712303-1.3079624839601425j)	0.535541296005249	62.25014
654	(3.105633895106719-1.2768209618851034j)	0.40274906158447266	62.34547
655	(3.1562845940481723-1.2436413606224703j)	0.5166699886322021	62.4408
656	(3.206010235071139-1.2086137584143417j)	0.6751058101654053	62.53612
657	(3.2539010370315893-1.1718436584782703j)	0.3421170711517334	62.63145
658	(3.3003831958743826-1.133247145899979j)	0.34522414207458496	62.72678
659	(3.345310753274979-1.0924486365370798j)	0.4905881881713867	62.82211
660	(3.388534312039765-1.0499797320427107j)	0.4450259208679199	62.91743
661	(3.430203593743531-1.0057461606808624j)	0.5231471061706543	63.01276
662	(3.4697756049961934-0.9601380645453406j)	0.5185620784759521	63.10809
663	(3.507536143499735-0.9131263899936468j)	0.3967101573944092	63.20342
664	(3.543523758097919-0.86431386285832j)	0.3778398036956787	63.29875
665	(3.577439578861095-0.8141056442139236j)	0.334514856338501	63.39407
666	(3.6095855392934695-0.7625842400921914j)	0.3518049716949463	63.4894
667	(3.6393017595483195-0.7099647996399119j)	0.329913854598999	63.58473
668	(3.6668443588063364-0.656388993892399j)	0.31653285026550293	63.68006
669	(3.6924422725262875-0.601511522711792j)	0.33662891387939453	63.77539
670	(3.715729156331024-0.5455519634454677j)	0.38938283920288086	63.87071
671	(3.737070667689209-0.48881678170631226j)	0.5498228073120117	63.96604
672	(3.755781073637831-0.4313019694840796j)	0.3594660758972168	64.06137
673	(3.7720309639184744-0.37327355611428814j)	0.36255383491516113	64.1567
674	(3.7862039139979276-0.31450764443715573j)	0.3596038818359375	64.25203
675	(3.7979660827718384-0.25501835615951096j)	0.2919290065765381	64.34735
676	(3.807645301564323-0.19533974629279638j)	0.2965688705444336	64.44268
677	(3.8146351053032355-0.13524293017860445j)	0.30762815475463867	64.53801
678	(3.818970344196493-0.0750586430351281j)	0.30150699615478516	64.63334
679	(3.8211421650818957-0.014721726494005383j)	0.30750489234924316	64.72867
680	(3.8209430116599723+0.045928620849112756j)	0.3124539852142334	64.82399
681	(3.8185639845184594+0.10617669147021758j)	0.3177931308746338	64.91932
682	(3.8135676859905487+0.16643420479384163j)	0.32271504402160645	65.01465
683	(3.8058508045228625+0.22638761561375942j)	0.30683398246765137	65.10998
684	(3.7959338688786453+0.2859236443231763j)	0.3007791042327881	65.20531
685	(3.7838066703886537+0.3453169057366592j)	0.2993447780609131	65.30063
686	(3.7694560729516224+0.4037514202556234j)	0.2963447570800781	65.39596
687	(3.7526745570549496+0.4617472741759423j)	0.30103302001953125	65.49129
688	(3.7332449828957888+0.5190811758590255j)	0.3068091869354248	65.58662
689	(3.7118358020431863+0.5756497741275581j)	0.29827189445495605	65.68194
690	(3.68806644845065+0.631219409874338j)	0.3073279857635498	65.77727
691	(3.662336321887907+0.6855666448812495j)	0.2994270324707031	65.8726
692	(3.6344277579148248+0.7389756910506688j)	0.2974982261657715	65.96793
693	(3.6040858864593983+0.791399345756194j)	0.30055904388427734	66.06326
694	(3.571907944893702+0.8425300508337352j)	0.30207109451293945	66.15858
695	(3.53764434450316+0.8923650730475515j)	0.3002970218658447	66.25391
696	(3.501522054599799+0.9404392779758874j)	0.30002403259277344	66.34924
697	(3.463328100882053+0.9869925903419939j)	0.2843010425567627	66.44457
698	(3.4235496431917625+1.0325432878435916j)	0.30968213081359863	66.5399
699	(3.3818770883355866+1.076226704546087j)	0.294295072555542	66.63522
700	(3.3384965657849413+1.118316856164346j)	0.31697797775268555	66.73055
701	(3.293457930702863+1.1582637605074018j)	0.29827404022216797	66.82588
702	(3.246974189256579+1.1963917643351782j)	0.3197510242462158	66.92121
703	(3.1988500750554727+1.2329659603171526j)	0.34267282485961914	67.01654
704	(3.1493395952699847+1.267494359365038j)	0.30036282539367676	67.11186
705	(3.098592646015657+1.3001570718880693j)	0.31600403785705566	67.20719
706	(3.046456401063713+1.3304140041585473j)	0.3083686828613281	67.30252
707	(2.9932612980661704+1.3584796659600304j)	0.30400991439819336	67.39785
708	(2.938949166905127+1.3847488709493403j)	0.31349897384643555	67.49318
709	(2.88357550792096+1.4087818635198335j)	0.2892279624938965	67.5885
710	(2.8274965866890374+1.4307046348230748j)	0.31711578369140625	67.68383
711	(2.770365917589753+1.450086169280417j)	0.30072593688964844	67.77916
712	(2.712563569015175+1.467002175871796j)	0.3103160858154297	67.87449
713	(2.654573634923903+1.482144740495896j)	0.28935694694519043	67.96982
714	(2.5951795610739454+1.4945284774481644j)	0.3154633045196533	68.06514
715	(2.5359999830316315+1.5048270137847153j)	0.31674766540527344	68.16047
716	(2.476177957121834+1.5125686173817945j)	0.3014812469482422	68.2558
717	(2.4160636544831746+1.5176957717055917j)	0.29764294624328613	68.35113
718	(2.355764561166589+1.5208506184347155j)	0.3021831512451172	68.44645
719	(2.295682674378947+1.521311209416393j)	0.2989509105682373	68.54178
720	(2.2356995723025297+1.519638663883056j)	0.3018820285797119	68.63711
721	(2.175588479611093+1.5154297149191058j)	0.2974100112915039	68.73244
722	(2.1155596882832124+1.508595505638095j)	0.29441118240356445	68.82777
723	(2.0559441505916802+1.499765575112891j)	0.30005908012390137	68.92309
724	(1.9968630929165632+1.4883332440585049j)	0.29999780654907227	69.01842
725	(1.9385319848263771+1.4746149060146243j)	0.2978250980377197	69.11375
726	(1.8804385238485748+1.4584624229993257j)	0.30707406997680664	69.20908
727	(1.8230029147575726+1.4400983460999304j)	0.29804062843322754	69.30441
728	(1.7664165550827113+1.4196478592778594j)	0.3031809329986572	69.39973
729	(1.7107328204198762+1.396746752821589j)	0.29939818382263184	69.49506
730	(1.656301129751249+1.3716098617476395j)	0.3020968437194824	69.59039
731	(1.6027306551001408+1.3444282349220993j)	0.3067960739135742	69.68572
732	(1.5499751886043487+1.3150190641504058j)	0.3082242012023926	69.78105
733	(1.4986658864371871+1.2837357622383987j)	0.3123011589050293	69.87637
734	(1.4486016855493804+1.250309710294548j)	0.31368494033813477	69.9717
735	(1.4002087049344838+1.2147740501693034j)	0.2942390441894531	70.06703
736	(1.3531811096962474+1.17747752269634j)	0.30457115173339844	70.16236
737	(1.3073274671467456+1.138330020395584j)	0.3303492069244385	70.25769
738	(1.263296977144946+1.0974815881590718j)	0.2932548522949219	70.35301
739	(1.2208589675688546+1.0548867027118751j)	0.2980821132659912	70.44834
740	(1.1804078333530421+1.010391894540172j)	0.2998318672180176	70.54367
741	(1.141768810349583+0.9644479393309917j)	0.3001878261566162	70.639
742	(1.104649730390888+0.9171119891815371j)	0.2945902347564697	70.73433
743	(1.0696193615645115+0.868337230479865j)	0.3053140640258789	70.82965
744	(1.036512167000817+0.8182805568531984j)	0.3009061813354492	70.92498
745	(1.005599046734699+0.766626171125486j)	0.2968120574951172	71.02031
746	(0.9768531772214494+0.7138559712534666j)	0.3009378910064697	71.11564
747	(0.9498155966521817+0.6600300099334767j)	0.300778865814209	71.21096
748	(0.925279447724286+0.6054533818469183j)	0.30218005180358887	71.30629
749	(0.9031022027955147+0.5495832060063114j)	0.30226874351501465	71.40162
750	(0.882685182304686+0.4931939388969511j)	0.3008861541748047	71.49695
751	(0.8649391320192288+0.4356963516371893j)	0.29933905601501465	71.59228
752	(0.8490955191441151+0.3777138534522299j)	0.29665613174438477	71.6876
753	(0.835957459002035+0.31931268654079437j)	0.34078168869018555	71.78293
754	(0.825077559740436+0.2605108507454991j)	0.32053589820861816	71.87826
755	(0.8164973840093265+0.20097859661908007j)	0.30631566047668457	71.97359
756	(0.810422996506454+0.14104991986309773j)	0.3038330078125	72.06892
757	(0.8064010091128627+0.0812147235117398j)	0.3172321319580078	72.16424
758	(0.8051452874984536+0.02131096207941363j)	0.2914910316467285	72.25957
759	(0.8062598685976324-0.03844726057253839j)	0.3136100769042969	72.3549
760	(0.809604117678429-0.0984021477076511j)	0.29497385025024414	72.45023
761	(0.8154142402521773-0.15836389744777407j)	0.34684014320373535	72.54556
762	(0.8233704219863275-0.2176822823420922j)	0.30171799659729004	72.64088
763	(0.8340090866396095-0.27669824032017715j)	0.30486392974853516	72.73621
764	(0.847062576331056-0.3350608479648054j)	0.3139019012451172	72.83154
765	(0.8622136665206005-0.3930574219165899j)	0.3175950050354004	72.92687
766	(0.8796595881142824-0.4506500340460078j)	0.32251691818237305	73.0222
767	(0.8992666955784818-0.5071104879211928j)	0.30052900314331055	73.11752
768	(0.9213459818618948-0.5628757287397947j)	0.29735517501831055	73.21285
769	(0.9457957601166794-0.617546053355441j)	0.3027498722076416	73.30818
770	(0.9721645596403716-0.6712946979557015j)	0.30378222465515137	73.40351
771	(1.0005456951676308-0.724213197397918j)	0.29656410217285156	73.49884
772	(1.0310088848547834-0.7755926717962774j)	0.2988591194152832	73.59416
773	(1.0636271864493012-0.8258714512581559j)	0.2974269390106201	73.68949
774	(1.0984734968441423-0.8746915945339002j)	0.3055100440979004	73.78482
775	(1.1350190444255375-0.922082613944571j)	0.29697299003601074	73.88015
776	(1.1733539344103698-0.968246229159496j)	0.2986156940460205	73.97547
777	(1.2132973536314793-1.0124929792983974j)	0.3006758689880371	74.0708
778	(1.2551462815734-1.0552644347447984j)	0.2969970703125	74.16613
779	(1.2989738863419178-1.0963064283411834j)	0.31584906578063965	74.26146
780	(1.3442429808602034-1.135490950859457j)	0.30330801010131836	74.35679
781	(1.3908526506719516-1.1731190198735155j)	0.29846811294555664	74.45211
782	(1.4388277876947368-1.2084411957243317j)	0.30229687690734863	74.54744
783	(1.4882467373174872-1.2419902243309462j)	0.2947540283203125	74.64277
784	(1.539283474606821-1.2736229747679568j)	0.3173048496246338	74.7381
785	(1.5914663044646944-1.3030804424763194j)	0.3110082149505615	74.83343
786	(1.644481489645957-1.330676822623512j)	0.30408406257629395	74.92875
787	(1.698584117012554-1.3557019077342674j)	0.3027620315551758	75.02408
788	(1.7536209958051772-1.3786879065874622j)	0.299102783203125	75.11941
789	(1.809817524236905-1.3996475707585907j)	0.3090388774871826	75.21474
790	(1.866821629210743-1.4182433462086008j)	0.3074202537536621	75.31007
791	(1.9241328758332787-1.4347122151657208j)	0.29903578758239746	75.40539
792	(1.982201875208098-1.4484780168106002j)	0.3028390407562256	75.50072
793	(2.0406884122827926-1.4599909284060524j)	0.3032369613647461	75.59605
794	(2.0998008719002033-1.4694348878839283j)	0.29429030418395996	75.69138
795	(2.159336932355405-1.4764570500613052j)	0.3020191192626953	75.78671
796	(2.218667121509724-1.4811487153087475j)	0.2996408939361572	75.88203
797	(2.2783817814380716-1.4831419760879225j)	0.3074979782104492	75.97736
798	(2.3380150305324126-1.4827404095273635j)	0.30711913108825684	76.07269
799	(2.3976699280150653-1.4802569838777708j)	0.29674220085144043	76.16802
800	(2.45737428973777-1.4754703779780538j)	0.3009660243988037	76.26335
801	(2.5163745749353263-1.4682102596478641j)	0.3011209964752197	76.35867
802	(2.5753375637108893-1.4583804798839353j)	0.29433298110961914	76.454
803	(2.6337673578289715-1.446105611415332j)	0.310197114944458	76.54933
804	(2.6916636573573474-1.4318367647615653j)	0.28914403915405273	76.64466
805	(2.749011615977933-1.4152488517744353j)	0.31942200660705566	76.73998
806	(2.8054280690514624-1.3964836177368471j)	0.3179919719696045	76.83531
807	(2.8612740679914497-1.3752394268613541j)	0.319415807723999	76.93064
808	(2.916191862139036-1.3516120702306222j)	0.2947847843170166	77.02597
809	(2.9700274053669653-1.326099999071721j)	0.3038618564605713	77.1213
810	(3.0229152195090894-1.2985293428875209j)	0.3047199249267578	77.21662
811	(3.0743577628272307-1.2688940074082766j)	0.29741716384887695	77.31195
812	(3.1248457410779564-1.2370870481752032j)	0.30106019973754883	77.40728
813	(3.1740748822744465-1.2030801321856102j)	0.3068218231201172	77.50261
814	(3.2217441095404746-1.1673497403288486j)	0.30643177032470703	77.59794
815	(3.2680612285063297-1.129918072283326j)	0.30292415618896484	77.69326
816	(3.3125049064172893-1.0905867695713942j)	0.30828189849853516	77.78859
817	(3.355813110742183-1.0492414572970923j)	0.3083000183105469	77.88392
818	(3.397196246827395-1.0064724638984557j)	0.30985283851623535	77.97925
819	(3.4369461610975964-0.9620559854489552j)	0.2917459011077881	78.07458
820	(3.4747353081149632-0.9161755685623421j)	0.3004159927368164	78.1699
821	(3.510440616447363-0.8687141095125499j)	0.29754114151000977	78.26523
822	(3.544450133411334-0.819921403953376j)	0.29596590995788574	78.36056
823	(3.576728695027392-0.7696526429486095j)	0.297177791595459	78.45589
824	(3.606796254854544-0.7181616853468571j)	0.2927861213684082	78.55122
825	(3.6347653068185344-0.6658458492360793j)	0.3037722110748291	78.64654
826	(3.6603436089049577-0.6121528207642362j)	0.30306482315063477	78.74187
827	(3.6840498087399967-0.557709628281134j)	0.286074161529541	78.8372
828	(3.7055919551984666-0.5020737968460391j)	0.2999868392944336	78.93253
829	(3.724915310254358-0.4456792657702686j)	0.2931802272796631	79.02786
830	(3.741650431576888-0.38916173733274095j)	0.2975900173187256	79.12318
831	(3.7563112129874607-0.3311400034911345j)	0.29041099548339844	79.21851
832	(3.7685177903218587-0.2729789686146813j)	0.2990739345550537	79.31384
833	(3.778731208481387-0.21440323223038038j)	0.29741692543029785	79.40917
834	(3.7864006253288203-0.15553800047644173j)	0.2907140254974365	79.50449
835	(3.791779844896163-0.09641922798350078j)	0.29616522789001465	79.59982
836	(3.7945781372007454-0.03688684530749731j)	0.3001070022583008	79.69515
837	(3.7949740581958897+0.022593007933218168j)	0.3169569969177246	79.79048
838	(3.7933128576102573+0.08190429978643743j)	0.3180110454559326	79.88581
839	(3.7891493652397026+0.14111070782468316j)	0.2958409786224365	79.98113
840	(3.7826597783029223+0.20000814231745578j)	0.3005788326263428	80.07646
841	(3.77369491937009+0.25890937907937306j)	0.295943021774292	80.17179
842	(3.762297130627573+0.3173486277050439j)	0.29678893089294434	80.26712
843	(3.7488349509507617+0.3750611600796845j)	0.29832911491394043	80.36245
844	(3.733032771173659+0.43224018034572387j)	0.2925140857696533	80.45777
845	(3.7149229307537146+0.4885829784029556j)	0.2972538471221924	80.5531
846	(3.694554157470326+0.5444905918041443j)	0.2998189926147461	80.64843
847	(3.671854178488327+0.5995696182801309j)	0.3018620014190674	80.74376
848	(3.647142337093884+0.6534149959043871j)	0.3050510883331299	80.83909
849	(3.6203516385449763+0.7062782115966773j)	0.29540491104125977	80.93441
850	(3.591337270365125+0.757845458737517j)	0.29926180839538574	81.02974
851	(3.560370290939723+0.8085262834308682j)	0.2994670867919922	81.12507
852	(3.52730218945442+0.8580486992084568j)	0.2948441505432129	81.2204
853	(3.492349992356512+0.905914780886361j)	0.30672669410705566	81.31573
854	(3.4556496431775487+0.9523465025544648j)	0.2925901412963867	81.41105
855	(3.416888345696788+0.9971147939900562j)	0.30048084259033203	81.50638
856	(3.3765418235738203+1.0405525981932453j)	0.29703497886657715	81.60171
857	(3.3344438819519864+1.082540287683318j)	0.3083689212799072	81.69704
858	(3.290675141596298+1.122547687216441j)	0.3335459232330322	81.79237
859	(3.245530960648935+1.1606925139127229j)	0.31366705894470215	81.88769
860	(3.1985775470396183+1.1969109609038004j)	0.3030130863189697	81.98302
861	(3.1504394417957453+1.231391719460922j)	0.2948729991912842	82.07835
862	(3.100998460798352+1.2641657324044953j)	0.3107011318206787	82.17368
863	(3.0503801065199108+1.2945769844823962j)	0.3035922050476074	82.269
864	(2.998393816767429+1.323078343645721j)	0.3059101104736328	82.36433
865	(2.9451354550151985+1.3493345719293564j)	0.30774497985839844	82.45966
866	(2.8911052477247963+1.3735116508142817j)	0.30209803581237793	82.55499
867	(2.8362881112101483+1.3957620623150395j)	0.3050539493560791	82.65032
868	(2.7806119168068815+1.4154801523391694j)	0.3067300319671631	82.74564
869	(2.7240991334108555+1.4331062698941397j)	0.3219180107116699	82.84097
870	(2.666677815771936+1.4483763670592609j)	0.29917311668395996	82.9363
871	(2.608893819770384+1.4613229109883221j)	0.2956571578979492	83.03163
872	(2.5509919208193415+1.4723677889820155j)	0.28067469596862793	83.12696
873	(2.492366867395548+1.4804331952172718j)	0.29808473587036133	83.22228
874	(2.433575963784821+1.4864684733296323j)	0.29187512397766113	83.31761
875	(2.374298223874998+1.4901585575306326j)	0.29715585708618164	83.41294
876	(2.315055663600935+1.491398538995147j)	0.30043697357177734	83.50827
877	(2.256114304459069+1.4904122274162093j)	0.29204511642456055	83.6036
878	(2.1971296618736464+1.486922204092622j)	0.3052248954772949	83.69892
879	(2.1383874271571623+1.4811188963343154j)	0.3051459789276123	83.79425
880	(2.0796289323598245+1.473085349740343j)	0.2989816665649414	83.88958
881	(2.021288106506951+1.4626080786798972j)	0.2957630157470703	83.98491
882	(1.963751647920947+1.4498527365138019j)	0.29822587966918945	84.08024
883	(1.9066495843048408+1.4347596148389103j)	0.29900097846984863	84.17556
884	(1.8502697683998153+1.4173457862474674j)	0.29296207427978516	84.27089
885	(1.7943768196930323+1.3979041876817808j)	0.301954984664917	84.36622
886	(1.7392676244338328+1.3761605170924125j)	0.30046582221984863	84.46155
887	(1.6854047755970578+1.3521733666002678j)	0.2923769950866699	84.55688
888	(1.6324725237419946+1.326086419654859j)	0.3000361919403076	84.6522
889	(1.580669089864041+1.297762885731312j)	0.3124527931213379	84.74753
890	(1.5298607878218067+1.2676761620650239j)	0.31105470657348633	84.84286
891	(1.480190353951773+1.235555297451833j)	0.2998790740966797	84.93819
892	(1.4321078084163963+1.2012154404067772j)	0.28742313385009766	85.03351
893	(1.3854762237420042+1.16528156786644j)	0.29397106170654297	85.12884
894	(1.3402805780416789+1.1271935342779162j)	0.2916388511657715	85.22417
895	(1.2965623012569036+1.0876484325288842j)	0.2967381477355957	85.3195
896	(1.2543191873005752+1.0464432479783061j)	0.30270814895629883	85.41483
897	(1.2141554478365153+1.0034919634219601j)	0.30163097381591797	85.51015
898	(1.1754463791772114+0.9587967998628342j)	0.30059313774108887	85.60548
899	(1.1386290657188018+0.9124814390611609j)	0.3022899627685547	85.70081
900	(1.1037110434915125+0.8650427246660992j)	0.2998349666595459	85.79614
901	(1.070581716777301+0.8163917444114505j)	0.2971608638763428	85.89147
902	(1.0397626240703897+0.7662673719276256j)	0.2990598678588867	85.98679
903	(1.0106807963554485+0.7148853111189168j)	0.29892826080322266	86.08212
904	(0.9836845912711173+0.6622127976026604j)	0.29304027557373047	86.17745
905	(0.9589210056648614+0.6087657467500012j)	0.29686403274536133	86.27278
906	(0.9362236255077279+0.5545976731991319j)	0.30315279960632324	86.36811
907	(0.9159530828084377+0.4993110090933173j)	0.29803991317749023	86.46343
908	(0.8976660971412195+0.4432836751375239j)	0.30126285552978516	86.55876
909	(0.8815531553122069+0.3863740393763202j)	0.3074300289154053	86.65409
910	(0.867889257397991+0.3290501761459709j)	0.32840800285339355	86.74942
911	(0.8565144082919872+0.2715055763991135j)	0.3212428092956543	86.84475
912	(0.8475828594479848+0.2132745964576408j)	0.30257582664489746	86.94007
913	(0.8408226314314433+0.15481619475986286j)	0.39795804023742676	87.0354
914	(0.8362292470987615+0.09595276404997571j)	0.308225154876709	87.13073
915	(0.8341695365111861+0.03704515748090276j)	0.29669713973999023	87.22606
916	(0.8345487631126901-0.02160239124165919j)	0.3166952133178711	87.32139
917	(0.8372994454622228-0.08044399216564282j)	0.308197021484375	87.41671
918	(0.8423301025343459-0.13903091435875523j)	0.2989380359649658	87.51204
919	(0.8494449055327795-0.19750012571055509j)	0.30715131759643555	87.60737
920	(0.8590334072564132-0.25562654243620464j)	0.30144309997558594	87.7027
921	(0.8698762953425827-0.3125365119428639j)	0.2853560447692871	87.79802
922	(0.885441075983923-0.37015737999605747j)	0.30649805068969727	87.89335
923	(0.9020474247390372-0.42656928209292855j)	0.2957019805908203	87.98868
924	(0.9205845554824739-0.48231619923697294j)	0.29933881759643555	88.08401
925	(0.9414251548848166-0.5373357421276179j)	0.33740806579589844	88.17934
926	(0.9645884264818352-0.5911433908319955j)	0.2919478416442871	88.27466
927	(0.9900251287998212-0.6443544242191559j)	0.300368070602417	88.36999
928	(1.0175226753404-0.6963765796293442j)	0.29621291160583496	88.46532
929	(1.0467526614387064-0.7472013014916309j)	0.2973949909210205	88.56065
930	(1.0779996555676985-0.7969059190589451j)	0.30059194564819336	88.65598
931	(1.1113645739146434-0.8452568971158643j)	0.3099672794342041	88.7513
932	(1.146827313147644-0.8921600377945601j)	0.2983369827270508	88.84663
933	(1.1840919656499835-0.9377468535827977j)	0.2954728603363037	88.94196
934	(1.2228518795524503-0.9816540434727616j)	0.30039381980895996	89.03729
935	(1.2632597705238808-1.0240548264913647j)	0.2984449863433838	89.13262
936	(1.3056548118737632-1.0645901044598118j)	0.304746150970459	89.22794
937	(1.3495534995643832-1.103762972781023j)	0.29932308197021484	89.32327
938	(1.3950691424795405-1.1411189472167584j)	0.2975897789001465	89.4186
939	(1.4418105209789516-1.1763956963535718j)	0.30327796936035156	89.51393
940	(1.4897779203533519-1.2098058052178637j)	0.29407620429992676	89.60926
941	(1.539412013337168-1.241162198516871j)	0.3247520923614502	89.70458
942	(1.590089026984511-1.2708074099068318j)	0.3041799068450928	89.79991
943	(1.6420151397824947-1.2984562413379368j)	0.2924072742462158	89.89524
944	(1.6948644144020721-1.32373776547205j)	0.29697418212890625	89.99057
945	(1.7484932652266627-1.346835624860491j)	0.3056187629699707	90.0859
946	(1.8033727351231144-1.3677817372514434j)	0.3013019561767578	90.18122
947	(1.858824683315558-1.3867206511023866j)	0.30410289764404297	90.27655
948	(1.9150712397532894-1.4035659829228258j)	0.29872703552246094	90.37188
949	(1.9719025622788569-1.4178775248884858j)	0.3016340732574463	90.46721
