	res_adaptive	time_adaptive	w
0	(1.086874797801012-0.07516954129651651j)	0.3157329559326172	0.001
1	(1.2740817668220434-0.2988689103924516j)	0.2963998317718506	0.09633
2	(1.39483243299043-0.4364009413635996j)	0.35828709602355957	0.19166
3	(1.489090045533433-0.539971186285673j)	0.3252851963043213	0.28698
4	(1.5719995481246385-0.6428786675713025j)	0.3082277774810791	0.38231
5	(1.6442243714148685-0.7218927658748678j)	0.3186948299407959	0.47764
6	(1.7143595322495508-0.8003604890520416j)	0.30705904960632324	0.57297
7	(1.782528969150782-0.8732295812447481j)	0.3589510917663574	0.6683
8	(1.843208075935761-0.941918056881149j)	0.32160496711730957	0.76362
9	(1.9056164842254244-1.000994401548008j)	0.31408095359802246	0.85895
10	(1.96551287180676-1.0619615975271262j)	0.2937488555908203	0.95428
11	(2.0251933044716193-1.1204633488945763j)	0.2999699115753174	1.04961
12	(2.0806945542768474-1.1712782543663052j)	0.3062100410461426	1.14494
13	(2.140335653926345-1.2237286664314713j)	0.29732513427734375	1.24026
14	(2.1963295126811313-1.273920862060915j)	0.3049750328063965	1.33559
15	(2.2523498249319287-1.322667321899138j)	0.30480003356933594	1.43092
16	(2.3081200182086246-1.3644271228065645j)	0.3040478229522705	1.52625
17	(2.3651278298844467-1.4094998967595609j)	0.3153250217437744	1.62157
18	(2.419608512656412-1.4513336314314333j)	0.29986095428466797	1.7169
19	(2.474073243091883-1.4920826525614075j)	0.301699161529541	1.81223
20	(2.530938068643695-1.5276416238521722j)	0.3045997619628906	1.90756
21	(2.5849199004498864-1.56774648693645j)	0.3070189952850342	2.00289
22	(2.640493801467453-1.6008162960211596j)	0.3247249126434326	2.09821
23	(2.694598243571746-1.6345197803160405j)	0.3153069019317627	2.19354
24	(2.752293101377984-1.665403774201098j)	0.308398962020874	2.28887
25	(2.8047619018178933-1.6979849654903993j)	0.30039119720458984	2.3842
26	(2.861969084268226-1.7247226844759573j)	0.3270378112792969	2.47953
27	(2.9157505305065765-1.7531968595447969j)	0.3020811080932617	2.57485
28	(2.9735778834454805-1.779993272809775j)	0.3017418384552002	2.67018
29	(3.0258567974312522-1.8050861520406039j)	0.3241729736328125	2.76551
30	(3.0841362683083897-1.8279145924463593j)	0.3055229187011719	2.86084
31	(3.1382924461669-1.8510029372286845j)	0.30332183837890625	2.95617
32	(3.1953854458672897-1.8726428270205056j)	0.3164658546447754	3.05149
33	(3.2485981270862614-1.8907531474168036j)	0.33457517623901367	3.14682
34	(3.3069604727212165-1.9100146022915285j)	0.3105952739715576	3.24215
35	(3.361212533555423-1.9269867946715982j)	0.30141401290893555	3.33748
36	(3.4171347021784255-1.9429607728202594j)	0.2997899055480957	3.43281
37	(3.4727072026499126-1.9561480330860883j)	0.29935383796691895	3.52813
38	(3.5302264415064313-1.9715680142795107j)	0.3034677505493164	3.62346
39	(3.5850111204594772-1.9826785264956273j)	0.29999470710754395	3.71879
40	(3.641019934095304-1.993682838870554j)	0.30323100090026855	3.81412
41	(3.698423293800855-2.0034078725813655j)	0.2990729808807373	3.90945
42	(3.7535531683926924-2.012930926767706j)	0.3032348155975342	4.00477
43	(3.8090950864784108-2.018667424237753j)	0.2981569766998291	4.1001
44	(3.864987608214566-2.0248215739788615j)	0.29884815216064453	4.19543
45	(3.921887803373183-2.0304081867592227j)	0.30281805992126465	4.29076
46	(3.976435700727547-2.0344348906957364j)	0.2976529598236084	4.38608
47	(4.032643644336923-2.0354076335144584j)	0.299515962600708	4.48141
48	(4.088169261678959-2.0367772694050554j)	0.30284595489501953	4.57674
49	(4.1443523035379215-2.037936619608185j)	0.3080942630767822	4.67207
50	(4.19836068011217-2.0349269802175782j)	0.300947904586792	4.7674
51	(4.254677180119168-2.033254555113944j)	0.30579304695129395	4.86272
52	(4.309581147390104-2.0298641309859877j)	0.30143308639526367	4.95805
53	(4.364202844266674-2.0262642303010043j)	0.33491992950439453	5.05338
54	(4.419084750742646-2.018385575147559j)	0.3213059902191162	5.14871
55	(4.47401949783873-2.0136847223393914j)	0.29462504386901855	5.24404
56	(4.528180868460497-2.004361463673866j)	0.2981088161468506	5.33936
57	(4.581468405315731-1.9957396891719565j)	0.30004143714904785	5.43469
58	(4.636510683144064-1.983788966576832j)	0.3043520450592041	5.53002
59	(4.689131274202504-1.9742757907415185j)	0.3141341209411621	5.62535
60	(4.742747563351192-1.9598248479494544j)	0.29665422439575195	5.72068
61	(4.794914157988091-1.9468556138601654j)	0.3063499927520752	5.816
62	(4.849337924163496-1.9313976854738106j)	0.29988765716552734	5.91133
63	(4.899772378896002-1.9164949257269799j)	0.30037569999694824	6.00666
64	(4.952981766515035-1.8981375940791552j)	0.30074596405029297	6.10199
65	(5.004081088903914-1.8806140932022022j)	0.2998840808868408	6.19732
66	(5.0563361409231975-1.861424935509163j)	0.29768800735473633	6.29264
67	(5.104994792690473-1.8409233633896602j)	0.2968928813934326	6.38797
68	(5.1570467155829585-1.8191879079445294j)	0.31668925285339355	6.4833
69	(5.206147023953569-1.7970018546137618j)	0.29850292205810547	6.57863
70	(5.255373788712426-1.7737342271745629j)	0.3051869869232178	6.67396
71	(5.3037219850566535-1.74826931046736j)	0.29881882667541504	6.76928
72	(5.353724237124048-1.7233643142181487j)	0.2981679439544678	6.86461
73	(5.4008076564079355-1.6965303842690957j)	0.308743953704834	6.95994
74	(5.447926144334393-1.6689840584081712j)	0.33336806297302246	7.05527
75	(5.494748345627957-1.6392985405413758j)	0.3125789165496826	7.15059
76	(5.541881857661545-1.6110991759276199j)	0.29732465744018555	7.24592
77	(5.586961842175712-1.5798231747452847j)	0.30182886123657227	7.34125
78	(5.63179226038238-1.5481760296553135j)	0.31427788734436035	7.43658
79	(5.677458491064033-1.515813317971968j)	0.29812002182006836	7.53191
80	(5.720484337671213-1.4829241930095716j)	0.3092641830444336	7.62723
81	(5.763530870491888-1.445623581699549j)	0.29970717430114746	7.72256
82	(5.80583091682872-1.4120855701927877j)	0.3057558536529541	7.81789
83	(5.848464982713889-1.3766102532803817j)	0.30425310134887695	7.91322
84	(5.888022557691656-1.338498321881218j)	0.330322265625	8.00855
85	(5.929327487669985-1.3006257233172618j)	0.3224020004272461	8.10387
86	(5.968894135410637-1.2615263955303198j)	0.30114293098449707	8.1992
87	(6.007985284939229-1.2228088061184559j)	0.3019130229949951	8.29453
88	(6.045369250218201-1.1805779807742947j)	0.3029801845550537	8.38986
89	(6.08378174470652-1.1404832564486957j)	0.29605627059936523	8.48519
90	(6.118810029586361-1.0973854962632044j)	0.28159189224243164	8.58051
91	(6.155147327277903-1.0552092487578177j)	0.30376601219177246	8.67584
92	(6.190304218796908-1.0096631975041042j)	0.3024318218231201	8.77117
93	(6.2244369178621906-0.9667376002573931j)	0.29932522773742676	8.8665
94	(6.2621586406032055-0.9198895966968212j)	0.27878713607788086	8.96183
95	(6.289130613360371-0.8747840783868225j)	0.3023097515106201	9.05715
96	(6.321666850201513-0.8267379888519566j)	0.29995012283325195	9.15248
97	(6.351281167277701-0.7806183780244753j)	0.30402588844299316	9.24781
98	(6.381234774176038-0.7311329182085391j)	0.2996048927307129	9.34314
99	(6.409815978357764-0.6825742155210383j)	0.29909801483154297	9.43847
100	(6.438380278521598-0.6327445630308559j)	0.40595126152038574	9.53379
101	(6.463597786083121-0.5831980840815265j)	0.30573391914367676	9.62912
102	(6.49037145585709-0.5315479201377414j)	0.30016493797302246	9.72445
103	(6.5148808682886274-0.480386420795203j)	0.29839468002319336	9.81978
104	(6.5395171070617675-0.4286149894956715j)	0.3251380920410156	9.9151
105	(6.559184894812025-0.3757818035593406j)	0.3079509735107422	10.01043
106	(6.58374513607362-0.322453443366073j)	0.30658578872680664	10.10576
107	(6.604073493433601-0.26885455321744445j)	0.2959308624267578	10.20109
108	(6.6234531967039505-0.21498160963464064j)	0.31046509742736816	10.29642
109	(6.641857775663253-0.1594867594901242j)	0.30027174949645996	10.39174
110	(6.660576773586698-0.10496230251008754j)	0.3016998767852783	10.48707
111	(6.67670231938332-0.04917041648101694j)	0.2984950542449951	10.5824
112	(6.691758875557151+0.006805821155825342j)	0.3036179542541504	10.67773
113	(6.707335995436085+0.06364805476397617j)	0.30607008934020996	10.77306
114	(6.720227085445491+0.11977612285609202j)	0.301837682723999	10.86838
115	(6.732167809896985+0.17740617150585733j)	0.30948805809020996	10.96371
116	(6.742918282589681+0.23514092065849243j)	0.3012049198150635	11.05904
117	(6.7540579369916705+0.29270432060501256j)	0.3063969612121582	11.15437
118	(6.76138547502475+0.3509721114311694j)	0.29847192764282227	11.2497
119	(6.769956919669455+0.40955251791053293j)	0.29885220527648926	11.34502
120	(6.776390285299366+0.4686123239390154j)	0.3032057285308838	11.44035
121	(6.782598893912443+0.526721015307728j)	0.2976870536804199	11.53568
122	(6.785722054432433+0.5868503926784148j)	0.3000979423522949	11.63101
123	(6.790231653148261+0.6456839689374949j)	0.2981851100921631	11.72634
124	(6.7916906302008995+0.705808772966088j)	0.3131411075592041	11.82166
125	(6.792665419591309+0.7644531716882556j)	0.3202979564666748	11.91699
126	(6.791911278939528+0.8257426324779582j)	0.3202018737792969	12.01232
127	(6.791219268570954+0.8845125099928388j)	0.31936120986938477	12.10765
128	(6.787971389829425+0.9452071701465647j)	0.298724889755249	12.20298
129	(6.784116891942548+1.0045495012725265j)	0.33066534996032715	12.2983
130	(6.779564114077255+1.0661326415073602j)	0.309628963470459	12.39363
131	(6.773367137011403+1.1249135668605375j)	0.3028299808502197	12.48896
132	(6.7670697219837805+1.1860671211753846j)	0.3111438751220703	12.58429
133	(6.756918357285303+1.2455453566843115j)	0.3026432991027832	12.67961
134	(6.7483616637836015+1.3065761296835585j)	0.3031141757965088	12.77494
135	(6.73667065533625+1.365503615312186j)	0.3094451427459717	12.87027
136	(6.725014154101608+1.4262964928236157j)	0.3331179618835449	12.9656
137	(6.71173854406058+1.486006609004956j)	0.31474900245666504	13.06093
138	(6.698116368974163+1.5457104787579148j)	0.3120088577270508	13.15625
139	(6.6820147452906875+1.6048602288598526j)	0.3077409267425537	13.25158
140	(6.665304456612414+1.664653987208881j)	0.29947495460510254	13.34691
141	(6.647256924734682+1.7237172622112484j)	0.29766011238098145	13.44224
142	(6.6279642394375475+1.782040125830477j)	0.3017568588256836	13.53757
143	(6.60726781510331+1.8412828357364857j)	0.3022189140319824	13.63289
144	(6.58681612918982+1.8996368900102558j)	0.3013768196105957	13.72822
145	(6.564072026726167+1.9577431236457876j)	0.3070378303527832	13.82355
146	(6.539880075615665+2.0151802082514956j)	0.3022749423980713	13.91888
147	(6.51586822278258+2.0734983587630844j)	0.31360697746276855	14.01421
148	(6.489740705625015+2.1298543644620453j)	0.3081033229827881	14.10953
149	(6.462436735333732+2.1866739383367086j)	0.301408052444458	14.20486
150	(6.433622237235413+2.242954553851016j)	0.297076940536499	14.30019
151	(6.405404914143873+2.2990563678893117j)	0.2976410388946533	14.39552
152	(6.373670571730766+2.353855620806381j)	0.29847097396850586	14.49085
153	(6.342730962195273+2.409109352246483j)	0.3069310188293457	14.58617
154	(6.309600465627911+2.463844002284132j)	0.2974362373352051	14.6815
155	(6.276882018108709+2.517329420649839j)	0.29930996894836426	14.77683
156	(6.240667073051464+2.570920417512334j)	0.3318789005279541	14.87216
157	(6.205904932788346+2.6238432488960837j)	0.302274227142334	14.96749
158	(6.168272990755877+2.676369122021831j)	0.3047010898590088	15.06281
159	(6.130837860148685+2.727080568771048j)	0.3006751537322998	15.15814
160	(6.090766370467377+2.77903072574958j)	0.29964399337768555	15.25347
161	(6.051669269637619+2.8288306081176424j)	0.29742002487182617	15.3488
162	(6.010163398698425+2.879129027938898j)	0.3017299175262451	15.44412
163	(5.967996744818717+2.927081380192961j)	0.30195188522338867	15.53945
164	(5.924575760515494+2.9767188740583874j)	0.29671216011047363	15.63478
165	(5.880966578349313+3.0232734276394844j)	0.30285191535949707	15.73011
166	(5.835490217184457+3.070629744998045j)	0.31813931465148926	15.82544
167	(5.7893209403606525+3.1148987682126j)	0.2899291515350342	15.92076
168	(5.742737464617205+3.162619851907931j)	0.2971611022949219	16.01609
169	(5.694681659452413+3.2059906947349983j)	0.297210693359375	16.11142
170	(5.645840862841072+3.250340238768844j)	0.3060121536254883	16.20675
171	(5.595945008423268+3.2932647585336685j)	0.2955019474029541	16.30208
172	(5.5459646082557414+3.335507822215995j)	0.29967689514160156	16.3974
173	(5.493675422848193+3.375798676768294j)	0.3004159927368164	16.49273
174	(5.441664799117692+3.4166202886907295j)	0.297778844833374	16.58806
175	(5.388442324112026+3.456037298324106j)	0.30005884170532227	16.68339
176	(5.334522070415026+3.4937114176641675j)	0.31420302391052246	16.77872
177	(5.279144029222205+3.531538471935635j)	0.316572904586792	16.87404
178	(5.2241574337973855+3.5683524473014194j)	0.3294079303741455	16.96937
179	(5.167776835114727+3.6039677783415596j)	0.30687808990478516	17.0647
180	(5.126951464427136+3.6391601370429707j)	0.2749147415161133	17.16003
181	(5.052768051099234+3.6726015861919272j)	0.3253788948059082	17.25536
182	(4.994290916209582+3.70449243374964j)	0.313154935836792	17.35068
183	(4.935018043699502+3.7360586374112463j)	0.2973823547363281	17.44601
184	(4.874456166890885+3.7662047933069287j)	0.31004810333251953	17.54134
185	(4.8147296707639695+3.7963629417714344j)	0.30786800384521484	17.63667
186	(4.7527544888789315+3.823689078634294j)	0.30448198318481445	17.732
187	(4.691342288672953+3.851407422575482j)	0.313032865524292	17.82732
188	(4.628216564253792+3.877631929864667j)	0.32758116722106934	17.92265
189	(4.566297882429361+3.9027831892968514j)	0.30483484268188477	18.01798
190	(4.501530621244485+3.926277938429447j)	0.3032069206237793	18.11331
191	(4.438023288293769+3.949196986497658j)	0.298076868057251	18.20863
192	(4.3731830058900725+3.970865828587839j)	0.3086557388305664	18.30396
193	(4.308705530307166+3.991176708166737j)	0.3021881580352783	18.39929
194	(4.24189247890812+4.010789006215453j)	0.3040802478790283	18.49462
195	(4.176760418669687+4.028886215176973j)	0.31242823600769043	18.58995
196	(4.109283559545147+4.045796940980439j)	0.2998619079589844	18.68527
197	(4.0433267192574505+4.060968179891092j)	0.29960107803344727	18.7806
198	(3.9752300314212987+4.07641640909331j)	0.2997879981994629	18.87593
199	(3.9083362553712213+4.089167040528351j)	0.3000030517578125	18.97126
200	(3.8399739833422375+4.101422406681364j)	0.30017900466918945	19.06659
201	(3.7716635632199482+4.11164990971539j)	0.3057241439819336	19.16191
202	(3.702913260699764+4.122466438363846j)	0.30194592475891113	19.25724
203	(3.6343437309479074+4.129933558540809j)	0.3034229278564453	19.35257
204	(3.5649940266502815+4.13741026812744j)	0.29637908935546875	19.4479
205	(3.4953855155548603+4.143407469928575j)	0.30284595489501953	19.54323
206	(3.426302021563239+4.148404327511116j)	0.3018360137939453	19.63855
207	(3.3563084868912303+4.150804074179027j)	0.3050711154937744	19.73388
208	(3.2864376219981573+4.15329744276894j)	0.3444631099700928	19.82921
209	(3.2162922395097393+4.154305045422794j)	0.3055911064147949	19.92454
210	(3.14662937627666+4.153122979196296j)	0.29854273796081543	20.01987
211	(3.075818038934847+4.151471803678448j)	0.30019092559814453	20.11519
212	(3.00582028071654+4.14876637703373j)	0.30298900604248047	20.21052
213	(2.9355329117700046+4.144640439787781j)	0.3067209720611572	20.30585
214	(2.865213869929464+4.138193353567303j)	0.2990901470184326	20.40118
215	(2.7946482887472506+4.132376174303759j)	0.30242204666137695	20.49651
216	(2.7246697193776233+4.123620721000823j)	0.30150794982910156	20.59183
217	(2.654591982182231+4.1142641684072485j)	0.30229878425598145	20.68716
218	(2.5840345820234805+4.102816035299431j)	0.3011479377746582	20.78249
219	(2.5144417881955365+4.09177120703899j)	0.2980611324310303	20.87782
220	(2.4445226039294448+4.07779360788999j)	0.2966451644897461	20.97314
221	(2.3749826269263754+4.063178040779134j)	0.300386905670166	21.06847
222	(2.304757325112253+4.046948246923728j)	0.3059499263763428	21.1638
223	(2.2363663449271125+4.030330412778754j)	0.30174684524536133	21.25913
224	(2.166560610487622+4.010992701140436j)	0.2994089126586914	21.35446
225	(2.098253416815218+3.9915175217917427j)	0.2947678565979004	21.44978
226	(2.029008546767078+3.970614917057561j)	0.3119852542877197	21.54511
227	(1.961875823123172+3.948266800211416j)	0.29498910903930664	21.64044
228	(1.8929192791116387+3.9244061947100923j)	0.3109700679779053	21.73577
229	(1.8260518900225298+3.8998716913033578j)	0.3337128162384033	21.8311
230	(1.7583450768325468+3.8739376865963013j)	0.3140380382537842	21.92642
231	(1.6924729135895231+3.8459570227730366j)	0.3081941604614258	22.02175
232	(1.6251261630833131+3.8177372781152177j)	0.3036079406738281	22.11708
233	(1.560002152463713+3.7877907779207716j)	0.3102891445159912	22.21241
234	(1.4944103342640198+3.7567312635150234j)	0.2999570369720459	22.30774
235	(1.4297136841836873+3.723901710717646j)	0.32504701614379883	22.40306
236	(1.364712253123996+3.69129860594889j)	0.2960991859436035	22.49839
237	(1.3014419008045164+3.6560800022395346j)	0.3015167713165283	22.59372
238	(1.2379979836369672+3.6203121046982454j)	0.30981993675231934	22.68905
239	(1.1748899354810742+3.583267523557219j)	0.3311011791229248	22.78438
240	(1.113116873122352+3.545516804857265j)	0.3254261016845703	22.8797
241	(1.0518580877120303+3.505347820300175j)	0.30199480056762695	22.97503
242	(0.9909958450763359+3.465005508699614j)	0.29865384101867676	23.07036
243	(0.930579236417225+3.423554273535694j)	0.3042633533477783	23.16569
244	(0.8719662992533552+3.3803184515814193j)	0.30328822135925293	23.26102
245	(0.8127274873750816+3.336303533052797j)	0.3026869297027588	23.35634
246	(0.7548475353245132+3.2915062511079367j)	0.2970311641693115	23.45167
247	(0.6975614015699467+3.2457315218445846j)	0.29875802993774414	23.547
248	(0.6415824396855909+3.1977578605726458j)	0.3088679313659668	23.64233
249	(0.5854955371824774+3.149736820977612j)	0.2985680103302002	23.73765
250	(0.5309388918251142+3.100607013463324j)	0.2987809181213379	23.83298
251	(0.47712913161539633+3.0505945724206747j)	0.30295801162719727	23.92831
252	(0.4238741549158781+2.9983731304645636j)	0.29984402656555176	24.02364
253	(0.3716998243221127+2.94708880332136j)	0.3024709224700928	24.11897
254	(0.3205842365385941+2.8932002256692853j)	0.3058619499206543	24.21429
255	(0.2705075802377201+2.839085313604727j)	0.3006746768951416	24.30962
256	(0.2205806830975019+2.7831866920109634j)	0.3069941997528076	24.40495
257	(0.172646206478054+2.727923455269952j)	0.2943840026855469	24.50028
258	(0.12497571206730157+2.669864373018355j)	0.3154618740081787	24.59561
259	(0.07887024789280017+2.6122812217995786j)	0.3238091468811035	24.69093
260	(0.03265673390115581+2.553167132122505j)	0.32874083518981934	24.78626
261	(-0.010815730050519334+2.4938895686301312j)	0.30740904808044434	24.88159
262	(-0.05488501735751666+2.432628187054869j)	0.2990579605102539	24.97692
263	(-0.09684709583117804+2.3716395516430286j)	0.29932069778442383	25.07225
264	(-0.1385979460759159+2.3093818040389693j)	0.3024780750274658	25.16757
265	(-0.1776740483467452+2.2462258148787932j)	0.30136680603027344	25.2629
266	(-0.21759147962785524+2.1819933636306015j)	0.29677486419677734	25.35823
267	(-0.25496202173394156+2.1179382236276307j)	0.3028268814086914	25.45356
268	(-0.2917234508587125+2.0526870976767357j)	0.2996501922607422	25.54889
269	(-0.3269489184577195+1.9862926360587887j)	0.29809093475341797	25.64421
270	(-0.36221675795127417+1.9200615193188695j)	0.3036038875579834	25.73954
271	(-0.39487070155917114+1.8525815324883066j)	0.30533289909362793	25.83487
272	(-0.42693058807438977+1.7846453243109779j)	0.30104875564575195	25.9302
273	(-0.4582556705755685+1.7158394964173598j)	0.30037927627563477	26.02553
274	(-0.4877509023018363+1.647182105076631j)	0.3046441078186035	26.12085
275	(-0.5157237249047482+1.5769612292131547j)	0.30343174934387207	26.21618
276	(-0.5428730505318129+1.5067013643610112j)	0.2960069179534912	26.31151
277	(-0.5692588248180511+1.4359577215074584j)	0.3070967197418213	26.40684
278	(-0.5934914913398956+1.364990685397617j)	0.29506468772888184	26.50216
279	(-0.6167541359069183+1.2925398321531971j)	0.3147878646850586	26.59749
280	(-0.6387989336778224+1.220322562555268j)	0.3138449192047119	26.69282
281	(-0.6599051606454752+1.1479479702006303j)	0.32898807525634766	26.78815
282	(-0.6786096703715973+1.074301828674208j)	0.305955171585083	26.88348
283	(-0.6972815002898599+1.0008292461074646j)	0.3018519878387451	26.9788
284	(-0.7140560024623+0.9270145932324858j)	0.32251501083374023	27.07413
285	(-0.7296408105658702+0.8532475785376148j)	0.3050248622894287	27.16946
286	(-0.7434825569920988+0.7778720402970444j)	0.29712986946105957	27.26479
287	(-0.7569044585916919+0.7038527000864568j)	0.3268930912017822	27.36012
288	(-0.7681059545056919+0.6283125089444983j)	0.2912740707397461	27.45544
289	(-0.7780563524649016+0.5533763120017056j)	0.31534409523010254	27.55077
290	(-0.7870313353363636+0.4769615373806704j)	0.3162720203399658	27.6461
291	(-0.7944746816326019+0.4022110451955734j)	0.3442988395690918	27.74143
292	(-0.8006631412141864+0.32545009171624495j)	0.3141460418701172	27.83676
293	(-0.8048625210312328+0.2499361041209729j)	0.2988862991333008	27.93208
294	(-0.8088124638471258+0.17317736624883084j)	0.3096191883087158	28.02741
295	(-0.8102125359322103+0.09774349090507471j)	0.2907538414001465	28.12274
296	(-0.8110694435817482+0.020634766686104963j)	0.30967116355895996	28.21807
297	(-0.8102117496581961-0.05535399422887698j)	0.29842305183410645	28.3134
298	(-0.8085155739497255-0.13191336690748803j)	0.3011281490325928	28.40872
299	(-0.8040380398208083-0.2079138851867584j)	0.30196213722229004	28.50405
300	(-0.7997783251431225-0.2847339294389237j)	0.3038339614868164	28.59938
301	(-0.7931900826450342-0.3607100230617621j)	0.3006751537322998	28.69471
302	(-0.7854743125324443-0.43673614254766857j)	0.2987799644470215	28.79004
303	(-0.7759667416662641-0.5130568417827867j)	0.30398106575012207	28.88536
304	(-0.7663605732218703-0.5890033572475382j)	0.3092780113220215	28.98069
305	(-0.7541351614373355-0.6646738828487877j)	0.2971341609954834	29.07602
306	(-0.7408582697031559-0.7401430645503361j)	0.31037211418151855	29.17135
307	(-0.7260831147335202-0.8159480344001425j)	0.29929590225219727	29.26667
308	(-0.7108708948445217-0.8906008520195017j)	0.3085811138153076	29.362
309	(-0.6931896278887876-0.9656089474794017j)	0.2989230155944824	29.45733
310	(-0.6744471103309654-1.0401309061952342j)	0.3039219379425049	29.55266
311	(-0.6550636647635109-1.1145427256455056j)	0.3587498664855957	29.64799
312	(-0.6335290505229776-1.187975652899171j)	0.3030829429626465	29.74331
313	(-0.6106132156128139-1.261878862182744j)	0.3052048683166504	29.83864
314	(-0.5864495511027012-1.3355420108994849j)	0.30281805992126465	29.93397
315	(-0.5617774911190289-1.4075722265048496j)	0.29917383193969727	30.0293
316	(-0.5342312858446701-1.4799368256997254j)	0.30286169052124023	30.12463
317	(-0.5067755267082964-1.5518628391463738j)	0.298814058303833	30.21995
318	(-0.4774722152234563-1.6232397716872524j)	0.29607391357421875	30.31528
319	(-0.44728644053580624-1.6935873726321888j)	0.3034858703613281	30.41061
320	(-0.4147729099513027-1.7644368888625337j)	0.30297112464904785	30.50594
321	(-0.38251899731242717-1.833736014301712j)	0.29695892333984375	30.60127
322	(-0.34777181157419434-1.903153441675666j)	0.30663323402404785	30.69659
323	(-0.312190800339262-1.9711081622240771j)	0.31275010108947754	30.79192
324	(-0.2751001680208265-2.039847340919165j)	0.3036351203918457	30.88725
325	(-0.23747877380061871-2.106261839551312j)	0.30936503410339355	30.98258
326	(-0.1977266959376775-2.1733078370079704j)	0.30048513412475586	31.07791
327	(-0.15723517738944476-2.2386562373378682j)	0.2998957633972168	31.17323
328	(-0.11582181887382492-2.3046111787524124j)	0.2990450859069824	31.26856
329	(-0.07286366853763249-2.368063197972825j)	0.3019866943359375	31.36389
330	(-0.02872251041057111-2.432354577473898j)	0.2984488010406494	31.45922
331	(0.016408683924011125-2.494963310128979j)	0.31183695793151855	31.55455
332	(0.06236313821127493-2.5572855973502002j)	0.3214282989501953	31.64987
333	(0.11040909392993759-2.617751821282966j)	0.3271138668060303	31.7452
334	(0.15866401913990663-2.6787065383155975j)	0.29833102226257324	31.84053
335	(0.20839013799126035-2.73793381190953j)	0.3021261692047119	31.93586
336	(0.2586327476306705-2.7965512518146185j)	0.320950984954834	32.03118
337	(0.31131203685918446-2.853948733843244j)	0.30468297004699707	32.12651
338	(0.36352959178120514-2.911015264192204j)	0.3114330768585205	32.22184
339	(0.4175890055643008-2.966621997685918j)	0.3068370819091797	32.31717
340	(0.4725527490150279-3.0211636950156455j)	0.30550408363342285	32.4125
341	(0.528747179173712-3.0753023659610657j)	0.31313395500183105	32.50782
342	(0.5848635662854139-3.1280410724278203j)	0.32433009147644043	32.60315
343	(0.6429196858539297-3.1797945500463847j)	0.3106977939605713	32.69848
344	(0.7015205506852208-3.231075691770135j)	0.3057518005371094	32.79381
345	(0.7609084187901434-3.2801420245111887j)	0.3002490997314453	32.88914
346	(0.8215317608851642-3.3287817365281605j)	0.3067140579223633	32.98446
347	(0.8831984622807207-3.3762979110678217j)	0.29735898971557617	33.07979
348	(0.9456907181417864-3.4226852098892584j)	0.30254101753234863	33.17512
349	(1.0081153546572117-3.4680644183449267j)	0.30270814895629883	33.27045
350	(1.0728570272604736-3.5118354167401074j)	0.3004457950592041	33.36578
351	(1.137155458169468-3.555061531435867j)	0.3079209327697754	33.4611
352	(1.202809482258643-3.59697598980411j)	0.29960083961486816	33.55643
353	(1.268434255731463-3.6373119847656565j)	0.30225586891174316	33.65176
354	(1.3362671244375126-3.6769050385750877j)	0.30670905113220215	33.74709
355	(1.4030840353302079-3.715142530230283j)	0.3003091812133789	33.84242
356	(1.4718704099917348-3.7522612354556912j)	0.30228090286254883	33.93774
357	(1.5405481218570976-3.787448534122909j)	0.3008708953857422	34.03307
358	(1.6108111220615369-3.8225783799100013j)	0.3027608394622803	34.1284
359	(1.6803555899238254-3.855358565640803j)	0.3054840564727783	34.22373
360	(1.7517132609860533-3.8874922877576408j)	0.29711413383483887	34.31906
361	(1.8229605265816526-3.917727027635806j)	0.30429816246032715	34.41438
362	(1.895074765031565-3.947975134289252j)	0.32419371604919434	34.50971
363	(1.9672282528007445-3.9752739991868644j)	0.3173377513885498	34.60504
364	(2.0405393122777538-4.002478562811982j)	0.2956249713897705	34.70037
365	(2.1140913805992163-4.027463856187341j)	0.30977487564086914	34.79569
366	(2.187633274873435-4.052364432859205j)	0.295482873916626	34.89102
367	(2.2621332129134912-4.074304471638756j)	0.2978551387786865	34.98635
368	(2.3368848425585895-4.0962896601860415j)	0.3014500141143799	35.08168
369	(2.4119973488070245-4.11627072816497j)	0.3058459758758545	35.17701
370	(2.4870337496756165-4.1351881716564165j)	0.2991979122161865	35.27233
371	(2.563426989385735-4.151941936147179j)	0.3003499507904053	35.36766
372	(2.6392030886707376-4.168397432424923j)	0.3036370277404785	35.46299
373	(2.715620871554087-4.182903415250555j)	0.3196539878845215	35.55832
374	(2.7921939536206484-4.195727234670197j)	0.3079519271850586	35.65365
375	(2.869432603470149-4.207747780920222j)	0.30144190788269043	35.74897
376	(2.9459255582022688-4.218413529545903j)	0.3001210689544678	35.8443
377	(3.0232414841757898-4.227405171184016j)	0.29287075996398926	35.93963
378	(3.100772678754656-4.234727740398877j)	0.3090329170227051	36.03496
379	(3.178013303421542-4.241689933254099j)	0.30196285247802734	36.13029
380	(3.255457191980665-4.246095625792464j)	0.2949662208557129	36.22561
381	(3.333233514515951-4.249560552530359j)	0.30046582221984863	36.32094
382	(3.4112290109180314-4.251446169339868j)	0.31783413887023926	36.41627
383	(3.4883436162009636-4.252535098631786j)	0.3196430206298828	36.5116
384	(3.5665761164578953-4.251084404122531j)	0.3163018226623535	36.60693
385	(3.643947657867291-4.249278412601964j)	0.3123478889465332	36.70225
386	(3.7218746180517455-4.24575410590958j)	0.29305005073547363	36.79758
387	(3.798446939977776-4.239660257067112j)	0.3105640411376953	36.89291
388	(3.8768952814032875-4.234199678960311j)	0.30565619468688965	36.98824
389	(3.9535163778486258-4.226811202224404j)	0.3099479675292969	37.08357
390	(4.0310571629457135-4.217637083309075j)	0.32191991806030273	37.17889
391	(4.107363884223754-4.206721135841815j)	0.3051431179046631	37.27422
392	(4.184887468228703-4.195045361604872j)	0.30612707138061523	37.36955
393	(4.260599107513553-4.18167414848305j)	0.3025789260864258	37.46488
394	(4.337168038491108-4.167212917636061j)	0.3208920955657959	37.5602
395	(4.4127883054083785-4.150514164945294j)	0.31433820724487305	37.65553
396	(4.488909238093162-4.133757428832804j)	0.2929098606109619	37.75086
397	(4.563569823375194-4.114493489310963j)	0.3031919002532959	37.84619
398	(4.638822004369586-4.094523486586771j)	0.3013927936553955	37.94152
399	(4.7132577766743236-4.072588547904706j)	0.3048429489135742	38.03684
400	(4.787415263582679-4.0507180893591235j)	0.2907230854034424	38.13217
401	(4.860817906344137-4.025717270877539j)	0.30112290382385254	38.2275
402	(4.934210012744288-4.000595551424849j)	0.30388498306274414	38.32283
403	(5.006972778797698-3.973806147763713j)	0.2987360954284668	38.41816
404	(5.078847310164165-3.9460231056019177j)	0.3111100196838379	38.51348
405	(5.150730363617269-3.915895775653796j)	0.2948329448699951	38.60881
406	(5.221791137960054-3.8856455959725515j)	0.3006470203399658	38.70414
407	(5.2923994969280015-3.8537080883542867j)	0.27843499183654785	38.79947
408	(5.361324238755619-3.8202162706423874j)	0.2975759506225586	38.8948
409	(5.431716102359089-3.785659708622463j)	0.31217312812805176	38.99012
410	(5.500070054890405-3.7503000993116755j)	0.29395413398742676	39.08545
411	(5.568059394722961-3.7133975792818505j)	0.3076817989349365	39.18078
412	(5.635347788631951-3.674777162731273j)	0.29691433906555176	39.27611
413	(5.702046388079206-3.6361986765132657j)	0.3100109100341797	39.37144
414	(5.767613709587949-3.5953086850202465j)	0.31992435455322266	39.46676
415	(5.832689976989233-3.5536337504222844j)	0.33354997634887695	39.56209
416	(5.897240508539497-3.5104048046853205j)	0.29890894889831543	39.65742
417	(5.960405816033193-3.4671046377313175j)	0.29931116104125977	39.75275
418	(6.023205625186784-3.4211571506926775j)	0.30323195457458496	39.84808
419	(6.084880466463357-3.3753341461064945j)	0.29637598991394043	39.9434
420	(6.146303719191131-3.328125899208707j)	0.29877614974975586	40.03873
421	(6.2056709331511195-3.2798295919889684j)	0.30281805992126465	40.13406
422	(6.2654202347163785-3.2297591937439964j)	0.3002018928527832	40.22939
423	(6.32332521585911-3.1795106169431926j)	0.3059568405151367	40.32471
424	(6.381042602135935-3.128066507392967j)	0.30112409591674805	40.42004
425	(6.4366479115025115-3.0754616536714083j)	0.29913997650146484	40.51537
426	(6.492834807026328-3.021746731320548j)	0.29880714416503906	40.6107
427	(6.548215845696363-2.9671504060832103j)	0.30138587951660156	40.70603
428	(6.60041718065686-2.912082724675379j)	0.30292487144470215	40.80135
429	(6.65217779652508-2.855209866438765j)	0.2982330322265625	40.89668
430	(6.704233205996512-2.798196072113978j)	0.29938411712646484	40.99201
431	(6.753832312491307-2.7398394548351126j)	0.30166101455688477	41.08734
432	(6.803264319617042-2.680718074432046j)	0.306751012802124	41.18267
433	(6.851138076040893-2.6203647873762055j)	0.3007810115814209	41.27799
434	(6.898536988482622-2.5602477813936533j)	0.3144948482513428	41.37332
435	(6.9439116760411475-2.4981535083329622j)	0.31687498092651367	41.46865
436	(6.988854685016716-2.4358840130179393j)	0.3118431568145752	41.56398
437	(7.032598338996768-2.3726914707225255j)	0.3127579689025879	41.65931
438	(7.074812889211836-2.309129638013277j)	0.3067498207092285	41.75463
439	(7.1159045343143905-2.243790110943144j)	0.3030691146850586	41.84996
440	(7.156045586156997-2.1786716001348863j)	0.3095221519470215	41.94529
441	(7.195008855829636-2.112689411812516j)	0.3144040107727051	42.04062
442	(7.232125193222864-2.0456565646193017j)	0.3075850009918213	42.13595
443	(7.268921041287938-1.9781692981663839j)	0.3017253875732422	42.23127
444	(7.304008675016778-1.910467127214455j)	0.3036160469055176	42.3266
445	(7.337969446184593-1.842004341663472j)	0.3115689754486084	42.42193
446	(7.370378374916685-1.772322862401772j)	0.3071150779724121	42.51726
447	(7.402260842984024-1.7032096370897487j)	0.30866503715515137	42.61259
448	(7.432032121490447-1.6327113803391906j)	0.3014957904815674	42.70791
449	(7.460829492196341-1.5620860444824718j)	0.29862499237060547	42.80324
450	(7.488446887622309-1.4903133390302123j)	0.30294132232666016	42.89857
451	(7.514740811917571-1.4194034162211506j)	0.3088250160217285	42.9939
452	(7.539522664644687-1.3468971247715664j)	0.29934096336364746	43.08922
453	(7.563051193313809-1.2744528691140087j)	0.30915093421936035	43.18455
454	(7.585703752555757-1.2011585518120895j)	0.31888723373413086	43.27988
455	(7.606279014104454-1.128561790397458j)	0.29677796363830566	43.37521
456	(7.626123713166892-1.0542231110053397j)	0.30286288261413574	43.47054
457	(7.64419721666987-0.9806780951615026j)	0.3004872798919678	43.56586
458	(7.661647737021228-0.9063764225340318j)	0.3005228042602539	43.66119
459	(7.6765578487755635-0.8322538075808465j)	0.3008718490600586	43.75652
460	(7.691609972275573-0.7579992274641321j)	0.2968010902404785	43.85185
461	(7.7039788089429315-0.6826040379948706j)	0.3011150360107422	43.94718
462	(7.715926134862369-0.6074777047940512j)	0.2957890033721924	44.0425
463	(7.725358050083869-0.5321187354142298j)	0.30013012886047363	44.13783
464	(7.734945407570179-0.4566801234833102j)	0.3040130138397217	44.23316
465	(7.741887286406861-0.3813623312696819j)	0.29523301124572754	44.32849
466	(7.748104414913924-0.3057408875756047j)	0.322192907333374	44.42382
467	(7.752532914474952-0.2298359802447285j)	0.3166079521179199	44.51914
468	(7.75656583667588-0.15455626717208726j)	0.30028510093688965	44.61447
469	(7.758037298852184-0.07872604410814565j)	0.30303263664245605	44.7098
470	(7.758821676493074-0.0030952155834984563j)	0.29947376251220703	44.80513
471	(7.758372762034911+0.0726342119715424j)	0.3038370609283447	44.90046
472	(7.756251211804576+0.1477724917940788j)	0.2971808910369873	44.99578
473	(7.752453896925441+0.2236712810029684j)	0.29852890968322754	45.09111
474	(7.747774428460837+0.2989053924204812j)	0.3038980960845947	45.18644
475	(7.741898124397255+0.37405572965922174j)	0.29974818229675293	45.28177
476	(7.733761914521606+0.4491230901804608j)	0.30202198028564453	45.3771
477	(7.725256152659627+0.5242026029322142j)	0.2962830066680908	45.47242
478	(7.715111140685272+0.5986719880311617j)	0.3050229549407959	45.56775
479	(7.703774233194277+0.6728901305089718j)	0.2946779727935791	45.66308
480	(7.6904226448106225+0.7474092196120179j)	0.30881595611572266	45.75841
481	(7.67665756356351+0.8212714939271518j)	0.29654407501220703	45.85373
482	(7.661096343879457+0.8946443660773702j)	0.29968881607055664	45.94906
483	(7.64433611591375+0.967623535258538j)	0.30161595344543457	46.04439
484	(7.6260317733402845+1.0410689314540664j)	0.30372095108032227	46.13972
485	(7.607054220536969+1.112906617822412j)	0.32050204277038574	46.23505
486	(7.586113716643863+1.1852974445046653j)	0.3324568271636963	46.33037
487	(7.564050188699172+1.2564651050571647j)	0.33330392837524414	46.4257
488	(7.540971069407423+1.3285365565217746j)	0.30368590354919434	46.52103
489	(7.516453106353787+1.3985061951109252j)	0.3281421661376953	46.61636
490	(7.490559719912139+1.4694339505908438j)	0.29916906356811523	46.71169
491	(7.463491781382012+1.5387633070536266j)	0.3196122646331787	46.80701
492	(7.435717682052158+1.6083330413206478j)	0.3074760437011719	46.90234
493	(7.405827447249501+1.676344782687286j)	0.31094813346862793	46.99767
494	(7.375447175874922+1.7450411293598156j)	0.304152250289917	47.093
495	(7.343533259375849+1.8120798771042583j)	0.308154821395874	47.18833
496	(7.310863831170177+1.8790741931425738j)	0.30428004264831543	47.28365
497	(7.275946104364042+1.9449958267024043j)	0.315291166305542	47.37898
498	(7.241177565793673+2.01088671120927j)	0.30164408683776855	47.47431
499	(7.204377006358851+2.075402161434574j)	0.30681586265563965	47.56964
500	(7.16676900571196+2.139505636473055j)	0.30197596549987793	47.66497
501	(7.127654981348902+2.203046049858468j)	0.30153989791870117	47.76029
502	(7.088503472675136+2.265665344668656j)	0.3005659580230713	47.85562
503	(7.047129013668499+2.3274503891484963j)	0.3058321475982666	47.95095
504	(7.005138032336674+2.3885197380962615j)	0.30352091789245605	48.04628
505	(6.962319345670945+2.4490989702657577j)	0.30188798904418945	48.14161
506	(6.918298344445529+2.508168472549693j)	0.30037665367126465	48.23693
507	(6.872734164241752+2.566960328725368j)	0.2993659973144531	48.33226
508	(6.827445173924336+2.6235003863821116j)	0.3159308433532715	48.42759
509	(6.779818630345048+2.6816609148338495j)	0.2988569736480713	48.52292
510	(6.731647591292598+2.737291691344952j)	0.29051971435546875	48.61824
511	(6.682220148567048+2.7927346075586663j)	0.30041003227233887	48.71357
512	(6.632204851998284+2.8468284096095653j)	0.30036115646362305	48.8089
513	(6.581586583519975+2.89990921131329j)	0.30428409576416016	48.90423
514	(6.529055452278985+2.9522500931007594j)	0.2973151206970215	48.99956
515	(6.476670973191694+3.0036544722646497j)	0.29972386360168457	49.09488
516	(6.423034850980607+3.0538641081039977j)	0.30027174949645996	49.19021
517	(6.3687606713965526+3.1028579133661136j)	0.3163020610809326	49.28554
518	(6.312965542754341+3.151563187266579j)	0.3223228454589844	49.38087
519	(6.257503507962746+3.198430172343541j)	0.3127632141113281	49.4762
520	(6.200260939629684+3.244809129541114j)	0.3020298480987549	49.57152
521	(6.142580481248222+3.289595804634497j)	0.3017868995666504	49.66685
522	(6.083994476152933+3.3342763055366698j)	0.30272579193115234	49.76218
523	(6.025160447534414+3.3765712241352537j)	0.3066978454589844	49.85751
524	(5.9648806573010695+3.4189057749489393j)	0.2985398769378662	49.95284
525	(5.904365694259232+3.4592758328262168j)	0.30479884147644043	50.04816
526	(5.843353601194733+3.499507173855239j)	0.29607176780700684	50.14349
527	(5.781358120861189+3.537273754874684j)	0.3070821762084961	50.23882
528	(5.719818141391906+3.575524010911097j)	0.2905080318450928	50.33415
529	(5.655732207838505+3.6111904656362595j)	0.3112449645996094	50.42948
530	(5.592291616319357+3.646519882069583j)	0.2960360050201416	50.5248
531	(5.527514695694396+3.679850447975282j)	0.2984139919281006	50.62013
532	(5.462997057984723+3.713102031620952j)	0.30318212509155273	50.71546
533	(5.3975716467084585+3.7443241042758526j)	0.30569911003112793	50.81079
534	(5.331773552382678+3.774530072884688j)	0.2991468906402588	50.90612
535	(5.265089951382912+3.8036718681237778j)	0.30179786682128906	51.00144
536	(5.19889312384666+3.8318613759236024j)	0.3051137924194336	51.09677
537	(5.131454769425336+3.8583478395259525j)	0.3125760555267334	51.1921
538	(5.0638311940488965+3.8837111586382176j)	0.3213307857513428	51.28743
539	(4.995964343736695+3.908410298599482j)	0.3201560974121094	51.38276
540	(4.927843263227386+3.9310877048063357j)	0.30993223190307617	51.47808
541	(4.858830382589067+3.9528180237493094j)	0.305325984954834	51.57341
542	(4.7897689847908484+3.9732689952938545j)	0.31015682220458984	51.66874
543	(4.720826182931533+3.992841503078743j)	0.2990400791168213	51.76407
544	(4.651277352663216+4.010465931843131j)	0.30449485778808594	51.85939
545	(4.581170656224757+4.027389536690326j)	0.3085160255432129	51.95472
546	(4.511067777380215+4.0428652582429505j)	0.317852258682251	52.05005
547	(4.441283860147738+4.057153643405044j)	0.2989189624786377	52.14538
548	(4.370221985973426+4.069876802118904j)	0.30982112884521484	52.24071
549	(4.299954852467278+4.081818650390762j)	0.33472394943237305	52.33603
550	(4.22920114057609+4.092267254891609j)	0.3088829517364502	52.43136
551	(4.158785977581302+4.101232614506445j)	0.30602288246154785	52.52669
552	(4.087228410020221+4.109298005353586j)	0.3002150058746338	52.62202
553	(4.016985786976389+4.115923927194334j)	0.30036377906799316	52.71735
554	(3.945629178302708+4.121359721029826j)	0.3097848892211914	52.81267
555	(3.8748220258355657+4.125081602284965j)	0.29578495025634766	52.908
556	(3.8033690190798524+4.128420528763684j)	0.3053767681121826	53.00333
557	(3.732979786936739+4.129580856182872j)	0.2956540584564209	53.09866
558	(3.6615746716950506+4.130076351582766j)	0.3017311096191406	53.19399
559	(3.5909072665157415+4.128789907790046j)	0.31456518173217773	53.28931
560	(3.520077394803904+4.12724700876992j)	0.29131174087524414	53.38464
561	(3.4496985428645393+4.123119006309484j)	0.3017280101776123	53.47997
562	(3.37891599516823+4.118847527110685j)	0.3012669086456299	53.5753
563	(3.308709843864955+4.112765626682382j)	0.30359506607055664	53.67063
564	(3.238734004601643+4.1059162755791325j)	0.30150318145751953	53.76595
565	(3.168636226274205+4.096797648414549j)	0.3008918762207031	53.86128
566	(3.0989450039357846+4.087678217975253j)	0.3008997440338135	53.95661
567	(3.029530681161411+4.076613968288904j)	0.2988600730895996	54.05194
568	(2.9605060224309145+4.064344054334708j)	0.3015620708465576	54.14727
569	(2.8912576395459655+4.050937387131203j)	0.317551851272583	54.24259
570	(2.8230402439239333+4.036881503571013j)	0.31560301780700684	54.33792
571	(2.7547396073144284+4.020995610567046j)	0.3177793025970459	54.43325
572	(2.6869031931021166+4.003895122449383j)	0.308060884475708	54.52858
573	(2.619086420875707+3.985942404350273j)	0.29656505584716797	54.6239
574	(2.5525329823366825+3.9668946687299886j)	0.30362796783447266	54.71923
575	(2.485699644338241+3.946380339924323j)	0.3018200397491455	54.81456
576	(2.419399901011353+3.9246533124679015j)	0.3011322021484375	54.90989
577	(2.3538432452047653+3.9024552487117963j)	0.3030710220336914	55.00522
578	(2.2887201639613086+3.8782771533513785j)	0.3019120693206787	55.10054
579	(2.2237349768618153+3.8533336329766654j)	0.302901029586792	55.19587
580	(2.1593412205482165+3.8271826746027715j)	0.29436707496643066	55.2912
581	(2.0960753218374557+3.800315500611561j)	0.3002951145172119	55.38653
582	(2.032481002062672+3.7715262699931413j)	0.3052051067352295	55.48186
583	(1.9701221070246295+3.74250717940601j)	0.2963440418243408	55.57718
584	(1.9080038449180567+3.7121215286909326j)	0.30315399169921875	55.67251
585	(1.8471761719152298+3.6806700615245256j)	0.3019251823425293	55.76784
586	(1.7857954894776484+3.6479986601491023j)	0.3003718852996826	55.86317
587	(1.7263222817152073+3.614778437036467j)	0.3079657554626465	55.9585
588	(1.6665807218174054+3.5801869963767627j)	0.3031609058380127	56.05382
589	(1.6082997424821828+3.5443665777177156j)	0.3080251216888428	56.14915
590	(1.5496569109849636+3.5080728328460706j)	0.3199937343597412	56.24448
591	(1.4930394131728812+3.4704935949820954j)	0.3286271095275879	56.33981
592	(1.4366462243162106+3.4321443438916406j)	0.30495190620422363	56.43514
593	(1.380574997398457+3.392328647278848j)	0.3000311851501465	56.53046
594	(1.3251638515264865+3.352551298899587j)	0.3124840259552002	56.62579
595	(1.2714323768176952+3.3108644252382544j)	0.3109612464904785	56.72112
596	(1.2179586592327305+3.269014195267875j)	0.30120301246643066	56.81645
597	(1.1650526570132391+3.2258469421813496j)	0.3095669746398926	56.91178
598	(1.1132973287733154+3.1823038067811225j)	0.3041651248931885	57.0071
599	(1.062515474323134+3.1369214176216977j)	0.301800012588501	57.10243
600	(1.012221929681345+3.0917270909939214j)	0.3152298927307129	57.19776
601	(0.9630327776007147+3.0452584259422535j)	0.3200199604034424	57.29309
602	(0.9149231523917807+2.998349798728444j)	0.31494808197021484	57.38841
603	(0.8672540467884327+2.949738356625206j)	0.30417609214782715	57.48374
604	(0.8207777782810507+2.901434744883538j)	0.30440807342529297	57.57907
605	(0.7751585990142814+2.851849430667101j)	0.29895877838134766	57.6744
606	(0.7306397447330332+2.8013577367524363j)	0.3043391704559326	57.76973
607	(0.6865526142166872+2.750415006925867j)	0.30097270011901855	57.86505
608	(0.6442549184643857+2.698539926442542j)	0.2989020347595215	57.96038
609	(0.6022084756031756+2.646734540719546j)	0.2974400520324707	58.05571
610	(0.5613595950184921+2.5934740864253687j)	0.30049681663513184	58.15104
611	(0.5214352948831656+2.5404486929612466j)	0.30217719078063965	58.24637
612	(0.4828252211935098+2.4859509336114884j)	0.3009068965911865	58.34169
613	(0.44487650370505216+2.4310851496480725j)	0.3025851249694824	58.43702
614	(0.4078832007585784+2.375453969905407j)	0.301433801651001	58.53235
615	(0.37234333619083115+2.319996500344816j)	0.2986490726470947	58.62768
616	(0.3374243118913205+2.2628035478942987j)	0.2973020076751709	58.72301
617	(0.3037725940354833+2.2061178449704784j)	0.30789685249328613	58.81833
618	(0.2708455210923024+2.14848905078202j)	0.3097567558288574	58.91366
619	(0.23972190738309862+2.090731037014579j)	0.3058619499206543	59.00899
620	(0.20865704356155135+2.0317651129989485j)	0.31418490409851074	59.10432
621	(0.17949551328312718+1.973310442169516j)	0.3186018466949463	59.19965
622	(0.15076892178352852+1.913780750906854j)	0.3175778388977051	59.29497
623	(0.12399088612438713+1.8539509311144249j)	0.30361127853393555	59.3903
624	(0.09706463489892952+1.793689739122432j)	0.30174803733825684	59.48563
625	(0.07246095948246944+1.7333828261534383j)	0.2985868453979492	59.58096
626	(0.0481413871983955+1.6723336396029649j)	0.30419492721557617	59.67629
627	(0.025509037414177815+1.6109978876408646j)	0.30416011810302734	59.77161
628	(0.0030403796489323898+1.5497959447680567j)	0.30021214485168457	59.86694
629	(-0.01712336731582087+1.4878730345785316j)	0.29669809341430664	59.96227
630	(-0.037086991625182864+1.4258202035381757j)	0.30167484283447266	60.0576
631	(-0.05541720826033503+1.3632299062183622j)	0.30496907234191895	60.15292
632	(-0.07315988445920735+1.3012985774720278j)	0.2997431755065918	60.24825
633	(-0.08904139153408058+1.238126346337007j)	0.29930782318115234	60.34358
634	(-0.10449228984763106+1.1754053559676267j)	0.3009777069091797	60.43891
635	(-0.11859416369077316+1.112314526430763j)	0.30010080337524414	60.53424
636	(-0.13141701111468868+1.049436554550353j)	0.30211615562438965	60.62956
637	(-0.14314146459860855+0.985490344969318j)	0.30469608306884766	60.72489
638	(-0.15395571830898433+0.9223699265887093j)	0.3229489326477051	60.82022
639	(-0.1635636493614086+0.8588448619892701j)	0.29706597328186035	60.91555
640	(-0.1716801274563688+0.7950465310296183j)	0.30475902557373047	61.01088
641	(-0.17933785781291317+0.7312946208191669j)	0.3214080333709717	61.1062
642	(-0.18546575907217464+0.6679872530731485j)	0.3196427822113037	61.20153
643	(-0.19058880807662917+0.6043381797491462j)	0.3134267330169678	61.29686
644	(-0.1944183220921567+0.5403487499526965j)	0.3097109794616699	61.39219
645	(-0.19765611325230062+0.4772452829530031j)	0.30710411071777344	61.48752
646	(-0.19911450789050975+0.41352593969461315j)	0.30851006507873535	61.58284
647	(-0.1997933332078351+0.35006504940273925j)	0.30640721321105957	61.67817
648	(-0.1994144450475545+0.2863288334311396j)	0.31024718284606934	61.7735
649	(-0.197887424972987+0.2236813769809479j)	0.3041958808898926	61.86883
650	(-0.1950669329343675+0.15991284755865315j)	0.3200571537017822	61.96416
651	(-0.19138794224802214+0.0972901870576845j)	0.30078721046447754	62.05948
652	(-0.1868228274108178+0.034240051591495485j)	0.3260667324066162	62.15481
653	(-0.1803253416468612-0.02817656230202164j)	0.3203730583190918	62.25014
654	(-0.17384677214570793-0.09088939751132186j)	0.30983614921569824	62.34547
655	(-0.16576087181728846-0.1525524453692534j)	0.29712486267089844	62.4408
656	(-0.15689741535228144-0.21472457268468711j)	0.2992899417877197	62.53612
657	(-0.14619038894153846-0.2761513943781013j)	0.3077712059020996	62.63145
658	(-0.13552029094867704-0.3379238333950509j)	0.3003971576690674	62.72678
659	(-0.12294231281959109-0.39859965501476047j)	0.30112504959106445	62.82211
660	(-0.1099997612369024-0.45943078374270524j)	0.29824185371398926	62.91743
661	(-0.09511550949292139-0.5199678670105805j)	0.3010690212249756	63.01276
662	(-0.08045549054219192-0.5800541659249348j)	0.3004779815673828	63.10809
663	(-0.06361463181305449-0.6396044544270957j)	0.30156803131103516	63.20342
664	(-0.04647566558569852-0.6990024551161321j)	0.3027992248535156	63.29875
665	(-0.02787518173513656-0.7581016343247923j)	0.29772019386291504	63.39407
666	(-0.009124876743819454-0.8162204490804036j)	0.30297279357910156	63.4894
667	(0.011663922131912308-0.874427902395618j)	0.3096609115600586	63.58473
668	(0.03268329184510402-0.9319757868956522j)	0.2992110252380371	63.68006
669	(0.05474876994639549-0.9891428880053077j)	0.30162501335144043	63.77539
670	(0.0778830837960203-1.0454159568640724j)	0.3018059730529785	63.87071
671	(0.10228269485334773-1.101969138387556j)	0.2955057621002197	63.96604
672	(0.12710279456089477-1.1574068694341493j)	0.33623218536376953	64.06137
673	(0.15288157862118135-1.2124516090629534j)	0.3158903121948242	64.1567
674	(0.1801543275015522-1.2670052683288773j)	0.31306886672973633	64.25203
675	(0.207588680576257-1.3211800274454215j)	0.3021278381347656	64.34735
676	(0.23610319471883603-1.3743128176666064j)	0.30785369873046875	64.44268
677	(0.26545459114950204-1.427019960233955j)	0.30040407180786133	64.53801
678	(0.2960978356724723-1.4794874259069533j)	0.2991921901702881	64.63334
679	(0.32664845518214913-1.5307804465191608j)	0.3043489456176758	64.72867
680	(0.35893555742219846-1.581774405536603j)	0.3066749572753906	64.82399
681	(0.39168047955712115-1.6319603044941808j)	0.2953836917877197	64.91932
682	(0.42537856362371906-1.6820130330617846j)	0.3047811985015869	65.01465
683	(0.4594161355141997-1.7304251084901532j)	0.30615687370300293	65.10998
684	(0.4949786433014123-1.7791539437556134j)	0.3018679618835449	65.20531
685	(0.5307058129638265-1.8264312055203262j)	0.30838608741760254	65.30063
686	(0.5672124941741422-1.8737164877675732j)	0.2999229431152344	65.39596
687	(0.6046261759716713-1.9192474934156418j)	0.31353187561035156	65.49129
688	(0.6424582611948666-1.9656871216183152j)	0.3013267517089844	65.58662
689	(0.6816312551021247-2.009641377724246j)	0.3060169219970703	65.68194
690	(0.7207799280557942-2.0538361328517176j)	0.3032248020172119	65.77727
691	(0.7613203131268674-2.09652634176991j)	0.3004570007324219	65.8726
692	(0.8018630262987207-2.13950131318003j)	0.3106839656829834	65.96793
693	(0.8434059585894348-2.1807015857625336j)	0.3319108486175537	66.06326
694	(0.8852021244478082-2.221716688091944j)	0.3272371292114258	66.15858
695	(0.9284883679543389-2.261572586759305j)	0.30818891525268555	66.25391
696	(0.9712385108050798-2.301118526105436j)	0.2969820499420166	66.34924
697	(1.0154346781431136-2.339221729033558j)	0.31983518600463867	66.44457
698	(1.0598022821535134-2.376889693288831j)	0.30904293060302734	66.5399
699	(1.10511223028506-2.4137378834680367j)	0.30647897720336914	66.63522
700	(1.150010990474959-2.449601853729197j)	0.3323328495025635	66.73055
701	(1.1970327771955247-2.4835799511468983j)	0.29176902770996094	66.82588
702	(1.2429354011293645-2.5188301871025556j)	0.3150291442871094	66.92121
703	(1.2898111509834536-2.552353242978719j)	0.3123452663421631	67.01654
704	(1.337195997023447-2.5845117943393805j)	0.33741188049316406	67.11186
705	(1.3855769820422101-2.616308893206005j)	0.30080270767211914	67.20719
706	(1.4338484610524413-2.6469862230733017j)	0.3125038146972656	67.30252
707	(1.482451109725305-2.6768739927575753j)	0.2976071834564209	67.39785
708	(1.5321581529885875-2.705606810217989j)	0.3018169403076172	67.49318
709	(1.581605274294724-2.7339409236012018j)	0.30377864837646484	67.5885
710	(1.631504935068266-2.7609693242580726j)	0.3016219139099121	67.68383
711	(1.6816527821648768-2.7871356679134873j)	0.30124616622924805	67.77916
712	(1.73284381630095-2.8125637085352992j)	0.30109190940856934	67.87449
713	(1.7832157663090675-2.8370211118252424j)	0.3002338409423828	67.96982
714	(1.8348578054141593-2.8604762745808907j)	0.3025689125061035	68.06514
715	(1.8863494892232011-2.8828996254477555j)	0.3089792728424072	68.16047
716	(1.9385845396668024-2.9049217238401273j)	0.30258917808532715	68.2558
717	(1.9901782007007907-2.925332441477438j)	0.30068206787109375	68.35113
718	(2.0428511092511346-2.9452885999679514j)	0.3067781925201416	68.44645
719	(2.0954483553380707-2.9639910329902204j)	0.3107719421386719	68.54178
720	(2.1483460237264307-2.98243555112021j)	0.30133700370788574	68.63711
721	(2.2010827175430396-2.9988888345692857j)	0.30324363708496094	68.73244
722	(2.2546046937386013-3.0154447705568663j)	0.3004148006439209	68.82777
723	(2.3078445953508906-3.0302921480830074j)	0.3188951015472412	68.92309
724	(2.3611176775459497-3.044969759848495j)	0.3093729019165039	69.01842
725	(2.4148232285355324-3.0576551974955475j)	0.3332488536834717	69.11375
726	(2.468554479838272-3.07060785351477j)	0.31139111518859863	69.20908
727	(2.5222492913430035-3.0817234873603194j)	0.3010401725769043	69.30441
728	(2.5759104085948947-3.0924987883273563j)	0.3026449680328369	69.39973
729	(2.630276749587254-3.1016395886284425j)	0.3011739253997803	69.49506
730	(2.6839400090666143-3.1107952788786757j)	0.30168700218200684	69.59039
731	(2.7380434126624786-3.1181930799679094j)	0.30144715309143066	69.68572
732	(2.7920213352038648-3.12500730671304j)	0.30286192893981934	69.78105
733	(2.846340915010034-3.1308833757943795j)	0.29849863052368164	69.87637
734	(2.899781901659404-3.136091573692716j)	0.3059580326080322	69.9717
735	(2.953857780019735-3.139979369863031j)	0.302109956741333	70.06703
736	(3.0078633773941057-3.1430647600791084j)	0.30073118209838867	70.16236
737	(3.0615927297496617-3.145608886179876j)	0.3043849468231201	70.25769
738	(3.115108734063625-3.146682584897132j)	0.3033468723297119	70.35301
739	(3.169115975593492-3.147086098773864j)	0.30084729194641113	70.44834
740	(3.2225209945876894-3.1462557720900906j)	0.3018836975097656	70.54367
741	(3.2757482985637036-3.1454288618349717j)	0.3007779121398926	70.639
742	(3.3293403869289335-3.142725477702252j)	0.30464792251586914	70.73433
743	(3.382341323092575-3.139818615319963j)	0.302170991897583	70.82965
744	(3.4352426749258873-3.1358464352079176j)	0.526914119720459	70.92498
745	(3.4876701793026728-3.1309804257702405j)	0.46550989151000977	71.02031
746	(3.540723888517317-3.1250484394908993j)	0.34700989723205566	71.11564
747	(3.5928026938328914-3.118658761440765j)	0.535552978515625	71.21096
748	(3.644860867486674-3.11111707870256j)	0.31900787353515625	71.30629
749	(3.69644170995767-3.102647283559734j)	0.3003830909729004	71.40162
750	(3.748540796936383-3.093632767090237j)	0.35001206398010254	71.49695
751	(3.799221433599248-3.08359117807918j)	0.4048318862915039	71.59228
752	(3.8505592464837237-3.0727839850307506j)	0.32926106452941895	71.6876
753	(3.9013358806892016-3.0608084101288338j)	0.4188659191131592	71.78293
754	(3.951900999559494-3.048822014760841j)	0.30660200119018555	71.87826
755	(4.001491012793841-3.035161361962267j)	0.3202340602874756	71.97359
756	(4.051706039509888-3.021288975900453j)	0.37778520584106445	72.06892
757	(4.100918842138285-3.0061525878064623j)	0.3143348693847656	72.16424
758	(4.150153679428792-2.990967696303254j)	0.293179988861084	72.25957
759	(4.198463667399991-2.974008784861261j)	0.3335599899291992	72.3549
760	(4.247010294938265-2.957256690344566j)	0.3669450283050537	72.45023
761	(4.29471974138737-2.939128238465317j)	0.3068511486053467	72.54556
762	(4.342085131945053-2.9207407127696605j)	0.28963375091552734	72.64088
763	(4.389308326522213-2.900709462000315j)	0.32153773307800293	72.73621
764	(4.435896011277709-2.881066720161419j)	0.41988039016723633	72.83154
765	(4.482026691461548-2.8599281081298047j)	0.3125040531158447	72.92687
766	(4.527677108377755-2.8382630538659663j)	0.3478260040283203	73.0222
767	(4.573221827321243-2.8158526120666263j)	0.3507859706878662	73.11752
768	(4.617677497765613-2.79328672443826j)	0.4567270278930664	73.21285
769	(4.6620838538214455-2.7693778094822794j)	0.3861241340637207	73.30818
770	(4.705863054968145-2.744958747966667j)	0.3396439552307129	73.40351
771	(4.749236661731378-2.7203534997905328j)	0.298004150390625	73.49884
772	(4.79173027903508-2.694549639446138j)	0.36899900436401367	73.59416
773	(4.8342236225866015-2.6681237260351756j)	0.4192173480987549	73.68949
774	(4.875967440963015-2.641143633445143j)	0.4030630588531494	73.78482
775	(4.916994989738168-2.6139720118009655j)	0.31159496307373047	73.88015
776	(4.957473826591787-2.5855525026386896j)	0.2891349792480469	73.97547
777	(4.997830845798883-2.5568402662516756j)	0.2915220260620117	74.0708
778	(5.037376604239564-2.5274861213652264j)	0.29416704177856445	74.16613
779	(5.075984869858796-2.4978023191253804j)	0.2964322566986084	74.26146
780	(5.114730302948471-2.4669314533461764j)	0.3264780044555664	74.35679
781	(5.152347359077171-2.4362223699525756j)	0.29027509689331055	74.45211
782	(5.189547598349855-2.404672805535034j)	0.29372382164001465	74.54744
783	(5.225730493621628-2.3725962428835383j)	0.29322290420532227	74.64277
784	(5.262232058706008-2.3398977897222704j)	0.33164310455322266	74.7381
785	(5.297012281669717-2.3070689561883273j)	0.32268691062927246	74.83343
786	(5.332011020157444-2.2734154984177266j)	0.37299299240112305	74.92875
787	(5.3657875728354565-2.2391501821931357j)	0.3148670196533203	75.02408
788	(5.399740086900243-2.204846516160543j)	0.3818230628967285	75.11941
789	(5.431934487510692-2.1697717272827353j)	0.37719297409057617	75.21474
790	(5.464508820974433-2.134314221362235j)	0.6698219776153564	75.31007
791	(5.495737871502814-2.0982729172731176j)	0.437913179397583	75.40539
792	(5.52686843034099-2.06247163048896j)	0.342120885848999	75.50072
793	(5.557218351124879-2.0253236013249105j)	0.3440408706665039	75.59605
794	(5.586479909948563-1.9885230315353015j)	0.38976597785949707	75.69138
795	(5.61508766215015-1.9510395195575345j)	0.3572838306427002	75.78671
796	(5.643326754544351-1.9134961638485068j)	0.4469780921936035	75.88203
797	(5.670673998473603-1.874720133748217j)	0.33635616302490234	75.97736
798	(5.697654569914457-1.8365957535601014j)	0.3062169551849365	76.07269
799	(5.723665350303978-1.7975959994060187j)	0.3759040832519531	76.16802
800	(5.74890703517787-1.7583276306345712j)	0.31723976135253906	76.26335
801	(5.773859922859475-1.7186288252286972j)	0.3268318176269531	76.35867
802	(5.797809362345321-1.679289881168573j)	0.30001211166381836	76.454
803	(5.8223377821970805-1.638555835846935j)	0.28933072090148926	76.54933
804	(5.8436697146480086-1.5985411517307269j)	0.3978610038757324	76.64466
805	(5.865900409188778-1.5578961442187467j)	0.33699917793273926	76.73998
806	(5.88679643496662-1.5173789547641081j)	0.3388211727142334	76.83531
807	(5.907410352102738-1.4761355182850373j)	0.4422917366027832	76.93064
808	(5.927225321259274-1.434661066573548j)	0.434006929397583	77.02597
809	(5.946365823074958-1.3935870508914807j)	0.37276625633239746	77.1213
810	(5.964524376934278-1.3516547618966828j)	0.38378381729125977	77.21662
811	(5.9823832172750695-1.3096728667562492j)	0.33477091789245605	77.31195
812	(5.999438742932246-1.267473378646976j)	0.32277822494506836	77.40728
813	(6.015480234392241-1.2256168978427664j)	0.3058028221130371	77.50261
814	(6.031182343298974-1.1826527051040878j)	0.3023529052734375	77.59794
815	(6.045986985279298-1.1404368775600329j)	0.32537078857421875	77.69326
816	(6.060237570370646-1.0977359071085802j)	0.39573192596435547	77.78859
817	(6.07326254800866-1.0551588174400923j)	0.37580394744873047	77.88392
818	(6.08641487477966-1.0119071805374817j)	0.4499173164367676	77.97925
819	(6.098076174695652-0.9693921195657933j)	0.3367269039154053	78.07458
820	(6.109616575093677-0.9261806310293212j)	0.43120408058166504	78.1699
821	(6.12017296213731-0.8836685931551433j)	0.3399930000305176	78.26523
822	(6.130228948709805-0.8397907415493444j)	0.30681705474853516	78.36056
823	(6.138867628758343-0.7967667255265787j)	0.30162501335144043	78.45589
824	(6.147634200692594-0.7533346988700851j)	0.3878147602081299	78.55122
825	(6.155102464343605-0.7099837348109288j)	0.30654382705688477	78.64654
826	(6.16267811378136-0.6669896743652997j)	0.3594379425048828	78.74187
827	(6.168506095725214-0.6235670834073139j)	0.29772019386291504	78.8372
828	(6.174549093084275-0.5803192904305838j)	0.3020758628845215	78.93253
829	(6.179483634492978-0.5370700408827656j)	0.30226898193359375	79.02786
830	(6.18389699898467-0.49415481571131137j)	0.299206018447876	79.12318
831	(6.187146897459023-0.45056011951770536j)	0.294403076171875	79.21851
832	(6.190380615559048-0.4076760209697139j)	0.30745720863342285	79.31384
833	(6.192585758654627-0.36459155909529084j)	0.3504371643066406	79.40917
834	(6.194104554047131-0.32193082779596116j)	0.32659196853637695	79.50449
835	(6.194957533294547-0.2784842966709511j)	0.32340407371520996	79.59982
836	(6.1953232832857505-0.2360621832429679j)	0.29752111434936523	79.69515
837	(6.194876662861579-0.19331109631774668j)	0.3038341999053955	79.79048
838	(6.193580257368042-0.15060584995425597j)	0.30103397369384766	79.88581
839	(6.192119300686746-0.10803508365612657j)	0.31003308296203613	79.98113
840	(6.189626664634734-0.06611198635170501j)	0.3082571029663086	80.07646
841	(6.186613972983156-0.02387084847473009j)	0.2994420528411865	80.17179
842	(6.1828462760043825+0.018357289754787676j)	0.30216407775878906	80.26712
843	(6.178812508091159+0.05977685029233193j)	0.30417704582214355	80.36245
844	(6.173590562929853+0.10155920481247449j)	0.30621790885925293	80.45777
845	(6.168092772894745+0.1431079968922755j)	0.3118431568145752	80.5531
846	(6.161950247527304+0.18462459647927076j)	0.3378031253814697	80.64843
847	(6.15359389286547+0.22388921269688078j)	0.38684797286987305	80.74376
848	(6.147583943667151+0.26667059052773134j)	0.308427095413208	80.83909
849	(6.139636847261237+0.30702969892101484j)	0.2955210208892822	80.93441
850	(6.131172464809503+0.34761593463759577j)	0.3087799549102783	81.02974
851	(6.121673513018052+0.38741851756772583j)	0.384411096572876	81.12507
852	(6.112082291321394+0.42791885067809665j)	0.3026731014251709	81.2204
853	(6.10162091272906+0.46712303566943403j)	0.2974269390106201	81.31573
854	(6.090834088052805+0.5068078312031912j)	0.30265092849731445	81.41105
855	(6.078849488835345+0.5458214087126416j)	0.2937912940979004	81.50638
856	(6.067233092039044+0.5850497168653792j)	0.28658103942871094	81.60171
857	(6.054228019939965+0.6232947689948256j)	0.2956521511077881	81.69704
858	(6.040862735489991+0.6617742958615727j)	0.2961611747741699	81.79237
859	(6.027090253641492+0.6998753371978521j)	0.2917139530181885	81.88769
860	(6.0133767133424385+0.7375998696050994j)	0.2889251708984375	81.98302
861	(5.998046217370712+0.774904059421029j)	0.32415103912353516	82.07835
862	(5.983292754395899+0.8122787129545397j)	0.333575963973999	82.17368
863	(5.966810990712219+0.8490566356038882j)	0.37233805656433105	82.269
864	(5.950900129077342+0.8851698583264587j)	0.3521149158477783	82.36433
865	(5.933525979778835+0.9214700924094039j)	0.37845921516418457	82.45966
866	(5.916422058680205+0.9571916944997585j)	0.41755199432373047	82.55499
867	(5.8985702662357244+0.9926379464823589j)	0.2928769588470459	82.65032
868	(5.880247658539686+1.027397792774119j)	0.29193687438964844	82.74564
869	(5.861113377513861+1.0625329262471048j)	0.31319093704223633	82.84097
870	(5.842018274739916+1.0966612045777715j)	0.28835201263427734	82.9363
871	(5.8222720943718285+1.1306352610666826j)	0.28742384910583496	83.03163
872	(5.801709359205913+1.164255751228061j)	0.29254674911499023	83.12696
873	(5.781239608110004+1.1976724963128735j)	0.28524327278137207	83.22228
874	(5.760185164922884+1.23018319601275j)	0.2910788059234619	83.31761
875	(5.738656394937716+1.2626074994048269j)	0.28549718856811523	83.41294
876	(5.716540367482887+1.294888465866752j)	0.30348896980285645	83.50827
877	(5.694504297318978+1.326209076845753j)	0.3188917636871338	83.6036
878	(5.671398509242847+1.3574420658103543j)	0.3215141296386719	83.69892
879	(5.648208387145475+1.3882447292570872j)	0.4340500831604004	83.79425
880	(5.624519084596423+1.4189315305465824j)	0.35822582244873047	83.88958
881	(5.600763721640988+1.448428884383558j)	0.30574822425842285	83.98491
882	(5.576006671589886+1.4783990210595488j)	0.302091121673584	84.08024
883	(5.5514247425665255+1.5072613471141096j)	0.32625794410705566	84.17556
884	(5.526405635769558+1.5362265909114696j)	0.3455350399017334	84.27089
885	(5.500863559796626+1.5639560982369818j)	0.32041192054748535	84.36622
886	(5.47496782467704+1.592332045431164j)	0.4268062114715576	84.46155
887	(5.4489469663428345+1.6192841366229578j)	0.348038911819458	84.55688
888	(5.422527042783539+1.6464859712857172j)	0.33622097969055176	84.6522
889	(5.395350011398502+1.672573711594836j)	0.48146891593933105	84.74753
890	(5.368458132864495+1.6991011410908003j)	0.3696901798248291	84.84286
891	(5.340877857042498+1.7242344775279692j)	0.3322749137878418	84.93819
892	(5.313331925677291+1.7495330568367806j)	0.3148789405822754	85.03351
893	(5.284764965294393+1.774060791659593j)	0.32891297340393066	85.12884
894	(5.256905482402501+1.798516590480739j)	0.30057406425476074	85.22417
895	(5.227916669847581+1.821941666962842j)	0.31641340255737305	85.3195
896	(5.199109872852228+1.845350176342514j)	0.32088589668273926	85.41483
897	(5.169629683002613+1.8681972892121288j)	0.3296051025390625	85.51015
898	(5.140744776156006+1.8904509062295516j)	0.30910587310791016	85.60548
899	(5.1105821461281575+1.9122447895413297j)	0.2945981025695801	85.70081
900	(5.080877224144431+1.9337055780669834j)	0.2879161834716797	85.79614
901	(5.050715464440203+1.9546744602919128j)	0.2928178310394287	85.89147
902	(5.0204337231231895+1.974831874202802j)	0.2863590717315674	85.98679
903	(4.989376907313808+1.9949927646524264j)	0.28685522079467773	86.08212
904	(4.958719788002334+2.014397509046329j)	0.2907750606536865	86.17745
905	(4.927760499555168+2.0334120549691974j)	0.2885549068450928	86.27278
906	(4.896119447712078+2.0517676630770363j)	0.28998589515686035	86.36811
907	(4.864776863935341+2.0700560001483606j)	0.2906970977783203	86.46343
908	(4.8332653600793245+2.0874199502692727j)	0.28548383712768555	86.55876
909	(4.801361663147501+2.104552515851256j)	0.2911090850830078	86.65409
910	(4.76914626694522+2.1210946001227233j)	0.2912619113922119	86.74942
911	(4.737527411747204+2.1371805517254274j)	0.2859320640563965	86.84475
912	(4.704917128307243+2.15269768833411j)	0.2909660339355469	86.94007
913	(4.672492737806951+2.1677371146103432j)	0.3023238182067871	87.0354
914	(4.639610246390561+2.1826387248162455j)	0.47040891647338867	87.13073
915	(4.607300469304283+2.1964680832216774j)	0.4834630489349365	87.22606
916	(4.5738994704634734+2.21030601700133j)	0.36938905715942383	87.32139
917	(4.541121361892801+2.2232930788854195j)	0.47528600692749023	87.41671
918	(4.508398141619074+2.236551874632691j)	0.5461890697479248	87.51204
919	(4.4748856044738865+2.248018224058559j)	0.8013961315155029	87.60737
920	(4.441222762989293+2.260165018300504j)	0.5984199047088623	87.7027
921	(4.407881313471268+2.2711064630876447j)	0.48004913330078125	87.79802
922	(4.374502441314683+2.2821602309366047j)	0.4925720691680908	87.89335
923	(4.340759003483872+2.2918823436630795j)	0.5185739994049072	87.98868
924	(4.307052578088695+2.302189299683342j)	0.6343181133270264	88.08401
925	(4.273373774715987+2.3111025995652903j)	0.4764430522918701	88.17934
926	(4.2396920123980815+2.3201480195090842j)	0.3834230899810791	88.27466
927	(4.2054053186943765+2.328101388741801j)	0.6809258460998535	88.36999
928	(4.171764016190857+2.3363879168059296j)	0.46944618225097656	88.46532
929	(4.137638641917831+2.3433791973556373j)	0.3178527355194092	88.56065
930	(4.103635958425338+2.3503474691004245j)	0.5164811611175537	88.65598
931	(4.069287802296656+2.356698831212464j)	0.7114968299865723	88.7513
932	(4.035706864311599+2.3628173528390777j)	0.9948840141296387	88.84663
933	(4.001273633315514+2.368032620781875j)	0.900825023651123	88.94196
934	(3.9672304924821318+2.3730711967884286j)	0.7929520606994629	89.03729
935	(3.9331549902457703+2.3777625542969103j)	0.8308212757110596	89.13262
936	(3.8992309034062553+2.3815836643370605j)	0.8144171237945557	89.22794
937	(3.8646936221132577+2.3851285289746174j)	0.9110069274902344	89.32327
938	(3.830686057344294+2.388224124985154j)	0.8250970840454102	89.4186
939	(3.796724152306086+2.3909597336182298j)	1.045003890991211	89.51393
940	(3.762337530587132+2.392761296110091j)	0.9786159992218018	89.60926
941	(3.7282914971763623+2.39473048617453j)	0.8185911178588867	89.70458
942	(3.694372219984527+2.3958903192753116j)	0.6844761371612549	89.79991
943	(3.66055362781013+2.396662201239867j)	0.7771549224853516	89.89524
944	(3.626165224011276+2.3968425771956254j)	0.7452239990234375	89.99057
945	(3.5927378623705803+2.3969504869810208j)	1.099890947341919	90.0859
946	(3.55864036230952+2.396170463179782j)	0.949343204498291	90.18122
947	(3.5249873893053794+2.3950150216628963j)	0.7468240261077881	90.27655
948	(3.490835587423463+2.3936353368584626j)	0.7743508815765381	90.37188
949	(3.457713185530733+2.3916070901421618j)	0.7588241100311279	90.46721
950	(3.4238274431201643+2.3891817897037506j)	0.8693842887878418	90.56253
951	(3.390404186281057+2.3862052057791874j)	0.8558931350708008	90.65786
952	(3.3566867381347922+2.3832021521370477j)	0.8829829692840576	90.75319
953	(3.323757619158865+2.379093945380836j)	0.9775190353393555	90.84852
954	(3.2900521276773995+2.3751262297773295j)	0.892808198928833	90.94385
955	(3.2570817133088252+2.3702768180033864j)	1.0233197212219238	91.03917
956	(3.2240119997632677+2.3656287315665643j)	0.47241640090942383	91.1345
957	(3.191208513339884+2.3596014879776255j)	0.3168520927429199	91.22983
958	(3.1581278318504733+2.354114507984736j)	0.32472991943359375	91.32516
959	(3.125607531893894+2.3475339272175564j)	0.4454030990600586	91.42049
960	(3.0930700134849327+2.3410326191983377j)	0.5527949333190918	91.51581
961	(3.0604203750094143+2.333309796302183j)	0.5006179809570312	91.61114
962	(3.0281296884569455+2.3261872762933606j)	0.45098209381103516	91.70647
963	(2.9959648540462513+2.3178337295341436j)	0.33913373947143555	91.8018
964	(2.963917711123457+2.309385113030027j)	0.33681273460388184	91.89713
965	(2.9317489944347033+2.300373741546987j)	0.34050822257995605	91.99245
966	(2.9003081272299727+2.291475008576454j)	0.33067917823791504	92.08778
967	(2.8685469161083548+2.2814923507557263j)	0.3135669231414795	92.18311
968	(2.8371124181044536+2.2714005498315584j)	0.3162879943847656	92.27844
969	(2.8057662589968637+2.261168387982938j)	0.3119628429412842	92.37377
970	(2.7749004845961336+2.250141158678049j)	0.3090708255767822	92.46909
971	(2.7436531176693313+2.2386732095159534j)	0.31687021255493164	92.56442
972	(2.712877805822657+2.2269571774540813j)	0.30481719970703125	92.65975
973	(2.682409551146785+2.2151152233584837j)	0.30930089950561523	92.75508
974	(2.6518836481547026+2.2021406673268573j)	0.31546592712402344	92.85041
975	(2.621573640638366+2.1895314715761898j)	0.3102998733520508	92.94573
976	(2.5915729020178104+2.1762476415004337j)	0.3353750705718994	93.04106
977	(2.5619450318838703+2.162729068160997j)	0.3578610420227051	93.13639
978	(2.5319417908231303+2.148360076655991j)	0.3693850040435791	93.23172
979	(2.5025825700639794+2.1342166918095167j)	0.4551661014556885	93.32704
980	(2.473380353120276+2.119384951074395j)	0.6967267990112305	93.42237
981	(2.44459853024122+2.1042078261490937j)	0.3672139644622803	93.5177
982	(2.4153092136850765+2.088599725293785j)	0.6090810298919678	93.61303
983	(2.387212820845227+2.0729079627598477j)	0.4587571620941162	93.70836
984	(2.3585717953499117+2.056542019809468j)	0.45925307273864746	93.80368
985	(2.330610433142326+2.0397672121175017j)	0.32996201515197754	93.89901
986	(2.302431278596355+2.02306601633478j)	0.3230741024017334	93.99434
987	(2.275106927288134+2.0055231266747784j)	0.3086569309234619	94.08967
988	(2.247205520394211+1.9878104635122114j)	0.3373069763183594	94.185
989	(2.220239149493954+1.9696202519816954j)	0.3123650550842285	94.28032
990	(2.1930395513477063+1.9516230403583452j)	0.3195481300354004	94.37565
991	(2.166694328438711+1.932485250278352j)	0.316547155380249	94.47098
992	(2.139842684884136+1.9136447989743393j)	0.31192493438720703	94.56631
993	(2.113829655284243+1.8941414804851386j)	0.30957698822021484	94.66164
994	(2.0878340713013017+1.8746609883241483j)	0.343001127243042	94.75696
995	(2.062226944252626+1.8540284581296729j)	0.31643176078796387	94.85229
996	(2.0366204800007095+1.8340255343601677j)	0.3249959945678711	94.94762
997	(2.011589760640795+1.8130852036169283j)	0.30268192291259766	95.04295
998	(1.986779953327799+1.7919772600532924j)	0.3249971866607666	95.13828
999	(1.9619802128051858+1.7703731959341473j)	0.3167610168457031	95.2336
