	res_adaptive	time_adaptive	w
0	(1.030056571091183-0.035419907363800754j)	0.37428808212280273	0.001
1	(1.2301914341524725-0.029588082606141153j)	0.3110830783843994	0.09633
2	(1.2236070109206267+0.04615659912111503j)	0.30179786682128906	0.19166
3	(1.1701658945864022+0.07450287542286349j)	0.31827497482299805	0.28698
4	(1.123033142012056+0.05328725842329761j)	0.3139841556549072	0.38231
5	(1.1086586595244512+0.013611281247762452j)	0.34398508071899414	0.47764
6	(1.1224935859854641-0.018511885574694187j)	0.3526630401611328	0.57297
7	(1.1502092441873315-0.029277186462608462j)	0.3256537914276123	0.6683
8	(1.1724241790545886-0.019055169303279273j)	0.322005033493042	0.76362
9	(1.1796679682609634-0.0005321801439478469j)	0.3482182025909424	0.85895
10	(1.1723988030192183+0.01572840041522483j)	0.3623330593109131	0.95428
11	(1.1580324986822714+0.02067590553003252j)	0.3106238842010498	1.04961
12	(1.1467015108665575+0.015609015817384997j)	0.3197460174560547	1.14494
13	(1.142051829268688+0.004942088160494795j)	0.33582186698913574	1.24026
14	(1.1458193717236618-0.004107554774392286j)	0.29860997200012207	1.33559
15	(1.1529756868470158-0.0073323673689952296j)	0.3054640293121338	1.43092
16	(1.1598142496978845-0.0055081079008522105j)	0.30115509033203125	1.52625
17	(1.1627079865288525-8.567661758251965e-05j)	0.2967209815979004	1.62157
18	(1.16115711691743+0.004638787393426547j)	0.3068850040435791	1.7169
19	(1.1575275595849452+0.00722219780959249j)	0.29595398902893066	1.81223
20	(1.1533994113494614+0.006291678400068723j)	0.30977582931518555	1.90756
21	(1.1519108216358072+0.0031903316303600326j)	0.3012428283691406	2.00289
22	(1.1519806648568658+0.0002719055102821527j)	0.3004159927368164	2.09821
23	(1.1543243842258253-0.0015011941429209918j)	0.31165313720703125	2.19354
24	(1.1566265743572497-0.0009285332146888869j)	0.302034854888916	2.28887
25	(1.1578042096978787+0.0002340545023504781j)	0.3271169662475586	2.3842
26	(1.1580626083532939+0.001923025163938108j)	0.3228108882904053	2.47953
27	(1.156475728262433+0.0028699555756829254j)	0.31047797203063965	2.57485
28	(1.155516001578274+0.002759985866092274j)	0.37073802947998047	2.67018
29	(1.1546261431092515+0.0021612094246207247j)	0.3236379623413086	2.76551
30	(1.154720758215884+0.0008106618027716173j)	0.30284810066223145	2.86084
31	(1.1553417829321095+0.0003190438250572081j)	0.33761119842529297	2.95617
32	(1.1558657937998684+0.0001211248345875382j)	0.315382719039917	3.05149
33	(1.1565981930774838+0.0006379640982612962j)	0.30243897438049316	3.14682
34	(1.1564569518357022+0.000988608792418022j)	0.30722522735595703	3.24215
35	(1.1564181952321568+0.001207101724466586j)	0.31310224533081055	3.33748
36	(1.1557899211821272+0.0014441872407134348j)	0.33123302459716797	3.43281
37	(1.155679785901143+0.0011547503663475178j)	0.31147289276123047	3.52813
38	(1.1555064595424958+0.0009929259096999044j)	0.2988162040710449	3.62346
39	(1.1554998316929814+0.00042304733335241096j)	0.30834388732910156	3.71879
40	(1.1558601360051957+0.00043693827284110864j)	0.300678014755249	3.81412
41	(1.155737518615943+0.0005257885842467891j)	0.3097198009490967	3.90945
42	(1.1562289711035043+0.000654512847270583j)	0.303847074508667	4.00477
43	(1.1558905358628122+0.0008320153617439319j)	0.29691481590270996	4.1001
44	(1.1560639384309412+0.0006888302048822723j)	0.3051130771636963	4.19543
45	(1.155661673404883+0.0009079750561849509j)	0.3010239601135254	4.29076
46	(1.1557153101422384+0.0005410238517961075j)	0.31255197525024414	4.38608
47	(1.155753594265264+0.0006303769857694541j)	0.3069040775299072	4.48141
48	(1.1555618124089302+0.0004719423850801374j)	0.30052924156188965	4.57674
49	(1.1558147581732934+0.0005061290029310106j)	0.30312490463256836	4.67207
50	(1.1556795012849221+0.0007526241053859017j)	0.3047938346862793	4.7674
51	(1.155898720186319+0.000484071582377385j)	0.3025369644165039	4.86272
52	(1.15570092518567+0.000730633668683367j)	0.30847907066345215	4.95805
53	(1.155617432308306+0.0005649441238613218j)	0.2984488010406494	5.05338
54	(1.1557524098357579+0.0007518520797980544j)	0.30436110496520996	5.14871
55	(1.1555914479211928+0.0007083970504513232j)	0.3099031448364258	5.24404
56	(1.1557724265609308+0.0005504383097709731j)	0.31582117080688477	5.33936
57	(1.155587987102018+0.0006268637591770876j)	0.3346407413482666	5.43469
58	(1.155789371801014+0.0005409636663653572j)	0.30597782135009766	5.53002
59	(1.149960175507607-0.0002974235278912496j)	0.29959678649902344	5.62535
60	(1.155972714168792+0.000721437480842968j)	0.3147609233856201	5.72068
61	(1.1557502776034916+0.0007124042528914298j)	0.3016388416290283	5.816
62	(1.1555644513938175-0.00020750253975015953j)	0.3054771423339844	5.91133
63	(1.1559000167314153+0.0006128155808362568j)	0.3113851547241211	6.00666
64	(1.1557820567456993+0.0006579423446113619j)	0.30188798904418945	6.10199
65	(1.1559062600835457+0.00042073981236029345j)	0.3029811382293701	6.19732
66	(1.155743892504547+0.0006879181904757281j)	0.29729294776916504	6.29264
67	(1.1558302951803294+0.0004827373005547031j)	0.3015620708465576	6.38797
68	(1.1559595744201911+0.0006063765449587644j)	0.31058502197265625	6.4833
69	(1.1557951442795014+0.00046280330884496124j)	0.29792213439941406	6.57863
70	(1.155953166274718+0.00036777934557760683j)	0.3034069538116455	6.67396
71	(1.155765043306831+0.0005556519211721289j)	0.3022150993347168	6.76928
72	(1.1559517312868857+0.0004028259882185026j)	0.3018631935119629	6.86461
73	(1.155870609315132+0.0005075734045892344j)	0.2968778610229492	6.95994
74	(1.155798256817125+0.00028077193694264757j)	0.30744171142578125	7.05527
75	(1.1559047684328418+0.0005729698442256126j)	0.2984800338745117	7.15059
76	(1.1558185183728202+0.0003610982783596728j)	0.3056631088256836	7.24592
77	(1.155958660985096+0.0003766319123546108j)	0.3415708541870117	7.34125
78	(1.155737591945752+0.0003851533673157048j)	0.3222389221191406	7.43658
79	(1.1557971043404045+0.0002484888983931288j)	0.2983250617980957	7.53191
80	(1.1558183464803893+0.0004442454505088067j)	0.307528018951416	7.62723
81	(1.155844551666128+0.00023743220456087788j)	0.31783509254455566	7.72256
82	(1.1558372882815278+0.00038934660807288246j)	0.29840898513793945	7.81789
83	(1.1556561876103904+0.00029592623072788315j)	0.31314897537231445	7.91322
84	(1.155798025668054+0.00034360791700671633j)	0.3126709461212158	8.00855
85	(1.155724435305479+0.00030017959220096646j)	0.30973291397094727	8.10387
86	(1.1558353350249588+0.00025435955692176826j)	0.30943894386291504	8.1992
87	(1.1556933187942708+0.00041508723083166776j)	0.3159012794494629	8.29453
88	(1.1556829071439458+0.00029287067817765355j)	0.34283900260925293	8.38986
89	(1.1557931542307602+0.00047402813159141965j)	0.3025679588317871	8.48519
90	(1.1556891086786636+0.00023205758179267733j)	0.3073599338531494	8.58051
91	(1.1557948840118875+0.00036887570080090804j)	0.30370616912841797	8.67584
92	(1.155633979215723+0.0004140284746788625j)	0.298569917678833	8.77117
93	(1.155794476168008+0.0003547014600370213j)	0.30503082275390625	8.8665
94	(1.1557916537666504+0.0005222076396501629j)	0.3086209297180176	8.96183
95	(1.1557369530583026+0.00027311110794608906j)	0.2962007522583008	9.05715
96	(1.1557966559647128+0.0003277754109989317j)	0.31206297874450684	9.15248
97	(1.1556999231124048+0.0003735446373641649j)	0.30817317962646484	9.24781
98	(1.1559006894527297+0.0004164939769019105j)	0.29648780822753906	9.34314
99	(1.155793637843268+0.00044176986259300555j)	0.3012270927429199	9.43847
100	(1.1558267571595842+0.0003695601925725045j)	0.30049800872802734	9.53379
101	(1.1557511133275422+0.0004796595245253332j)	0.29950690269470215	9.62912
102	(1.1558370599275942+0.0003136217955403975j)	0.30620288848876953	9.72445
103	(1.15592287201197+0.00041869006485059646j)	0.2998950481414795	9.81978
104	(1.1557465551081587+0.0003186844559386337j)	0.3064258098602295	9.9151
105	(1.155889195922074+0.00043490557442182887j)	0.29868102073669434	10.01043
106	(1.1557793226459527+0.0003704580404591401j)	0.3027381896972656	10.10576
107	(1.1559367196490902+0.0002659927347162805j)	0.32684898376464844	10.20109
108	(1.155850756187542+0.0003470013498841906j)	0.33222413063049316	10.29642
109	(1.1558830340794115+0.0003016405285989898j)	0.29805803298950195	10.39174
110	(1.1558818710676848+0.0004082383808386575j)	0.3462986946105957	10.48707
111	(1.1558223985820952+0.00022402261167075999j)	0.3181791305541992	10.5824
112	(1.155929011351415+0.0002567355264742055j)	0.31646108627319336	10.67773
113	(1.1557411815955947+0.0002515235052869269j)	0.34646010398864746	10.77306
114	(1.1559518431448852+0.0002860910476821521j)	0.35487794876098633	10.86838
115	(1.1558103463942606+0.00030156400914393977j)	0.3275001049041748	10.96371
116	(1.15585035169998+0.00014434719023587173j)	0.32674407958984375	11.05904
117	(1.1558194731299165+0.0002761876382343792j)	0.2995283603668213	11.15437
118	(1.1558616860603979+0.00024778008064907375j)	0.3663921356201172	11.2497
119	(1.155899641483452+0.0002811278865305633j)	0.3522000312805176	11.34502
120	(1.1557352255446438+0.0001897905030109892j)	0.36753201484680176	11.44035
121	(1.1558383032565662+0.00017105642958603617j)	0.35581302642822266	11.53568
122	(1.1557013189754168+0.00030123614036364765j)	0.30709409713745117	11.63101
123	(1.155703743623536+0.00019987595624981758j)	0.29088306427001953	11.72634
124	(1.155775195481287+0.0002664902696392357j)	0.30915307998657227	11.82166
125	(1.155711188011806+0.00014798035270338628j)	0.29625511169433594	11.91699
126	(1.1557905128496238+0.0002749862931999969j)	0.32227611541748047	12.01232
127	(1.1556579113000087+0.00030078801319455284j)	0.34029269218444824	12.10765
128	(1.1558070730364884+0.00026621624491866835j)	0.3164370059967041	12.20298
129	(1.1556704653676624+0.0002607978167143421j)	0.3069162368774414	12.2983
130	(1.1557539220097839+0.00019441980866796715j)	0.3071568012237549	12.39363
131	(1.1557575212117288+0.0003736824873564748j)	0.31183624267578125	12.48896
132	(1.1557253969214991+0.0002717732196538536j)	0.3134121894836426	12.58429
133	(1.155764566995876+0.0003043419613277809j)	0.3096277713775635	12.67961
134	(1.1556680531456+0.00024968097256794497j)	0.36344385147094727	12.77494
135	(1.1557846411153543+0.0002963682673421675j)	0.32274723052978516	12.87027
136	(1.1557541860472351+0.00036783474861445953j)	0.32508182525634766	12.9656
137	(1.1558432223224189+0.00022669855684265272j)	0.34574413299560547	13.06093
138	(1.1557229872122485+0.0003514757226041332j)	0.3474917411804199	13.15625
139	(1.1557655493816417+0.00023609751860963202j)	0.32251811027526855	13.25158
140	(1.1558729395707967+0.00034253610487788855j)	0.32463526725769043	13.34691
141	(1.1558633673858805+0.00035041785795675295j)	0.3162059783935547	13.44224
142	(1.1559213354782423+0.00020852846872976283j)	0.3223090171813965	13.53757
143	(1.155737642034952+0.00031862389662525026j)	0.2979929447174072	13.63289
144	(1.1558991817911046+0.00023981868334388423j)	0.3128519058227539	13.72822
145	(1.1558622554751024+0.0003192183555453809j)	0.3137691020965576	13.82355
146	(1.1558270593256907+0.0001539115229881316j)	0.3138749599456787	13.91888
147	(1.1559065649298297+0.0001991586137925494j)	0.3135411739349365	14.01421
148	(1.1558004418502912+0.00022293003377593656j)	0.2992739677429199	14.10953
149	(1.1559446909020579+0.00021988757915220036j)	0.3062748908996582	14.20486
150	(1.1557998395304794+0.00022343694821463922j)	0.3061239719390869	14.30019
151	(1.1558471753926938+0.00010755749422969307j)	0.3078179359436035	14.39552
152	(1.155802950209881+0.00021899366936950493j)	0.30644679069519043	14.49085
153	(1.1558613084813698+0.0001318499851365451j)	0.29605913162231445	14.58617
154	(1.1558800611702693+0.00021722480078142925j)	0.31518006324768066	14.6815
155	(1.155744342217666+0.00013070813139098858j)	0.29015398025512695	14.77683
156	(1.1558323944810918+0.00013212133247464397j)	0.3051328659057617	14.87216
157	(1.1557026509656079+0.00023500446818530696j)	0.3457648754119873	14.96749
158	(1.1558738792956273+0.00010374862657891448j)	0.30043482780456543	15.06281
159	(1.155768695387382+0.00021210297597817895j)	0.3024928569793701	15.15814
160	(1.155731268861695+9.859625591362997e-05j)	0.3051328659057617	15.25347
161	(1.1557924440778162+0.00022530435695357343j)	0.2967398166656494	15.3488
162	(1.155759771583475+9.1852839373463e-05j)	0.3074769973754883	15.44412
163	(1.1558357632498408+0.00015891653641086911j)	0.3005030155181885	15.53945
164	(1.15568461642637+0.00019859284081785722j)	0.3085510730743408	15.63478
165	(1.1557808838779358+0.00013990070160269097j)	0.30386996269226074	15.73011
166	(1.155758576122408+0.0003092594920719449j)	0.30146312713623047	15.82544
167	(1.1557654278827458+9.874490979810968e-05j)	0.3035409450531006	15.92076
168	(1.1557632148134998+0.00025496665925731077j)	0.3048126697540283	16.01609
169	(1.155690236374128+0.00019766117022562701j)	0.30464696884155273	16.11142
170	(1.1558336208985927+0.0002463070189993033j)	0.30892014503479004	16.20675
171	(1.1557611888617805+0.00030120335483946326j)	0.2988929748535156	16.30208
172	(1.1561122682910734+0.0006825501762714251j)	0.2870769500732422	16.3974
173	(1.155726943832346+0.0002926462043241207j)	0.31476402282714844	16.49273
174	(1.1557625155173126+0.00018511260295750454j)	0.3024158477783203	16.58806
175	(1.1557145779262354+0.00017365907833261085j)	0.330733060836792	16.68339
176	(1.1558221383647314+0.00022487871944418258j)	0.2888779640197754	16.77872
177	(1.155825323878288+0.0002747508376200747j)	0.32916784286499023	16.87404
178	(1.155746207087136+0.0002593084235837928j)	0.3199169635772705	16.96937
179	(1.1558865729729204+0.00019303704740292194j)	0.32581186294555664	17.0647
180	(1.1558509420709426+0.0002590600281963673j)	0.30310726165771484	17.16003
181	(1.1558361162586521+0.00010653455794418232j)	0.33671021461486816	17.25536
182	(1.1558418892493467+0.00029900922180109424j)	0.30576014518737793	17.35068
183	(1.1558159669385681+0.00017878231309811227j)	0.31729698181152344	17.44601
184	(1.155922467895085+0.00018478250356579462j)	0.3161499500274658	17.54134
185	(1.1557786124142002+0.00017202297870666516j)	0.3103313446044922	17.63667
186	(1.1558309725422662+6.78513702789818e-05j)	0.30727219581604004	17.732
187	(1.1558165453157885+0.00023993019329010545j)	0.29727792739868164	17.82732
188	(1.1558618436043369+9.424717008243988e-05j)	0.3462491035461426	17.92265
189	(1.1558654655185339+0.00017547977952259153j)	0.3354818820953369	18.01798
190	(1.1557432433280097+0.00010992630722869712j)	0.30027103424072266	18.11331
191	(1.155897332626635+0.00020907672976427927j)	0.3092520236968994	18.20863
192	(1.1557990837069971+0.00012638670317755007j)	0.3014950752258301	18.30396
193	(1.1558708755170033+8.156140275272783e-05j)	0.3090949058532715	18.39929
194	(1.1557825601565277+0.0001813962814807904j)	0.2955467700958252	18.49462
195	(1.1557380029828521+7.860975998064124e-05j)	0.32063817977905273	18.58995
196	(1.1558506772571326+0.00015766539059525186j)	0.30647706985473633	18.68527
197	(1.15576451566159+5.157324724319734e-05j)	0.3050079345703125	18.7806
198	(1.1558194743742958+0.00014125260674108242j)	0.3052561283111572	18.87593
199	(1.1556833001160864+0.00015347889535721748j)	0.30659985542297363	18.97126
200	(1.155775996867004+0.00013058568170021267j)	0.298490047454834	19.06659
201	(1.1557273613628474+0.00014076794532733028j)	0.3065769672393799	19.16191
202	(1.155788096572465+9.072446205515838e-05j)	0.3098280429840088	19.25724
203	(1.1557579601697405+0.00022348140939998373j)	0.29933905601501465	19.35257
204	(1.155684326677905+0.00015777991142795766j)	0.30751991271972656	19.4479
205	(1.1558419341163124+0.0002157238373029155j)	0.29872584342956543	19.54323
206	(1.1556837037087586+0.00014106979489558746j)	0.3066580295562744	19.63855
207	(1.1557968163121755+0.00015797855483368206j)	0.30205702781677246	19.73388
208	(1.155742233294882+0.00025215889238189293j)	0.33588695526123047	19.82921
209	(1.155782204169708+0.0001700214273165912j)	0.31379199028015137	19.92454
210	(1.155861281566501+0.0002603173093685962j)	0.3090779781341553	20.01987
211	(1.1557345129948708+0.0001305918106295767j)	0.29873085021972656	20.11519
212	(1.155837310914681+0.00023279775293630345j)	0.3191838264465332	20.21052
213	(1.1558605877032462+0.00024194167713187387j)	0.3013920783996582	20.30585
214	(1.155890800892033+0.0001660440177893019j)	0.30333995819091797	20.40118
215	(1.1558354030780016+0.0002159840368574084j)	0.31406474113464355	20.49651
216	(1.1558158526770246+0.00014662124383401157j)	0.3224759101867676	20.59183
217	(1.1558250366163374+0.00027068229797433396j)	0.3412449359893799	20.68716
218	(1.1558141975404004+0.00013600542275327143j)	0.3077890872955322	20.78249
219	(1.1558788214562006+0.00017969247649884945j)	0.2997288703918457	20.87782
220	(1.155764255455042+0.00017541310607227523j)	0.33121371269226074	20.97314
221	(1.1560033650217436+0.00028869238355089255j)	0.3915379047393799	21.06847
222	(1.1558159839063922+0.00019149437316279272j)	0.3677959442138672	21.1638
223	(1.1558509414466671+6.577600811935591e-05j)	0.3175697326660156	21.25913
224	(1.1556918256702926+0.0006957611127746954j)	0.3064758777618408	21.35446
225	(1.1558548454528232+0.00011062370778425201j)	0.30352306365966797	21.44978
226	(1.1558970492162384+0.0001849375538403586j)	0.3110489845275879	21.54511
227	(1.1557779821768865+9.021178733584038e-05j)	0.31466078758239746	21.64044
228	(1.15586021481389+7.508425716939993e-05j)	0.3278658390045166	21.73577
229	(1.1557615088872653+0.00014685719898399618j)	0.31584620475769043	21.8311
230	(1.1558831406947276+8.83784948580435e-05j)	0.3149838447570801	21.92642
231	(1.1558046154343475+0.000155737741825146j)	0.3099069595336914	22.02175
232	(1.1557601388795113+5.841023678532231e-05j)	0.32152700424194336	22.11708
233	(1.1558116549596618+0.00011937050910515445j)	0.3155808448791504	22.21241
234	(1.155689534888577+0.00012371176548695018j)	0.3357720375061035	22.30774
235	(1.1558720911145701+8.51158105083516e-05j)	0.3257160186767578	22.40306
236	(1.1557229516125003+0.00011981951362394216j)	0.32473087310791016	22.49839
237	(1.1558351324439358+0.00015478614511782451j)	0.33601927757263184	22.59372
238	(1.1557528960711028+0.00018989610509914743j)	0.4125039577484131	22.68905
239	(1.1557012506760924+0.00016587481572716278j)	0.3472127914428711	22.78438
240	(1.1558100272196545+0.00016650870985546184j)	0.32909321784973145	22.8797
241	(1.1556904716843286+0.00011029975364390543j)	0.3003273010253906	22.97503
242	(1.1557901444507503+0.0001464108964226163j)	0.3162219524383545	23.07036
243	(1.155732287351616+0.0002235325490618223j)	0.31839919090270996	23.16569
244	(1.155805967934736+0.0001395511679626038j)	0.3173501491546631	23.26102
245	(1.155711658790243+0.00020201464564245653j)	0.3018460273742676	23.35634
246	(1.1557466653823738+0.00011186975013249834j)	0.3128509521484375	23.45167
247	(1.1558155807330461+0.0002209006180459161j)	0.30463600158691406	23.547
248	(1.1557421484029473+0.00018505417192238305j)	0.31521105766296387	23.64233
249	(1.1557946514164155+0.00017703599809818643j)	0.31623220443725586	23.73765
250	(1.1558395739664016+0.0002387194270020987j)	0.30669713020324707	23.83298
251	(1.155837732220606+0.00014273039512924246j)	0.3092341423034668	23.92831
252	(1.1558224851791112+0.000219363684952123j)	0.3003389835357666	24.02364
253	(1.1558436416106959+0.00013692037704718385j)	0.30715417861938477	24.11897
254	(1.1557979556644218+0.00022820590787286932j)	0.3090832233428955	24.21429
255	(1.1557731861224525+0.00013816961414270246j)	0.30268120765686035	24.30962
256	(1.1558882425772516+0.00014109701882381032j)	0.3045527935028076	24.40495
257	(1.1557698111366805+0.00017547157634029142j)	0.3264811038970947	24.50028
258	(1.1558556545884051+5.884326787219951e-05j)	0.3268911838531494	24.59561
259	(1.1558010846855862+0.00020632730255476517j)	0.30266594886779785	24.69093
260	(1.1558322419991716+0.00010087829455216607j)	0.29941606521606445	24.78626
261	(1.1558711864341509+0.00016158519856979137j)	0.3052358627319336	24.88159
262	(1.1557819804549858+7.927959952147567e-05j)	0.3139760494232178	24.97692
263	(1.1558474898329723+6.233709252828623e-05j)	0.2954719066619873	25.07225
264	(1.1557845468943813+0.00013212350579022702j)	0.3039841651916504	25.16757
265	(1.1558825402277266+6.497496165469574e-05j)	0.3043050765991211	25.2629
266	(1.1557898802888484+0.0001519510550783698j)	0.3040027618408203	25.35823
267	(1.1557776726231281+3.861147263886644e-05j)	0.306530237197876	25.45356
268	(1.155806688560581+0.00012475895176838891j)	0.33616089820861816	25.54889
269	(1.155811886006089+3.4369935985933964e-05j)	0.30936098098754883	25.64421
270	(1.1558561147175224+5.922653454898397e-05j)	0.3077669143676758	25.73954
271	(1.1557331211739013+9.177439474947896e-05j)	0.3001232147216797	25.83487
272	(1.1557773726999847+5.9865987969365264e-05j)	0.3065512180328369	25.9302
273	(1.155766318745515+0.00018978700598437648j)	0.30195021629333496	26.02553
274	(1.1557864127694526+2.7134219542090943e-05j)	0.30748581886291504	26.12085
275	(1.1557435477042621+0.00011969649849899455j)	0.31105995178222656	26.21618
276	(1.155705037693483+8.697686783309955e-05j)	0.3007659912109375	26.31151
277	(1.1558382959628413+0.00014220349947735578j)	0.3275949954986572	26.40684
278	(1.1557184914044094+5.233817676950081e-05j)	0.3362770080566406	26.50216
279	(1.1557939924339866+7.455630600150531e-05j)	0.3171238899230957	26.59749
280	(1.155730217968673+0.00015252466180104562j)	0.3151872158050537	26.69282
281	(1.1557802806065163+0.00012869367635498508j)	0.3487069606781006	26.78815
282	(1.1558125097833492+0.0002456573933403289j)	0.30478525161743164	26.88348
283	(1.1557503583796611+7.25360057510227e-05j)	0.3118777275085449	26.9788
284	(1.155821517325478+0.00015342831258269296j)	0.30150675773620605	27.07413
285	(1.155729926596498+0.00016543449074374328j)	0.31399965286254883	27.16946
286	(1.1558048524741082+0.0001326371959353978j)	0.2975938320159912	27.26479
287	(1.155831991993679+0.00017909113512648567j)	0.3128941059112549	27.36012
288	(1.1557651177383232+8.681573592572711e-05j)	0.3426322937011719	27.45544
289	(1.155792179130876+0.0002204955420929411j)	0.32416486740112305	27.55077
290	(1.1558346787827092+0.00013439893383687673j)	0.30721616744995117	27.6461
291	(1.155897707379812+0.0001754001569949093j)	0.3057239055633545	27.74143
292	(1.1557526959990607+0.00015081679494971523j)	0.301116943359375	27.83676
293	(1.1558361075247041+0.00013692397095715209j)	0.30103397369384766	27.93208
294	(1.155799586999173+0.0001839025181369358j)	0.31429386138916016	28.02741
295	(1.1558576557479305+9.366243352404435e-05j)	0.2951240539550781	28.12274
296	(1.1558705333654211+0.00016942483889625937j)	0.3072199821472168	28.21807
297	(1.1557959329613412+6.153335556205453e-05j)	0.3013577461242676	28.3134
298	(1.155874371056288+0.0001536360954843552j)	0.309481143951416	28.40872
299	(1.1557855548444338+9.292932622517736e-05j)	0.3202040195465088	28.50405
300	(1.1559001293663287+4.480386967495309e-05j)	0.30178022384643555	28.59938
301	(1.155827251069804+0.0001305026452561031j)	0.304332971572876	28.69471
302	(1.1557808900627913+1.3733073965571663e-05j)	0.3070652484893799	28.79004
303	(1.1558388919159668+0.0001428605455197629j)	0.30349087715148926	28.88536
304	(1.1557948232444877+5.087086832455956e-05j)	0.3040781021118164	28.98069
305	(1.155818296127968+7.422496144932067e-05j)	0.2971210479736328	29.07602
306	(1.1557469662008222+7.218605024239544e-05j)	0.3059110641479492	29.17135
307	(1.1558548580043875+7.818638911577525e-05j)	0.31122612953186035	29.26667
308	(1.1557887167557657+0.0001109811985532394j)	0.33442211151123047	29.362
309	(1.1558378401930198+1.2407668719127685e-05j)	0.31963396072387695	29.45733
310	(1.155764291046749+0.00011796178422662784j)	0.30817699432373047	29.55266
311	(1.1557249107944467+6.805401770205999e-05j)	0.3038458824157715	29.64799
312	(1.15583003689064+6.579770994213918e-05j)	0.3064601421356201	29.74331
313	(1.1557383038886226+3.714677484012441e-05j)	0.3023507595062256	29.83864
314	(1.1558149021367332+9.70301346355229e-05j)	0.3027489185333252	29.93397
315	(1.155699993966271+0.00014315396620215304j)	0.3136630058288574	30.0293
316	(1.1557829007597575+0.00010556256516386364j)	0.3049280643463135	30.12463
317	(1.1557589901630374+0.00012057013227761981j)	0.3139967918395996	30.21995
318	(1.1557496186845055+3.3752770112360775e-05j)	0.32210373878479004	30.31528
319	(1.1557919437290591+0.0001760415379497282j)	0.3051600456237793	30.41061
320	(1.155727262495862+0.00012328779495951459j)	0.3103182315826416	30.50594
321	(1.1558244229115513+0.000120355392801752j)	0.30049991607666016	30.60127
322	(1.1557255588611692+0.0001261094170852961j)	0.30526304244995117	30.69659
323	(1.155797179534848+7.801070026869361e-05j)	0.3094618320465088	30.79192
324	(1.1560626815185506+0.00048228810447181747j)	0.2795078754425049	30.88725
325	(1.1557781473219737+2.3178110518995432e-05j)	0.3232710361480713	30.98258
326	(1.1559172461277298+0.00014593442854488742j)	0.30750370025634766	31.07791
327	(1.155760262457117+0.0001360945761827992j)	0.31581902503967285	31.17323
328	(1.1558569317177283+0.0001439127653709571j)	0.32974886894226074	31.26856
329	(1.155801602022831+0.00016712699371335127j)	0.3224329948425293	31.36389
330	(1.1558566027139656+0.00010433428015668711j)	0.3286771774291992	31.45922
331	(1.155856096282244+0.00012725682070058308j)	0.31089115142822266	31.55455
332	(1.1557023809400073+0.00015035753074083003j)	0.3283040523529053	31.64987
333	(1.1557951778656732+0.00015384381450868345j)	0.32199621200561523	31.7452
334	(1.1557803868751817+0.00014913099035601673j)	0.33228373527526855	31.84053
335	(1.1558486634392606+5.765886540143317e-05j)	0.3231511116027832	31.93586
336	(1.1558017902835014+0.0001813074345330401j)	0.31559109687805176	32.03118
337	(1.1558885146745856+6.96079449818976e-05j)	0.29885292053222656	32.12651
338	(1.1558380234402907+0.00012690139702753456j)	0.32863783836364746	32.22184
339	(1.155798948141833+1.4261655051028832e-05j)	0.3412010669708252	32.31717
340	(1.1558188179055482+9.740484345122091e-05j)	0.316192626953125	32.4125
341	(1.1557907844422222+4.511702862075584e-05j)	0.31078505516052246	32.50782
342	(1.1559006745928806+8.057021427687605e-05j)	0.3061070442199707	32.60315
343	(1.1557926472170363+6.399046845734224e-05j)	0.3139207363128662	32.69848
344	(1.1557870781356392+3.257987880790625e-05j)	0.2991750240325928	32.79381
345	(1.1557615244745798+0.00011624821742783897j)	0.3058040142059326	32.88914
346	(1.1558023463050033-2.3752853591019196e-05j)	0.31088924407958984	32.98446
347	(1.1558086859581753+8.357634883143783e-05j)	0.3197498321533203	33.07979
348	(1.1557196952549778+6.092619528795529e-05j)	0.3080320358276367	33.17512
349	(1.1558320338742047+8.214600690775731e-05j)	0.30985212326049805	33.27045
350	(1.1558077867304184+1.5938779048485507e-05j)	0.31817078590393066	33.36578
351	(1.1558145887674762+5.7395547986949236e-05j)	0.3022739887237549	33.4611
352	(1.1557287583205644+9.188308172866644e-05j)	0.3128070831298828	33.55643
353	(1.155743656068864+2.2464488213858047e-05j)	0.30907225608825684	33.65176
354	(1.155754200362423+0.00010720084120063866j)	0.3085789680480957	33.74709
355	(1.155740123110673+9.547623276452699e-05j)	0.32503604888916016	33.84242
356	(1.1557949546346111+3.6366187208813905e-05j)	0.30120086669921875	33.93774
357	(1.1556981018263963+9.012817556730557e-05j)	0.32105183601379395	34.03307
358	(1.1558000744750592+9.413854780060404e-05j)	0.38387012481689453	34.1284
359	(1.1558042211046653+0.0001726242077074447j)	0.3543999195098877	34.22373
360	(1.1557729462863757+9.425865603474026e-05j)	0.30020713806152344	34.31906
361	(1.1557516614024241+0.00021317368605766607j)	0.3247838020324707	34.41438
362	(1.1557560794841268+0.00012169852460219843j)	0.3207249641418457	34.50971
363	(1.1558376870454536+0.00013702203666504653j)	0.3141918182373047	34.60504
364	(1.1557941808189458+0.00011819034961535468j)	0.31809401512145996	34.70037
365	(1.1558268605815083+9.148235315453723e-05j)	0.3095118999481201	34.79569
366	(1.1558109615475063+0.00018679001313673393j)	0.312762975692749	34.89102
367	(1.1558044727413583+8.170968707499338e-05j)	0.30399203300476074	34.98635
368	(1.155852938261694+0.00012960854021559776j)	0.3030431270599365	35.08168
369	(1.1557959618155127+3.215087967162189e-05j)	0.321033239364624	35.17701
370	(1.1558476799277493+0.00017956700548849014j)	0.31051182746887207	35.27233
371	(1.1557869668322065+0.0001388495606915452j)	0.31577587127685547	35.36766
372	(1.1559161048547628+3.693140619087654e-05j)	0.31711411476135254	35.46299
373	(1.1558903082041632+0.00011183524751770535j)	0.30857300758361816	35.55832
374	(1.155841491688392-1.2941305948532822e-05j)	0.31142401695251465	35.65365
375	(1.155841500641969+0.0001453457946919423j)	0.3150629997253418	35.74897
376	(1.15583835748146+8.276006450413931e-05j)	0.3114631175994873	35.8443
377	(1.1558741751889796+9.341944236770927e-05j)	0.31884193420410156	35.93963
378	(1.1557742330253935+4.6523889639160654e-05j)	0.3279898166656494	36.03496
379	(1.1558004129897446-1.8298285261120206e-05j)	0.33010292053222656	36.13029
380	(1.1557860621293108+7.081562660732343e-05j)	0.3281872272491455	36.22561
381	(1.1558021319211198+1.525125852233633e-06j)	0.3014669418334961	36.32094
382	(1.1558947977256437+0.0001438672017568532j)	0.3194000720977783	36.41627
383	(1.1557416834389946+1.8999911422179494e-05j)	0.3240020275115967	36.5116
384	(1.1558055372579166+5.042679284467111e-05j)	0.3031773567199707	36.60693
385	(1.1557331842993546+4.6505073566238675e-05j)	0.3233828544616699	36.70225
386	(1.1558091571928555-2.2319866361808494e-05j)	0.3134160041809082	36.79758
387	(1.155765213922663+7.996855799302649e-05j)	0.33122992515563965	36.89291
388	(1.1557904112375905+7.217693769491496e-05j)	0.3277881145477295	36.98824
389	(1.155754804045674+0.00017979126363476539j)	0.32799696922302246	37.08357
390	(1.155791833738813-6.870328237429391e-06j)	0.30384016036987305	37.17889
391	(1.155798314318113+6.736713635313585e-05j)	0.31136202812194824	37.27422
392	(1.1556958647931128+8.931231654472904e-05j)	0.3072521686553955	37.36955
393	(1.155808209427963+8.870786100539929e-05j)	0.32687807083129883	37.46488
394	(1.1557503661047024+0.00012009215604014134j)	0.3255798816680908	37.5602
395	(1.1557912422469283+5.724702058010345e-05j)	0.3089568614959717	37.65553
396	(1.1557558696824226+0.00017713551548459439j)	0.309948205947876	37.75086
397	(1.1557796813895604+8.399425183269749e-05j)	0.30199217796325684	37.84619
398	(1.1558148957820742+0.00015038922652038655j)	0.32497310638427734	37.94152
399	(1.1557506840513772+9.267926108210561e-05j)	0.2989838123321533	38.03684
400	(1.1558110272906061+0.00010855253492630945j)	0.3055751323699951	38.13217
401	(1.1557792217915033+0.00016493233544800923j)	0.3175029754638672	38.2275
402	(1.1558157603448442+7.908746899876196e-05j)	0.32689690589904785	38.32283
403	(1.1558884378815475+9.006956541493527e-05j)	0.3101809024810791	38.41816
404	(1.1558030915051862+0.00012774226648526454j)	0.3065919876098633	38.51348
405	(1.15583573326443+0.00013563062795163283j)	0.3113710880279541	38.60881
406	(1.1557810536563506+0.00012073877944593359j)	0.30541110038757324	38.70414
407	(1.1559229724772198+4.910009668457338e-05j)	0.2996189594268799	38.79947
408	(1.1557877065118216+0.00010264877205290457j)	0.3412020206451416	38.8948
409	(1.155831425860866+9.019756381772881e-05j)	0.32838892936706543	38.99012
410	(1.1558240208090873+0.00015213295547079203j)	0.31020092964172363	39.08545
411	(1.1558171717676102+4.8197547160400145e-05j)	0.3073849678039551	39.18078
412	(1.1558404066653858+6.20531254147405e-05j)	0.30831408500671387	39.27611
413	(1.1558111851078983+5.268641738248592e-05j)	0.29599499702453613	39.37144
414	(1.155883036814402+7.459059383081723e-05j)	0.3112063407897949	39.46676
415	(1.1558038565695072+0.00010548932872245231j)	0.3114039897918701	39.56209
416	(1.1558665978320448+5.724737568157945e-05j)	0.30817508697509766	39.65742
417	(1.1557892451831213+7.34668324149923e-05j)	0.31433987617492676	39.75275
418	(1.1557963338627557+2.12246831569618e-05j)	0.31105804443359375	39.84808
419	(1.1558250113898865+6.350149588330023e-05j)	0.31126976013183594	39.9434
420	(1.1557525122276473+3.8397956588331894e-05j)	0.312178373336792	40.03873
421	(1.1558133705724531-1.1902137995185857e-05j)	0.30678391456604004	40.13406
422	(1.155940102510818-0.0003960557062410164j)	0.3173089027404785	40.22939
423	(1.15583847600348-9.778827029349735e-06j)	0.30237913131713867	40.32471
424	(1.1558147248694353+9.975133669631875e-05j)	0.3120698928833008	40.42004
425	(1.1557915962493657-8.063351127352014e-06j)	0.30495405197143555	40.51537
426	(1.1557568634253128+5.9570292067046005e-05j)	0.32064270973205566	40.6107
427	(1.1557434206316646+7.817865967407744e-05j)	0.30575990676879883	40.70603
428	(1.1558212211106653+2.0686885537635202e-06j)	0.3366258144378662	40.80135
429	(1.155726380488456+8.388127410996482e-05j)	0.3501901626586914	40.89668
430	(1.1557423350052978+5.6166600788998267e-05j)	0.3237779140472412	40.99201
431	(1.1557467724997006+0.00017193423151390386j)	0.31470203399658203	41.08734
432	(1.1557773798652569+8.336202000514686e-05j)	0.31375885009765625	41.18267
433	(1.1557293552830388+7.008977595412968e-05j)	0.325031042098999	41.27799
434	(1.1557375498428057+0.00010359623502587123j)	0.3160700798034668	41.37332
435	(1.1558250338162488+0.00011425932063841016j)	0.33091211318969727	41.46865
436	(1.1557677659735484+0.0001691381153021143j)	0.31221985816955566	41.56398
437	(1.1557856377895468+4.7811617476245516e-05j)	0.3227839469909668	41.65931
438	(1.1557331025495061+0.00014002459550099822j)	0.3302631378173828	41.75463
439	(1.1557907841642274+9.036355228764226e-05j)	0.33620500564575195	41.84996
440	(1.1558513449542216+0.00013738043752470341j)	0.3230752944946289	41.94529
441	(1.1558025297087338+0.0001054101252269124j)	0.31186580657958984	42.04062
442	(1.1558752904583725+6.648026586519862e-05j)	0.31350207328796387	42.13595
443	(1.1557276166934383+0.00011363190869313061j)	0.3196561336517334	42.23127
444	(1.1558122516903706+0.00011674626042418312j)	0.30541014671325684	42.3266
445	(1.1557868262571094+0.0001916492717722873j)	0.3085289001464844	42.42193
446	(1.1558111561460487+3.312087634654848e-06j)	0.30921387672424316	42.51726
447	(1.1558255651105707+1.1074600188260009e-05j)	0.31512999534606934	42.61259
448	(1.156013943724015+0.00024312324713882116j)	0.3073089122772217	42.70791
449	(1.1557937930558213+4.20396459120953e-05j)	0.3181018829345703	42.80324
450	(1.155789014871903+6.989564328585551e-05j)	0.3113551139831543	42.89857
451	(1.1558650314645034+1.4327119615409334e-05j)	0.3022148609161377	42.9939
452	(1.1557877465263227+8.520455063709687e-05j)	0.3234381675720215	43.08922
453	(1.15585090049673-1.6149000457377216e-05j)	0.32089996337890625	43.18455
454	(1.155808096193629+8.530702761647829e-05j)	0.31020522117614746	43.27988
455	(1.155782828351362+1.52524513467589e-05j)	0.3192100524902344	43.37521
456	(1.1558226567967145+6.438571361078171e-05j)	0.3126490116119385	43.47054
457	(1.1557904245673003+3.845769219229522e-05j)	0.30876803398132324	43.56586
458	(1.1558131925463722+6.329702549384697e-05j)	0.34270477294921875	43.66119
459	(1.1557669779715385+6.727607454581896e-05j)	0.3373260498046875	43.75652
460	(1.1557818355343088+1.2558081113778208e-05j)	0.3069629669189453	43.85185
461	(1.1557689652596836+0.00010495125941581418j)	0.31502699851989746	43.94718
462	(1.1558271184627325+7.99238443709438e-05j)	0.30312585830688477	44.0425
463	(1.1558287939170042+6.388326099837638e-05j)	0.31241798400878906	44.13783
464	(1.1557751101124725+7.85469758551316e-05j)	0.3135521411895752	44.23316
465	(1.1557883502019568+0.00010115845453778811j)	0.32074880599975586	44.32849
466	(1.1558005396902995+0.00014330783825733384j)	0.304215669631958	44.42382
467	(1.15577961933477+2.545568464462633e-05j)	0.31897497177124023	44.51914
468	(1.156237552215481+2.864454842127495e-05j)	0.28556108474731445	44.61447
469	(1.1557494861435007+4.059752645504955e-05j)	0.318634033203125	44.7098
470	(1.1558140096259348+0.00010473113142572821j)	0.314302921295166	44.80513
471	(1.155778152628121+0.00012997483160193113j)	0.31931376457214355	44.90046
472	(1.1558216337270115+1.2758196920842346e-05j)	0.32071399688720703	44.99578
473	(1.155749844317437+0.00016657851057383377j)	0.3120400905609131	45.09111
474	(1.1558122446667294+5.005145488090612e-05j)	0.31428980827331543	45.18644
475	(1.1557520554899625+0.00020614924807160762j)	0.3197340965270996	45.28177
476	(1.1558332248779466+0.00010877095918171605j)	0.30985093116760254	45.3771
477	(1.1558130080449511+0.00012971836122610547j)	0.3146500587463379	45.47242
478	(1.155749210745273+8.545205346521811e-05j)	0.3454921245574951	45.56775
479	(1.1558664524999152+0.00011604426639277854j)	0.35495877265930176	45.66308
480	(1.155856839665602+9.745709401365321e-05j)	0.3165309429168701	45.75841
481	(1.1557811576406838+9.416290453412302e-05j)	0.3156721591949463	45.85373
482	(1.1558100156879725+0.00012520741469501662j)	0.32512807846069336	45.94906
483	(1.1558510962557833+7.507408736351362e-05j)	0.3098480701446533	46.04439
484	(1.1558569954750382+2.687055825756346e-05j)	0.3160288333892822	46.13972
485	(1.1557538256536533+6.692255544049619e-05j)	0.3122997283935547	46.23505
486	(1.1558477588395821+0.0001488733188093061j)	0.32015085220336914	46.33037
487	(1.1558166972069324+0.0001174398034796712j)	0.31906723976135254	46.4257
488	(1.155852400924397-5.192595590175486e-07j)	0.33377790451049805	46.52103
489	(1.1558071977473503+6.325090639125452e-05j)	0.3761332035064697	46.61636
490	(1.1553625796563942+0.00025755022521728455j)	0.3110959529876709	46.71169
491	(1.1558477078794256+6.70143991683414e-05j)	0.3138279914855957	46.80701
492	(1.155789822853607+3.208176368896254e-06j)	0.31482601165771484	46.90234
493	(1.1558418922048923+7.570942689805182e-05j)	0.3165562152862549	46.99767
494	(1.1557634520902627+7.250597781344181e-05j)	0.3185570240020752	47.093
495	(1.1557653615985222+2.7881884511749e-05j)	0.3160371780395508	47.18833
496	(1.1558163213853163+7.917955414449285e-05j)	0.3145439624786377	47.28365
497	(1.1558297644718765-1.6346108822951066e-05j)	0.3191649913787842	47.37898
498	(1.1558139469560653+2.9959952178314903e-05j)	0.3155393600463867	47.47431
499	(1.155684272194392+4.180871996162239e-05j)	0.31453394889831543	47.56964
500	(1.1557925839656635-3.79038290310163e-07j)	0.36975884437561035	47.66497
501	(1.1557346227015348+5.2126168270161255e-05j)	0.47065091133117676	47.76029
502	(1.1557659747247226+2.0864554953675674e-05j)	0.30591392517089844	47.85562
503	(1.1557800480701195+0.0001308506069995774j)	0.3137228488922119	47.95095
504	(1.1557483541447064+5.2347906649541365e-05j)	0.3445119857788086	48.04628
505	(1.1558197359989504+0.00012020491938563582j)	0.31407999992370605	48.14161
506	(1.1557966314118377+3.085240144928836e-05j)	0.32537007331848145	48.23693
507	(1.1558035989267927+1.2505134880047564e-05j)	0.33954691886901855	48.33226
508	(1.1558115958644142+0.00011678228713501992j)	0.29753994941711426	48.42759
509	(1.1558125203434524+2.20713573587817e-05j)	0.3231229782104492	48.52292
510	(1.1557629083582222+7.694266508845304e-05j)	0.3191990852355957	48.61824
511	(1.155743331681283-1.1020053887200731e-06j)	0.3280200958251953	48.71357
512	(1.1558052415681592+0.00014990836851264122j)	0.3133530616760254	48.8089
513	(1.155733882487504+9.679742794213575e-05j)	0.30507397651672363	48.90423
514	(1.1557923035236732+5.8354171198260474e-05j)	0.32403993606567383	48.99956
515	(1.1557221505438764+7.596741741411339e-05j)	0.3069179058074951	49.09488
516	(1.155808525486546+3.494318549868147e-05j)	0.3307492733001709	49.19021
517	(1.1558297871146668+0.00014899079865282605j)	0.3135998249053955	49.28554
518	(1.155813629229611+6.310175844292942e-05j)	0.31649112701416016	49.38087
519	(1.1558739248071392+8.887132884582982e-05j)	0.3051619529724121	49.4762
520	(1.1558214946190974+1.618931592020298e-05j)	0.3159921169281006	49.57152
521	(1.1558569534782923+8.759012925146914e-05j)	0.31140899658203125	49.66685
522	(1.1557860468606023+0.00011034925018327257j)	0.3209259510040283	49.76218
523	(1.1558595228710316-1.7727909367937222e-05j)	0.31819581985473633	49.85751
524	(1.1558111686842811+5.7944076174792913e-05j)	0.3017401695251465	49.95284
525	(1.1558473080020775+7.511123578285428e-05j)	0.31746935844421387	50.04816
526	(1.1558030485429658+0.0001470903387336131j)	0.32625889778137207	50.14349
527	(1.1558314524644715+1.5537889183958598e-05j)	0.35628795623779297	50.23882
528	(1.1558598531667525+1.3457643267433816e-05j)	0.3346538543701172	50.33415
529	(1.1557705743435718+5.8295154948151406e-05j)	0.31798601150512695	50.42948
530	(1.155784373407247+3.171625258702182e-06j)	0.32217860221862793	50.5248
531	(1.1558149223936585+4.9715199087821405e-05j)	0.34331679344177246	50.62013
532	(1.155798210405171-1.541252286046957e-05j)	0.3251330852508545	50.71546
533	(1.1558089463372228+7.769156556947099e-05j)	0.32816004753112793	50.81079
534	(1.1558021869485342+1.9676141953695048e-05j)	0.31972312927246094	50.90612
535	(1.1559059667644451-8.475159763579598e-05j)	0.3191678524017334	51.00144
536	(1.1557333969947585+5.0049644211180855e-05j)	0.32857584953308105	51.09677
537	(1.155766593819437+2.5634630491988553e-05j)	0.34717798233032227	51.1921
538	(1.1557595698883392+0.0001208102426093205j)	0.3057529926300049	51.28743
539	(1.1557947849691343+0.0001776851776046917j)	0.31267309188842773	51.38276
540	(1.155750483770897+7.933263553572267e-05j)	0.3219492435455322	51.47808
541	(1.1556403178683534+7.760168219023145e-05j)	0.30999326705932617	51.57341
542	(1.1557493308157516+7.565611543678546e-05j)	0.32679295539855957	51.66874
543	(1.1557418212187391+0.0001206673970186034j)	0.3077068328857422	51.76407
544	(1.1558106227052436+5.818774023302886e-05j)	0.32738208770751953	51.85939
545	(1.1556910027136664+9.244483080017574e-05j)	0.3256051540374756	51.95472
546	(1.1557687776568708+1.018812540479197e-05j)	0.3110771179199219	52.05005
547	(1.1557822862519895+0.00013862749842796784j)	0.3043549060821533	52.14538
548	(1.1557801147926217+6.926258305262056e-05j)	0.31201791763305664	52.24071
549	(1.1555203985430034+0.00010197409008175229j)	0.30602288246154785	52.33603
550	(1.1556422171389111+7.48659317539313e-05j)	0.3102149963378906	52.43136
551	(1.155795872121328+7.37510957266041e-05j)	0.324923038482666	52.52669
552	(1.1557927149233316+0.00015792804800995874j)	0.30759382247924805	52.62202
553	(1.1558018766231453+5.0431002042099216e-05j)	0.3177642822265625	52.71735
554	(1.1557908334603915+0.00012735676190417378j)	0.33303117752075195	52.81267
555	(1.1558051333786727+7.420527920198872e-05j)	0.3273279666900635	52.908
556	(1.1558523654652868+9.355858489978885e-05j)	0.3474278450012207	53.00333
557	(1.1558408999815426+0.00011470298308588478j)	0.32385802268981934	53.09866
558	(1.1558606588647728+1.3659882313499239e-05j)	0.3117029666900635	53.19399
559	(1.155795452067422+0.00011973577393264989j)	0.32045793533325195	53.28931
560	(1.155869824554132+3.120001838007036e-05j)	0.3260941505432129	53.38464
561	(1.155882516578067+8.526173291395489e-05j)	0.30991387367248535	53.47997
562	(1.1558173953872006+3.450404750360292e-06j)	0.3201100826263428	53.5753
563	(1.1558608327995776-6.026911106626898e-06j)	0.3122551441192627	53.67063
564	(1.1558633268699559+6.668399080112658e-05j)	0.3133881092071533	53.76595
565	(1.1558494883913206+1.8743980427116114e-05j)	0.32413220405578613	53.86128
566	(1.1557646796725118+6.639410160103054e-06j)	0.30756616592407227	53.95661
567	(1.1557418955875565+5.4647692065257214e-05j)	0.31559109687805176	54.05194
568	(1.1558065497443002+0.0001113315745065735j)	0.3071417808532715	54.14727
569	(1.1557724143789638-0.0001403184066086638j)	0.30722594261169434	54.24259
570	(1.1558513631448184+5.852959117602641e-05j)	0.318126916885376	54.33792
571	(1.1557361013343035+5.4320729121024036e-05j)	0.31247496604919434	54.43325
572	(1.1557738327996023+6.53724973126435e-06j)	0.3311629295349121	54.52858
573	(1.1557362872424246+6.140933320919473e-05j)	0.3135528564453125	54.6239
574	(1.1558050191054288+2.066958147600717e-05j)	0.3386528491973877	54.71923
575	(1.1557744560462755+8.954856973943104e-05j)	0.3809490203857422	54.81456
576	(1.1557695961721175+3.792035691113638e-05j)	0.37283825874328613	54.90989
577	(1.1557706411654276+0.00015688364341115424j)	0.3595128059387207	55.00522
578	(1.1557732059077643-3.539221322990116e-05j)	0.3388948440551758	55.10054
579	(1.1557907820046298+3.242444749923523e-05j)	0.3601970672607422	55.19587
580	(1.155738317152541+0.00010726630359136902j)	0.37121105194091797	55.2912
581	(1.1557629480416445+8.778720611957169e-05j)	0.373211145401001	55.38653
582	(1.1557972411487942+8.095199723465174e-05j)	0.3541231155395508	55.48186
583	(1.1557443688763942-2.489225508967019e-05j)	0.3516218662261963	55.57718
584	(1.1558573511444918+7.930240381670561e-05j)	0.3911128044128418	55.67251
585	(1.1558313942026073+0.00013538225998371844j)	0.41777610778808594	55.76784
586	(1.1558073323318105+0.00010054173116685883j)	0.3382608890533447	55.86317
587	(1.1558147213337857+0.00010162438726979417j)	0.34037017822265625	55.9585
588	(1.15577941631149+8.435861711708625e-05j)	0.367966890335083	56.05382
589	(1.1557944830628806+8.288991841454152e-05j)	0.35662317276000977	56.14915
590	(1.1557985288554449+6.99760360746704e-05j)	0.37412595748901367	56.24448
591	(1.1559296470536895+0.00010783687971493983j)	0.3361790180206299	56.33981
592	(1.1557805128795393+3.776640024732991e-05j)	0.3498718738555908	56.43514
593	(1.1558050872541283+9.292202241695247e-05j)	0.3367481231689453	56.53046
594	(1.1557617080649294+0.00010794547556608469j)	0.33919310569763184	56.62579
595	(1.1558617192883784+3.517780965300865e-05j)	0.3474118709564209	56.72112
596	(1.1558278343849415+6.686184575860343e-05j)	0.34595203399658203	56.81645
597	(1.1558609905616501+0.00022368199373917763j)	0.3422257900238037	56.91178
598	(1.1558179496542182+9.909394353979639e-05j)	0.3447880744934082	57.0071
599	(1.15582310541881+7.837274842648068e-05j)	0.3416879177093506	57.10243
600	(1.1559473341791975+0.0003245119325177015j)	0.34631991386413574	57.19776
601	(1.1558679447856701+3.8492626255909324e-05j)	0.3406851291656494	57.29309
602	(1.1558409686803746+8.862486304617168e-05j)	0.44605588912963867	57.38841
603	(1.1557623986133199+4.14890824294023e-05j)	0.3706212043762207	57.48374
604	(1.155846019395594-5.2840478872939745e-05j)	0.34287095069885254	57.57907
605	(1.1558168240540447+9.82567437579629e-07j)	0.3563499450683594	57.6744
606	(1.1556961166808406+6.072526660072519e-05j)	0.3393411636352539	57.76973
607	(1.155874321354573+6.514503786070325e-05j)	0.35610508918762207	57.86505
608	(1.1558307656961482+0.00012335814149344593j)	0.3559560775756836	57.96038
609	(1.1558285758920723+2.8129216658956402e-05j)	0.3414921760559082	58.05571
610	(1.1558045949783429+5.096218702937971e-05j)	0.33486294746398926	58.15104
611	(1.1557178767304073+1.4068721310767085e-05j)	0.3866081237792969	58.24637
612	(1.155889535199207+7.326480935057611e-05j)	0.37902116775512695	58.34169
613	(1.155755134524736+1.815916434133591e-05j)	0.33446383476257324	58.43702
614	(1.1576366355215773-0.0010218647242251633j)	0.3579599857330322	58.53235
615	(1.155805476824357+4.937297698270893e-05j)	0.34384727478027344	58.62768
616	(1.1557718372113184+3.533198276328697e-05j)	0.33903002738952637	58.72301
617	(1.1558205775772057+9.706299612188829e-05j)	0.3485848903656006	58.81833
618	(1.155754019046679+1.5583886225245536e-05j)	0.3554191589355469	58.91366
619	(1.1558190784224236+4.1156402973183126e-05j)	0.39322614669799805	59.00899
620	(1.1557524140640199-8.620378407986351e-06j)	0.39320802688598633	59.10432
621	(1.1558291271010834+3.548985216239586e-05j)	0.37563419342041016	59.19965
622	(1.1557755113581971+2.889622105850531e-05j)	0.34745311737060547	59.29497
623	(1.1558470208096079+5.980738407951325e-05j)	0.3810548782348633	59.3903
624	(1.1557510368476311+9.503649747033549e-05j)	0.3503849506378174	59.48563
625	(1.155831980762403+7.470056048236584e-05j)	0.3704099655151367	59.58096
626	(1.1558293634326828+5.585979630184923e-05j)	0.35979700088500977	59.67629
627	(1.1558056073536556+4.3748345305072434e-05j)	0.3490290641784668	59.77161
628	(1.1559458249472594+0.00021995916124517567j)	0.3601369857788086	59.86694
629	(1.1557927978007723+7.977862841995753e-05j)	0.42993903160095215	59.96227
630	(1.1559283381071526-4.713351935040078e-06j)	0.38983917236328125	60.0576
631	(1.1558134090291121+0.00010640888111540514j)	0.34826087951660156	60.15292
632	(1.15584066360684+7.948834630577828e-05j)	0.347851037979126	60.24825
633	(1.155844213739226+0.00012223982966044766j)	0.34363317489624023	60.34358
634	(1.155790057222215+9.085228120636613e-05j)	0.36794090270996094	60.43891
635	(1.1558840257989051+0.00011020977400244547j)	0.32814884185791016	60.53424
636	(1.155756284561522+6.620494910436481e-05j)	0.34423112869262695	60.62956
637	(1.1559251821505996+2.5341143244428377e-05j)	0.3402678966522217	60.72489
638	(1.1558021879236424+9.066922283224033e-05j)	0.3487119674682617	60.82022
639	(1.155879725877492-8.421789965584736e-05j)	0.3435966968536377	60.91555
640	(1.1557769894484429+2.9328254610938576e-05j)	0.3314671516418457	61.01088
641	(1.15582962857545+1.7573346599547568e-05j)	0.3820991516113281	61.1062
642	(1.1558371360553907+6.885282040164364e-05j)	0.3414771556854248	61.20153
643	(1.1557508259399973+0.00011861343943286862j)	0.34477829933166504	61.29686
644	(1.1557808761017223+3.523620509676695e-05j)	0.3485569953918457	61.39219
645	(1.155831806582234+3.559271772635153e-05j)	0.3453371524810791	61.48752
646	(1.1557895338416155-9.986942666651011e-05j)	0.4320640563964844	61.58284
647	(1.1558025811939927+6.291252335421937e-06j)	0.4116401672363281	61.67817
648	(1.1557885536824815-4.1692015841636454e-05j)	0.34896302223205566	61.7735
649	(1.155752605621436+4.5559859853105955e-06j)	0.35025691986083984	61.86883
650	(1.1557633175851947+0.00010428353499059018j)	0.377155065536499	61.96416
651	(1.1558343277912135+3.313689294792699e-05j)	0.34654808044433594	62.05948
652	(1.1557504177879296+0.00013759286466970277j)	0.351715087890625	62.15481
653	(1.1558293297138544+6.025388429531375e-06j)	0.33919692039489746	62.25014
654	(1.155749154563018+0.00011408031036552746j)	0.3440120220184326	62.34547
655	(1.1557606679180257+8.344418476849413e-05j)	0.3506340980529785	62.4408
656	(1.1558046492188978+4.6443140913454695e-05j)	0.3437838554382324	62.53612
657	(1.1558174133279526+0.00017346509070959026j)	0.33264780044555664	62.63145
658	(1.1558460677135314+7.544460942293663e-05j)	0.34788012504577637	62.72678
659	(1.1558276370430975+0.00016560915965412731j)	0.3435859680175781	62.82211
660	(1.1558005906148352+4.99786055076501e-05j)	0.34184908866882324	62.91743
661	(1.1558396751025897+0.00010584914246736243j)	0.3520069122314453	63.01276
662	(1.1557420152188564+0.00010178357045581565j)	0.3368213176727295	63.10809
663	(1.155850461633159+4.675521942447414e-05j)	0.3588368892669678	63.20342
664	(1.1557423294271665+0.00013841081103649344j)	0.38922119140625	63.29875
665	(1.1556687010965607+0.00013822606209679122j)	0.35922932624816895	63.39407
666	(1.1557889402058723+0.00010590911220847987j)	0.35756707191467285	63.4894
667	(1.1557951338508128+9.680219145907776e-05j)	0.45868396759033203	63.58473
668	(1.1558690952537578+8.646176891735635e-05j)	0.4172241687774658	63.68006
669	(1.1557873568696877+3.117178717737534e-05j)	0.38793396949768066	63.77539
670	(1.1558809927088387+8.785463736053767e-05j)	0.38874006271362305	63.87071
671	(1.1558223035043114+6.05941879300298e-06j)	0.5362379550933838	63.96604
672	(1.1558044811176877+7.088423314338677e-05j)	0.5378482341766357	64.06137
673	(1.155833351409414+7.664426694198312e-05j)	0.5061061382293701	64.1567
674	(1.1557241639113949-2.4174383078723327e-05j)	0.46411585807800293	64.25203
675	(1.1558579835678549+9.046793885769677e-05j)	0.3507120609283447	64.34735
676	(1.155439083478843-0.0005379674264340828j)	0.3336801528930664	64.44268
677	(1.1558178678959334+1.589879587363119e-05j)	0.3193809986114502	64.53801
678	(1.1558179150962296+2.2943964680721685e-05j)	0.3341248035430908	64.63334
679	(1.155824378426484+1.4712318573861793e-05j)	0.32200002670288086	64.72867
680	(1.1557854139300237+6.068925718605289e-05j)	0.3142693042755127	64.82399
681	(1.1558932872235699-5.3688919244399e-05j)	0.33336591720581055	64.91932
682	(1.1557316390006653+7.509451539550183e-05j)	0.32706689834594727	65.01465
683	(1.1556569434684734+3.85543084369111e-05j)	0.3187410831451416	65.10998
684	(1.1558481168092551+5.7535438280020834e-05j)	0.3042020797729492	65.20531
685	(1.1557854778958025-3.217497957597182e-05j)	0.3155498504638672	65.30063
686	(1.1558433706056863+2.553558629081465e-05j)	0.3244040012359619	65.39596
687	(1.1558007656544353+3.680086129398408e-05j)	0.3267991542816162	65.49129
688	(1.1557935126404657-8.324761431280359e-05j)	0.32486510276794434	65.58662
689	(1.1557574682806333+0.0001298272826908975j)	0.3240079879760742	65.68194
690	(1.1559210044948687-2.168289199444562e-05j)	0.3350379467010498	65.77727
691	(1.1557742348058808+0.00011065653800790276j)	0.3339200019836426	65.8726
692	(1.1556183104633184+8.507577620574594e-05j)	0.33007001876831055	65.96793
693	(1.1557949359264443-6.451551235520103e-06j)	0.3062920570373535	66.06326
694	(1.1560927707404065-0.000174653938810998j)	0.31613993644714355	66.15858
695	(1.1557543611367413-7.524023816707359e-06j)	0.3198981285095215	66.25391
696	(1.1557385908852476+0.00018801477754179508j)	0.3438849449157715	66.34924
697	(1.1557514842124812+5.7184572794910515e-05j)	0.32190823554992676	66.44457
698	(1.155852505889345+4.155739343636444e-05j)	0.3149290084838867	66.5399
699	(1.155780917919054-9.640753235645727e-06j)	0.32391786575317383	66.63522
700	(1.1557570822812049+4.335348064210542e-06j)	0.3978240489959717	66.73055
701	(1.1558311564559718+0.00011599756347291379j)	0.31242990493774414	66.82588
702	(1.1557135403549277+6.633053161814173e-05j)	0.32787299156188965	66.92121
703	(1.1558852749170447+0.00025476996954482134j)	0.3055570125579834	67.01654
704	(1.1557381888071836+1.0548246339558975e-05j)	0.32401108741760254	67.11186
705	(1.155897269533701+4.266935748886702e-05j)	0.31680727005004883	67.20719
706	(1.155817347520498+3.794582778399169e-05j)	0.3217010498046875	67.30252
707	(1.1558715986314907+9.342492882952191e-05j)	0.31171512603759766	67.39785
708	(1.15576749925853+3.4369522922350626e-05j)	0.32948994636535645	67.49318
709	(1.155906803642643+9.955164335406774e-05j)	0.341123104095459	67.5885
710	(1.1557907916547259-3.0365339295679306e-05j)	0.3481569290161133	67.68383
711	(1.1557948613539948-2.0916992363784193e-05j)	0.3261260986328125	67.77916
712	(1.1558883132638798-2.5337160489136146e-05j)	0.3310871124267578	67.87449
713	(1.155828459864194-1.653573985638257e-05j)	0.3251669406890869	67.96982
714	(1.155844635462982+1.2824098768533104e-05j)	0.32502317428588867	68.06514
715	(1.1558178772799343+4.657810734848278e-05j)	0.33792710304260254	68.16047
716	(1.15583017982566-3.625901990989e-06j)	0.32179880142211914	68.2558
717	(1.155831412441229-1.3503313982865528e-05j)	0.32024407386779785	68.35113
718	(1.1558237320067006+8.102330017353832e-05j)	0.31042027473449707	68.44645
719	(1.155821923607184+9.176674322619593e-05j)	0.3490619659423828	68.54178
720	(1.155835578866476+2.3838330078240766e-05j)	0.33383703231811523	68.63711
721	(1.1558294510484555+6.327626059535185e-05j)	0.32796311378479004	68.73244
722	(1.1557021907238563+9.107397207569479e-05j)	0.31978607177734375	68.82777
723	(1.155812125613425+2.018521056323941e-05j)	0.3354380130767822	68.92309
724	(1.1557497351750035-1.881342828308208e-05j)	0.3223741054534912	69.01842
725	(1.1557506667801596+0.00011630810169275477j)	0.31223416328430176	69.11375
726	(1.1558675240255565+1.6269427709658668e-05j)	0.33885908126831055	69.20908
727	(1.1557698832186223+1.786211273269167e-05j)	0.3172609806060791	69.30441
728	(1.1557598341075555+5.497158893741361e-05j)	0.32648277282714844	69.39973
729	(1.1558019533596127+9.273215221711206e-05j)	0.30678606033325195	69.49506
730	(1.1557400686742971-0.00011609857865035877j)	0.3292069435119629	69.59039
731	(1.1556024150191333-0.00013858781741482584j)	0.32684779167175293	69.68572
732	(1.1558186064556262+3.8078428536730824e-05j)	0.31800389289855957	69.78105
733	(1.1558273178341625-2.7365232847798016e-05j)	0.3220999240875244	69.87637
734	(1.155797366163817-0.00010330687835613528j)	0.3143799304962158	69.9717
735	(1.155829489745241+8.656752953317692e-05j)	0.31771206855773926	70.06703
736	(1.1557430170238712+9.6851452790329e-05j)	0.3328979015350342	70.16236
737	(1.1558209034192806+5.365889218472697e-05j)	0.3279280662536621	70.25769
738	(1.1557528017240275+9.315968037426625e-05j)	0.3523120880126953	70.35301
739	(1.1557808570820256+3.7136574762119956e-05j)	0.34319519996643066	70.44834
740	(1.1558703382996633+9.035198868040384e-05j)	0.3355560302734375	70.54367
741	(1.1558487551149055-6.0589633285035305e-06j)	0.318317174911499	70.639
742	(1.155777239997734-7.467045178044529e-05j)	0.3238410949707031	70.73433
743	(1.155778793347967+5.886000083413223e-05j)	0.31984877586364746	70.82965
744	(1.1559060723551224+9.394178588023605e-05j)	0.3254399299621582	70.92498
745	(1.1557728718563087+9.310392258488065e-05j)	0.32210826873779297	71.02031
746	(1.1557237525552928+0.00014530984167249184j)	0.3123469352722168	71.11564
747	(1.15578943904776+0.00019881291662556672j)	0.31054186820983887	71.21096
748	(1.1558656609919653+5.550717011809647e-05j)	0.3242001533508301	71.30629
749	(1.1559399762541418+8.690207320494192e-05j)	0.31716203689575195	71.40162
750	(1.1558456096843983+5.4141308919009035e-05j)	0.3060290813446045	71.49695
751	(1.1558158397162388-6.0617858782002765e-05j)	0.32116103172302246	71.59228
752	(1.1552971786412933-0.00022958120264882087j)	0.32428812980651855	71.6876
753	(1.1558828144763977+0.0001035479546842577j)	0.31515026092529297	71.78293
754	(1.155848742622569+9.444932905500192e-06j)	0.31624293327331543	71.87826
755	(1.1557268470343862-1.4272314354746296e-05j)	0.3181309700012207	71.97359
756	(1.1558217939791033+3.619234194673915e-06j)	0.34230709075927734	72.06892
757	(1.1558205015827985+1.7762390923659055e-05j)	0.33493709564208984	72.16424
758	(1.1557957172720712-2.653602121946083e-06j)	0.3481881618499756	72.25957
759	(1.155768656572648+2.599326835522886e-05j)	0.32019805908203125	72.3549
760	(1.1557711137452933+1.9758160656691004e-05j)	0.32761478424072266	72.45023
761	(1.1557276863372181+9.891484213803148e-05j)	0.33005309104919434	72.54556
762	(1.1557485967675556+9.059045861450898e-05j)	0.317065954208374	72.64088
763	(1.1558500632876696-4.526252588166191e-05j)	0.3573288917541504	72.73621
764	(1.1556797882955891+0.00010295267319315737j)	0.33147501945495605	72.83154
765	(1.1558164832928919+3.054996910317742e-05j)	0.3217470645904541	72.92687
766	(1.155748658250771+6.932961313216301e-05j)	0.3652031421661377	73.0222
767	(1.1557610514104937+7.135981662953483e-05j)	0.3565220832824707	73.11752
768	(1.1558790277069626-6.484561668795852e-06j)	0.34186315536499023	73.21285
769	(1.1557854217871488+3.428423264980121e-05j)	0.31964898109436035	73.30818
770	(1.1558039628149697+0.00021489259154450213j)	0.3214080333709717	73.40351
771	(1.1558422645069122-0.0001452784691392539j)	0.3208792209625244	73.49884
772	(1.1557819864397754+3.1856991147438674e-05j)	0.31950879096984863	73.59416
773	(1.155794740611811+6.912786622645384e-05j)	0.3184781074523926	73.68949
774	(1.155786937197225+2.850420917011043e-05j)	0.3139679431915283	73.78482
775	(1.1558251488350852+7.78427462670983e-05j)	0.3384890556335449	73.88015
776	(1.1557912065377363+4.34475587254568e-05j)	0.31395506858825684	73.97547
777	(1.1557589490309068+0.00011661377790078697j)	0.3188440799713135	74.0708
778	(1.1557734082874251+4.5563472200527144e-05j)	0.3094499111175537	74.16613
779	(1.1556848753213016+5.4918600195963396e-05j)	0.3038787841796875	74.26146
780	(1.1557834633968995+8.333448980004862e-05j)	0.32613611221313477	74.35679
781	(1.155780743156095+2.006273624938215e-05j)	0.31880974769592285	74.45211
782	(1.155776702871904+8.08321171292814e-05j)	0.31955409049987793	74.54744
783	(1.155862898582103+9.1277347308516e-05j)	0.3176751136779785	74.64277
784	(1.1558088074851571-6.258765116951004e-06j)	0.32769203186035156	74.7381
785	(1.1558015027905715+2.3197170401667577e-05j)	0.314100980758667	74.83343
786	(1.1557770091811674+9.361124448503677e-05j)	0.35452795028686523	74.92875
787	(1.155797902673997+7.277005456421404e-05j)	0.3667728900909424	75.02408
788	(1.15585028466929-0.00013237623579998026j)	0.3401358127593994	75.11941
789	(1.1559199207367197-3.1499739783225067e-07j)	0.32329797744750977	75.21474
790	(1.1557965376080142+4.3170895537458787e-05j)	0.3146679401397705	75.31007
791	(1.1558373628397005+0.00010478152861513601j)	0.3320951461791992	75.40539
792	(1.1557548521641994+7.407017297955676e-06j)	0.3161962032318115	75.50072
793	(1.1558063938801804-4.6815670433630885e-06j)	0.32041025161743164	75.59605
794	(1.1557215588476297+4.600138573923607e-05j)	0.3176279067993164	75.69138
795	(1.155758395471203+6.506432533459616e-05j)	0.3278977870941162	75.78671
796	(1.1557594163850857+8.670343607009023e-05j)	0.32744288444519043	75.88203
797	(1.1558015911925918-2.3398762267756723e-06j)	0.32546210289001465	75.97736
798	(1.1558003721272336+3.336070482234943e-05j)	0.3351912498474121	76.07269
799	(1.155728337061931+5.9065918173173415e-05j)	0.3097672462463379	76.16802
800	(1.1557432586739567+7.786472466908556e-06j)	0.3222231864929199	76.26335
801	(1.155850485418497-8.59536027557617e-05j)	0.3220710754394531	76.35867
802	(1.1558071049458927-3.7196854391075007e-07j)	0.3141169548034668	76.454
803	(1.1557933171146384+4.063600629411468e-05j)	0.3138401508331299	76.54933
804	(1.1558960629510517-0.00012911891553768484j)	0.30616116523742676	76.64466
805	(1.155778260667495+3.782451238060203e-05j)	0.3303670883178711	76.73998
806	(1.155758519907154+8.121641999345175e-05j)	0.3506639003753662	76.83531
807	(1.1557909191730447-8.916518848156585e-06j)	0.3369147777557373	76.93064
808	(1.155732656706524+8.891484008477502e-05j)	0.3320910930633545	77.02597
809	(1.1557901809751274+0.00013328844013320296j)	0.31917881965637207	77.1213
810	(1.1556923204951801+0.00011361215469229968j)	0.33341383934020996	77.21662
811	(1.1558159821551346+6.404243698443501e-05j)	0.3162822723388672	77.31195
812	(1.1557745279043858+6.665126223470708e-05j)	0.3457951545715332	77.40728
813	(1.155776770816804+5.3947529637894676e-05j)	0.3195459842681885	77.50261
814	(1.1559420264452536+0.00010285401510262693j)	0.3158409595489502	77.59794
815	(1.1557621109778207+9.751910196920122e-05j)	0.34423089027404785	77.69326
816	(1.1558438854728634+2.3999420244613656e-05j)	0.34221315383911133	77.78859
817	(1.1558326273493456+8.155462988768125e-05j)	0.32567381858825684	77.88392
818	(1.1558225263051425+2.1659232226967085e-05j)	0.31847691535949707	77.97925
819	(1.1558330002836927+6.687036521668688e-05j)	0.32745814323425293	78.07458
820	(1.1557159267374637+5.5475431694762545e-05j)	0.3312101364135742	78.1699
821	(1.155892754902164-8.357395361313635e-07j)	0.3158230781555176	78.26523
822	(1.1557792677031733-2.4271806038367316e-06j)	0.3288991451263428	78.36056
823	(1.1559546363280826+9.371419757825405e-05j)	0.31652402877807617	78.45589
824	(1.1557104775356593+2.6822071325351138e-05j)	0.3170139789581299	78.55122
825	(1.155722834283968+0.00022581830288265214j)	0.32649683952331543	78.64654
826	(1.1558156185248516+6.177156213327262e-05j)	0.32279300689697266	78.74187
827	(1.1558083419717755-8.272636408124256e-07j)	0.3114910125732422	78.8372
828	(1.1558733434024504+4.794786115561167e-05j)	0.3370378017425537	78.93253
829	(1.1557656212839722+3.282460683995403e-05j)	0.3170740604400635	79.02786
830	(1.1558365091524223-1.2016187541263879e-05j)	0.3202481269836426	79.12318
831	(1.15581357680853+6.076123386836163e-05j)	0.3248591423034668	79.21851
832	(1.1557994984041937+6.609937528884169e-05j)	0.33399486541748047	79.31384
833	(1.155831780894508+4.441205581406926e-06j)	0.31078410148620605	79.40917
834	(1.1557373362649932+1.3586946552457402e-05j)	0.324221134185791	79.50449
835	(1.1557994524275277-4.8427231360059775e-05j)	0.36472606658935547	79.59982
836	(1.1558232280414669-3.393760286646286e-05j)	0.3247873783111572	79.69515
837	(1.155878423958177-3.240328246911783e-05j)	0.3299281597137451	79.79048
838	(1.1558547880006258-4.12790299882948e-05j)	0.3169541358947754	79.88581
839	(1.1558825607921432-5.7404803650767944e-05j)	0.30942797660827637	79.98113
840	(1.1558269424327945+2.8403057813819466e-05j)	0.3198111057281494	80.07646
841	(1.1557312571538838+2.8652621542946122e-05j)	0.3174149990081787	80.17179
842	(1.1558620542486102+0.00010538182577850275j)	0.320544958114624	80.26712
843	(1.1557083914662027+5.9128358963822514e-05j)	0.3223400115966797	80.36245
844	(1.155837144324647+1.0600568447705072e-05j)	0.3250761032104492	80.45777
845	(1.1556823819783684+0.0001597137714925423j)	0.3173251152038574	80.5531
846	(1.155767674123014+0.00014151050532944243j)	0.31551289558410645	80.64843
847	(1.1559168750193152-0.00015294162453666216j)	0.29900074005126953	80.74376
848	(1.1557746946475773-8.444854798894674e-06j)	0.318983793258667	80.83909
849	(1.1558379637473668+0.00012756296389021538j)	0.3347759246826172	80.93441
850	(1.1557779838460958-0.0002422679285135343j)	0.315593957901001	81.02974
851	(1.1558791805349848-2.8422949901130146e-05j)	0.3066239356994629	81.12507
852	(1.155818863328208+2.7787806555212846e-05j)	0.32187700271606445	81.2204
853	(1.1558459983547535-3.929923663176238e-05j)	0.31450986862182617	81.31573
854	(1.1557739681641652+1.6243675812155356e-05j)	0.34726715087890625	81.41105
855	(1.1557930314467488-2.4518810051166184e-06j)	0.3374762535095215	81.50638
856	(1.1557124378429282+5.546914430343275e-05j)	0.3397789001464844	81.60171
857	(1.1558151847150882+1.4020323681446234e-05j)	0.3148810863494873	81.69704
858	(1.155860065265257+8.644051988276891e-05j)	0.33760690689086914	81.79237
859	(1.155878402733192+0.00010547903451940677j)	0.3291499614715576	81.88769
860	(1.1558273870968792+1.7973039022817217e-05j)	0.32108473777770996	81.98302
861	(1.155857912502944+2.9395446374813616e-05j)	0.3450632095336914	82.07835
862	(1.1557721093663205+6.466833363028002e-05j)	0.33256077766418457	82.17368
863	(1.1558109990473153+0.00012934267582326298j)	0.3310081958770752	82.269
864	(1.1557790850660032-8.541723405211532e-06j)	0.3253660202026367	82.36433
865	(1.1558134963918756+8.083927666407975e-05j)	0.35027289390563965	82.45966
866	(1.1557069972217673+5.171483008969968e-05j)	0.30955028533935547	82.55499
867	(1.1558617953463965+3.693759613726533e-05j)	0.3168189525604248	82.65032
868	(1.1558825720691845+1.888872236238681e-05j)	0.3263070583343506	82.74564
869	(1.155786169630384-1.2177536769519826e-06j)	0.31572794914245605	82.84097
870	(1.1556918659376128+6.891640411399447e-05j)	0.33627867698669434	82.9363
871	(1.155736053608878-1.3330437959674368e-05j)	0.3526608943939209	83.03163
872	(1.155929505797264+5.206204022140115e-05j)	0.3209550380706787	83.12696
873	(1.155825278061128-5.6950419607848524e-05j)	0.30493712425231934	83.22228
874	(1.1557317366009698+2.638109638530839e-05j)	0.3309898376464844	83.31761
875	(1.1558609400280684-3.150622059285013e-05j)	0.3205268383026123	83.41294
876	(1.155959708283151+5.9228105068753756e-05j)	0.31302404403686523	83.50827
877	(1.1557215984383928-1.2609174195987727e-05j)	0.3308589458465576	83.6036
878	(1.155814412058788-6.0702306804882866e-05j)	0.31525397300720215	83.69892
879	(1.1557540143217355+1.7422428946187174e-05j)	0.3458242416381836	83.79425
880	(1.1556784009870529+0.00011136014059587307j)	0.3225529193878174	83.88958
881	(1.1560483023001664-0.00022600605716183164j)	0.32659411430358887	83.98491
882	(1.155810947276334+2.8083176190935033e-05j)	0.31283998489379883	84.08024
883	(1.155780071265893-4.939081294286218e-06j)	0.34144115447998047	84.17556
884	(1.155787684715574+0.00010390820771410958j)	0.33125996589660645	84.27089
885	(1.1558766677276653+3.968605541393444e-05j)	0.30733323097229004	84.36622
886	(1.155758659511745-2.5212857001438715e-05j)	0.3224048614501953	84.46155
887	(1.1557360679963102+9.194329570583193e-05j)	0.3286139965057373	84.55688
888	(1.1559226609180087+0.00019926937180714255j)	0.3103487491607666	84.6522
889	(1.1557812571970205+7.570581081972616e-06j)	0.3254382610321045	84.74753
890	(1.155814410546738+0.00023189984937006802j)	0.3061559200286865	84.84286
891	(1.155802683132151-1.2452092755410593e-05j)	0.31601715087890625	84.93819
892	(1.1557720480752611+7.289235854535114e-05j)	0.3203697204589844	85.03351
893	(1.1558475222641007+7.036146304231772e-05j)	0.3164846897125244	85.12884
894	(1.1558409939975556+4.906973740242959e-05j)	0.31984901428222656	85.22417
895	(1.1558207577274415+2.8474330196703868e-05j)	0.31462812423706055	85.3195
896	(1.1559292820033562+0.0001421799180846839j)	0.31934213638305664	85.41483
897	(1.1558254434634792+0.00013352427441414016j)	0.3156931400299072	85.51015
898	(1.155818598407424+7.039391622321034e-05j)	0.32724809646606445	85.60548
899	(1.1558324418563575+6.015229622180485e-07j)	0.3290896415710449	85.70081
900	(1.155943758218307-0.00013732312962166926j)	0.31888723373413086	85.79614
901	(1.1557829463056184-4.2789857240446705e-05j)	0.3055727481842041	85.89147
902	(1.1558148000825073+6.31577861125443e-05j)	0.34357690811157227	85.98679
903	(1.1557635007105693+2.6857083746834043e-05j)	0.3440871238708496	86.08212
904	(1.155821237672045-2.0747742630500277e-05j)	0.32627105712890625	86.17745
905	(1.15603313484387-0.0007998330980040769j)	0.3254401683807373	86.27278
906	(1.1557922443933728+7.268369175861267e-05j)	0.32210612297058105	86.36811
907	(1.1557137961167787-9.118344363567843e-06j)	0.33008790016174316	86.46343
908	(1.1557533255525523-7.514153813224095e-05j)	0.3097248077392578	86.55876
909	(1.1557534398476232-6.859781841683787e-05j)	0.3405478000640869	86.65409
910	(1.1558109378565755+7.41302096114449e-05j)	0.32230091094970703	86.74942
911	(1.1557291955073725+7.644617270263776e-06j)	0.317706823348999	86.84475
912	(1.1559076578214937-3.4140121276005075e-05j)	0.3210639953613281	86.94007
913	(1.155771813353827-2.1460317660038086e-05j)	0.34725284576416016	87.0354
914	(1.1557806481253967+3.3320863914609866e-05j)	0.346358060836792	87.13073
915	(1.1557888954134887-1.899206590025293e-05j)	0.32230329513549805	87.22606
916	(1.1557477298507273-3.1668075635982174e-05j)	0.33309412002563477	87.32139
917	(1.1557416895514732+2.5499701679643216e-05j)	0.3239150047302246	87.41671
918	(1.1557413824210474-1.7106627729690516e-05j)	0.32805705070495605	87.51204
919	(1.1558251052678636+0.00011942210724637248j)	0.31775879859924316	87.60737
920	(1.1558454208245135+7.285540286844361e-05j)	0.319242000579834	87.7027
921	(1.1556862604300173+0.00015860243256304862j)	0.31905508041381836	87.79802
922	(1.1557533709158538+2.6776494093994074e-05j)	0.3142209053039551	87.89335
923	(1.1559681332514704+5.628174642773043e-05j)	0.3257420063018799	87.98868
924	(1.1557173341856473+9.927263209064119e-05j)	0.3316459655761719	88.08401
925	(1.1557737433679456+6.596436119943316e-05j)	0.32185864448547363	88.17934
926	(1.1557081840891166+8.340462996966891e-05j)	0.321868896484375	88.27466
927	(1.1558177565909091-2.8354204915093106e-06j)	0.3252549171447754	88.36999
928	(1.1557933965019158+0.00012249265757025007j)	0.31800413131713867	88.46532
929	(1.1557820363579958+5.361941386128333e-05j)	0.3201329708099365	88.56065
930	(1.155816703995498+4.3462725396077595e-05j)	0.3414180278778076	88.65598
931	(1.1557916694352766+6.954133279396535e-05j)	0.32506513595581055	88.7513
932	(1.1558649888644554+4.339329237834644e-05j)	0.38317203521728516	88.84663
933	(1.1557541384006118+7.777165251116047e-05j)	0.3217048645019531	88.94196
934	(1.1559342378388853+5.883307210283184e-05j)	0.31927490234375	89.03729
935	(1.1558618224071942+2.763084445922548e-05j)	0.31904006004333496	89.13262
936	(1.155688578296481+5.079173461042252e-06j)	0.29774999618530273	89.22794
937	(1.1559056068535107+0.00019151379016887904j)	0.3251810073852539	89.32327
938	(1.1557479191811295+8.080985699870924e-05j)	0.32837724685668945	89.4186
939	(1.1558481707487862-7.008063835289846e-05j)	0.3138761520385742	89.51393
940	(1.1557873680763662+5.0453291445373694e-05j)	0.32619690895080566	89.60926
941	(1.1559202554937842+9.569351131263892e-06j)	0.3141038417816162	89.70458
942	(1.1558195163228244-4.65658237641664e-05j)	0.3141818046569824	89.79991
943	(1.1557002847262305+5.503496271952457e-05j)	0.31505417823791504	89.89524
944	(1.155804276180927-1.3933178405478586e-05j)	0.3197197914123535	89.99057
945	(1.1557228454641992+0.0001501373526742178j)	0.32219910621643066	90.0859
946	(1.1559318821289832-0.00010148044322966232j)	0.3323190212249756	90.18122
947	(1.1557745859383406-2.2815076751614427e-05j)	0.3133392333984375	90.27655
948	(1.1557988048404002+2.517575121385729e-05j)	0.31490182876586914	90.37188
949	(1.1557808339744748+0.0002694825891604302j)	0.32453393936157227	90.46721
950	(1.1557508426731153-2.3153604001624473e-05j)	0.32686305046081543	90.56253
951	(1.1557493954405036-8.601255180040734e-06j)	0.3333439826965332	90.65786
952	(1.1557433386479528+8.403948593211502e-06j)	0.3523578643798828	90.75319
953	(1.1558028448956899-1.660916335743945e-06j)	0.3399789333343506	90.84852
954	(1.1558409774735932+9.67437354284506e-05j)	0.31302618980407715	90.94385
955	(1.1558021760504271+8.523503289509238e-05j)	0.3577840328216553	91.03917
956	(1.1557973311659275+9.653902249301405e-06j)	0.3254737854003906	91.1345
957	(1.1558133990664987-5.551210990195621e-05j)	0.3214099407196045	91.22983
958	(1.155760010774399-4.995143847763561e-05j)	0.3313629627227783	91.32516
959	(1.1558204173411684+9.491635145605914e-05j)	0.33983588218688965	91.42049
960	(1.1557653337630185-4.6729932933919915e-05j)	0.32068395614624023	91.51581
961	(1.1558852518579734-3.122315889503291e-05j)	0.34479618072509766	91.61114
962	(1.1556874421299186-4.756209845580006e-06j)	0.35086607933044434	91.70647
963	(1.1558618265054026+0.0001305787473610074j)	0.3244009017944336	91.8018
964	(1.1557531831011458+3.523463689836248e-05j)	0.3213627338409424	91.89713
965	(1.1557602343697069+0.00010606055630801858j)	0.3321959972381592	91.99245
966	(1.1557174514814876+2.007516384933128e-05j)	0.31707000732421875	92.08778
967	(1.1558346120091096-4.958334368784789e-05j)	0.3203461170196533	92.18311
968	(1.1557707541379956+9.827063257716873e-05j)	0.3246610164642334	92.27844
969	(1.1558709660361202-0.00016286749383565002j)	0.33590078353881836	92.37377
970	(1.1557899285142699+0.00012168810203233571j)	0.31613707542419434	92.46909
971	(1.1557978258990174+8.661150530420159e-05j)	0.33251404762268066	92.56442
972	(1.1558601579519248-2.373919954723469e-05j)	0.3102569580078125	92.65975
973	(1.1557799647275202+3.8148703066898104e-05j)	0.33845090866088867	92.75508
974	(1.155740362314572+3.51297773878859e-05j)	0.31452417373657227	92.85041
975	(1.1558206574000505+0.00013039234952449963j)	0.3175160884857178	92.94573
976	(1.1558362291365296+5.382747089865969e-05j)	0.3126811981201172	93.04106
977	(1.1558422039221377+1.9436494327729203e-05j)	0.32175278663635254	93.13639
978	(1.1557924734551432+0.00015654551509539094j)	0.3152792453765869	93.23172
979	(1.1559122090536458-2.601579577632407e-05j)	0.3251972198486328	93.32704
980	(1.1557534243192409-2.317611045943302e-05j)	0.31650686264038086	93.42237
981	(1.155768441553127+3.244043011385589e-06j)	0.3606710433959961	93.5177
982	(1.1554745491252558-0.00012974106079632897j)	0.3286609649658203	93.61303
983	(1.1558393040869084+4.832256172038196e-05j)	0.3215599060058594	93.70836
984	(1.1558191923649757+6.843680843454658e-05j)	0.32091283798217773	93.80368
985	(1.155753196875561+3.0893950348038265e-05j)	0.3373739719390869	93.89901
986	(1.1557802988917976+3.682679482852613e-05j)	0.31583404541015625	93.99434
987	(1.1556755559128118-3.2910318521595094e-05j)	0.32062578201293945	94.08967
988	(1.1557383982822276+2.4319617309975783e-05j)	0.3221278190612793	94.185
989	(1.1557421484559403+6.891091985228304e-05j)	0.31813812255859375	94.28032
990	(1.155793054928624+6.5750053969027e-05j)	0.3330550193786621	94.37565
991	(1.15585130580095-4.331055168838027e-05j)	0.3145473003387451	94.47098
992	(1.155873262472642+2.4927570035748747e-05j)	0.330855131149292	94.56631
993	(1.1556916999708755-8.649288599066329e-05j)	0.3137338161468506	94.66164
994	(1.1558431431465341-3.776478550276963e-05j)	0.31446194648742676	94.75696
995	(1.155813285735069+0.0001378615404716843j)	0.31902098655700684	94.85229
996	(1.1557622945090038-6.749825750421504e-06j)	0.32474422454833984	94.94762
997	(1.1557451995948347-1.9905955926824426e-05j)	0.3100290298461914	95.04295
998	(1.155809977731449+4.697000589015676e-05j)	0.3379788398742676	95.13828
999	(1.1557439726174124+0.00010635376375511818j)	0.31804990768432617	95.2336
