	res_adaptive	time_adaptive	w
0	(1.056371346141712-0.05047207480977188j)	0.411700963973999	0.001
1	(1.2877298590871742-0.25746230587645696j)	0.2938120365142822	0.09633
2	(1.4155786048198353-0.3413307452176924j)	0.29308581352233887	0.19166
3	(1.5202186584383401-0.3954275008037855j)	0.2968919277191162	0.28698
4	(1.607197696006358-0.42756841807359725j)	0.3058490753173828	0.38231
5	(1.7001868600174488-0.4451946909856099j)	0.31192922592163086	0.47764
6	(1.7791073735265237-0.452209541293765j)	0.30226683616638184	0.57297
7	(1.8522072273374635-0.450305525780585j)	0.2957308292388916	0.6683
8	(1.9201271075242903-0.4420108019554635j)	0.29732418060302734	0.76362
9	(1.983608540766153-0.42547999144698534j)	0.2931520938873291	0.85895
10	(2.0419664751162685-0.40299700411734785j)	0.2918720245361328	0.95428
11	(2.095253911126439-0.3753976480768715j)	0.30124497413635254	1.04961
12	(2.1435383945115354-0.3434042466599059j)	0.3039431571960449	1.14494
13	(2.1872769702748287-0.3082268938196537j)	0.32519006729125977	1.24026
14	(2.2260809936418506-0.26869270638875226j)	0.3189356327056885	1.33559
15	(2.2597311342442405-0.2262763421123435j)	0.3048372268676758	1.43092
16	(2.2882530928137754-0.18156383284377525j)	0.29926609992980957	1.52625
17	(2.311951322124632-0.135654123950728j)	0.313892126083374	1.62157
18	(2.3308785202465874-0.08754210989688266j)	0.3301990032196045	1.7169
19	(2.344730029815392-0.038380348736342995j)	0.34612512588500977	1.81223
20	(2.353575748578286+0.011315934551355156j)	0.3262672424316406	1.90756
21	(2.357551425402173+0.06106563322409919j)	0.2939631938934326	2.00289
22	(2.3573726860628996+0.11006652997490629j)	0.2971808910369873	2.09821
23	(2.3524372256719897+0.15908329639503166j)	0.2993459701538086	2.19354
24	(2.3429820878742786+0.20712381720323342j)	0.32064008712768555	2.28887
25	(2.3292045661462595+0.2537708323647593j)	0.30724000930786133	2.3842
26	(2.3113563494858878+0.2986516081567568j)	0.2956569194793701	2.47953
27	(2.2904660801418957+0.341210184663976j)	0.29544782638549805	2.57485
28	(2.2654741765836253+0.38208019128460075j)	0.2993009090423584	2.67018
29	(2.2370406739560273+0.4204241674194656j)	0.2965817451477051	2.76551
30	(2.205464407083448+0.45594647158516594j)	0.31137585639953613	2.86084
31	(2.1710824752829585+0.4884051353820441j)	0.2908947467803955	2.95617
32	(2.135102839577395+0.5174705302355216j)	0.29712939262390137	3.05149
33	(2.096186035343336+0.5437172038365822j)	0.3005940914154053	3.14682
34	(2.055273635619142+0.5664742535395269j)	0.2914271354675293	3.24215
35	(2.0127219553520055+0.5855861801545112j)	0.3024897575378418	3.33748
36	(1.9689063005782075+0.6009555893700218j)	0.29796910285949707	3.43281
37	(1.9250688171016956+0.6124675010807648j)	0.2986607551574707	3.52813
38	(1.879755218874806+0.6206610662305063j)	0.2915050983428955	3.62346
39	(1.8340386522048169+0.6250471646187902j)	0.29932308197021484	3.71879
40	(1.7882810801860591+0.6256134734906886j)	0.29616498947143555	3.81412
41	(1.7428459300686856+0.6224045938540715j)	0.29270386695861816	3.90945
42	(1.698870900959378+0.6155076699073452j)	0.2975008487701416	4.00477
43	(1.6549326456782245+0.6054045209603398j)	0.2929849624633789	4.1001
44	(1.6120939539918777+0.5917995149927928j)	0.30876803398132324	4.19543
45	(1.5706742342273043+0.5748087883840041j)	0.31331300735473633	4.29076
46	(1.5316626034787604+0.5543314862217659j)	0.3031129837036133	4.38608
47	(1.4939234382121738+0.5314425119131613j)	0.30331969261169434	4.48141
48	(1.458237685387225+0.5057053498015214j)	0.2973928451538086	4.57674
49	(1.4248536921642654+0.4772912902494889j)	0.29993200302124023	4.67207
50	(1.394009119294251+0.44641435137679686j)	0.2968258857727051	4.7674
51	(1.366482982786029+0.413188656547235j)	0.2926902770996094	4.86272
52	(1.341192569208167+0.37846684137535563j)	0.29673075675964355	4.95805
53	(1.3180774588797255+0.3421519839116883j)	0.29831504821777344	5.05338
54	(1.299461329367503+0.30404011903564104j)	0.3003661632537842	5.14871
55	(1.283305123099996+0.2648437371737958j)	0.29692697525024414	5.24404
56	(1.270850803412984+0.22472686910409906j)	0.2951350212097168	5.33936
57	(1.2611260834746025+0.1842099344102287j)	0.29589200019836426	5.43469
58	(1.2546300584297798+0.14324610091663648j)	0.290172815322876	5.53002
59	(1.251408823436699+0.10209573190145271j)	0.2929198741912842	5.62535
60	(1.2514801231983284+0.06104337998290721j)	0.2972531318664551	5.72068
61	(1.2550948025421946+0.020561642066794783j)	0.2925889492034912	5.816
62	(1.2614190521654738-0.01923885600656361j)	0.30602288246154785	5.91133
63	(1.2707780603023617-0.05822031885493917j)	0.30238795280456543	6.00666
64	(1.2831162978196855-0.09614046076758243j)	0.30704712867736816	6.10199
65	(1.2983478522125185-0.1327447740833606j)	0.3232460021972656	6.19732
66	(1.3164818633145272-0.1674458920193227j)	0.31464076042175293	6.29264
67	(1.3368332415098834-0.20057529606546165j)	0.3147132396697998	6.38797
68	(1.3595723390585241-0.23183796795130807j)	0.2902181148529053	6.4833
69	(1.3845621229876328-0.26104502924205275j)	0.31300902366638184	6.57863
70	(1.4116358907024762-0.28800500459172373j)	0.29943323135375977	6.67396
71	(1.4406158520009906-0.3120763507840607j)	0.3001730442047119	6.76928
72	(1.4709615861175416-0.33400537714479006j)	0.3121469020843506	6.86461
73	(1.5027284636719456-0.3533824042105165j)	0.2980930805206299	6.95994
74	(1.5357280219515312-0.3700948452509579j)	0.30101799964904785	7.05527
75	(1.5699236626185948-0.38358951149573717j)	0.3251659870147705	7.15059
76	(1.6044836422801572-0.39457313008460226j)	0.31169891357421875	7.24592
77	(1.6395406269671382-0.4027872463672405j)	0.30332422256469727	7.34125
78	(1.6749042756499546-0.40820441776417604j)	0.30287885665893555	7.43658
79	(1.7103697927704826-0.41079764954595843j)	0.29518938064575195	7.53191
80	(1.7458498251501862-0.4100153144103731j)	0.2978649139404297	7.62723
81	(1.7805772572972862-0.4069030374031889j)	0.29236412048339844	7.72256
82	(1.8147061080542586-0.4011438502724459j)	0.2958850860595703	7.81789
83	(1.8480606046157346-0.3927882208514648j)	0.3004648685455322	7.91322
84	(1.8804536911367808-0.3818902436940558j)	0.29308009147644043	8.00855
85	(1.9117833708782588-0.3679554309707407j)	0.29778313636779785	8.10387
86	(1.9413982159818246-0.35222846568762944j)	0.29921507835388184	8.1992
87	(1.969486744944563-0.33437563633153355j)	0.2906949520111084	8.29453
88	(1.9959162957070546-0.31451018109510587j)	0.29674506187438965	8.38986
89	(2.0205456971619444-0.2927491454883572j)	0.2969210147857666	8.48519
90	(2.0432789885269234-0.2686980761493365j)	0.2999427318572998	8.58051
91	(2.063638199880046-0.24365011165845574j)	0.2923750877380371	8.67584
92	(2.0818424295390074-0.21728757211681327j)	0.29578709602355957	8.77117
93	(2.097820569560263-0.18976242194019344j)	0.29620885848999023	8.8665
94	(2.1114957562905645-0.16122989961770495j)	0.30500125885009766	8.96183
95	(2.1227816096452896-0.13141833666384906j)	0.30705881118774414	9.05715
96	(2.1314310142660764-0.10152960967854319j)	0.32598090171813965	9.15248
97	(2.1376709285942117-0.07128414795298288j)	0.3021280765533447	9.24781
98	(2.141499661517498-0.04084335921910354j)	0.3006749153137207	9.34314
99	(2.1429107801682283-0.010371207479820566j)	0.29599571228027344	9.43847
100	(2.14181717916938+0.020275372421254323j)	0.29003000259399414	9.53379
101	(2.138247290370569+0.05009900548730173j)	0.2963600158691406	9.62912
102	(2.1324011865359034+0.07933200156453768j)	0.2975790500640869	9.72445
103	(2.1243421412307733+0.10783175516246613j)	0.2980458736419678	9.81978
104	(2.1141386867526775+0.13574958162649786j)	0.3016200065612793	9.9151
105	(2.101653957364501+0.1622254367773217j)	0.3043670654296875	10.01043
106	(2.0872436989912955+0.18742588486376854j)	0.2945411205291748	10.10576
107	(2.071031547605338+0.21124306621960198j)	0.29297590255737305	10.20109
108	(2.0528945892289743+0.2340424518099813j)	0.2951500415802002	10.29642
109	(2.033527208029305+0.25452681973606617j)	0.2957611083984375	10.39174
110	(2.0124417722524544+0.2734225833099771j)	0.300750732421875	10.48707
111	(1.9901197119337535+0.290456634656475j)	0.29472780227661133	10.5824
112	(1.966715709645697+0.30558045496843744j)	0.2937929630279541	10.67773
113	(1.9423710826499638+0.3187504906248581j)	0.29582905769348145	10.77306
114	(1.9169685345810656+0.33003778340874385j)	0.3036479949951172	10.86838
115	(1.8910652060613269+0.33897033297938467j)	0.3047311305999756	10.96371
116	(1.8647593228374144+0.3457770462339845j)	0.2976219654083252	11.05904
117	(1.838210428364906+0.35047485790776417j)	0.324066162109375	11.15437
118	(1.8115624069161373+0.35308197668949204j)	0.3177039623260498	11.2497
119	(1.7845907067826514+0.3536588376976452j)	0.30167603492736816	11.34502
120	(1.7581244696909186+0.3519188146040233j)	0.30762696266174316	11.44035
121	(1.7320983739479099+0.34813020851937937j)	0.30029797554016113	11.53568
122	(1.7066512165781325+0.34237087433635527j)	0.2973811626434326	11.63101
123	(1.6819048390625388+0.33471511260401804j)	0.30864405632019043	11.72634
124	(1.6575400676362697+0.32522416595749926j)	0.3038053512573242	11.82166
125	(1.6345612596557808+0.3137690103475904j)	0.3061788082122803	11.91699
126	(1.612745657993072+0.3006499385162092j)	0.2969191074371338	12.01232
127	(1.592189170567147+0.28599178298270095j)	0.30343103408813477	12.10765
128	(1.5729724210591385+0.2699105402081322j)	0.32344675064086914	12.20298
129	(1.5547095156736586+0.2524682555244835j)	0.3002660274505615	12.2983
130	(1.5384650365599997+0.2336632557516738j)	0.30342984199523926	12.39363
131	(1.5238846546084555+0.21380805850280718j)	0.29343199729919434	12.48896
132	(1.511007907555054+0.1930538825464918j)	0.2994260787963867	12.58429
133	(1.4994206382061714+0.17166154094510722j)	0.3042480945587158	12.67961
134	(1.4894898502861513+0.149296830696698j)	0.2827150821685791	12.77494
135	(1.4825298026448428+0.12647521914544926j)	0.3248579502105713	12.87027
136	(1.4769078462961736+0.10332407954665807j)	0.2906479835510254	12.9656
137	(1.4731460144015904+0.08001136630585148j)	0.29433608055114746	13.06093
138	(1.470796710280137+0.056755158588115764j)	0.30132293701171875	13.15625
139	(1.4707169947869712+0.03332608476285287j)	0.29370808601379395	13.25158
140	(1.4725024600702303+0.010164641799697727j)	0.29567909240722656	13.34691
141	(1.4760884586297447-0.012575036733004807j)	0.29233598709106445	13.44224
142	(1.4813974019028833-0.03476033489629274j)	0.29848599433898926	13.53757
143	(1.4879961262195824-0.056254369135138454j)	0.3030688762664795	13.63289
144	(1.4966078631672348-0.07716924149754029j)	0.29485416412353516	13.72822
145	(1.506788015450977-0.0971520649954469j)	0.2992069721221924	13.82355
146	(1.5184212705439701-0.11608552890028248j)	0.300325870513916	13.91888
147	(1.5313862095917035-0.133877151230952j)	0.295407772064209	14.01421
148	(1.5453062285727626-0.15050509035678633j)	0.3129158020019531	14.10953
149	(1.560722510140991-0.16593718861392603j)	0.30875492095947266	14.20486
150	(1.5771947808667246-0.17995421813215806j)	0.3044321537017822	14.30019
151	(1.594575295805717-0.19249127078780076j)	0.2938880920410156	14.39552
152	(1.6127187427315168-0.2035088535430986j)	0.2977120876312256	14.49085
153	(1.6313356853170813-0.21312176981462516j)	0.3007049560546875	14.58617
154	(1.6507702527693437-0.2211311482796519j)	0.29595208168029785	14.6815
155	(1.6706241427835042-0.22748532766540047j)	0.2994389533996582	14.77683
156	(1.6907392675715482-0.23217811031106883j)	0.29538583755493164	14.87216
157	(1.7109679160250388-0.23522703979689635j)	0.2954590320587158	14.96749
158	(1.7311267947544202-0.23688747571651203j)	0.30054593086242676	15.06281
159	(1.7513771114977061-0.23678716288497648j)	0.2945857048034668	15.15814
160	(1.771389281632397-0.23505351468575753j)	0.2964498996734619	15.25347
161	(1.791017336942085-0.23173738133864918j)	0.29235196113586426	15.3488
162	(1.8100175229354138-0.2271265671127778j)	0.3030269145965576	15.44412
163	(1.8286631870157617-0.2209475900614004j)	0.3107140064239502	15.53945
164	(1.84662251652336-0.21332108629001045j)	0.2907707691192627	15.63478
165	(1.8637652645247074-0.20432432297821024j)	0.30443501472473145	15.73011
166	(1.8799771163595296-0.19405560755033202j)	0.2968008518218994	15.82544
167	(1.8951002949982922-0.18294001108761493j)	0.29764819145202637	15.92076
168	(1.9093653545307505-0.17050216518993522j)	0.29514431953430176	16.01609
169	(1.9224854705183256-0.15702809802804307j)	0.30231714248657227	16.11142
170	(1.9343707804718686-0.142632898950398j)	0.31880617141723633	16.20675
171	(1.9449526808853963-0.12744623206707495j)	0.3022420406341553	16.30208
172	(1.9541594915881864-0.11197958865411084j)	0.2964000701904297	16.3974
173	(1.9621979572703636-0.09560378046760354j)	0.3071920871734619	16.49273
174	(1.9688354485826907-0.07872837124846654j)	0.3053591251373291	16.58806
175	(1.9738908972611138-0.06164401328942426j)	0.3039259910583496	16.68339
176	(1.9777705262783303-0.04401963686413257j)	0.30655884742736816	16.77872
177	(1.9800629309646092-0.026865659626264304j)	0.2943851947784424	16.87404
178	(1.9810956863887417-0.00930695429305961j)	0.3135807514190674	16.96937
179	(1.9806981726555966+0.0081798468058083j)	0.2892477512359619	17.0647
180	(1.9789451665031825+0.025363617435499308j)	0.31871485710144043	17.16003
181	(1.9756795267512515+0.04240631801943695j)	0.30957794189453125	17.25536
182	(1.9711811468081573+0.05851280927131697j)	0.30461716651916504	17.35068
183	(1.965540029717023+0.07451167460635044j)	0.31035399436950684	17.44601
184	(1.958654599035524+0.08992041203419554j)	0.2887091636657715	17.54134
185	(1.9505802922947688+0.10462315507342301j)	0.3025648593902588	17.63667
186	(1.9413945961579113+0.1185131654565037j)	0.3042409420013428	17.732
187	(1.9312558258995765+0.1311836736476647j)	0.30044007301330566	17.82732
188	(1.9202574840349178+0.1433065169649277j)	0.29279208183288574	17.92265
189	(1.908371691531534+0.15444614661588063j)	0.29203009605407715	18.01798
190	(1.895687791055334+0.16451993445092084j)	0.3014240264892578	18.11331
191	(1.8822721716439879+0.1731641831997206j)	0.28820300102233887	18.20863
192	(1.8684658653948227+0.18098905312936786j)	0.29877305030822754	18.30396
193	(1.8541436549903372+0.18766542807234365j)	0.297044038772583	18.39929
194	(1.8393970867851128+0.1931421466082066j)	0.2936720848083496	18.49462
195	(1.8243332535049652+0.19737660518805056j)	0.3032090663909912	18.58995
196	(1.809105162535444+0.20012515814831666j)	0.30042195320129395	18.68527
197	(1.7938839069352146+0.2019255650556615j)	0.2967550754547119	18.7806
198	(1.778632615064328+0.20251769837608558j)	0.3006603717803955	18.87593
199	(1.7634480546978617+0.20188881578119844j)	0.29576921463012695	18.97126
200	(1.748439367130499+0.20003860762235892j)	0.30449676513671875	19.06659
201	(1.7338388864052576+0.19685191889002196j)	0.30722594261169434	19.16191
202	(1.7196042454486418+0.1927666841689728j)	0.3128960132598877	19.25724
203	(1.7057921877750832+0.1876004758893638j)	0.30318522453308105	19.35257
204	(1.6924909032172715+0.18137642650235264j)	0.29285597801208496	19.4479
205	(1.6797960849485247+0.1741317464385176j)	0.30004286766052246	19.54323
206	(1.668004969346699+0.16587018033995737j)	0.28888893127441406	19.63855
207	(1.656842166523536+0.15691916260454297j)	0.30493783950805664	19.73388
208	(1.6464559820553115+0.14716862515171059j)	0.306718111038208	19.82921
209	(1.636913909161719+0.1366695251146568j)	0.2944369316101074	19.92454
210	(1.628286797230237+0.12548758715038666j)	0.3091859817504883	20.01987
211	(1.6209138103936844+0.11372132915984301j)	0.2899129390716553	20.11519
212	(1.6142989645371362+0.10159024219794277j)	0.2973201274871826	20.21052
213	(1.6088488069558031+0.08891753207451492j)	0.2978806495666504	20.30585
214	(1.6040651910007888+0.07614156127222749j)	0.29375290870666504	20.40118
215	(1.6005244102328184+0.06297287205937863j)	0.30717992782592773	20.49651
216	(1.5983998340396892+0.04969833744319818j)	0.29584789276123047	20.59183
217	(1.5970190016159127+0.03643748701876015j)	0.29750514030456543	20.68716
218	(1.5966658459388121+0.023174808223976218j)	0.29724788665771484	20.78249
219	(1.5973499142004273+0.009981832226174214j)	0.2956373691558838	20.87782
220	(1.599410044269026-0.003108929274059813j)	0.31417322158813477	20.97314
221	(1.602188726569993-0.01575288886660331j)	0.3232078552246094	21.06847
222	(1.6058781206896922-0.028058683706561616j)	0.31948113441467285	21.1638
223	(1.610486976201897-0.03998666819150121j)	0.3308229446411133	21.25913
224	(1.6159878277763178-0.0514677016424967j)	0.29143500328063965	21.35446
225	(1.6227062921135382-0.06245511061717968j)	0.306318998336792	21.44978
226	(1.6298725881571443-0.07266584587173386j)	0.3100740909576416	21.54511
227	(1.6377391235894532-0.08223503252047526j)	0.29299306869506836	21.64044
228	(1.646267694773845-0.09112418148453616j)	0.32442212104797363	21.73577
229	(1.6554180609980542-0.09928615688850151j)	0.3001518249511719	21.8311
230	(1.665473369762122-0.10666707411754572j)	0.30147671699523926	21.92642
231	(1.6756489321578374-0.11307531563935669j)	0.31413698196411133	22.02175
232	(1.6860793263388127-0.11860078824497694j)	0.30875492095947266	22.11708
233	(1.697087690881255-0.12337395366655818j)	0.3045470714569092	22.21241
234	(1.7082509170789402-0.12722289899040973j)	0.2974231243133545	22.30774
235	(1.7199077983115503-0.13013418489091716j)	0.2924950122833252	22.40306
236	(1.731344453171373-0.13203633635397977j)	0.2997431755065918	22.49839
237	(1.7428015710038767-0.13305465444908893j)	0.2887451648712158	22.59372
238	(1.754230278459056-0.1331958591220565j)	0.2997739315032959	22.68905
239	(1.7656516451011712-0.13236587093549973j)	0.29610610008239746	22.78438
240	(1.7769800910772668-0.13076508391484898j)	0.2999880313873291	22.8797
241	(1.7878577609636008-0.128187601718112j)	0.2950279712677002	22.97503
242	(1.798419050227381-0.12481715407046856j)	0.2998781204223633	23.07036
243	(1.808624172906942-0.12068030129873142j)	0.30156397819519043	23.16569
244	(1.818429539721115-0.11579712451692303j)	0.28878188133239746	23.26102
245	(1.8278838170486016-0.1100611832870998j)	0.2992370128631592	23.35634
246	(1.836591848440783-0.10370777446647617j)	0.2962381839752197	23.45167
247	(1.8447171297848275-0.09676871511196028j)	0.294111967086792	23.547
248	(1.8522388294300773-0.0892852732406273j)	0.2997298240661621	23.64233
249	(1.8583357273892611-0.08132007677026892j)	0.301710844039917	23.73765
250	(1.8653523403339685-0.07264515191104512j)	0.29655027389526367	23.83298
251	(1.8707183614832172-0.06374270775867208j)	0.30026912689208984	23.92831
252	(1.8753445203199484-0.05453987104918018j)	0.29779481887817383	24.02364
253	(1.8792280839081152-0.045082846991538195j)	0.3246021270751953	24.11897
254	(1.8824178636770519-0.03522988885403683j)	0.3058760166168213	24.21429
255	(1.8846507861778592-0.02534745862922505j)	0.3003420829772949	24.30962
256	(1.8860885676573798-0.015425206227526245j)	0.29679203033447266	24.40495
257	(1.8867533850876081-0.005515863165568929j)	0.28911900520324707	24.50028
258	(1.887121581561941+0.004306638505133326j)	0.2862818241119385	24.59561
259	(1.8858330783551718+0.01434868905475542j)	0.29583001136779785	24.69093
260	(1.884117303493767+0.02397657205445096j)	0.29471611976623535	24.78626
261	(1.8816752914975199+0.033339690802220344j)	0.3016090393066406	24.88159
262	(1.8785492354408482+0.04239787333526478j)	0.2948448657989502	24.97692
263	(1.8747738819435746+0.05111992400025916j)	0.3111870288848877	25.07225
264	(1.8703408318035224+0.05977567905938946j)	0.29512596130371094	25.16757
265	(1.8652020446211375+0.06770420585671107j)	0.3059349060058594	25.2629
266	(1.8595129348116093+0.07512163327020017j)	0.2980217933654785	25.35823
267	(1.8533289624921303+0.08200747662698643j)	0.29671597480773926	25.45356
268	(1.8466958963097049+0.08834728867163834j)	0.2961900234222412	25.54889
269	(1.8395873913543423+0.09444248667996466j)	0.29601311683654785	25.64421
270	(1.8320330784302403+0.09958173390107126j)	0.29871296882629395	25.73954
271	(1.8241782573875926+0.10405653335541784j)	0.29490208625793457	25.83487
272	(1.8160828933201376+0.10786789986099231j)	0.29438328742980957	25.9302
273	(1.8079998248771612+0.11085195651857818j)	0.3180081844329834	26.02553
274	(1.7992729390701179+0.11382013112739743j)	0.35246706008911133	26.12085
275	(1.7906077901014248+0.1155766027703328j)	0.34447479248046875	26.21618
276	(1.7819231314905757+0.11662453823654834j)	0.3378610610961914	26.31151
277	(1.7732742747856876+0.11698728242682727j)	0.3454141616821289	26.40684
278	(1.7647319334636056+0.1169870604115952j)	0.31252574920654297	26.50216
279	(1.756148972805596+0.11600237744833186j)	0.3140408992767334	26.59749
280	(1.7477572614422705+0.11433398618708293j)	0.29663896560668945	26.69282
281	(1.7396136466188885+0.11202192713126291j)	0.3068077564239502	26.78815
282	(1.731760861141333+0.10911050870719935j)	0.3050413131713867	26.88348
283	(1.7242191809003515+0.10588665073246889j)	0.2962830066680908	26.9788
284	(1.7169255393199199+0.10181387591199803j)	0.31711626052856445	27.07413
285	(1.7100562821872682+0.09719837190244007j)	0.31082797050476074	27.16946
286	(1.7036501556073147+0.09209773910210284j)	0.30332493782043457	27.26479
287	(1.6977308960333135+0.08656999429347162j)	0.29706907272338867	27.36012
288	(1.6922530000450822+0.08084050649980112j)	0.2970433235168457	27.45544
289	(1.6872599765754577+0.07449812497067715j)	0.2944011688232422	27.55077
290	(1.6828477569914995+0.06782585482862302j)	0.2906942367553711	27.6461
291	(1.6790994093171583+0.06091398467706566j)	0.2980501651763916	27.74143
292	(1.6758139825217837+0.05375654564960308j)	0.320436954498291	27.83676
293	(1.6730721968616042+0.04656900211535875j)	0.3060901165008545	27.93208
294	(1.6709678405601904+0.039058940126823205j)	0.30434393882751465	28.02741
295	(1.6695210854549505+0.03147344548381814j)	0.3065011501312256	28.12274
296	(1.6686995665908901+0.023871381255135327j)	0.29352807998657227	28.21807
297	(1.6684891784859972+0.016314233523731403j)	0.2961239814758301	28.3134
298	(1.668692562366411+0.008864231378787113j)	0.2940065860748291	28.40872
299	(1.6696108946490646+0.001397104094144841j)	0.2966609001159668	28.50405
300	(1.671134282001312-0.0059064775124152424j)	0.2954540252685547	28.59938
301	(1.6732307690814143-0.012987403674577513j)	0.2980668544769287	28.69471
302	(1.6758591888423457-0.01979849058189631j)	0.3011147975921631	28.79004
303	(1.6787558670644667-0.026359567418250296j)	0.28812408447265625	28.88536
304	(1.682345107049655-0.03267062260657949j)	0.32326793670654297	28.98069
305	(1.6864159504588092-0.03861301913156978j)	0.3177528381347656	29.07602
306	(1.6909190326308314-0.04414309515332171j)	0.2984130382537842	29.17135
307	(1.6955591800583645-0.04920890525082189j)	0.29583096504211426	29.26667
308	(1.7007478159479046-0.053968886065801414j)	0.30892181396484375	29.362
309	(1.7062850069783457-0.058258612571318036j)	0.3004322052001953	29.45733
310	(1.7121185031617703-0.06204178336377841j)	0.2950122356414795	29.55266
311	(1.7181872192735264-0.06529574298508778j)	0.2978801727294922	29.64799
312	(1.724147536953749-0.06802093285493183j)	0.3019070625305176	29.74331
313	(1.730527152213197-0.0703337614252173j)	0.29281091690063477	29.83864
314	(1.7370457351717357-0.07210071117422245j)	0.30169105529785156	29.93397
315	(1.743643867723864-0.07330668374113258j)	0.29790687561035156	30.0293
316	(1.7502586732078913-0.07395114656686175j)	0.29146909713745117	30.12463
317	(1.7565349095644547-0.07407991745091402j)	0.30150389671325684	30.21995
318	(1.763062132421159-0.0737732529434485j)	0.29398012161254883	30.31528
319	(1.7695142648231066-0.0729305527037245j)	0.3006727695465088	30.41061
320	(1.7758329598556513-0.07155774652640934j)	0.29500603675842285	30.50594
321	(1.781961027244241-0.06967525383967588j)	0.29769086837768555	30.60127
322	(1.7875712387211016-0.06736816403251189j)	0.2964439392089844	30.69659
323	(1.79325336515886-0.0646762153819217j)	0.28774595260620117	30.79192
324	(1.7986742138836576-0.06153568669169407j)	0.30546021461486816	30.88725
325	(1.8037823178569252-0.057970722761262916j)	0.31403613090515137	30.98258
326	(1.8085337374038253-0.05401930682391787j)	0.3107278347015381	31.07791
327	(1.812665962900891-0.04980012288168001j)	0.3159780502319336	31.17323
328	(1.8167075272699185-0.04530018995240659j)	0.2969670295715332	31.26856
329	(1.8203534911554922-0.04049743051852961j)	0.3074309825897217	31.36389
330	(1.8235672461738224-0.03543025375121778j)	0.29679179191589355	31.45922
331	(1.826320188563857-0.030147914575483936j)	0.3021402359008789	31.55455
332	(1.8284427151523182-0.02480001886227623j)	0.31656599044799805	31.64987
333	(1.8303506918716845-0.019300559502440473j)	0.2952880859375	31.7452
334	(1.831798418606353-0.013677415068929166j)	0.3079512119293213	31.84053
335	(1.8327655815498707-0.007976213406221677j)	0.312603235244751	31.93586
336	(1.8330843388746387-0.002295550649870526j)	0.295665979385376	32.03118
337	(1.8333185204449582+0.003505440264762294j)	0.32505226135253906	32.12651
338	(1.8328031305236405+0.00891742910763893j)	0.2964599132537842	32.22184
339	(1.8319897578237736+0.014454744236421457j)	0.29647088050842285	32.31717
340	(1.8307208341546284+0.019886644100217343j)	0.3028450012207031	32.4125
341	(1.8289171644532725+0.02505847484492818j)	0.29709506034851074	32.50782
342	(1.8268833954054424+0.030078825256182773j)	0.3021378517150879	32.60315
343	(1.8244691596869345+0.034917564537956136j)	0.29506993293762207	32.69848
344	(1.8216769637681183+0.03953942524058385j)	0.30002832412719727	32.79381
345	(1.8185179238997637+0.043900879022050865j)	0.30356812477111816	32.88914
346	(1.814997622758141+0.047799717904254635j)	0.2913939952850342	32.98446
347	(1.8113092383282523+0.051503211572092034j)	0.3000960350036621	33.07979
348	(1.807010810840901+0.0543662249012955j)	0.2756960391998291	33.17512
349	(1.8031432688589732+0.05797885802010683j)	0.2985401153564453	33.27045
350	(1.798702868746796+0.060688912897992275j)	0.2971150875091553	33.36578
351	(1.7941031223577473+0.06279207591639857j)	0.29662585258483887	33.4611
352	(1.7894369383701239+0.06470812723593833j)	0.2980780601501465	33.55643
353	(1.7846472539147245+0.06626070343277013j)	0.29344606399536133	33.65176
354	(1.7797548105100933+0.06742898986069079j)	0.29950475692749023	33.74709
355	(1.7747901260909489+0.06819274569987421j)	0.29678797721862793	33.84242
356	(1.7698720549612+0.06828840244683054j)	0.30431103706359863	33.93774
357	(1.7650057484878805+0.06825060006242245j)	0.3172931671142578	34.03307
358	(1.7601667264402683+0.06784678805465427j)	0.29922986030578613	34.1284
359	(1.7553778346241176+0.06706823519158067j)	0.294755220413208	34.22373
360	(1.7506725454530165+0.06590537458169177j)	0.2960948944091797	34.31906
361	(1.746196713632226+0.06410045911862194j)	0.3022339344024658	34.41438
362	(1.7418834409500068+0.06224901070857436j)	0.3047189712524414	34.50971
363	(1.7377311904012578+0.060087930728470185j)	0.2921309471130371	34.60504
364	(1.7337615400792312+0.05761526256775884j)	0.29572296142578125	34.70037
365	(1.7300106268384292+0.0545581836986454j)	0.30574679374694824	34.79569
366	(1.7266172508894853+0.05151788549359593j)	0.29282379150390625	34.89102
367	(1.723473968627525+0.048260255013037434j)	0.295654296875	34.98635
368	(1.7205887408737766+0.04479067364684319j)	0.29815030097961426	35.08168
369	(1.7179789047799274+0.04111604759353604j)	0.29623985290527344	35.17701
370	(1.7156943893173484+0.03699082192452813j)	0.2966799736022949	35.27233
371	(1.713812614253293+0.03301374982246125j)	0.2976870536804199	35.36766
372	(1.7122347992417037+0.028940159436209034j)	0.3068051338195801	35.46299
373	(1.710963904101372+0.02477907390321754j)	0.30260729789733887	35.55832
374	(1.7100110151305532+0.020540154809776057j)	0.3017098903656006	35.65365
375	(1.7094412429084478+0.01603186445433885j)	0.29782676696777344	35.74897
376	(1.7092531789865901+0.011784323749405357j)	0.29921483993530273	35.8443
377	(1.709371564426896+0.0075693168305214775j)	0.3128678798675537	35.93963
378	(1.7097929109515482+0.003393879360030272j)	0.31194496154785156	36.03496
379	(1.7105220921808588-0.0007305201962558017j)	0.31871891021728516	36.13029
380	(1.7115167034061398-0.004956536492021879j)	0.31143712997436523	36.22561
381	(1.7130634318441205-0.008781515654384453j)	0.30501508712768555	36.32094
382	(1.7147413738461714-0.012489597142229969j)	0.30411314964294434	36.41627
383	(1.7166707962723724-0.016046727320767895j)	0.30025720596313477	36.5116
384	(1.718851025923555-0.019443082397802736j)	0.30658888816833496	36.60693
385	(1.7213933699872872-0.022725850223132338j)	0.3003861904144287	36.70225
386	(1.7240751675603094-0.025796101630165297j)	0.2953653335571289	36.79758
387	(1.7269675377375766-0.028304300379561692j)	0.3026092052459717	36.89291
388	(1.7300049140045646-0.030748522115704363j)	0.32399916648864746	36.98824
389	(1.7332015074393117-0.03295748553961887j)	0.3038301467895508	37.08357
390	(1.7366988781017505-0.03490448610926912j)	0.29679012298583984	37.17889
391	(1.7401830197435153-0.03648298674192165j)	0.2946598529815674	37.27422
392	(1.743732029457354-0.037788747720832905j)	0.2995719909667969	37.36955
393	(1.7473367001693418-0.03882902745140758j)	0.29647374153137207	37.46488
394	(1.751147979131918-0.03963110125157525j)	0.30298399925231934	37.5602
395	(1.7548680433585913-0.040020964112316065j)	0.299731969833374	37.65553
396	(1.758552685067255-0.04012400601447608j)	0.29058194160461426	37.75086
397	(1.7621895108493781-0.039958721157395904j)	0.2983391284942627	37.84619
398	(1.7657728380574886-0.039537144478417816j)	0.2942070960998535	37.94152
399	(1.7695061285751525-0.03884461955594956j)	0.297745943069458	38.03684
400	(1.772958886840951-0.037801582902155864j)	0.2973897457122803	38.13217
401	(1.7766264416785713-0.03649033372845213j)	0.2810359001159668	38.2275
402	(1.7794340092550531-0.0350051336365991j)	0.3028068542480469	38.32283
403	(1.7824513283669952-0.033290176709548036j)	0.2917311191558838	38.41816
404	(1.7855619789412442-0.03132251613396139j)	0.2984802722930908	38.51348
405	(1.788242208778229-0.02910078610131195j)	0.2958240509033203	38.60881
406	(1.7907007868111422-0.02671251355651902j)	0.2907857894897461	38.70414
407	(1.7929421979152114-0.024182899949153347j)	0.30782008171081543	38.79947
408	(1.7949729687655134-0.021527256944743944j)	0.3079261779785156	38.8948
409	(1.7970462379413568-0.018678460041160083j)	0.3431527614593506	38.99012
410	(1.798598738788284-0.015693361982849874j)	0.30985331535339355	39.08545
411	(1.79995656838957-0.01300477344345824j)	0.29830002784729004	39.18078
412	(1.8009274352725215-0.00954798938675977j)	0.2980051040649414	39.27611
413	(1.8017296751002603-0.006424308406787538j)	0.295975923538208	39.37144
414	(1.8025346641409357-0.003187375291749339j)	0.29735302925109863	39.46676
415	(1.8027999630026479+5.73193046020104e-05j)	0.2958662509918213	39.56209
416	(1.802801009547988+0.003262672771154551j)	0.2931711673736572	39.65742
417	(1.8025603014739737+0.006410108156676364j)	0.29578399658203125	39.75275
418	(1.8020960671565+0.009491278273976611j)	0.29801392555236816	39.84808
419	(1.8016077894735303+0.012602517495907128j)	0.29456186294555664	39.9434
420	(1.8006291769112468+0.015598404807991906j)	0.2950620651245117	40.03873
421	(1.7994270910754477+0.018459151866495882j)	0.29480767250061035	40.13406
422	(1.7980282482106307+0.021174732369052762j)	0.3047611713409424	40.22939
423	(1.7966220095588765+0.023855320011326953j)	0.3030116558074951	40.32471
424	(1.7948426261339991+0.026276597726431206j)	0.2947349548339844	40.42004
425	(1.7928503453361344+0.028585346094702757j)	0.2996680736541748	40.51537
426	(1.7904272318083887+0.031419172771267045j)	0.26811695098876953	40.6107
427	(1.7884387863315356+0.03258497513367142j)	0.30336523056030273	40.70603
428	(1.7862049513209703+0.03434562432332733j)	0.30303406715393066	40.80135
429	(1.7838902787401703+0.03536387900013671j)	0.31232595443725586	40.89668
430	(1.7810218497912553+0.03722284425521971j)	0.31674695014953613	40.99201
431	(1.7783211031659074+0.0382966045510128j)	0.30745601654052734	41.08734
432	(1.7755946230936337+0.03921932306502407j)	0.3107130527496338	41.18267
433	(1.772905044416151+0.03986287947838696j)	0.3110039234161377	41.27799
434	(1.770056017403279+0.04030710213042421j)	0.2991211414337158	41.37332
435	(1.7672090646364293+0.04049687975365446j)	0.30044984817504883	41.46865
436	(1.7643966161084523+0.04044384171438531j)	0.2954716682434082	41.56398
437	(1.7616431199855238+0.04016748387362212j)	0.2976689338684082	41.65931
438	(1.7589569205319462+0.039833010493978804j)	0.3022959232330322	41.75463
439	(1.7562495678797552+0.03916798927889642j)	0.29923391342163086	41.84996
440	(1.7536363471670238+0.038274379016440485j)	0.36506175994873047	41.94529
441	(1.7511439618813638+0.037173534359151605j)	0.3644270896911621	42.04062
442	(1.748789432062653+0.035892143634926654j)	0.3090641498565674	42.13595
443	(1.7465140388133022+0.034635966813764574j)	0.3201878070831299	42.23127
444	(1.7443435021930824+0.03303473955116154j)	0.29871201515197754	42.3266
445	(1.7423405999649781+0.031261147785401566j)	0.30463123321533203	42.42193
446	(1.7405230963707004+0.029344475771226453j)	0.29894399642944336	42.51726
447	(1.7388981015367682+0.02731548229728098j)	0.2919158935546875	42.61259
448	(1.7373549350133586+0.025404930675164028j)	0.29506802558898926	42.70791
449	(1.7360086770702257+0.023168633832113428j)	0.29317593574523926	42.80324
450	(1.734875120579794+0.020837905274249002j)	0.30169105529785156	42.89857
451	(1.733961807366799+0.018445062856359384j)	0.3039078712463379	42.9939
452	(1.733234989051902+0.016256885946125066j)	0.29232001304626465	43.08922
453	(1.732639388883345+0.013802032800032338j)	0.29825615882873535	43.18455
454	(1.7322613687609756+0.011307469973350082j)	0.29607391357421875	43.27988
455	(1.732108546373673+0.008803501191003149j)	0.2996208667755127	43.37521
456	(1.7321774583883263+0.006323499486624362j)	0.3049488067626953	43.47054
457	(1.7324041096769904+0.0041383357391791j)	0.3189258575439453	43.56586
458	(1.7327755320219196+0.0017327966346583068j)	0.3089611530303955	43.66119
459	(1.7333545702245523-0.0006316389402770684j)	0.3097379207611084	43.75652
460	(1.7341388564890277-0.002923726674327831j)	0.3214588165283203	43.85185
461	(1.7351149899553326-0.005114697125243484j)	0.3158290386199951	43.94718
462	(1.7361963357012122-0.006958713614927947j)	0.28957486152648926	44.0425
463	(1.7374090705827263-0.008960415816048783j)	0.29778504371643066	44.13783
464	(1.7387915428960516-0.010851650421395465j)	0.31246495246887207	44.23316
465	(1.740332050943405-0.012605749448212467j)	0.33496880531311035	44.32849
466	(1.742009372233928-0.014199887448605786j)	0.2907679080963135	44.42382
467	(1.7437181917914089-0.015441194505558253j)	0.30602002143859863	44.51914
468	(1.7455300019725493-0.016769190700728354j)	0.2972249984741211	44.61447
469	(1.7474524243781362-0.017940405197900966j)	0.2975759506225586	44.7098
470	(1.749467534693968-0.018933030678646157j)	0.29495811462402344	44.80513
471	(1.7515082574519993-0.019700851157901766j)	0.29317212104797363	44.90046
472	(1.7535737798963198-0.020219918629874933j)	0.29398131370544434	44.99578
473	(1.755669060164458-0.02072663199971425j)	0.32217884063720703	45.09111
474	(1.7578062413412128-0.02105539398470091j)	0.3002309799194336	45.18644
475	(1.75996282279764-0.0211926691174793j)	0.30712223052978516	45.28177
476	(1.7621100377671275-0.021133087199034728j)	0.2971200942993164	45.3771
477	(1.7641100821288107-0.02084045927017275j)	0.2971038818359375	45.47242
478	(1.7661535913926367-0.020511596992836445j)	0.29471731185913086	45.56775
479	(1.7681709672820616-0.020011311048516167j)	0.3026089668273926	45.66308
480	(1.7701379279449831-0.019334051964850496j)	0.31836986541748047	45.75841
481	(1.7719296218754859-0.018422384149972326j)	0.34825992584228516	45.85373
482	(1.7736845526688725-0.017506371701886736j)	0.34938812255859375	45.94906
483	(1.7753734546546847-0.01645487065874729j)	0.3258800506591797	46.04439
484	(1.7769166845715074-0.01522851354723076j)	0.3278837203979492	46.13972
485	(1.7784766230142954-0.0139301139813649j)	0.30475306510925293	46.23505
486	(1.7797015137421968-0.01247004973036403j)	0.3170661926269531	46.33037
487	(1.7809148520160991-0.01100308998457733j)	0.30305910110473633	46.4257
488	(1.782022689036189-0.009443316759465414j)	0.30153322219848633	46.52103
489	(1.78300484007992-0.0077887417435733575j)	0.3162992000579834	46.61636
490	(1.78384418295172-0.006049420757571755j)	0.32108092308044434	46.71169
491	(1.784341818690224-0.004291851180553974j)	0.3051609992980957	46.80701
492	(1.784869413300299-0.0025395295007133445j)	0.3088860511779785	46.90234
493	(1.7852706146772608-0.0007456598148939397j)	0.301379919052124	46.99767
494	(1.785512816634466+0.0010935546246235717j)	0.30016303062438965	47.093
495	(1.7856343076120953+0.0029427074432660794j)	0.29868292808532715	47.18833
496	(1.785732387814995+0.004472223052419233j)	0.2880239486694336	47.28365
497	(1.7851771708872535+0.0064637415002157805j)	0.29601001739501953	47.37898
498	(1.7849818367792318+0.008158373784711737j)	0.31800389289855957	47.47431
499	(1.7844176217589436+0.009920152602168608j)	0.31056904792785645	47.56964
500	(1.7838233294727401+0.011606698828119044j)	0.3007669448852539	47.66497
501	(1.7828689137369422+0.013128181697765307j)	0.2912139892578125	47.76029
502	(1.7820470162477424+0.014603255682282712j)	0.29813599586486816	47.85562
503	(1.7811224839346897+0.016022666025703458j)	0.30697011947631836	47.95095
504	(1.7800871537624925+0.017378305212835843j)	0.29300713539123535	48.04628
505	(1.7789351428927762+0.0186534509097091j)	0.2978169918060303	48.14161
506	(1.7774773793125274+0.019707761709252425j)	0.2980060577392578	48.23693
507	(1.77619416050458+0.020702560039046136j)	0.30235791206359863	48.33226
508	(1.774842260536934+0.021611377782503327j)	0.3028419017791748	48.42759
509	(1.7734188612985082+0.022424561933685583j)	0.29543399810791016	48.52292
510	(1.771709071627661+0.02308434596765918j)	0.32193589210510254	48.61824
511	(1.7702098013725802+0.023579609210801267j)	0.30559372901916504	48.71357
512	(1.7686934338562423+0.023975360629537812j)	0.2967832088470459	48.8089
513	(1.7671532551879503+0.024271347503969587j)	0.31064867973327637	48.90423
514	(1.7655861626231057+0.02445898814658659j)	0.28676390647888184	48.99956
515	(1.7638248745681206+0.024465344163721814j)	0.30236124992370605	49.09488
516	(1.7622999817695049+0.024337114832581414j)	0.29579615592956543	49.19021
517	(1.7608003536496108+0.024114569664711705j)	0.2928810119628906	49.28554
518	(1.7593200157864113+0.02379709765290386j)	0.29494190216064453	49.38087
519	(1.757856480203273+0.02337667992504311j)	0.29807209968566895	49.4762
520	(1.7563067652384492+0.022762726843875092j)	0.2969930171966553	49.57152
521	(1.7549920115596733+0.022072245044535088j)	0.2911701202392578	49.66685
522	(1.7537388169591468+0.02130820394451348j)	0.29582881927490234	49.76218
523	(1.7525398713153553+0.020470033667907075j)	0.29821085929870605	49.85751
524	(1.7513941514173217+0.019550164037129905j)	0.29206013679504395	49.95284
525	(1.750268444706286+0.018438474152153765j)	0.2964949607849121	50.04816
526	(1.7493531106337312+0.017326885417654647j)	0.3029978275299072	50.14349
527	(1.7485219916433672+0.016175849450058538j)	0.306790828704834	50.23882
528	(1.747767553829659+0.01498257466203023j)	0.3332548141479492	50.33415
529	(1.7470896552918738+0.013739840982407252j)	0.33151888847351074	50.42948
530	(1.7465237908795583+0.012315408228639996j)	0.3265831470489502	50.5248
531	(1.7460649501697738+0.010978406776679425j)	0.3300950527191162	50.62013
532	(1.7458124291997175+0.009646072685082926j)	0.33504486083984375	50.71546
533	(1.745586200776006+0.008305683195209898j)	0.30321192741394043	50.81079
534	(1.7454439462599702+0.006952796394363553j)	0.3202061653137207	50.90612
535	(1.7454811595478052+0.005434953473403253j)	0.31391286849975586	51.00144
536	(1.745622460962698+0.004096409846112009j)	0.30396223068237305	51.09677
537	(1.7458460638033741+0.002794987053113429j)	0.3422362804412842	51.1921
538	(1.746145050467213+0.001523361493171116j)	0.3135569095611572	51.28743
539	(1.7465208861705568+0.00027416345470504533j)	0.33211803436279297	51.38276
540	(1.7471111031520177-0.0011175880489526224j)	0.2970616817474365	51.47808
541	(1.7477392737455784-0.0022553638641600315j)	0.3278646469116211	51.57341
542	(1.7484266395615538-0.003326013918723114j)	0.3230929374694824	51.66874
543	(1.7492389096191299-0.004713270825984939j)	0.29861021041870117	51.76407
544	(1.7500318360177807-0.005506018640624888j)	0.3024258613586426	51.85939
545	(1.750981902083974-0.006379278798197052j)	0.29825806617736816	51.95472
546	(1.751634760939878-0.007232110518499535j)	0.2958650588989258	52.05005
547	(1.7529849521454948-0.007847000045538732j)	0.3158409595489502	52.14538
548	(1.7540221517370886-0.008464434945103128j)	0.3027000427246094	52.24071
549	(1.7551751904566268-0.00922348815612084j)	0.30439090728759766	52.33603
550	(1.7563522267840377-0.009647885517754529j)	0.29184675216674805	52.43136
551	(1.7575273353493364-0.009968079671463903j)	0.29628586769104004	52.52669
552	(1.758692088932913-0.01019884879801769j)	0.29943084716796875	52.62202
553	(1.7598462271227118-0.010353014536542915j)	0.29396677017211914	52.71735
554	(1.761093277986981-0.010629210176893555j)	0.29783201217651367	52.81267
555	(1.762305874471472-0.010568302484486924j)	0.29834914207458496	52.908
556	(1.7634771334221948-0.010412521776831718j)	0.3093230724334717	53.00333
557	(1.764602471791592-0.010178180297664707j)	0.29033398628234863	53.09866
558	(1.7656871432530323-0.00987909077998983j)	0.3066878318786621	53.19399
559	(1.7667663710482029-0.009699353794710097j)	0.2966310977935791	53.28931
560	(1.7679021145922438-0.009165587528809027j)	0.2972269058227539	53.38464
561	(1.7687523728135532-0.008646038035690862j)	0.29653406143188477	53.47997
562	(1.7698067054747646-0.007954945023946336j)	0.3383960723876953	53.5753
563	(1.7706580438246768-0.0072799517350445875j)	0.2992417812347412	53.67063
564	(1.7715581036023265-0.0066574297650535685j)	0.2968020439147949	53.76595
565	(1.7723204911709234-0.005812211567199244j)	0.29305219650268555	53.86128
566	(1.7729872360920977-0.004926975452932303j)	0.2924778461456299	53.95661
567	(1.7735654451824694-0.0040192301745557435j)	0.3047041893005371	54.05194
568	(1.7740673736073065-0.003098871989584695j)	0.2915341854095459	54.14727
569	(1.77460931465539-0.002189252098262151j)	0.29853010177612305	54.24259
570	(1.7749752843089468-0.001152506165698508j)	0.3126518726348877	54.33792
571	(1.7752381980962588-0.0001137812483613665j)	0.3467707633972168	54.43325
572	(1.7754104802211415+0.0009118480979719568j)	0.3246190547943115	54.52858
573	(1.7756038981479703+0.001877534840639905j)	0.31250905990600586	54.6239
574	(1.7756498168739014+0.002955619481210592j)	0.2987241744995117	54.71923
575	(1.775588752944765+0.004016282786026393j)	0.31937670707702637	54.81456
576	(1.7754318663685216+0.005041029951092013j)	0.2936840057373047	54.90989
577	(1.7751960072464643+0.006018970748451591j)	0.2999701499938965	55.00522
578	(1.7750244259091588+0.006970864227131446j)	0.2990260124206543	55.10054
579	(1.7746631670815816+0.007948489546536486j)	0.3123791217803955	55.19587
580	(1.7742102724556144+0.008872370877260893j)	0.3269612789154053	55.2912
581	(1.7736821378900118+0.009728650348507006j)	0.322080135345459	55.38653
582	(1.7730979107929388+0.01051211698260257j)	0.3459000587463379	55.48186
583	(1.7726277072230896+0.011300454035933272j)	0.317446231842041	55.57718
584	(1.7719393289564875+0.012039153872010266j)	0.32787394523620605	55.67251
585	(1.7711865261081505+0.012696838160236257j)	0.30656981468200684	55.76784
586	(1.7703887021974638+0.013265665392089732j)	0.3090949058532715	55.86317
587	(1.7695651616723171+0.013745746914869406j)	0.29943299293518066	55.9585
588	(1.768901946785167+0.014258319386988405j)	0.3106842041015625	56.05382
589	(1.7680105368589154+0.014664806265284436j)	0.3011951446533203	56.14915
590	(1.7670881290443623+0.014975114955700475j)	0.317335844039917	56.24448
591	(1.7661557060684339+0.015187231450249916j)	0.29581212997436523	56.33981
592	(1.765232288188519+0.015308039178475896j)	0.3065030574798584	56.43514
593	(1.7645008972798757+0.015485204878305847j)	0.31466007232666016	56.53046
594	(1.7635519319368458+0.015517131969929432j)	0.3108961582183838	56.62579
595	(1.7626068141133415+0.015460443780280442j)	0.2947530746459961	56.72112
596	(1.7616873194064127+0.015305323608984178j)	0.31725597381591797	56.81645
597	(1.7608091569863642+0.015068758353911305j)	0.30756306648254395	56.91178
598	(1.7601343660564728+0.01490845843967159j)	0.3016681671142578	57.0071
599	(1.7592715382215252+0.014595256275315216j)	0.29485201835632324	57.10243
600	(1.758428706955828+0.014207843851104074j)	0.2900810241699219	57.19776
601	(1.7576736421250605+0.01371709019844991j)	0.30614709854125977	57.29309
602	(1.7571571602396896+0.01325416882244157j)	0.29386281967163086	57.38841
603	(1.756455109238918+0.012733892654069101j)	0.29769086837768555	57.48374
604	(1.7557982766244198+0.01214095949814642j)	0.30194878578186035	57.57907
605	(1.7549386843930996+0.011682110613108088j)	0.28513312339782715	57.6744
606	(1.7546878488022541+0.010771696387817165j)	0.299746036529541	57.76973
607	(1.7543702846320208+0.010134155011124024j)	0.2859320640563965	57.86505
608	(1.7539679972773712+0.009395169212238264j)	0.3234279155731201	57.96038
609	(1.75359959347079+0.008629086116373141j)	0.29940366744995117	58.05571
610	(1.7533100372689032+0.00782506582878928j)	0.2936680316925049	58.15104
611	(1.7531082259719508+0.007000617076961202j)	0.2983250617980957	58.24637
612	(1.7530827792391743+0.006265554846893284j)	0.2958998680114746	58.34169
613	(1.7529630285205882+0.0054728352382125145j)	0.31333494186401367	58.43702
614	(1.752915553582891+0.004658189558529258j)	0.3062760829925537	58.53235
615	(1.7529517586350778+0.003835765223854981j)	0.2939000129699707	58.62768
616	(1.7530745024971501+0.0030246972949252715j)	0.2991631031036377	58.72301
617	(1.7533000076577832+0.0023427625826558662j)	0.2931039333343506	58.81833
618	(1.7534858348641968+0.001596740407499131j)	0.2968592643737793	58.91366
619	(1.753741425478038+0.0008561351070234258j)	0.2895331382751465	59.00899
620	(1.7540758788496902+0.00013534045501784053j)	0.29726696014404297	59.10432
621	(1.7544839214626657-0.0005453927228257216j)	0.29762983322143555	59.19965
622	(1.7549116569644294-0.001060904925075823j)	0.2908339500427246	59.29497
623	(1.7553507292979753-0.0016539037152248914j)	0.2960362434387207	59.3903
624	(1.7558498725643221-0.0022193195089379447j)	0.30144596099853516	59.48563
625	(1.7564105519753548-0.0027407199646841685j)	0.3023700714111328	59.58096
626	(1.7570252745081567-0.003201202791160984j)	0.29512596130371094	59.67629
627	(1.757577191025586-0.003469613110093528j)	0.29853105545043945	59.77161
628	(1.7581828525581735-0.003834430178127013j)	0.297487735748291	59.86694
629	(1.7588315319244423-0.004155701069841311j)	0.2930910587310791	59.96227
630	(1.7595207451010637-0.004418064143674516j)	0.30402302742004395	60.0576
631	(1.7600534624464235-0.0044088703563138765j)	0.29807615280151367	60.15292
632	(1.76082172687917-0.004591851674623837j)	0.294450044631958	60.24825
633	(1.7614890207115033-0.004693711559902725j)	0.3004469871520996	60.34358
634	(1.762179283404562-0.004744153627221193j)	0.3193349838256836	60.43891
635	(1.7628854671118683-0.004729377765127052j)	0.3079509735107422	60.53424
636	(1.7634983219683535-0.004466381566954725j)	0.30724525451660156	60.62956
637	(1.7641165792092384-0.004352020961832459j)	0.2968149185180664	60.72489
638	(1.7647393982993906-0.0041984892159496745j)	0.31534600257873535	60.82022
639	(1.7653650393266367-0.00399359900714491j)	0.28984689712524414	60.91555
640	(1.7659837767833304-0.0037266262116041893j)	0.30146002769470215	61.01088
641	(1.7664652768407048-0.0032174155335741306j)	0.32807207107543945	61.1062
642	(1.7669622057329466-0.002886605600066594j)	0.2919270992279053	61.20153
643	(1.767449672190826-0.002523630408537425j)	0.3004589080810547	61.29686
644	(1.7679224318272238-0.0021154879781141167j)	0.3068668842315674	61.39219
645	(1.7683698919171429-0.0016564724826299004j)	0.3047478199005127	61.48752
646	(1.7686540651297962-0.0009879269651695277j)	0.31000399589538574	61.58284
647	(1.7689620606818204-0.0005104741453801909j)	0.2943580150604248	61.67817
648	(1.7692505639577665-1.0666299299938453e-05j)	0.3061180114746094	61.7735
649	(1.7695128737052204+0.0005209899803188811j)	0.29575181007385254	61.86883
650	(1.7697363037405032+0.0010889322754890352j)	0.2959780693054199	61.96416
651	(1.7697883351253918+0.0018093924175017484j)	0.29688501358032227	62.05948
652	(1.7698737547009442+0.0023468688326059306j)	0.29121994972229004	62.15481
653	(1.769935666486772+0.0028935589317384547j)	0.29733705520629883	62.25014
654	(1.7699655860776917+0.0034582888330792483j)	0.29642200469970703	62.34547
655	(1.7699505836939184+0.004041480171595932j)	0.29294490814208984	62.4408
656	(1.7697688573453436+0.0047027153682014655j)	0.2979731559753418	62.53612
657	(1.7696353721612974+0.005210540838673838j)	0.301358699798584	62.63145
658	(1.7694799482449257+0.005715993862387896j)	0.2970621585845947	62.72678
659	(1.7692929030114153+0.006224750295159736j)	0.2928900718688965	62.82211
660	(1.7689822043976555+0.006820405645177127j)	0.30498814582824707	62.91743
661	(1.768677277418153+0.00724033853199315j)	0.2939169406890869	63.01276
662	(1.768406289575918+0.007621137048456898j)	0.2962920665740967	63.10809
663	(1.768031852811273+0.008027882711583445j)	0.2961866855621338	63.20342
664	(1.7676749561555645+0.008407775712693313j)	0.29169273376464844	63.29875
665	(1.7671861974569631+0.008797156617765575j)	0.31111907958984375	63.39407
666	(1.766751678676133+0.009056075393023055j)	0.311633825302124	63.4894
667	(1.7663183429177642+0.00929092968352635j)	0.29622697830200195	63.58473
668	(1.7658785386356788+0.009509354382058771j)	0.29845595359802246	63.68006
669	(1.7654212636523416+0.009712675775392032j)	0.29981422424316406	63.77539
670	(1.764826153500708+0.009853543194378422j)	0.3117070198059082	63.87071
671	(1.7643369954262123+0.009931156567204225j)	0.29912567138671875	63.96604
672	(1.763864414605113+0.009962685005841743j)	0.29061102867126465	64.06137
673	(1.7633935814251587+0.00998993455060726j)	0.3010537624359131	64.1567
674	(1.7629151615396497+0.009999553137787998j)	0.3015139102935791	64.25203
675	(1.762296532228712+0.009888936565425499j)	0.2929117679595947	64.34735
676	(1.7618362807681565+0.009760936218833505j)	0.29711198806762695	64.44268
677	(1.761391503511664+0.009612849533414791j)	0.29821109771728516	64.53801
678	(1.7609758629325416+0.009463819503228j)	0.30059385299682617	64.63334
679	(1.7605513262290915+0.00929290998256127j)	0.292341947555542	64.72867
680	(1.7599907218929896+0.008965051417340442j)	0.30196690559387207	64.82399
681	(1.759628861244427+0.0086733942108011j)	0.29610490798950195	64.91932
682	(1.759296449527541+0.00837716777535269j)	0.2937657833099365	65.01465
683	(1.758955815217354+0.008167270679958372j)	0.2990231513977051	65.10998
684	(1.7586758469109713+0.007768004495115777j)	0.29376983642578125	65.20531
685	(1.7582418945481058+0.0072900918851031005j)	0.2956249713897705	65.30063
686	(1.7580314332275324+0.006883203195035992j)	0.30902099609375	65.39596
687	(1.7578510311064057+0.006490139957722185j)	0.3283560276031494	65.49129
688	(1.7576884124999348+0.006102552881944168j)	0.31234192848205566	65.58662
689	(1.7573599151313886+0.005618107161808994j)	0.29951000213623047	65.68194
690	(1.757282572605019+0.00515346735829858j)	0.30536389350891113	65.77727
691	(1.7572457340762324+0.004708511478176969j)	0.30869078636169434	65.8726
692	(1.7572355571524703+0.004284259306123861j)	0.2964611053466797	65.96793
693	(1.7572416630008971+0.0038767554179668373j)	0.3011131286621094	66.06326
694	(1.7570996480162686+0.00337275125432257j)	0.30765676498413086	66.15858
695	(1.7572028216439848+0.002920900869308296j)	0.2923390865325928	66.25391
696	(1.7573374428830766+0.002503142769784694j)	0.2978990077972412	66.34924
697	(1.7571906648183788+0.0019713247273503987j)	0.27986717224121094	66.44457
698	(1.7576532877572684+0.0017542504184892005j)	0.31656408309936523	66.5399
699	(1.7577005154823655+0.0013014184698548759j)	0.3047327995300293	66.63522
700	(1.7579587152091674+0.0009293304908182254j)	0.29657506942749023	66.73055
701	(1.7582371237401893+0.0006010537816999451j)	0.29884910583496094	66.82588
702	(1.7585207795193727+0.000310821268949768j)	0.29029393196105957	66.92121
703	(1.758802998751186+4.754328673584052e-05j)	0.30054187774658203	67.01654
704	(1.7590143329838157-0.0002953864847999865j)	0.2947499752044678	67.11186
705	(1.7593846625769887-0.0005408072395696184j)	0.2982001304626465	67.20719
706	(1.759756067244978-0.0007341206990313376j)	0.29616689682006836	67.30252
707	(1.7601185417435996-0.0008882277175789044j)	0.29344701766967773	67.39785
708	(1.7603710595220385-0.001080917620872368j)	0.29342007637023926	67.49318
709	(1.7608038127087453-0.0012249550143589305j)	0.2894279956817627	67.5885
710	(1.7612212240369591-0.0013071975439589156j)	0.30036401748657227	67.68383
711	(1.7616246127551314-0.0013430512422092367j)	0.2999711036682129	67.77916
712	(1.7620054554703386-0.0013440919586530375j)	0.28729987144470215	67.87449
713	(1.7623630669087396-0.0013243465076805405j)	0.29575586318969727	67.96982
714	(1.7627612761682203-0.0013870155547851537j)	0.2964789867401123	68.06514
715	(1.7631646045482259-0.001307513812860428j)	0.29647207260131836	68.16047
716	(1.7635382179180392-0.0011881698943453367j)	0.2981748580932617	68.2558
717	(1.763877010383906-0.0010435745195771506j)	0.2963097095489502	68.35113
718	(1.7642188372289898-0.0010004162345115253j)	0.30817675590515137	68.44645
719	(1.7645838590723248-0.0008208894392948141j)	0.2990260124206543	68.54178
720	(1.76491455826058-0.0005987679476592289j)	0.30574989318847656	68.63711
721	(1.7652038808332398-0.00035013813968154395j)	0.30231380462646484	68.73244
722	(1.7654503430208792-8.918072570784918e-05j)	0.29382824897766113	68.82777
723	(1.7657448361638735+3.962441602045619e-05j)	0.29700684547424316	68.92309
724	(1.7660042867087489+0.00033578639860010195j)	0.3017096519470215	69.01842
725	(1.7662195057020234+0.0006582759809106165j)	0.29807376861572266	69.11375
726	(1.766385083335939+0.0009930850106891764j)	0.30273008346557617	69.20908
727	(1.7665059588051264+0.0013248514471690953j)	0.2983989715576172	69.30441
728	(1.7667102060101016+0.001500680534580967j)	0.2979929447174072	69.39973
729	(1.7668351035139835+0.0018613630981237916j)	0.29119324684143066	69.49506
730	(1.7669093792079162+0.002233531220496854j)	0.29883432388305664	69.59039
731	(1.7669339928753258+0.002600067959937391j)	0.30347204208374023	69.68572
732	(1.7669169519666845+0.0029480993742534434j)	0.28621602058410645	69.78105
733	(1.767012252371159+0.0031343307895967953j)	0.30335187911987305	69.87637
734	(1.7669877378509997+0.0035000754864513706j)	0.2977559566497803	69.9717
735	(1.7669204934432468+0.0038641072375443786j)	0.29840517044067383	70.06703
736	(1.7668073978224559+0.004206380533551046j)	0.29635000228881836	70.16236
737	(1.7666608509100312+0.0045171847311283875j)	0.2976987361907959	70.25769
738	(1.7666341658199103+0.004669446895884555j)	0.29880428314208984	70.35301
739	(1.7664861941380945+0.004994389043245118j)	0.30064821243286133	70.44834
740	(1.7662941754599204+0.005298306699255906j)	0.32977986335754395	70.54367
741	(1.7660675314697118+0.005567043399323124j)	0.30396604537963867	70.639
742	(1.765819373552974+0.005795241259799355j)	0.29586195945739746	70.73433
743	(1.7656944192100053+0.00589255589776172j)	0.30608201026916504	70.82965
744	(1.7654473225797789+0.0061290814727972265j)	0.30963873863220215	70.92498
745	(1.7652927174472761+0.006537858999622781j)	0.2999758720397949	71.02031
746	(1.7648646654301434+0.006492619745146366j)	0.29618096351623535	71.11564
747	(1.764642420447723+0.006486818693050123j)	0.310316801071167	71.21096
748	(1.7643681462072416+0.0066369701431644446j)	0.3017120361328125	71.30629
749	(1.764064456473476+0.0067573738473477585j)	0.293079137802124	71.40162
750	(1.7637409023247599+0.006837627438283311j)	0.30756592750549316	71.49695
751	(1.7634108548258927+0.006871384185114793j)	0.3096749782562256	71.59228
752	(1.7631781877111645+0.006792828965561992j)	0.30077099800109863	71.6876
753	(1.7628825482921182+0.00682330124963737j)	0.2976958751678467	71.78293
754	(1.762570127017745+0.006820142885737512j)	0.291532039642334	71.87826
755	(1.762251596606135+0.006773703234851602j)	0.297976016998291	71.97359
756	(1.7619422822097714+0.006682176727270006j)	0.29770517349243164	72.06892
757	(1.7617469455522763+0.006545207962493804j)	0.2999129295349121	72.16424
758	(1.7614750729711401+0.0064630814980832785j)	0.3023200035095215	72.25957
759	(1.7611982562448818+0.006345754301618323j)	0.29828715324401855	72.3549
760	(1.760929004654559+0.006187548562445966j)	0.3041548728942871	72.45023
761	(1.7606822940299962+0.00599079044064732j)	0.2967708110809326	72.54556
762	(1.760565342746046+0.005817843825142499j)	0.29041624069213867	72.64088
763	(1.76035373379286+0.005646179371864513j)	0.2971057891845703	72.73621
764	(1.7601481107698056+0.005440531365968115j)	0.2959449291229248	72.83154
765	(1.7599621256676934+0.005201197787726541j)	0.2950758934020996	72.92687
766	(1.7598431420395724+0.005045283786175969j)	0.2867860794067383	73.0222
767	(1.7597956945877067+0.004754855436405692j)	0.29840993881225586	73.11752
768	(1.7596698126548471+0.004523964883976883j)	0.296875	73.21285
769	(1.7595578598358061+0.004268198465554929j)	0.2972297668457031	73.30818
770	(1.7594738645532373+0.003986348689445085j)	0.30162715911865234	73.40351
771	(1.7594282378967614+0.003688333636117147j)	0.30591392517089844	73.49884
772	(1.7595174534080675+0.0035333749752552435j)	0.30267810821533203	73.59416
773	(1.759496069872989+0.003285014655802665j)	0.29720020294189453	73.68949
774	(1.7594855285818791+0.0030187972786364092j)	0.2962062358856201	73.78482
775	(1.7595063863876415+0.0027369593690041993j)	0.2962510585784912	73.88015
776	(1.7597166926531707+0.0025549283056555128j)	0.2976839542388916	73.97547
777	(1.7597649234374833+0.0023426888642698596j)	0.3046379089355469	74.0708
778	(1.7598242424380286+0.0021173910942291485j)	0.29180479049682617	74.16613
779	(1.7599054648198966+0.0018797290440728254j)	0.30338406562805176	74.26146
780	(1.7600194518775136+0.0016374035795241049j)	0.29979896545410156	74.35679
781	(1.7603183827003248+0.001523740204878471j)	0.3001232147216797	74.45211
782	(1.76043751984821+0.0013599204651480734j)	0.29197001457214355	74.54744
783	(1.7605670555046053+0.0011872094252418364j)	0.2942941188812256	74.64277
784	(1.7607417718730087+0.0010076531137621636j)	0.29665112495422363	74.7381
785	(1.7609025996572105+0.0008366100575540047j)	0.29700803756713867	74.83343
786	(1.7612460535028696+0.0008054956937455643j)	0.2964050769805908	74.92875
787	(1.7612491266904537+0.0007191216627387975j)	0.28151607513427734	75.02408
788	(1.7615826213322152+0.0006120232379085988j)	0.301257848739624	75.11941
789	(1.7617766560355252+0.0005140060520013451j)	0.29072999954223633	75.21474
790	(1.7619960765812903+0.0004287165665134117j)	0.2994658946990967	75.31007
791	(1.7623326470686895+0.00048464578889216743j)	0.3157477378845215	75.40539
792	(1.7625092852560924+0.000468929849436802j)	0.3142893314361572	75.50072
793	(1.7626943199660938+0.000449444695312419j)	0.314791202545166	75.59605
794	(1.7628977311679632+0.0004365330617042973j)	0.30582690238952637	75.69138
795	(1.7631188879820514+0.00044138020407415157j)	0.2942061424255371	75.78671
796	(1.7633993424825891+0.0005787615722690764j)	0.3102588653564453	75.88203
797	(1.7635348028758076+0.0006343579037219882j)	0.2951340675354004	75.97736
798	(1.7637260346247088+0.0006914991683877603j)	0.30411696434020996	76.07269
799	(1.7639061837361028+0.0007551165907433988j)	0.301638126373291	76.16802
800	(1.7640979114905104+0.0008394216764527895j)	0.2958829402923584	76.26335
801	(1.764282707301975+0.0010428445434489952j)	0.3061830997467041	76.35867
802	(1.7643999708664044+0.0011567643402272954j)	0.29248809814453125	76.454
803	(1.7645233518998658+0.0012689127219214502j)	0.3205440044403076	76.54933
804	(1.7646565583275637+0.0013907172894941922j)	0.3003721237182617	76.64466
805	(1.7648040215219807+0.0016293422936146662j)	0.29830384254455566	76.73998
806	(1.764859353429188+0.001779445187526596j)	0.30979180335998535	76.83531
807	(1.7649169276152772+0.0019253264323214614j)	0.2914469242095947	76.93064
808	(1.7649812047834856+0.002069255969333772j)	0.30257606506347656	77.02597
809	(1.76505221412329+0.0022229333126942974j)	0.2965540885925293	77.1213
810	(1.7650728768725643+0.0024938931614412185j)	0.3013782501220703	77.21662
811	(1.765061950023657+0.002658068264234481j)	0.29678988456726074	77.31195
812	(1.7650540554293905+0.0028064873884380837j)	0.2928640842437744	77.40728
813	(1.7650541662583514+0.002954303937051317j)	0.2991769313812256	77.50261
814	(1.7650589445283003+0.0031109569549370164j)	0.2957918643951416	77.59794
815	(1.7649608057475918+0.0033911309627149278j)	0.2969238758087158	77.69326
816	(1.764884863078413+0.0035310164758569074j)	0.29968905448913574	77.78859
817	(1.764930931831278+0.003693532254157361j)	0.29311490058898926	77.88392
818	(1.7647588633521132+0.003782580883426312j)	0.3010575771331787	77.97925
819	(1.7647044797218236+0.003915662010046117j)	0.2935957908630371	78.07458
820	(1.7645100837515635+0.004173140934883746j)	0.29732298851013184	78.1699
821	(1.764383687909337+0.004266741321577783j)	0.29789209365844727	78.26523
822	(1.7642712516143129+0.004348071119725794j)	0.2924196720123291	78.36056
823	(1.7641692605446937+0.004430185649653251j)	0.31011414527893066	78.45589
824	(1.7640705349269163+0.0045203413288043j)	0.31970882415771484	78.55122
825	(1.7638135533311683+0.004728036674560676j)	0.2956719398498535	78.64654
826	(1.7639928913657539+0.004969382383453569j)	0.311352014541626	78.74187
827	(1.7635214674218882+0.004783397640205966j)	0.29752016067504883	78.8372
828	(1.7633744252113706+0.0049590568362254395j)	0.2922229766845703	78.93253
829	(1.7632764904804799+0.004844961459345876j)	0.29512810707092285	79.02786
830	(1.762994705825124+0.004979510369025775j)	0.30098795890808105	79.12318
831	(1.7628373420458232+0.004946125612777519j)	0.29772210121154785	79.21851
832	(1.7627008536067823+0.004909645807417706j)	0.29733896255493164	79.31384
833	(1.7625780182118866+0.004879344407009878j)	0.296846866607666	79.40917
834	(1.762351018664827+0.0049925117291858j)	0.3027670383453369	79.50449
835	(1.762188737157629+0.004908246295253216j)	0.29763317108154297	79.59982
836	(1.762053606819075+0.004814317949404123j)	0.2955188751220703	79.69515
837	(1.761940819122695+0.004724632388044991j)	0.29450082778930664	79.79048
838	(1.7618406930191584+0.004645714554370017j)	0.30144619941711426	79.88581
839	(1.7616389301930353+0.004675978674192893j)	0.2919631004333496	79.98113
840	(1.761517602757681+0.004537910977502002j)	0.30682921409606934	80.07646
841	(1.7616551609922366+0.004953188234253281j)	0.2804751396179199	80.17179
842	(1.7613549169687648+0.004273272213450419j)	0.29508471488952637	80.26712
843	(1.7612988641396314+0.004164995112913572j)	0.3007931709289551	80.36245
844	(1.7611371928262725+0.004110304669762144j)	0.311596155166626	80.45777
845	(1.761073576143683+0.00394032289772972j)	0.320620059967041	80.5531
846	(1.7610384580146758+0.003779674316803927j)	0.3015758991241455	80.64843
847	(1.7610212029258852+0.003636879996905318j)	0.2965657711029053	80.74376
848	(1.7610095503072123+0.003512688505047712j)	0.3144419193267822	80.83909
849	(1.760905719139883+0.0033926118093118296j)	0.28623008728027344	80.93441
850	(1.760908470834722+0.0032154326816000722j)	0.30861902236938477	81.02974
851	(1.7609344813056778+0.0030564788209421767j)	0.3011891841888428	81.12507
852	(1.7609729150903364+0.0029202306570478287j)	0.2946927547454834	81.2204
853	(1.761010939525634+0.0028049841796595754j)	0.30004405975341797	81.31573
854	(1.7609617156528907+0.0026374079082250868j)	0.29883694648742676	81.41105
855	(1.7610859169373727+0.0025342400491022987j)	0.2878148555755615	81.50638
856	(1.7611100129997643+0.002342975496712918j)	0.31728410720825195	81.60171
857	(1.7611976540000704+0.0022349851715788294j)	0.29183530807495117	81.69704
858	(1.7612785356449048+0.00214794714016453j)	0.31632208824157715	81.79237
859	(1.7612732419651724+0.0019569890784589816j)	0.2973799705505371	81.88769
860	(1.761391706470353+0.0018348399441425745j)	0.302490234375	81.98302
861	(1.7615177465964473+0.0017441489944356459j)	0.3040158748626709	82.07835
862	(1.7616413255873355+0.0016801785703216554j)	0.29313087463378906	82.17368
863	(1.7616359740319576+0.001546371567003102j)	0.29838085174560547	82.269
864	(1.7617757071981326+0.0014473535609872412j)	0.2991819381713867	82.36433
865	(1.7619279859962016+0.001379117876567193j)	0.2980959415435791	82.45966
866	(1.7620793904384997+0.0013419617270433726j)	0.29705119132995605	82.55499
867	(1.7622193197856044+0.001331152308975403j)	0.2975919246673584	82.65032
868	(1.7622193641298964+0.0012137382330914548j)	0.30061960220336914	82.74564
869	(1.7623812108140173+0.0011732142385526556j)	0.29471683502197266	82.84097
870	(1.7625452719089205+0.0011636062948029435j)	0.31387805938720703	82.9363
871	(1.7626998579229842+0.0011842559901542593j)	0.3074648380279541	83.03163
872	(1.7628346021687284+0.0012263262031760869j)	0.2928950786590576	83.12696
873	(1.7628293232302876+0.0011410669773178617j)	0.29718613624572754	83.22228
874	(1.7607763790598623+0.002610591457052558j)	0.28062915802001953	83.31761
875	(1.7627202299503741+0.0014772922829441315j)	0.30378103256225586	83.41294
876	(1.7632801377442957+0.0012785154076985217j)	0.3056199550628662	83.50827
877	(1.7633915527868251+0.0013680497077160902j)	0.2943539619445801	83.6036
878	(1.7633762815529677+0.001319453123355463j)	0.31159400939941406	83.69892
879	(1.763514566843591+0.0013866848285437605j)	0.28671693801879883	83.79425
880	(1.7636389139695257+0.0014819425283755239j)	0.307797908782959	83.88958
881	(1.763746333697601+0.0016011539655306217j)	0.29170894622802734	83.98491
882	(1.7638081579643454+0.0017153185286324923j)	0.3020768165588379	84.08024
883	(1.7637834601368412+0.001704377971006532j)	0.29111814498901367	84.17556
884	(1.7638836604431942+0.001809045498872841j)	0.30117225646972656	84.27089
885	(1.7639628398264533+0.0019353415927056972j)	0.2984001636505127	84.36622
886	(1.7640144401986382+0.0020748338130434085j)	0.2965528964996338	84.46155
887	(1.7640339155385425+0.002205772194914468j)	0.3015260696411133	84.55688
888	(1.7640031070973714+0.0022206488269002067j)	0.29976916313171387	84.6522
889	(1.7640559876491686+0.0023460945766948793j)	0.2912709712982178	84.74753
890	(1.7640823999715944+0.0024849634857952996j)	0.297652006149292	84.84286
891	(1.7638206054826773+0.0027421883896713295j)	0.30147886276245117	84.93819
892	(1.763998080624454+0.002667289362913605j)	0.2945561408996582	85.03351
893	(1.7640199825454412+0.0027797393423035777j)	0.3013429641723633	85.12884
894	(1.7640219317173325+0.0029070819636071166j)	0.29509711265563965	85.22417
895	(1.7639953305282317+0.003039678937903245j)	0.29814672470092773	85.3195
896	(1.7639401908387216+0.0031644242311161808j)	0.3214120864868164	85.41483
897	(1.7638691357646483+0.003186293782748706j)	0.3176918029785156	85.51015
898	(1.7638477569781374+0.0032901748010001897j)	0.3030359745025635	85.60548
899	(1.7638030612493902+0.003403404754601491j)	0.2956688404083252	85.70081
