	res_adaptive	time_adaptive	w
0	(1.0002850268849657-0.04049171990019154j)	0.33405208587646484	0.001
1	(1.2511372715086815-0.3401337452888975j)	0.32428526878356934	0.09633
2	(1.3101221316282738-0.525459889221151j)	0.2959020137786865	0.19166
3	(1.3195693738290002-0.6847790285670615j)	0.32045698165893555	0.28698
4	(1.2900910783624835-0.828398486408094j)	0.4485480785369873	0.38231
5	(1.229494782400808-0.9557549671816568j)	0.35767030715942383	0.47764
6	(1.1415037728658644-1.0669798835786621j)	0.2922658920288086	0.57297
7	(1.0299120701459517-1.1620012051979203j)	0.29556727409362793	0.6683
8	(0.8996221381062134-1.2390432522602512j)	0.29512667655944824	0.76362
9	(0.7527168369732145-1.2989829506442268j)	0.29447197914123535	0.85895
10	(0.5930638259390175-1.3394270793257783j)	0.3677029609680176	0.95428
11	(0.42345859225261384-1.3592190124931978j)	0.3729438781738281	1.04961
12	(0.24672139161478523-1.3581686064827885j)	0.38793492317199707	1.14494
13	(0.06648314736370109-1.3360463319362739j)	0.3783690929412842	1.24026
14	(-0.11355416500512927-1.2941908209572137j)	0.34811902046203613	1.33559
15	(-0.2901601537253102-1.2328155200505164j)	0.3211095333099365	1.43092
16	(-0.4602407675710835-1.1522128192722632j)	0.3363630771636963	1.52625
17	(-0.6220807162700044-1.0534382470618475j)	0.312528133392334	1.62157
18	(-0.7714598357566722-0.9374254007497614j)	0.31662797927856445	1.7169
19	(-0.9068297179147866-0.806614246792918j)	0.3218691349029541	1.81223
20	(-1.0257204550048402-0.6633511089458072j)	0.45210695266723633	1.90756
21	(-1.1258631635167033-0.5096843359248896j)	0.43294787406921387	2.00289
22	(-1.206258630278831-0.3479164173109414j)	0.40323615074157715	2.09821
23	(-1.2650822570892173-0.17961934537235197j)	0.3516058921813965	2.19354
24	(-1.3018891197560807-0.007785535103224106j)	0.3596017360687256	2.28887
25	(-1.316288242797297+0.16446244694103573j)	0.35524606704711914	2.3842
26	(-1.307869068198233+0.3341172212403143j)	0.3216531276702881	2.47953
27	(-1.2765173914515384+0.4985281824025052j)	0.32097291946411133	2.57485
28	(-1.223429887831365+0.6558067476971936j)	0.3074193000793457	2.67018
29	(-1.1492397119475468+0.8029543057523854j)	0.3323557376861572	2.76551
30	(-1.0562333520609986+0.937895474195701j)	0.32407712936401367	2.86084
31	(-0.9451105306409309+1.0583652008563973j)	0.3208918571472168	2.95617
32	(-0.8174374087902124+1.1618683279403308j)	0.33708810806274414	3.05149
33	(-0.6765120936399676+1.2469580476010373j)	0.3083620071411133	3.14682
34	(-0.5239814276790054+1.3125145685235475j)	0.3047301769256592	3.24215
35	(-0.3626340127451141+1.3577039777371733j)	0.33504319190979004	3.33748
36	(-0.19546070554187067+1.3816253266490834j)	0.3288261890411377	3.43281
37	(-0.024700145654236116+1.3835996711866207j)	0.29560422897338867	3.52813
38	(0.14591801753871575+1.3632050301452834j)	0.336899995803833	3.62346
39	(0.314111363034295+1.3209416629019846j)	0.3241462707519531	3.71879
40	(0.4771531902073567+1.2577923741547241j)	0.3216729164123535	3.81412
41	(0.6321013406279135+1.1749383460032061j)	0.3383772373199463	3.90945
42	(0.7763849979210903+1.0737137497131555j)	0.30684995651245117	4.00477
43	(0.9075312059523041+0.9550348993597139j)	0.3189098834991455	4.1001
44	(1.0233226258795816+0.8208444171376281j)	0.3269047737121582	4.19543
45	(1.1220980896477462+0.6734035386695503j)	0.3579282760620117	4.29076
46	(1.202114473063311+0.5157410239368143j)	0.3041038513183594	4.38608
47	(1.2619747013833358+0.34970620853775775j)	0.3045220375061035	4.48141
48	(1.3009769179361808+0.1783977179816048j)	0.29762887954711914	4.57674
49	(1.318026211756523+0.004205948169620388j)	0.31447911262512207	4.67207
50	(1.3130209152651329-0.17023725014631086j)	0.32808613777160645	4.7674
51	(1.2858984923973078-0.3418922580588552j)	0.3208308219909668	4.86272
52	(1.2377201640289088-0.5077770083151064j)	0.31089305877685547	4.95805
53	(1.169057696279556-0.6651632798776488j)	0.3030059337615967	5.05338
54	(1.0807857874010591-0.811587949544627j)	0.3200972080230713	5.14871
55	(0.9743010470434892-0.944961580247472j)	0.32749414443969727	5.24404
56	(0.8515165715319358-1.0634260114946126j)	0.31500911712646484	5.33936
57	(0.7144372948633538-1.16440733366654j)	0.3318300247192383	5.43469
58	(0.5656633762006782-1.2464246621026662j)	0.3222479820251465	5.53002
59	(0.4075055245611531-1.3079941472341647j)	0.30533599853515625	5.62535
60	(0.24234614973791557-1.348246234484343j)	0.3164980411529541	5.72068
61	(0.07316207785001677-1.3671118928632795j)	0.4295330047607422	5.816
62	(-0.0978102592272299-1.3636392820639422j)	0.36640477180480957	5.91133
63	(-0.2671763505923138-1.3381744890226308j)	0.31192708015441895	6.00666
64	(-0.43203974531906636-1.2909129696872899j)	0.39064908027648926	6.10199
65	(-0.589848845815796-1.222507451251779j)	0.5590143203735352	6.19732
66	(-0.7378491831465863-1.1344705254896772j)	0.34835004806518555	6.29264
67	(-0.8742686344591046-1.0280367027681765j)	0.4867210388183594	6.38797
68	(-0.9964968544421606-0.9051350436570191j)	0.4253089427947998	6.4833
69	(-1.1022672604447892-0.7676913871126927j)	0.4142928123474121	6.57863
70	(-1.18991808843717-0.6174684803561736j)	0.43566393852233887	6.67396
71	(-1.2575888343292596-0.4575576346865667j)	0.3805408477783203	6.76928
72	(-1.3049226779836345-0.2902005948672118j)	0.41512489318847656	6.86461
73	(-1.3310736396641056-0.1182820642107949j)	0.2998678684234619	6.95994
74	(-1.3354388480882116+0.05527335165039782j)	0.2987067699432373	7.05527
75	(-1.317850661370333+0.22812101690516962j)	0.40059328079223633	7.15059
76	(-1.2782583200869495+0.39685418755244944j)	0.49836087226867676	7.24592
77	(-1.2175626865975648+0.5591318687325794j)	0.4274289608001709	7.34125
78	(-1.1369960973618143+0.7122891653706122j)	0.4692370891571045	7.43658
79	(-1.0379378384863107+0.8536429875763925j)	0.4733879566192627	7.53191
80	(-0.9220134292313855+0.9809860134483117j)	0.4146852493286133	7.62723
81	(-0.7906077039833852+1.0921867181804799j)	0.3386411666870117	7.72256
82	(-0.6459690135763931+1.185440931202903j)	0.34148621559143066	7.81789
83	(-0.4905502923036651+1.2595118031754162j)	0.34758663177490234	7.91322
84	(-0.32719545003221007+1.3129965270388093j)	0.35289597511291504	8.00855
85	(-0.1587223030521172+1.3447454725662955j)	0.3507251739501953	8.10387
86	(0.012498900977587879+1.3547391316043118j)	0.3255281448364258	8.1992
87	(0.18374723563380102+1.3424593497183739j)	0.3095517158508301	8.29453
88	(0.35227689446697275+1.3082817791611907j)	0.3322489261627197	8.38986
89	(0.5151481863118825+1.2528791819858824j)	0.30962300300598145	8.48519
90	(0.6694457422531663+1.1767135796808863j)	0.33557796478271484	8.58051
91	(0.8126939583462836+1.081706030079102j)	0.32909297943115234	8.67584
92	(0.9426547248950883+0.9689290723024334j)	0.3414459228515625	8.77117
93	(1.0574057666430097+0.8402552653428714j)	0.3248882293701172	8.8665
94	(1.1550902723885073+0.6979622434869883j)	0.31468796730041504	8.96183
95	(1.2339761790559582+0.5441661279375467j)	0.2962491512298584	9.05715
96	(1.2924689386250376+0.38175297831308563j)	0.2908289432525635	9.15248
97	(1.329658314494016+0.21316144142596138j)	0.31464314460754395	9.24781
98	(1.3450914015350743+0.04100975177941768j)	0.3364291191101074	9.34314
99	(1.3387057861147114-0.13182186776914917j)	0.36763596534729004	9.43847
100	(1.3107318822329894-0.30235486040728027j)	0.3516418933868408	9.53379
101	(1.2611573396161824-0.46797567576076066j)	0.3232841491699219	9.62912
102	(1.190800483226241-0.6257565586749281j)	0.2918269634246826	9.72445
103	(1.100780393587883-0.7732854742423796j)	0.29684972763061523	9.81978
104	(0.9929003053741622-0.9079432842490769j)	0.29201197624206543	9.9151
105	(0.8687880515163235-1.0281011185764537j)	0.293612003326416	10.01043
106	(0.7305839357926155-1.1314435712400956j)	0.32505083084106445	10.10576
107	(0.5804183887739003-1.216114856041001j)	0.40668702125549316	10.20109
108	(0.4205683021377165-1.2807672341850833j)	0.3631858825683594	10.29642
109	(0.2536504873418814-1.3243272804124877j)	0.3315849304199219	10.39174
110	(0.08267337324620655-1.346372403858205j)	0.3172299861907959	10.48707
111	(-0.08958334788430344-1.3465527236522605j)	0.31197690963745117	10.5824
112	(-0.26026205476823505-1.324697619260111j)	0.3045620918273926	10.67773
113	(-0.4267268455080032-1.2810370896759264j)	0.3004491329193115	10.77306
114	(-0.5865903031958768-1.2164100330895051j)	0.2997431755065918	10.86838
115	(-0.7367339848985788-1.131715390360038j)	0.2990601062774658	10.96371
116	(-0.874880966781535-1.0286712235393365j)	0.31662487983703613	11.05904
117	(-0.9986131979990319-0.9089469584430282j)	0.3210258483886719	11.15437
118	(-1.1059008193179793-0.7743328812031005j)	0.3111300468444824	11.2497
119	(-1.1953907867042193-0.6271627516480429j)	0.31868791580200195	11.34502
120	(-1.2652445077354628-0.46938367007989795j)	0.3008289337158203	11.44035
121	(-1.3145376422335646-0.3039440213432525j)	0.3123807907104492	11.53568
122	(-1.3423432713786518-0.13370000043084457j)	0.32166218757629395	11.63101
123	(-1.3480568350183812+0.038611337395891177j)	0.3142850399017334	11.72634
124	(-1.3317266870699762+0.2101109094770957j)	0.3292348384857178	11.82166
125	(-1.2936434905838503+0.37844270630690635j)	0.3477213382720947	11.91699
126	(-1.2344935963746186+0.540722024199067j)	0.3150761127471924	12.01232
127	(-1.1552708858699907+0.69411770373718j)	0.28960704803466797	12.10765
128	(-1.0571251116511209+0.836002239589063j)	0.29249095916748047	12.20298
129	(-0.9414332316437102+0.9640460300720082j)	0.31070518493652344	12.2983
130	(-0.8104960209976952+1.0763276075471386j)	0.3479912281036377	12.39363
131	(-0.6662746592656903+1.1711647524143793j)	0.3753390312194824	12.48896
132	(-0.5112655914403882+1.2469644692448636j)	0.335705041885376	12.58429
133	(-0.3477532236320676+1.3024089564055452j)	0.30045485496520996	12.67961
134	(-0.17872757568630437+1.3363009069402305j)	0.3075830936431885	12.77494
135	(-0.006732348304688385+1.3481968363681303j)	0.37455081939697266	12.87027
136	(0.16548171470844397+1.3380759711889816j)	0.4541449546813965	12.9656
137	(0.33498875018455987+1.3062323371846032j)	0.4746088981628418	13.06093
138	(0.49892622439962975+1.2532464086332507j)	0.4791219234466553	13.15625
139	(0.6547603209292259+1.1796064085440066j)	0.42194700241088867	13.25158
140	(0.7998187962597648+1.0865105640859678j)	0.43666815757751465	13.34691
141	(0.9318728325226885+0.975521758507901j)	0.37453722953796387	13.44224
142	(1.0487866882649148+0.8486333629997469j)	0.37360286712646484	13.53757
143	(1.1483167258192077+0.7081214216442333j)	0.412200927734375	13.63289
144	(1.2293343479007084+0.5560401082276183j)	0.3774559497833252	13.72822
145	(1.2898819581304288+0.3944287073550645j)	0.3263828754425049	13.82355
146	(1.3298021815813084+0.22697142815331509j)	0.3363170623779297	13.91888
147	(1.3475982072349328+0.05526142456088737j)	0.3349609375	14.01421
148	(1.3436032001305522-0.11715355528797353j)	0.3393080234527588	14.10953
149	(1.3177067611433817-0.28756597832628195j)	0.3388228416442871	14.20486
150	(1.2702170544916198-0.45317587177439966j)	0.33818602561950684	14.30019
151	(1.201853918238998-0.6114408274518491j)	0.3435051441192627	14.39552
152	(1.1138395467407305-0.7598733470792807j)	0.342883825302124	14.49085
153	(1.0075722665139855-0.8960127117848145j)	0.33988404273986816	14.58617
154	(0.8849346080148253-1.0173471158771359j)	0.3379647731781006	14.6815
155	(0.7479047977741689-1.1218992058587922j)	0.4304780960083008	14.77683
156	(0.5985801779171738-1.2080161279778856j)	0.35616326332092285	14.87216
157	(0.4393807349982913-1.2744599127060967j)	0.37871718406677246	14.96749
158	(0.2731180318644474-1.3203406764343883j)	0.3565700054168701	15.06281
159	(0.10222260060927335-1.3445475642373224j)	0.34453606605529785	15.15814
160	(-0.07020866072888154-1.3467069143203703j)	0.37041687965393066	15.25347
161	(-0.24144766931036576-1.3266874872335253j)	0.3626260757446289	15.3488
162	(-0.40859011232372466-1.284988775702908j)	0.348923921585083	15.44412
163	(-0.5693234149601875-1.2223166651711623j)	0.35607004165649414	15.53945
164	(-0.720838018406779-1.1397598100863418j)	0.34369516372680664	15.63478
165	(-0.8604983366731738-1.0386323618838158j)	0.44319915771484375	15.73011
166	(-0.9859715670258592-0.92043629274283j)	0.34838390350341797	15.82544
167	(-1.0952279267703438-0.7869687427251733j)	0.36721205711364746	15.92076
168	(-1.1866094951033743-0.6407441218561412j)	0.34401988983154297	16.01609
169	(-1.258743623168209-0.4840657691097603j)	0.35820794105529785	16.11142
170	(-1.3103624734181116-0.3195911212691277j)	0.3477003574371338	16.20675
171	(-1.3404775655014316-0.14994412206553603j)	0.34225893020629883	16.30208
172	(-1.3486742463726702+0.022437055938065886j)	0.34432387351989746	16.3974
173	(-1.3346078727563644+0.19432381268492538j)	0.3403911590576172	16.49273
174	(-1.2987990404847898+0.36310489395940165j)	0.427156925201416	16.58806
175	(-1.241897092913008+0.5258926871777378j)	0.36291933059692383	16.68339
176	(-1.1647288102687612+0.6799501847662277j)	0.32645606994628906	16.77872
177	(-1.0686158846209113+0.8230185049239283j)	0.3309469223022461	16.87404
178	(-0.9547444061399298+0.9525677463914358j)	0.3221743106842041	16.96937
179	(-0.8251959754691451+1.0666310228937443j)	0.31319403648376465	17.0647
180	(-0.6822448969108659+1.163305317342959j)	0.33089208602905273	17.16003
181	(-0.528261463546805+1.2408711586488401j)	0.29418492317199707	17.25536
182	(-0.36580552459539584+1.2980366035633741j)	0.28697991371154785	17.35068
183	(-0.19721053138689615+1.3340391134232878j)	0.28870296478271484	17.44601
184	(-0.025395110883939975+1.3483703944807728j)	0.2854442596435547	17.54134
185	(0.1471889782645729+1.340504177060173j)	0.28787803649902344	17.63667
186	(0.3171147721004369+1.3108761917881182j)	0.29283881187438965	17.732
187	(0.4817208259203757+1.2595541042731964j)	0.2903749942779541	17.82732
188	(0.6383839686647808+1.1878052046780083j)	0.29212498664855957	17.92265
189	(0.7847088311883144+1.096562272812318j)	0.28787708282470703	18.01798
190	(0.9183442650920534+0.9874361180988952j)	0.29378604888916016	18.11331
191	(1.0370616539152506+0.862121235047775j)	0.2916998863220215	18.20863
192	(1.138654683565449+0.7228002125010594j)	0.3305239677429199	18.30396
193	(1.2214907492547615+0.5716782034228849j)	0.28943514823913574	18.39929
194	(1.2843170544033187+0.41112364321170036j)	0.29323697090148926	18.49462
195	(1.3262521815028858+0.24379844203791318j)	0.29935693740844727	18.58995
196	(1.3467240490364318+0.07262470208982796j)	0.29634881019592285	18.68527
197	(1.345107058350137-0.09986676814872086j)	0.2916910648345947	18.7806
198	(1.3213994480375648-0.27062515254350816j)	0.4481620788574219	18.87593
199	(1.275947839347209-0.4369690539078137j)	0.5097360610961914	18.97126
200	(1.209612368647434-0.5962571443121267j)	0.30217814445495605	19.06659
201	(1.1236879301188183-0.745590188541885j)	0.2936990261077881	19.16191
202	(1.0194406077423281-0.8830033083398422j)	0.2887251377105713	19.25724
203	(0.8985502366617567-1.0058915537017512j)	0.2897632122039795	19.35257
204	(0.7628551186962066-1.1122552332052775j)	0.2873728275299072	19.4479
205	(0.6145555502347979-1.2004704349285615j)	0.28699731826782227	19.54323
206	(0.45622035791550863-1.2689218066808057j)	0.28844785690307617	19.63855
207	(0.29053934532750514-1.3168441053363098j)	0.29161596298217773	19.73388
208	(0.12022278811957043-1.343247738124969j)	0.28763532638549805	19.82921
209	(-0.052050078744615286-1.347599205757993j)	0.29006004333496094	19.92454
210	(-0.22359496897152162-1.3298647677048387j)	0.28975701332092285	20.01987
211	(-0.3916630883762605-1.2903910038555595j)	0.29088878631591797	20.11519
212	(-0.5532263381687226-1.22982173782896j)	0.2889702320098877	20.21052
213	(-0.7056495553908501-1.149250047345324j)	0.3268411159515381	20.30585
214	(-0.8464192630951808-1.0498765484258508j)	0.29332399368286133	20.40118
215	(-0.9733561567564174-0.9332492807951955j)	0.2902209758758545	20.49651
216	(-1.0849292749764625-0.8007137327557226j)	0.268064022064209	20.59183
217	(-1.178104244425683-0.6563890943152297j)	0.2970702648162842	20.68716
218	(-1.2529502776279116-0.5004560413777926j)	0.4193229675292969	20.78249
219	(-1.3059797230388581-0.3368422917164025j)	0.3596830368041992	20.87782
220	(-1.3381827317202453-0.16763526424802522j)	0.39904284477233887	20.97314
221	(-1.348570784581216+0.004480197225339655j)	0.34610915184020996	21.06847
222	(-1.3369674825699773+0.1766447602862935j)	0.30810022354125977	21.1638
223	(-1.3035954497282538+0.3459200287466402j)	0.28974390029907227	21.25913
224	(-1.2488964234949809+0.509439228020664j)	0.2873861789703369	21.35446
225	(-1.1735381875379127+0.6645482109214166j)	0.2883598804473877	21.44978
226	(-1.079116388055433+0.8087384399647728j)	0.2931981086730957	21.54511
227	(-0.9670220258248656+0.9398229242514263j)	0.28760600090026855	21.64044
228	(-0.8391985959435778+1.0556459779118432j)	0.36661505699157715	21.73577
229	(-0.6977439923825456+1.154188939462157j)	0.3740217685699463	21.8311
230	(-0.544673544568515+1.233868688257047j)	0.38518238067626953	21.92642
231	(-0.3828110857482017+1.2931596327301338j)	0.427077054977417	22.02175
232	(-0.21460770238180565+1.3313217524425387j)	0.7311758995056152	22.11708
233	(-0.0428930359690757+1.347818699459769j)	0.433718204498291	22.21241
234	(0.12942139507130726+1.3423710368184898j)	0.397691011428833	22.30774
235	(0.29967233397229504+1.3149880796323155j)	0.3506739139556885	22.40306
236	(0.4649383689243807+1.2660737106009705j)	0.43076491355895996	22.49839
237	(0.6226856475949765+1.1962611658307183j)	0.40039992332458496	22.59372
238	(0.7703282515320388+1.1069114703155876j)	0.3987278938293457	22.68905
239	(0.9053536222191645+0.9995764871340495j)	0.2913680076599121	22.78438
240	(1.0254015313333447+0.876046823342546j)	0.38222479820251465	22.8797
241	(1.1287943038879187+0.7381382937980291j)	0.4042067527770996	22.97503
242	(1.2136980107137945+0.5880325046441855j)	0.3936309814453125	23.07036
243	(1.278826274516413+0.4282173963657679j)	0.32457876205444336	23.16569
244	(1.3231153616861677+0.26143702322433726j)	0.4074890613555908	23.26102
245	(1.3455372800677776+0.09048864151219538j)	0.3073289394378662	23.35634
246	(1.3461438428842625-0.08182974153369937j)	0.4255702495574951	23.45167
247	(1.3246584058405375-0.25284326514578437j)	0.37326979637145996	23.547
248	(1.2815080570929596-0.4198503976471805j)	0.3483588695526123	23.64233
249	(1.2174231601372933-0.5801318409413849j)	0.3269822597503662	23.73765
250	(1.1334474847560059-0.730821602900577j)	0.30811405181884766	23.83298
251	(1.031002785947189-0.8694477747405855j)	0.29060983657836914	23.92831
252	(0.9116649080951515-0.993821134088862j)	0.30505871772766113	24.02364
253	(0.777328440817645-1.1018938325746528j)	0.2910459041595459	24.11897
254	(0.6304394171194401-1.1922015194774027j)	0.2908921241760254	24.21429
255	(0.4730590976821367-1.263001873738466j)	0.2896897792816162	24.30962
256	(0.30804247268631124-1.3131178563505395j)	0.34912109375	24.40495
257	(0.1380277591040478-1.341639334667887j)	0.30213284492492676	24.50028
258	(-0.03430592371098351-1.348148911507138j)	0.33884286880493164	24.59561
259	(-0.20591234572601042-1.332728590393475j)	0.29253411293029785	24.69093
260	(-0.3744074040482187-1.2955857640812067j)	0.2911219596862793	24.78626
261	(-0.5366090541268844-1.2372389106848831j)	0.2924799919128418	24.88159
262	(-0.6902133669201271-1.1587889185446434j)	0.2906811237335205	24.97692
263	(-0.8323864833218207-1.0611736162106835j)	0.28845834732055664	25.07225
264	(-0.9608640203591398-0.9461402964444142j)	0.29086899757385254	25.16757
265	(-1.0737735561611923-0.8157344809847734j)	0.2878861427307129	25.2629
266	(-1.1691895286573726-0.672091997563278j)	0.29183387756347656	25.35823
267	(-1.2454374447575693-0.5175215210122107j)	0.29050302505493164	25.45356
268	(-1.3012470316073508-0.354422481849605j)	0.2938089370727539	25.54889
269	(-1.335806829516686-0.1853262749897997j)	0.30161094665527344	25.64421
270	(-1.3484525168480788-0.013271584234705425j)	0.29657602310180664	25.73954
271	(-1.3391597565604243+0.1589609305198188j)	0.29145026206970215	25.83487
272	(-1.3080114801974714+0.3284796201554829j)	0.2914102077484131	25.9302
273	(-1.255397105159426+0.4927735946861495j)	0.2959020137786865	26.02553
274	(-1.182394321716368+0.6488099030133357j)	0.29126882553100586	26.12085
275	(-1.08980941854785+0.7944153591579053j)	0.2918410301208496	26.21618
276	(-0.9794602436417138+0.9270839575670493j)	0.2922179698944092	26.31151
277	(-0.8531939180867951+1.0445338308436838j)	0.28818297386169434	26.40684
278	(-0.7130896014428265+1.1447488160196742j)	0.2960231304168701	26.50216
279	(-0.561387794967535+1.2266987857465437j)	0.28133201599121094	26.59749
280	(-0.40011702869480165+1.2878916617158216j)	0.29232192039489746	26.69282
281	(-0.23238475887725057+1.3284714002819753j)	0.28985118865966797	26.78815
282	(-0.06091611958814469+1.3473697955102946j)	0.2880377769470215	26.88348
283	(0.1114822579412319+1.3440077776208712j)	0.2921609878540039	26.9788
284	(0.28194955241088826+1.318809149632377j)	0.2899820804595947	27.07413
285	(0.44787305353402823+1.2719871198302468j)	0.2888062000274658	27.16946
286	(0.606590077364603+1.2044036397209394j)	0.2893707752227783	27.26479
287	(0.7554232405229266+1.1172229239346951j)	0.2893550395965576	27.36012
288	(0.891929150974786+1.0116429213994018j)	0.2892889976501465	27.45544
289	(1.0136608650955197+0.8896174901873669j)	0.28615283966064453	27.55077
290	(1.1187693119904465+0.7529795795810001j)	0.29437685012817383	27.6461
291	(1.2056600955093844+0.6039869138230223j)	0.28905510902404785	27.74143
292	(1.2729409640255929+0.4451773017461939j)	0.2892439365386963	27.83676
293	(1.3195224445070688+0.27914616526390895j)	0.2881968021392822	27.93208
294	(1.344400932333261+0.10852658534928189j)	0.29333019256591797	28.02741
295	(1.3471785187194891-0.06387203733669214j)	0.2880430221557617	28.12274
296	(1.3278933894446403-0.2353009858409672j)	0.2855188846588135	28.21807
297	(1.2869764970982698-0.4029101998092999j)	0.2917637825012207	28.3134
298	(1.2251537851728673-0.5637326275166255j)	0.2894289493560791	28.40872
299	(1.143315417394845-0.7154892770533321j)	0.29190492630004883	28.50405
300	(1.0427013875309012-0.8554840823316566j)	0.2894153594970703	28.59938
301	(0.9249240143304253-0.9815201126965319j)	0.2909660339355469	28.69471
302	(0.7920030663318052-1.091587591173388j)	0.29113173484802246	28.79004
303	(0.6462010842760803-1.1836162436915436j)	0.2913401126861572	28.88536
304	(0.4899564135328222-1.2564815784589254j)	0.3117189407348633	28.98069
305	(0.3257350659934864-1.308729483196205j)	0.35448288917541504	29.07602
306	(0.15604329231498026-1.3394900897490059j)	0.32036709785461426	29.17135
307	(-0.016309290749888516-1.3485435866686148j)	0.41004085540771484	29.26667
308	(-0.18830131907048198-1.3353516122313436j)	0.40207910537719727	29.362
309	(-0.3571822244632678-1.3004622186732033j)	0.31063199043273926	29.45733
310	(-0.5201166690325951-1.2443075618714987j)	0.36153507232666016	29.55266
311	(-0.6745346264298984-1.1677382398943899j)	0.32872915267944336	29.64799
312	(-0.8180885402953759-1.0722117657655093j)	0.30045104026794434	29.74331
313	(-0.9482839989054653-0.9589440379453125j)	0.3970651626586914	29.83864
314	(-1.06299435533625-0.8300704887180537j)	0.36969804763793945	29.93397
315	(-1.1592541851891576-0.6877947747355826j)	0.30988383293151855	30.0293
316	(-1.2384027341300228-0.53405199214889j)	0.3396317958831787	30.12463
317	(-1.2963533777254133-0.37180409477829035j)	0.37738800048828125	30.21995
318	(-1.333185347472104-0.20326273152838734j)	0.47567200660705566	30.31528
319	(-1.348304959828609-0.03138470360415155j)	0.5056660175323486	30.41061
320	(-1.3413839493134279+0.14093186092639942j)	0.3121778964996338	30.50594
321	(-1.312430258807923+0.31089559331276095j)	0.3788738250732422	30.60127
322	(-1.2618855951117323+0.4757200008486136j)	0.3400418758392334	30.69659
323	(-1.1907968492567371+0.6328336887336261j)	0.3637359142303467	30.79192
324	(-1.1003070269814583+0.7796900340863289j)	0.3250241279602051	30.88725
325	(-0.9919129008393053+0.913795031277087j)	0.31045985221862793	30.98258
326	(-0.8671603276239952+1.0327341821988296j)	0.43296098709106445	31.07791
327	(-0.7282891384724814+1.1351192938752637j)	0.40587520599365234	31.17323
328	(-0.5774775020003504+1.2186237775249316j)	0.3202030658721924	31.26856
329	(-0.41713358079234963+1.2823766651758586j)	0.4262969493865967	31.36389
330	(-0.2500956209929731+1.3251946681672502j)	0.4732930660247803	31.45922
331	(-0.07905349655834171+1.3463225646454904j)	0.600834846496582	31.55455
332	(0.09339471326346876+1.345524862332828j)	0.49115586280822754	31.64987
333	(0.264316202244453+1.3225103287289648j)	0.34508800506591797	31.7452
334	(0.43098758072400417+1.277873950900229j)	0.5799500942230225	31.84053
335	(0.5906042512092728+1.2124309414023458j)	0.31770992279052734	31.93586
336	(0.7403693534637698+1.1272637243087549j)	0.5055170059204102	32.03118
337	(0.8781523345268156+1.023672513589359j)	0.40811920166015625	32.12651
338	(1.001515137411108+0.9032444100925704j)	0.4827122688293457	32.22184
339	(1.1086259712897386+0.7679605047355225j)	0.3643362522125244	32.31717
340	(1.1976480046225282+0.6201339963546822j)	0.3453507423400879	32.4125
341	(1.2668885235800305+0.4622132477297257j)	0.4092857837677002	32.50782
342	(1.3155605669385313+0.2968721813178621j)	0.39774084091186523	32.60315
343	(1.3433879259551846+0.12675929814541953j)	0.47136378288269043	32.69848
344	(1.3477882275777349-0.04571313393326781j)	0.5587739944458008	32.79381
345	(1.330958568352934-0.21741743210810072j)	0.31975603103637695	32.88914
346	(1.283260016926233-0.39230290906933624j)	0.26633191108703613	32.98446
347	(1.2325974844087417-0.547357008418887j)	0.29097533226013184	33.07979
348	(1.152698054636436-0.7000614337436131j)	0.2885138988494873	33.17512
349	(1.053886200322468-0.8413445960931909j)	0.2864820957183838	33.27045
350	(0.9378552240464078-0.9689697934908961j)	0.29076194763183594	33.36578
351	(0.8066017871358331-1.0808708673686465j)	0.2874150276184082	33.4611
352	(0.6620896490264347-1.175043466052296j)	0.28816795349121094	33.55643
353	(0.5067875825783679-1.2498994171294577j)	0.28800201416015625	33.65176
354	(0.34314712426320804-1.3042414013507977j)	0.28817296028137207	33.74709
355	(0.17383698920922724-1.3372926634727884j)	0.2929873466491699	33.84242
356	(0.0018825475646975232-1.3485901500324908j)	0.28635072708129883	33.93774
357	(-0.17028208913985296-1.3379050663145655j)	0.293424129486084	34.03307
358	(-0.33959138147594486-1.3053150972412175j)	0.28870701789855957	34.1284
359	(-0.5033346791802361-1.2512747195707692j)	0.29086804389953613	34.22373
360	(-0.6589161545727277-1.1767097106806408j)	0.2878248691558838	34.31906
361	(-0.8035826169105287-1.0829246762676086j)	0.2917609214782715	34.41438
362	(-0.9352777340401314-0.9715604257114328j)	0.2877318859100342	34.50971
363	(-1.0516457949293099-0.8443781785805538j)	0.2986879348754883	34.60504
364	(-1.1507569914328513-0.703347816470583j)	0.2894930839538574	34.70037
365	(-1.2311139591732785-0.5506412245452639j)	0.29044628143310547	34.79569
366	(-1.2912327605663703-0.38897260836322406j)	0.2877171039581299	34.89102
367	(-1.3303330969197418-0.22096020281562667j)	0.2914149761199951	34.98635
368	(-1.3477184859541274-0.049437647275289764j)	0.2946629524230957	35.08168
369	(-1.343020573056269+0.12283165862009338j)	0.4180281162261963	35.17701
370	(-1.3164750422089937+0.2932059946530836j)	0.3327510356903076	35.27233
371	(-1.2681976117113243+0.4588203262708356j)	0.3915400505065918	35.36766
372	(-1.1992180884671955+0.6169879156946875j)	0.3392050266265869	35.46299
373	(-1.1107102546145335+0.7650262549971483j)	0.4219369888305664	35.55832
374	(-1.0042779277667933+0.9005476965341894j)	0.3299229145050049	35.65365
375	(-0.8810315218261391+1.0212537965507185j)	0.367966890335083	35.74897
376	(-0.7435509279082271+1.1251479509615725j)	0.33703088760375977	35.8443
377	(-0.593802733205793+1.2108711671395191j)	0.3944268226623535	35.93963
378	(-0.4343888819137204+1.27684406805589j)	0.3737168312072754	36.03496
379	(-0.26794104165796595+1.3218827537020106j)	0.3146989345550537	36.13029
380	(-0.09714474936445841+1.345131577798471j)	0.35074710845947266	36.22561
381	(0.07522909642229311+1.3464749055734324j)	0.37163615226745605	36.32094
382	(0.24647247553627025+1.3258299817830315j)	0.3156750202178955	36.41627
383	(0.4137225601405571+1.2835952823053836j)	0.31578612327575684	36.5116
384	(0.5741579511015259+1.2204118263004125j)	0.39196085929870605	36.60693
385	(0.7252377836919277+1.1370966799799676j)	0.3177788257598877	36.70225
386	(0.8643006885439954+1.0352422775887211j)	0.28656625747680664	36.79758
387	(0.9892834899733418+0.9164182408709977j)	0.2994978427886963	36.89291
388	(1.0981798785148027+0.7826564392628836j)	0.29126787185668945	36.98824
389	(1.1891415585515082+0.6361903038088026j)	0.28675293922424316	37.08357
390	(1.2607309280260757+0.479283346221504j)	0.2885870933532715	37.17889
391	(1.3115313647215876+0.3145264881946125j)	0.2909531593322754	37.27422
392	(1.3408798462048943+0.14460953643075314j)	0.28656888008117676	37.36955
393	(1.3482863930602251-0.027804593364043173j)	0.2854900360107422	37.46488
394	(1.3337678365652423-0.19951194086420332j)	0.28817200660705566	37.5602
395	(1.2975107483665251-0.36810263769825635j)	0.2947568893432617	37.65553
396	(1.2399796112859265-0.530620377179276j)	0.28728342056274414	37.75086
397	(1.1620725559099536-0.6844849435832713j)	0.3051028251647949	37.84619
398	(1.0651345867447741-0.8272327590549737j)	0.3091728687286377	37.94152
399	(0.9507948842907239-0.9563015107056296j)	0.2939438819885254	38.03684
400	(0.8210517006669973-1.0698748967050058j)	0.3016347885131836	38.13217
401	(0.6779227556010834-1.165900986574715j)	0.3087618350982666	38.2275
402	(0.5236428570772228-1.2428223539513392j)	0.3081851005554199	38.32283
403	(0.36070700041799547-1.2994669670012466j)	0.2922489643096924	38.41816
404	(0.19181345283534437-1.3349258754716224j)	0.29409289360046387	38.51348
405	(0.01985847581940764-1.3484617694451504j)	0.29470396041870117	38.60881
406	(-0.1523058066273012-1.3400192968514937j)	0.28936195373535156	38.70414
407	(-0.32195571902936704-1.3096066433303002j)	0.2940061092376709	38.79947
408	(-0.4864077001538359-1.2577528322101972j)	0.297213077545166	38.8948
409	(-0.643030517740568-1.1854691254505245j)	0.28818416595458984	38.99012
410	(-0.7891284598183488-1.093712246153483j)	0.28702807426452637	39.08545
411	(-0.9222752127924023-0.9840947420465218j)	0.29320287704467773	39.18078
412	(-1.0402394341772627-0.8583895741358463j)	0.2973461151123047	39.27611
413	(-1.1411733124664485-0.7185881001869265j)	0.3751039505004883	39.37144
414	(-1.223527142579499-0.5672014920709142j)	0.33945393562316895	39.46676
415	(-1.2859704885698533-0.4063580621276918j)	0.3251688480377197	39.56209
416	(-1.3274085966315812-0.23892855016712766j)	0.42234301567077637	39.65742
417	(-1.3470616046264494-0.06763635764357195j)	0.5532221794128418	39.75275
418	(-1.344598494792221+0.10479857883168331j)	0.3378751277923584	39.84808
419	(-1.3201152153793834+0.2754299102581907j)	0.42275309562683105	39.9434
420	(-1.274163802385125+0.44168833253356354j)	0.34702396392822266	40.03873
421	(-1.2074649304831782+0.6007282985581285j)	0.39911794662475586	40.13406
422	(-1.1210313897566937+0.7498869153823584j)	0.3691091537475586	40.22939
423	(-1.0161044185936943+0.8868451747397814j)	0.31981420516967773	40.32471
424	(-0.8945432511101783+1.0091682050745239j)	0.3161342144012451	40.42004
425	(-0.7584238260656861+1.1150428423354521j)	0.31219935417175293	40.51537
426	(-0.6099332761801622+1.2027611001283596j)	0.3260989189147949	40.6107
427	(-0.4515554928204633+1.2707999528095701j)	0.3588118553161621	40.70603
428	(-0.2857441679018601+1.3181470233006092j)	0.3202090263366699	40.80135
429	(-0.11521939433400374+1.3437617290994657j)	0.33936500549316406	40.89668
430	(0.05725895953036342+1.3473939292829167j)	0.33580517768859863	40.99201
431	(0.22880517494310582+1.3290640404360738j)	0.3399789333343506	41.08734
432	(0.3965276938691643+1.289054189832259j)	0.32149195671081543	41.18267
433	(0.5576518451618606+1.2280305460379977j)	0.33277010917663574	41.27799
434	(0.7097492328437283+1.1468480752594756j)	0.33370184898376465	41.37332
435	(0.8502890002229949+1.046832746514494j)	0.3186519145965576	41.46865
436	(0.9769997139947879+0.9297023873857866j)	0.31119823455810547	41.56398
437	(1.0877270852939254+0.7974372275563781j)	0.29738712310791016	41.65931
438	(1.1804725056640153+0.652151824818328j)	0.3361811637878418	41.75463
439	(1.2540101653716196+0.49627804471557546j)	0.5011940002441406	41.84996
440	(1.3070320241969386+0.3322078454739096j)	0.4470810890197754	41.94529
441	(1.3387510343459614+0.16263630229677273j)	0.3733670711517334	42.04062
442	(1.3486483409885495-0.009584639563069458j)	0.33814120292663574	42.13595
443	(1.3363615748034219-0.18166817033441787j)	0.36693310737609863	42.23127
444	(1.3022744324377176-0.3506247042468411j)	0.2877471446990967	42.3266
445	(1.2468348950587442-0.5138523248242953j)	0.32228875160217285	42.42193
446	(1.1710142262090284-0.6687593824355588j)	0.41231608390808105	42.51726
447	(1.0761297912489178-0.8127841506404448j)	0.31884098052978516	42.61259
448	(0.963669845633962-0.9435896427429191j)	0.37494516372680664	42.70791
449	(0.8354301015577672-1.0588410852651418j)	0.2991180419921875	42.80324
450	(0.6934856951890747-1.156703430445348j)	0.3348538875579834	42.89857
451	(0.5401446009029545-1.23567238967945j)	0.4034430980682373	42.9939
452	(0.37815798230027853-1.2944899152755207j)	0.3327138423919678	43.08922
453	(0.2103053234693495-1.3321269456448548j)	0.39465880393981934	43.18455
454	(0.038129137988888506-1.3482112855978354j)	0.4288620948791504	43.27988
455	(-0.1341784965597751-1.342042568721273j)	0.2873997688293457	43.37521
456	(-0.3043531014373278-1.3138633272543518j)	0.32224202156066895	43.47054
457	(-0.4694502213697121-1.2641747840939819j)	0.31272315979003906	43.56586
458	(-0.6269872997776639-1.1939509304601126j)	0.3475189208984375	43.66119
459	(-0.7742505831200348-1.1042771027854252j)	0.3414640426635742	43.75652
460	(-0.9087956182525757-0.9965256924243399j)	0.35416698455810547	43.85185
461	(-1.0284884019841962-0.8723873053531741j)	0.4388580322265625	43.94718
462	(-1.131403774637911-0.7338897246102069j)	0.29236292839050293	44.0425
463	(-1.215808926446823-0.5834458937971052j)	0.3103790283203125	44.13783
464	(-1.2803714917067484-0.42355676812159987j)	0.32123422622680664	44.23316
465	(-1.3239651374821746-0.2568070304125181j)	0.37450408935546875	44.32849
466	(-1.345857855132524-0.08582653322862231j)	0.3481101989746094	44.42382
467	(-1.3458784635945018+0.08666871233565715j)	0.3201448917388916	44.51914
468	(-1.323757778814377+0.2577849865108857j)	0.37852978706359863	44.61447
469	(-1.2800593472433959+0.4246605221008502j)	0.46906113624572754	44.7098
470	(-1.2154500100480379+0.5844983344880441j)	0.34230685234069824	44.80513
471	(-1.1309162227319858+0.7347240085272642j)	0.327988862991333	44.90046
472	(-1.0280173496192182+0.8729637514084649j)	0.3474140167236328	44.99578
473	(-0.9081437800444216+0.9970370718796215j)	0.31330084800720215	45.09111
474	(-0.7734502252691791+1.1048632872241715j)	0.2935469150543213	45.18644
475	(-0.6261522324562937+1.1942926098675029j)	0.29502177238464355	45.28177
476	(-0.46864908807187977+1.264680617033314j)	0.34272098541259766	45.3771
477	(-0.3035125798475454+1.314008097310862j)	0.36867809295654297	45.47242
478	(-0.1333350774367359+1.3419530455534183j)	0.28688693046569824	45.56775
479	(0.039062213761609954+1.3480374342113395j)	0.31136298179626465	45.66308
480	(0.21078097774169657+1.3321296970069583j)	0.4085099697113037	45.75841
481	(0.37910961796662884+1.2943061250015095j)	0.2991492748260498	45.85373
482	(0.5410694875103464+1.2353193774950675j)	0.29999470710754395	45.94906
483	(0.6942350124375822+1.1561254537381709j)	0.4411280155181885	46.04439
484	(0.8361151340281429+1.0580437029060874j)	0.2888791561126709	46.13972
485	(0.9643474212135429+0.9427519390128579j)	0.3110508918762207	46.23505
486	(1.076877128794899+0.8120570192645905j)	0.3187100887298584	46.33037
487	(1.1716657525815217+0.6680396844572154j)	0.39914894104003906	46.4257
488	(1.247247990030762+0.5130372688333672j)	0.37933802604675293	46.52103
489	(1.3024760355819105+0.34960492470760973j)	0.3253138065338135	46.61636
490	(1.3364710128448332+0.18050642679129286j)	0.3277888298034668	46.71169
491	(1.349036807133042+0.00781588534661859j)	0.35157012939453125	46.80701
492	(1.3387922494893516-0.16351609322577365j)	0.3516218662261963	46.90234
493	(1.306945391005693-0.3329844851687751j)	0.3509957790374756	46.99767
494	(1.2536924409040366-0.4970846410373661j)	0.38106584548950195	47.093
495	(1.179986278701067-0.6530881073757098j)	0.3878803253173828	47.18833
496	(1.0869916997597657-0.7982236655532178j)	0.3120248317718506	47.28365
497	(0.9763477503460355-0.9304044652969238j)	0.29662203788757324	47.37898
498	(0.8496718723987251-1.047318740707975j)	0.4173457622528076	47.47431
499	(0.709051021458639-1.147173437692743j)	0.3724329471588135	47.56964
500	(0.5568000703290359-1.2283353852259524j)	0.36582088470458984	47.66497
501	(0.3954079324685106-1.2893262994699877j)	0.3243868350982666	47.76029
502	(0.22770035701376673-1.3292826282372796j)	0.35237693786621094	47.85562
503	(0.05654367511653613-1.346473567506177j)	0.2819828987121582	47.95095
504	(-0.11606017319457686-1.3435553580642383j)	0.31899189949035645	48.04628
505	(-0.286602693643206-1.3177460404770778j)	0.3158097267150879	48.14161
506	(-0.4525251234519475-1.2704653013610232j)	0.2958691120147705	48.23693
507	(-0.6109806893770481-1.2023738971614977j)	0.305377721786499	48.33226
508	(-0.7593663829138093-1.114613935486807j)	0.3180122375488281	48.42759
509	(-0.8952997728811607-1.008550229197862j)	0.33782005310058594	48.52292
510	(-1.016590583805255-0.8861815609470426j)	0.32566285133361816	48.61824
511	(-1.1214436916583788-0.7491202696865723j)	0.35822200775146484	48.71357
512	(-1.2079593011935021-0.5998804367245528j)	0.3277308940887451	48.8089
513	(-1.2746643729755769-0.440876467999927j)	0.34707117080688477	48.90423
514	(-1.3204419095865179-0.27463104751613243j)	0.3753671646118164	48.99956
515	(-1.3445599044410566-0.10394542172393606j)	0.4250149726867676	49.09488
516	(-1.3468089640866157+0.06851633869359741j)	0.2996532917022705	49.19021
517	(-1.3271192633587998+0.239868258378658j)	0.29695606231689453	49.28554
518	(-1.2857541216076032+0.4072455573068273j)	0.32001399993896484	49.38087
519	(-1.2232974544332214+0.5679376242454617j)	0.2994229793548584	49.4762
520	(-1.1407134761395852+0.7194066726549377j)	0.2912721633911133	49.57152
521	(-1.0395125134973313+0.8590604224165084j)	0.29300975799560547	49.66685
522	(-0.92137544015005+0.9847277677931596j)	0.29856014251708984	49.76218
523	(-0.7882579941465868+1.0942855176065702j)	0.33243584632873535	49.85751
524	(-0.6422638474121983+1.1858959490503678j)	0.2955949306488037	49.95284
525	(-0.485676957012495+1.2582305150423354j)	0.2980508804321289	50.04816
526	(-0.321190448052937+1.309855547505744j)	0.38634705543518066	50.14349
527	(-0.151242588622383+1.340097450600747j)	0.3639051914215088	50.23882
528	(0.021008740904721948+1.3484857391038014j)	0.34027695655822754	50.33415
529	(0.19283748063065825+1.3347976582256618j)	0.3910048007965088	50.42948
530	(0.36148926757635746+1.2993701780198945j)	0.3943791389465332	50.5248
531	(0.5243321156776009+1.2425666925967778j)	0.3000779151916504	50.62013
532	(0.6786750428905259+1.1654407858020295j)	0.2980499267578125	50.71546
533	(0.821925136162067+1.0693113276421178j)	0.41159987449645996	50.81079
534	(0.9516598992116695+0.9557293715098296j)	0.3642611503601074	50.90612
535	(1.0657459340051094+0.8264579372460504j)	0.3985459804534912	51.00144
536	(1.1624004162795465+0.6838046304205516j)	0.34017419815063477	51.09677
537	(1.2401573737174365+0.5298312174993306j)	0.31484127044677734	51.1921
538	(1.2977106209478393+0.36719379262639096j)	0.29543375968933105	51.28743
539	(1.3340363745368364+0.1986291405160695j)	0.3103001117706299	51.38276
540	(1.3483956199507303+0.02674729515030505j)	0.2976257801055908	51.47808
541	(1.340736190593257-0.14545571012251596j)	0.29836225509643555	51.57341
542	(1.3111482622097645-0.3153424818770655j)	0.29616308212280273	51.66874
543	(1.26020403074763-0.48012918139432204j)	0.289050817489624	51.76407
544	(1.1887132535220275-0.6371134142653323j)	0.3217148780822754	51.85939
545	(1.097739458103101-0.7836056130800253j)	0.3313908576965332	51.95472
546	(0.9887761407369114-0.9172080220141595j)	0.3029448986053467	52.05005
547	(0.863586796589529-1.0358177413446303j)	0.2913939952850342	52.14538
548	(0.7242863423697262-1.1375529997836655j)	0.29027509689331055	52.24071
549	(0.5733222676335474-1.220712051931898j)	0.31496310234069824	52.33603
550	(0.4128765697973783-1.283988180606483j)	0.39601898193359375	52.43136
551	(0.24571257627414048-1.3261731917896964j)	0.4101576805114746	52.52669
552	(0.07445644701426313-1.3466139229543654j)	0.3109869956970215	52.62202
553	(-0.09806533709198012-1.3450576150378923j)	0.3296089172363281	52.71735
554	(-0.26881963747988263-1.3214915344360354j)	0.30642008781433105	52.81267
555	(-0.43528461533255575-1.276465404029271j)	0.32169485092163086	52.908
556	(-0.5945738473376008-1.2105621094986319j)	0.3185091018676758	53.00333
557	(-0.744008229028922-1.1246918376573958j)	0.2938549518585205	53.09866
558	(-0.8816081180521568-1.0205780404345086j)	0.298861026763916	53.19399
559	(-1.0046352218406835-0.8996195540499989j)	0.298598051071167	53.28931
560	(-1.1112655258936477-0.7640719448182922j)	0.3096041679382324	53.38464
561	(-1.1996891816711754-0.6161041681471242j)	0.3005549907684326	53.47997
562	(-1.2684480759415457-0.4580462243668603j)	0.31061291694641113	53.5753
563	(-1.316485714834446-0.2924269979355538j)	0.32485222816467285	53.67063
564	(-1.3431022012633838-0.12195681623443477j)	0.349045991897583	53.76595
565	(-1.3476980180604325+0.050498317009984084j)	0.30260610580444336	53.86128
566	(-1.3302770193521583+0.2220444414726867j)	0.29923391342163086	53.95661
567	(-1.2910537975286964+0.38990462649742585j)	0.30282115936279297	54.05194
568	(-1.2306847039765243+0.5514047322568914j)	0.3032040596008301	54.14727
569	(-1.1503503207390937+0.7039307285638208j)	0.2980210781097412	54.24259
570	(-1.051083577826474+0.8450507001754858j)	0.29805588722229004	54.33792
571	(-0.9346865172006503+0.9723375361972167j)	0.32242608070373535	54.43325
572	(-0.8030038732248057+1.0836355768781487j)	0.304307222366333	54.52858
573	(-0.6581964891778268+1.1771062178648248j)	0.39705872535705566	54.6239
574	(-0.5025985385159916+1.2514205597718306j)	0.3603348731994629	54.71923
575	(-0.33875061023177805+1.3053526769093242j)	0.354158878326416	54.81456
576	(-0.16939334342141787+1.337999668098662j)	0.31319284439086914	54.90989
577	(0.002689187102154489+1.3487354239854552j)	0.35962820053100586	55.00522
578	(0.1748002525570168+1.3372877211986327j)	0.2977728843688965	55.10054
579	(0.3439598608552837+1.3039777781948216j)	0.29686594009399414	55.19587
580	(0.5075578074055258+1.2493824935863989j)	0.3383188247680664	55.2912
581	(0.6628853962390983+1.1744298115693041j)	0.36797404289245605	55.38653
582	(0.8073273201281447+1.0803278678642705j)	0.3353581428527832	55.48186
583	(0.9386699238583547+0.9685015076785113j)	0.36060523986816406	55.57718
584	(1.054500269928254+0.8407868542572356j)	0.29779577255249023	55.67251
585	(1.1531290464138455+0.6992758930528599j)	0.2959129810333252	55.76784
586	(1.2329600032167725+0.5463658349257098j)	0.3110840320587158	55.86317
587	(1.2926364761596132+0.38460851392753265j)	0.31911396980285645	55.9585
588	(1.331279720224241+0.21662515645259078j)	0.29351806640625	56.05382
589	(1.348173213191712+0.0450022260228404j)	0.2789649963378906	56.14915
590	(1.3426259637968199-0.12738832603366734j)	0.3844029903411865	56.24448
591	(1.315367291372361-0.29775713079692867j)	0.4396510124206543	56.33981
592	(1.2666520816871332-0.4632142779013897j)	0.46620893478393555	56.43514
593	(1.1972105906909005-0.6209350305862579j)	0.4811580181121826	56.53046
594	(1.1082411936960705-0.7685764177275543j)	0.3962550163269043	56.62579
595	(1.0010822531268715-0.9036820230036577j)	0.3265511989593506	56.72112
596	(0.8775287279727149-1.024089584352358j)	0.3485751152038574	56.81645
597	(0.7396751860927046-1.1277798522396953j)	0.3232870101928711	56.91178
598	(0.5896583874447232-1.2128938729580372j)	0.3249931335449219	57.0071
599	(0.4301473018465036-1.2782008268233196j)	0.32088685035705566	57.10243
600	(0.26356329338490037-1.3225807787659534j)	0.3214290142059326	57.19776
601	(0.09261075362339377-1.3453727832739082j)	0.29360485076904297	57.29309
602	(-0.07990878455983608-1.346272771547841j)	0.29633522033691406	57.38841
603	(-0.2510960909754427-1.3251038482244526j)	0.29781579971313477	57.48374
604	(-0.418098888694367-1.2822578067970236j)	0.2946312427520752	57.57907
605	(-0.5782275606061974-1.2183851442490223j)	0.29767704010009766	57.6744
606	(-0.7289462843435596-1.1345670208321414j)	0.304049015045166	57.76973
607	(-0.8677599495009396-1.032369137608013j)	0.2985672950744629	57.86505
608	(-0.9924567886827098-0.9130607645341419j)	0.2908191680908203	57.96038
609	(-1.100950998830812-0.7791030625886107j)	0.29090404510498047	58.05571
610	(-1.1913269404080358-0.6322790164639469j)	0.29477572441101074	58.15104
611	(-1.2622050523735533-0.47503828348029337j)	0.3002748489379883	58.24637
612	(-1.312492007024356-0.31011135605410756j)	0.3075258731842041	58.34169
613	(-1.3413111145190508-0.1400857620494418j)	0.3990941047668457	58.43702
614	(-1.3483060773277546+0.032200547240833155j)	0.3621377944946289	58.53235
615	(-1.333207848513283+0.20393965280787318j)	0.3685750961303711	58.62768
616	(-1.2962351391960998+0.37239413889594936j)	0.3669111728668213	58.72301
617	(-1.2380041876213292+0.5347615432181035j)	0.3885612487792969	58.81833
618	(-1.1596141901891976+0.688399569026477j)	0.41222190856933594	58.91366
619	(-1.062347485622661+0.8307779048066567j)	0.40196895599365234	59.00899
620	(-0.9477311900252093+0.9595162721189261j)	0.42014217376708984	59.10432
621	(-0.8175654822225604+1.0725532861368217j)	0.42960405349731445	59.19965
622	(-0.6739616535048965+1.168172958106167j)	0.3051888942718506	59.29497
623	(-0.5193029764189843+1.2446094847880942j)	0.3155961036682129	59.3903
624	(-0.35621540310666294+1.3007459884035555j)	0.299968957901001	59.48563
625	(-0.1873778916565344+1.3355763763103483j)	0.30146098136901855	59.58096
626	(-0.015497773666009795+1.3485247379004475j)	0.30435895919799805	59.67629
627	(0.1566630790055598+1.3395511378930323j)	0.3094208240509033	59.77161
628	(0.3263758364154922+1.308556810311007j)	0.3070662021636963	59.86694
629	(0.4907709638189277+1.256217020117672j)	0.29966211318969727	59.96227
630	(0.6474775289477117+1.1832784594374375j)	0.3219587802886963	60.0576
631	(0.7926600892316417+1.0911294692118412j)	0.31379008293151855	60.15292
632	(0.9253006487820072+0.9810912391059545j)	0.30850696563720703	60.24825
633	(1.0429724594942646+0.8549484227255889j)	0.4207339286804199	60.34358
634	(1.1436739490245154+0.7148322440071719j)	0.35217976570129395	60.43891
635	(1.2255857640006456+0.5630815008386101j)	0.31386804580688477	60.53424
636	(1.287306496673257+0.4020319049304652j)	0.37219810485839844	60.62956
637	(1.3280733580328046+0.23454978191540257j)	0.38541293144226074	60.72489
638	(1.3470794091974332+0.06317562787324266j)	0.4066200256347656	60.82022
639	(1.3441058972883306-0.10928760255117287j)	0.32401394844055176	60.91555
640	(1.3193024896042038-0.2799305327607333j)	0.3778350353240967	61.01088
641	(1.2728233808458649-0.44605438089980975j)	0.3442420959472656	61.1062
642	(1.2055204322234774-0.6050302301478022j)	0.3958089351654053	61.20153
643	(1.118415280433417-0.7536036048741864j)	0.3322622776031494	61.29686
644	(1.0130379552498037-0.8901612099636139j)	0.37764883041381836	61.39219
645	(0.8912417261363695-1.0124698554561213j)	0.49565911293029785	61.48752
646	(0.7548316203498645-1.1176925131895916j)	0.5217008590698242	61.58284
647	(0.6060926038124734-1.2048925628252798j)	0.5208799839019775	61.67817
648	(0.44738624828097956-1.2723290791440267j)	0.33872008323669434	61.7735
649	(0.2813019684410974-1.3189674916909548j)	0.2979137897491455	61.86883
650	(0.11062317640991942-1.344101627149447j)	0.29955506324768066	61.96416
651	(-0.06168478866181004-1.3472039196275833j)	0.3036658763885498	62.05948
652	(-0.2330686828343013-1.3284039342295793j)	0.30202603340148926	62.15481
653	(-0.40062016091151337-1.2878094599970729j)	0.3078298568725586	62.25014
654	(-0.5616931547813524-1.2261074248107955j)	0.2985718250274658	62.34547
655	(-0.7136357418329877-1.1443785786542289j)	0.30579686164855957	62.4408
656	(-0.8538103839269244-1.0438850409689389j)	0.3014531135559082	62.53612
657	(-0.980043822047728-0.9264640099705448j)	0.30063509941101074	62.63145
658	(-1.0903143066838292-0.7939356621662688j)	0.2950427532196045	62.72678
659	(-1.1825303899084099-0.6482858291847667j)	0.3015928268432617	62.82211
660	(-1.2556759184098027-0.4920329921562421j)	0.3037538528442383	62.91743
661	(-1.3082117984466957-0.3277042804171372j)	0.30022597312927246	63.01276
662	(-1.339372375496402-0.1580857316535338j)	0.30437302589416504	63.10809
663	(-1.3485898194168178+0.014047789105657738j)	0.299257755279541	63.20342
664	(-1.3357074717033453+0.185968462266222j)	0.29640913009643555	63.29875
665	(-1.3011317321558298+0.35484796230882504j)	0.3056640625	63.39407
666	(-1.2451824119390973+0.5180519561095251j)	0.2964048385620117	63.4894
667	(-1.1689223973712761+0.6727787047225606j)	0.29868102073669434	63.58473
668	(-1.0735484373426087+0.8164733084407516j)	0.2985849380493164	63.68006
669	(-0.9605748885009107+0.9466888868095792j)	0.29958415031433105	63.77539
670	(-0.8319509456802416+1.0614037644358287j)	0.2987551689147949	63.87071
671	(-0.6896718114707109+1.1589093208778252j)	0.31619930267333984	63.96604
672	(-0.536127594563046+1.2375063136548745j)	0.360152006149292	64.06137
673	(-0.37386952685702585+1.2958703743512587j)	0.295943021774292	64.1567
674	(-0.20549060682824583+1.3329720784629686j)	0.29766297340393066	64.25203
675	(-0.03369326278199382+1.3481742808910808j)	0.30919694900512695	64.34735
676	(0.13862937508131384+1.3414033334405617j)	0.3266899585723877	64.44268
677	(0.30870532374628+1.31276672764566j)	0.4204859733581543	64.53801
678	(0.4737031597071316+1.2627208093953126j)	0.3032219409942627	64.63334
679	(0.6308944978011743+1.1920075697423627j)	0.3182661533355713	64.72867
680	(0.7779081329484642+1.1017289598316513j)	0.42432475090026855	64.82399
681	(0.9121228661619869+0.9933796064183489j)	0.5463428497314453	64.91932
682	(1.031430519046749+0.8688133529884989j)	0.388139009475708	65.01465
683	(1.1339078940449785+0.7301241008719047j)	0.3198840618133545	65.10998
684	(1.2178703697587105+0.5795285699165112j)	0.32499098777770996	65.20531
685	(1.2818292224092895+0.4194913483491263j)	0.29328203201293945	65.30063
686	(1.3248255004806655+0.2524708161826784j)	0.3592801094055176	65.39596
687	(1.3462237869670206+0.0812712347659249j)	0.34417200088500977	65.49129
688	(1.3455873424692342-0.09123335158697665j)	0.2969660758972168	65.58662
689	(1.322930933618227-0.2620850636975651j)	0.2918078899383545	65.68194
690	(1.2787260728067107-0.428702295210569j)	0.2931220531463623	65.77727
691	(1.2135518546163002-0.5883347079459924j)	0.30058813095092773	65.8726
692	(1.1285038044349942-0.7384202789963353j)	0.28998589515686035	65.96793
693	(1.0250519466883892-0.8764694972200806j)	0.29154205322265625	66.06326
694	(0.9047675326394602-1.0000847186908717j)	0.2891719341278076	66.15858
695	(0.7698260088767601-1.1073460202548884j)	0.2886159420013428	66.25391
696	(0.6222556345017516-1.1964724987363506j)	0.33806300163269043	66.34924
697	(0.46447843621034646-1.266052517395028j)	0.293928861618042	66.44457
698	(0.2990972370940565-1.3150136337883054j)	0.2885551452636719	66.5399
699	(0.12877514920031555-1.342510703798529j)	0.30066919326782227	66.63522
700	(-0.04356886124809184-1.3479854747738718j)	0.2909700870513916	66.73055
701	(-0.21515636343364647-1.3313764178431131j)	0.2930901050567627	66.82588
702	(-0.3832652422640333-1.2929696675452644j)	0.28788208961486816	66.92121
703	(-0.5450824171159265-1.2335762715976744j)	0.2877511978149414	67.01654
704	(-0.6981154615968164-1.1539212753645278j)	0.29042482376098633	67.11186
705	(-0.8397071073862772-1.0554421346027016j)	0.2871098518371582	67.20719
706	(-0.967488450660117-0.9396888346431371j)	0.31653499603271484	67.30252
707	(-1.079435016843253-0.8085009701264831j)	0.3196849822998047	67.39785
708	(-1.1737775816681635-0.6640576074518846j)	0.2873210906982422	67.49318
709	(-1.24886841036276-0.5089360549912134j)	0.28974413871765137	67.5885
710	(-1.3036824141537993-0.3454270967663283j)	0.2992849349975586	67.68383
711	(-1.337150082880525-0.17629307331495397j)	0.3011631965637207	67.77916
712	(-1.3487127997267712-0.00423296072643653j)	0.29746103286743164	67.87449
713	(-1.3381481412307585+0.16794077303094798j)	0.3014228343963623	67.96982
714	(-1.3056861336373857+0.337325055563501j)	0.3043668270111084	68.06514
715	(-1.2520044973428541+0.5012086589599557j)	0.42165303230285645	68.16047
716	(-1.1778900809783548+0.6568518929761047j)	0.40923213958740234	68.2558
717	(-1.0844668148269605+0.8017259495284396j)	0.3187129497528076	68.35113
718	(-0.9732744418685881+0.9336186271036158j)	0.3065159320831299	68.44645
719	(-0.8461014289619944+1.0501678246051602j)	0.3057899475097656	68.54178
720	(-0.7051520204979052+1.1495920781356277j)	0.31507396697998047	68.63711
721	(-0.552726563502268+1.2301888288356664j)	0.3035252094268799	68.73244
722	(-0.3912972091289037+1.290626295830475j)	0.32062268257141113	68.82777
723	(-0.22347376927303692+1.3300367078398623j)	0.3328728675842285	68.92309
724	(-0.05189192273710597+1.3476520519614161j)	0.3632068634033203	69.01842
725	(0.12058372467901501+1.3432525591629454j)	0.3073251247406006	69.11375
726	(0.2910331497323847+1.31693319606187j)	0.29907894134521484	69.20908
727	(0.45666310174477914+1.2690403242960573j)	0.34275293350219727	69.30441
728	(0.6147270835593693+1.2004014719811298j)	0.4488260746002197	69.39973
729	(0.7628632540284116+1.1121108694049298j)	0.36642003059387207	69.49506
730	(0.8985642948113419+1.0056321397844221j)	0.30102992057800293	69.59039
731	(1.0196464723430931+0.8827775685680246j)	0.39835596084594727	69.68572
732	(1.1239872714964094+0.7454937827132002j)	0.35355591773986816	69.78105
733	(1.2098342911859663+0.5959391947529131j)	0.4221377372741699	69.87637
734	(1.275909608143359+0.4367014815631977j)	0.33032870292663574	69.9717
735	(1.3211959457489202+0.2702813640591761j)	0.3331911563873291	70.06703
736	(1.3449447902783456+0.0994575300122188j)	0.29222798347473145	70.16236
737	(1.3467130602552047-0.07294481643096366j)	0.2942478656768799	70.25769
738	(1.3264041818529588-0.2442503636534276j)	0.35967278480529785	70.35301
739	(1.2843397608872202-0.41147063768725967j)	0.36676669120788574	70.44834
740	(1.2212662363162292-0.5719780298639923j)	0.3646700382232666	70.54367
741	(1.138277427149041-0.7231787322921046j)	0.33530211448669434	70.639
742	(1.0367526567782206-0.862524715950199j)	0.31020212173461914	70.73433
743	(0.9183206732407404-0.987821433103828j)	0.4050476551055908	70.82965
744	(0.7847708294309255-1.0968815615462115j)	0.3574237823486328	70.92498
745	(0.6383219044971912-1.1880172983443458j)	0.35477781295776367	71.02031
746	(0.4806066880399985-1.2592308853037817j)	0.2711942195892334	71.11564
747	(0.3168221886842726-1.3108886157272517j)	0.2918870449066162	71.21096
748	(0.14699565278130833-1.340650371503433j)	0.36297011375427246	71.30629
749	(-0.02523144543810507-1.34845707662473j)	0.38405680656433105	71.40162
