	res_adaptive	time_adaptive	w
0	(1.0273326418076207-0.03007150710217517j)	0.43572092056274414	0.001
1	(1.2796978492023836-0.15078025533036532j)	0.30348896980285645	0.09633
2	(1.3861837921080744-0.1264580991977413j)	0.2989780902862549	0.19166
3	(1.4441652739537052-0.07203088502807364j)	0.29195618629455566	0.28698
4	(1.4677068196262557-0.010522662956865103j)	0.2999429702758789	0.38231
5	(1.4656076883807398+0.04811120785175327j)	0.2998950481414795	0.47764
6	(1.444042628429648+0.09799469718323395j)	0.2951087951660156	0.57297
7	(1.408517466231911+0.1350153771226582j)	0.30686306953430176	0.6683
8	(1.3642344636205164+0.15577608820825894j)	0.31034016609191895	0.76362
9	(1.3194354651782136+0.1617913794434228j)	0.29130077362060547	0.85895
10	(1.2772141603095897+0.15456684112806063j)	0.3073852062225342	0.95428
11	(1.240709861283534+0.13603962315334056j)	0.30542588233947754	1.04961
12	(1.2127150265483846+0.1087042511933497j)	0.3236217498779297	1.14494
13	(1.1953421546226162+0.07578810462724164j)	0.30410194396972656	1.24026
14	(1.188376721222688+0.042330311146679026j)	0.3034098148345947	1.33559
15	(1.1908172632252179+0.010068377082306186j)	0.2982208728790283	1.43092
16	(1.2017473297937598-0.018703269235537723j)	0.29274702072143555	1.52625
17	(1.2196865907188066-0.04165559967367649j)	0.2966179847717285	1.62157
18	(1.2414616569674375-0.05697711997466404j)	0.30268287658691406	1.7169
19	(1.2650008251360938-0.06521499965993072j)	0.2934849262237549	1.81223
20	(1.2885640663338784-0.06651521347152467j)	0.29799795150756836	1.90756
21	(1.310527822543385-0.0611347053295056j)	0.30479001998901367	2.00289
22	(1.327652449368507-0.05013094818445385j)	0.2960939407348633	2.09821
23	(1.340459270182232-0.035953522281313766j)	0.2953360080718994	2.19354
24	(1.3483834670567005-0.019775150011428377j)	0.29866814613342285	2.28887
25	(1.3511724589928396-0.0028462530180703993j)	0.29901695251464844	2.3842
26	(1.3488239856633526+0.013269583304101162j)	0.2948601245880127	2.47953
27	(1.3416976341728122+0.02668133950718593j)	0.2974700927734375	2.57485
28	(1.3323540541027963+0.037132352329935614j)	0.3005640506744385	2.67018
29	(1.3209624844046248+0.04423831899877739j)	0.2906661033630371	2.76551
30	(1.3084523549637403+0.04752574938633283j)	0.30388593673706055	2.86084
31	(1.2961424228237977+0.046848426782079705j)	0.32741713523864746	2.95617
32	(1.2854376307918756+0.04287048390297876j)	0.3404717445373535	3.05149
33	(1.2766508969895087+0.03676804152444135j)	0.3334500789642334	3.14682
34	(1.2701209797637671+0.028693173453588017j)	0.31005001068115234	3.24215
35	(1.2664203620197054+0.019387150024957167j)	0.30329275131225586	3.33748
36	(1.2657257636117054+0.009970064473206142j)	0.29987311363220215	3.43281
37	(1.2672568299732387+0.0018086696838051086j)	0.3116269111633301	3.52813
38	(1.2708722265760124-0.005551211663515576j)	0.29927706718444824	3.62346
39	(1.276223714897981-0.011455581210504384j)	0.30796122550964355	3.71879
40	(1.282741311616389-0.015253627578547146j)	0.2973318099975586	3.81412
41	(1.2894942559841662-0.01680039598128874j)	0.3022482395172119	3.90945
42	(1.2954494700011934-0.016485649964498666j)	0.30422472953796387	4.00477
43	(1.301353407991332-0.014765133457878624j)	0.3161799907684326	4.1001
44	(1.3062174583626724-0.011466633755062156j)	0.3009908199310303	4.19543
45	(1.3095075902557645-0.0071358033639521146j)	0.3008279800415039	4.29076
46	(1.3110057950782106-0.0026106928625317383j)	0.2981131076812744	4.38608
47	(1.3116608699846417+0.002012901470378081j)	0.3000049591064453	4.48141
48	(1.3108840973710658+0.006505660758473364j)	0.2958059310913086	4.57674
49	(1.3087556241560794+0.010289484638030921j)	0.29444313049316406	4.67207
50	(1.3057698202118608+0.012939231330188594j)	0.2967832088470459	4.7674
51	(1.3026849210760725+0.014704663331209678j)	0.3015480041503906	4.86272
52	(1.2991842545808283+0.015577371344206892j)	0.2925281524658203	4.95805
53	(1.2956315197664479+0.015263777233582854j)	0.3158130645751953	5.05338
54	(1.292763751816304+0.013760977019012244j)	0.3172609806060791	5.14871
55	(1.2902810784541106+0.011838245382570334j)	0.2967350482940674	5.24404
56	(1.2884502094293189+0.009976116946922686j)	0.29214978218078613	5.33936
57	(1.2874784745726071+0.007220914844770138j)	0.3013451099395752	5.43469
58	(1.2873488792564494+0.0043988260069217355j)	0.29938817024230957	5.53002
59	(1.288034705510709+0.0019444868314511046j)	0.2981438636779785	5.62535
60	(1.289154333737819+2.8420583483929063e-05j)	0.2968130111694336	5.72068
61	(1.290402160032834-0.0015051680515518195j)	0.30204105377197266	5.816
62	(1.29232979121858-0.002683285171221572j)	0.29796576499938965	5.91133
63	(1.2943358875638598-0.0030809179679422982j)	0.29830288887023926	6.00666
64	(1.296058916426394-0.0028787995024718294j)	0.33655381202697754	6.10199
65	(1.2974567606315728-0.002380895645866521j)	0.3326752185821533	6.19732
66	(1.29898237930575-0.0015725865892936008j)	0.30698394775390625	6.29264
67	(1.2999398178768413-0.0002797587076989183j)	0.29741621017456055	6.38797
68	(1.3002839908888042+0.0010706352768122818j)	0.2975931167602539	6.4833
69	(1.30023356526804+0.0022326180076504j)	0.2963850498199463	6.57863
70	(1.3000076491994883+0.003268501971124105j)	0.29438066482543945	6.67396
71	(1.2996620439065796+0.004683200882277805j)	0.30359697341918945	6.76928
72	(1.2986652855320342+0.005338607538442036j)	0.2954881191253662	6.86461
73	(1.2976698178666524+0.005625031315249024j)	0.29815006256103516	6.95994
74	(1.296794177172767+0.005712754930407682j)	0.3087029457092285	7.05527
75	(1.2958762371186805+0.0059695505614698885j)	0.2971000671386719	7.15059
76	(1.2948966050983846+0.005472949558654183j)	0.30359387397766113	7.24592
77	(1.2942619417117394+0.004755084296986678j)	0.2967498302459717	7.34125
78	(1.2939029650971947+0.004086951064836697j)	0.299785852432251	7.43658
79	(1.2936125235831843+0.003488562170918641j)	0.30475592613220215	7.53191
80	(1.2934294741536172+0.0026746702174076376j)	0.2961151599884033	7.62723
81	(1.293691737458364+0.0018824186645065577j)	0.2998971939086914	7.72256
82	(1.2940709094864995+0.0013839354411446791j)	0.2936971187591553	7.81789
83	(1.2943801230306733+0.0010436397928849095j)	0.2996029853820801	7.91322
84	(1.294699123177754+0.0006942669277044677j)	0.3096959590911865	8.00855
85	(1.2955325671171716+0.0004266176127774024j)	0.31676387786865234	8.10387
86	(1.2960234707827059+0.000564083650367142j)	0.31311917304992676	8.1992
87	(1.2963004730243395+0.0007437693263605688j)	0.30008482933044434	8.29453
88	(1.2965440851152799+0.0008664767300148174j)	0.2954990863800049	8.38986
89	(1.296975190035364+0.0015215370627640057j)	0.32062673568725586	8.48519
90	(1.2971896090236859+0.0016721368095484745j)	0.3005859851837158	8.58051
91	(1.297046035930018+0.001973780161711125j)	0.29827308654785156	8.67584
92	(1.296941812252548+0.0021568853281722644j)	0.3072037696838379	8.77117
93	(1.2968887250288919+0.0024092873510075385j)	0.30725789070129395	8.8665
94	(1.2967063355845776+0.0027621345193405977j)	0.307175874710083	8.96183
95	(1.2963043888944847+0.0028437497515014787j)	0.2929670810699463	9.05715
96	(1.296080903919087+0.002773093658256509j)	0.31101369857788086	9.15248
97	(1.2959081629217837+0.002800679603446099j)	0.31667590141296387	9.24781
98	(1.295619843254126+0.0028518908441711455j)	0.2994039058685303	9.34314
99	(1.2952627860668846+0.0027348278841476392j)	0.29656219482421875	9.43847
100	(1.295315891902922+0.002271343122234204j)	0.29795122146606445	9.53379
101	(1.2952743611339363+0.002180552910843153j)	0.2968900203704834	9.62912
102	(1.295130937022774+0.0020741775577509947j)	0.2994251251220703	9.72445
103	(1.2950269415153068+0.0018243226972105703j)	0.2975790500640869	9.81978
104	(1.2954056676550587+0.0014929780655944247j)	0.30048394203186035	9.9151
105	(1.2956127741353185+0.0015330404437614575j)	0.28973388671875	10.01043
106	(1.2954525057602142+0.0014328449929425502j)	0.2929201126098633	10.10576
107	(1.295526157798188+0.0012804026888564302j)	0.3092679977416992	10.20109
108	(1.2957622919036418+0.0012155503322706096j)	0.2926821708679199	10.29642
109	(1.2959800952186193+0.0013968847361407466j)	0.29788994789123535	10.39174
110	(1.2959405973404075+0.0014057345147613365j)	0.29786109924316406	10.48707
111	(1.2960259367893812+0.0013801212868037593j)	0.301616907119751	10.5824
112	(1.2961875228348263+0.001496252000223408j)	0.295604944229126	10.67773
113	(1.2962334719978736+0.0017472492164569697j)	0.29223108291625977	10.77306
114	(1.2960497307709582+0.0016855609473303002j)	0.3038151264190674	10.86838
115	(1.2960857471838727+0.001697607009727986j)	0.290252685546875	10.96371
116	(1.2961147838057114+0.0018533060861889161j)	0.30128908157348633	11.05904
117	(1.295991241042338+0.0020359014145518925j)	0.32938671112060547	11.15437
118	(1.295786977618329+0.0020638101439378748j)	0.300947904586792	11.2497
119	(1.2958616260474545+0.001785625575188382j)	0.2981877326965332	11.34502
120	(1.2958165133067507+0.001898464912013842j)	0.29752588272094727	11.44035
121	(1.2956478919339878+0.0019453955184612348j)	0.29565906524658203	11.53568
122	(1.2955157253519047+0.0018280981568380428j)	0.2954270839691162	11.63101
123	(1.2955600109730296+0.0016716497604478686j)	0.29833507537841797	11.72634
124	(1.2956534683547811+0.0016901332246322953j)	0.3008151054382324	11.82166
125	(1.2955325836328688+0.0016440660304808397j)	0.29440999031066895	11.91699
126	(1.2955348467256833+0.0014931122324446378j)	0.3061659336090088	12.01232
127	(1.2956917935864407+0.0014162708031073556j)	0.3002030849456787	12.10765
128	(1.2958370220560507+0.0014950814390829459j)	0.29729485511779785	12.20298
129	(1.2956448668231795+0.001419735178900594j)	0.3016321659088135	12.2983
130	(1.2957429793526758+0.0013288328114745007j)	0.29160284996032715	12.39363
131	(1.2959126570379764+0.0013793557236527199j)	0.3170139789581299	12.48896
132	(1.2959745121889596+0.0015344198927791826j)	0.29361486434936523	12.58429
133	(1.2957886589565892+0.0013697734186991495j)	0.2968912124633789	12.67961
134	(1.2959123306858422+0.0013643930380176084j)	0.303272008895874	12.77494
135	(1.2960084496368578+0.0015014280866642582j)	0.29438114166259766	12.87027
136	(1.2959586131794216+0.0016456459535756363j)	0.3041191101074219	12.9656
137	(1.2958551709054795+0.001643994416384742j)	0.3045339584350586	13.06093
138	(1.2959389239668573+0.001455363415422073j)	0.3217501640319824	13.15625
139	(1.2959386981723915+0.0016041010668423894j)	0.31816816329956055	13.25158
140	(1.2958232714715705+0.0016655692027638391j)	0.3023390769958496	13.34691
141	(1.2957543962009221+0.0015769684256674577j)	0.3046281337738037	13.44224
142	(1.2958342192144716+0.0014759972010118805j)	0.310528039932251	13.53757
143	(1.2958115378142891+0.0015885566364914894j)	0.3020310401916504	13.63289
144	(1.29570486584319+0.0015545402472240677j)	0.3195679187774658	13.72822
145	(1.2957228104027907+0.0014292079558862192j)	0.29249000549316406	13.82355
146	(1.2958607815205294+0.0013826371435844559j)	0.30344510078430176	13.91888
147	(1.2959523901805226+0.0014585051090547224j)	0.3123469352722168	14.01421
148	(1.2956894066150104+0.0013948073116381854j)	0.3088250160217285	14.10953
149	(1.2957927332085541+0.0013020109030420501j)	0.31261491775512695	14.20486
150	(1.2959372722233728+0.0013395920403708184j)	0.31047487258911133	14.30019
151	(1.2959653701294922+0.001443098614582139j)	0.2926924228668213	14.39552
152	(1.2958922355428952+0.001447199409740696j)	0.29755187034606934	14.49085
153	(1.2958999979046895+0.0012640517199412615j)	0.2958669662475586	14.58617
154	(1.295992497358445+0.001369383512483613j)	0.3097960948944092	14.6815
155	(1.2962906902459774+0.0015099702887042543j)	0.30123019218444824	14.77683
156	(1.2958802752154233+0.0013940947599230258j)	0.2979850769042969	14.87216
157	(1.295928973697473+0.0012707131866079857j)	0.2972128391265869	14.96749
158	(1.2959761044425733+0.0014220209407147522j)	0.2930567264556885	15.06281
159	(1.2958902234308087+0.0014407880271521956j)	0.29783177375793457	15.15814
160	(1.295865782441237+0.0013317796143951788j)	0.29941296577453613	15.25347
161	(1.3769847700268971+0.00032189485808403057j)	0.2381429672241211	15.3488
162	(1.2959028484422799+0.0014335970606728088j)	0.2994256019592285	15.44412
163	(1.295827089266688+0.0013760856808525124j)	0.298785924911499	15.53945
164	(1.2958724149698646+0.0012544282336220958j)	0.3199348449707031	15.63478
165	(1.2960011655051376+0.0012252058261100207j)	0.29576802253723145	15.73011
166	(1.2960527014509748+0.0012980813042188233j)	0.3005692958831787	15.82544
167	(1.2958064824119115+0.001274253630051736j)	0.3001830577850342	15.92076
168	(1.2959157342968828+0.001188063901952252j)	0.30864405632019043	16.01609
169	(1.296029881852139+0.0012252313770809709j)	0.32950305938720703	16.11142
170	(1.2958953980076513+0.0014460091405189557j)	0.3089437484741211	16.20675
171	(1.2959249467775789+0.0012606574146555305j)	0.2927370071411133	16.30208
172	(1.2957336350073327+0.0012819102860254783j)	0.3025240898132324	16.3974
173	(1.2960393969114123+0.0012454127783693147j)	0.2971940040588379	16.49273
174	(1.2959738955339446+0.0012805878375692359j)	0.3016948699951172	16.58806
175	(1.2959083645227079+0.0011839047210964737j)	0.30029892921447754	16.68339
176	(1.2959598279951228+0.0010566580635553297j)	0.2949180603027344	16.77872
177	(1.2957429990014584+0.0012317109300967466j)	0.3016951084136963	16.87404
178	(1.2959278516556758+0.0012412414511421832j)	0.29270505905151367	16.96937
179	(1.2959202122404658+0.0011119614766860741j)	0.2954750061035156	17.0647
180	(1.2960180610123728+0.001032844793514509j)	0.2944462299346924	17.16003
181	(1.2960887000494112+0.0010778021376840474j)	0.2952578067779541	17.25536
182	(1.295898760641214+0.0011766631793073135j)	0.2972550392150879	17.35068
183	(1.295954010995961+0.0010553425447239473j)	0.2949659824371338	17.44601
184	(1.2960610558125496+0.001041229525214904j)	0.300199031829834	17.54134
185	(1.2960706823786428+0.0011124888708587966j)	0.29509806632995605	17.63667
186	(1.2959654396506353+0.001122549699787978j)	0.3046860694885254	17.732
187	(1.2960014294082223+0.0010236839620028637j)	0.2967102527618408	17.82732
188	(1.2960778846402243+0.001066663576668736j)	0.2946960926055908	17.92265
189	(1.2960246111396274+0.0011228300932008828j)	0.30077314376831055	18.01798
190	(1.295917520885659+0.0010665716118953839j)	0.31853508949279785	18.11331
191	(1.2960469543900255+0.0010231560719493743j)	0.3154487609863281	18.20863
192	(1.2960655023168568+0.0010934683714479698j)	0.31424999237060547	18.30396
193	(1.295971858175835+0.001100587303130618j)	0.29756999015808105	18.39929
194	(1.2959028776275276+0.000991415095087933j)	0.3119940757751465	18.49462
195	(1.295949059071824+0.0008844218339137955j)	0.3048121929168701	18.58995
196	(1.2960275781699075+0.0011059561494392023j)	0.3014218807220459	18.68527
197	(1.295931458965665+0.0010498703409796972j)	0.3115661144256592	18.7806
198	(1.2959237325024844+0.0009218509444263168j)	0.3001410961151123	18.87593
199	(1.2960061600545467+0.0008689472501813844j)	0.30136799812316895	18.97126
200	(1.296040571636334+0.0009336005640024903j)	0.3025319576263428	19.06659
201	(1.295916649044405+0.0009830710799418885j)	0.3136909008026123	19.16191
202	(1.2959687747828241+0.0008759044787611803j)	0.31349611282348633	19.25724
203	(1.2960474136272633+0.0008871623820833618j)	0.30080103874206543	19.35257
204	(1.2960196670485016+0.000965759869862054j)	0.30078625679016113	19.4479
205	(1.2959003874169808+0.0009706528937477336j)	0.32318782806396484	19.54323
206	(1.2960199851234369+0.0008630187424178704j)	0.3027939796447754	19.63855
207	(1.296057746206289+0.0009213977183192279j)	0.2977631092071533	19.73388
208	(1.295973029040085+0.0009735036391053109j)	0.2982208728790283	19.82921
209	(1.2958637629658096+0.0009156940655849488j)	0.29778003692626953	19.92454
210	(1.2958579308188594+0.0008131140132574544j)	0.3005640506744385	20.01987
211	(1.296035430209519+0.0009504043274529694j)	0.2898871898651123	20.11519
212	(1.2959222349718584+0.0009470982470111133j)	0.29721498489379883	20.21052
213	(1.295858468456528+0.000846250175633334j)	0.30251288414001465	20.30585
214	(1.2959070343102186+0.0007748187279783547j)	0.3009910583496094	20.40118
215	(1.2959652045013121+0.0008258524087866315j)	0.2980208396911621	20.49651
216	(1.2958887474281056+0.0008927286403258572j)	0.2969536781311035	20.59183
217	(1.2958867258302815+0.0007851495361564376j)	0.29068517684936523	20.68716
218	(1.2959589518567887+0.0007707336089385897j)	0.2912771701812744	20.78249
219	(1.2959691332843675+0.0008598312710460659j)	0.30388784408569336	20.87782
220	(1.2958852918601929+0.0008268370675870856j)	0.298203706741333	20.97314
221	(1.2959357824684765+0.0007511397020797395j)	0.31316089630126953	21.06847
222	(1.2959921662858687+0.0007951586487204843j)	0.30782318115234375	21.1638
223	(1.295941676727985+0.0008850439015478107j)	0.30562305450439453	21.25913
224	(1.2958293401902146+0.0008918759958935762j)	0.29312992095947266	21.35446
225	(1.2959855531651452+0.0007498515481664247j)	0.30069875717163086	21.44978
226	(1.2959945006170632+0.0008309611655339388j)	0.2955050468444824	21.54511
227	(1.2958952149629746+0.0008842345669956009j)	0.2935218811035156	21.64044
228	(1.295801795052812+0.0008320271592492379j)	0.2929399013519287	21.73577
229	(1.2958209822108548+0.0007579917066471431j)	0.3056213855743408	21.8311
230	(1.2959652932064105+0.0008556780761069804j)	0.3012418746948242	21.92642
231	(1.295850221745507+0.0008515654957560459j)	0.2953298091888428	22.02175
232	(1.2958075445460269+0.0007674265179450912j)	0.2987079620361328	22.11708
233	(1.2958704825190692+0.0007332145888091779j)	0.3039059638977051	22.21241
234	(1.295922847522965+0.0008128003322108029j)	0.29521989822387695	22.30774
235	(1.2958261067049701+0.0007950323083877192j)	0.29726409912109375	22.40306
236	(1.2958422945836163+0.0007165461478624013j)	0.29688382148742676	22.49839
237	(1.2959159499755657+0.0007398137382369496j)	0.2980189323425293	22.59372
238	(1.2959171186180074+0.0008455136419832088j)	0.301483154296875	22.68905
239	(1.2958283888711555+0.0009006994361800968j)	0.3044412136077881	22.78438
240	(1.2958918630828815+0.0006939070944111947j)	0.2941279411315918	22.8797
241	(1.2959389093716462+0.0007689883544251819j)	0.3153417110443115	22.97503
242	(1.2958827658923506+0.0008630490687494552j)	0.3157980442047119	23.07036
243	(1.295789009714619+0.0008603836379130758j)	0.32056498527526855	23.16569
244	(1.2957856652089776+0.0007889862118668489j)	0.29955625534057617	23.26102
245	(1.2959310332902494+0.0008022260250369895j)	0.3069131374359131	23.35634
246	(1.2958365458576513+0.0008529165782901749j)	0.3112802505493164	23.45167
247	(1.2957733409397627+0.0008015959551022078j)	0.30168724060058594	23.547
248	(1.2958248523872038+0.0007469793716397555j)	0.30159497261047363	23.64233
249	(1.295896862910441+0.0008204656258384064j)	0.30298781394958496	23.73765
250	(1.2957979750287778+0.0008135677861448032j)	0.3021280765533447	23.83298
251	(1.2957885701511467+0.0007423683279589866j)	0.29895782470703125	23.92831
252	(1.2958733966945577+0.000733837839288376j)	0.302293062210083	24.02364
253	(1.2959279655074885+0.0008253258115736295j)	0.32189512252807617	24.11897
254	(1.2957833672045624+0.0007558204648059341j)	0.30873680114746094	24.21429
255	(1.295827970976485+0.0007016172818306021j)	0.30406999588012695	24.30962
256	(1.2959100372374532+0.0007494270425212335j)	0.29387497901916504	24.40495
257	(1.2959108859116744+0.0008543462425877335j)	0.30239081382751465	24.50028
258	(1.2958364317411624+0.0008883546643609908j)	0.3053858280181885	24.59561
259	(1.2958757495837383+0.0006901356832247352j)	0.2940969467163086	24.69093
260	(1.2959223073083004+0.0007819837737069735j)	0.3000328540802002	24.78626
261	(1.295870515165939+0.0008651257329128081j)	0.2910730838775635	24.88159
262	(1.295803445674624+0.0008430342209200248j)	0.30212879180908203	24.97692
263	(1.2958341789395296+0.0007685053271718895j)	0.311337947845459	25.07225
264	(1.2959046190334274+0.0008116242874469104j)	0.29837799072265625	25.16757
265	(1.295815370067333+0.0008451866545928499j)	0.2925870418548584	25.2629
266	(1.295797990930771+0.0007840036624479074j)	0.2979309558868408	25.35823
267	(1.2958559103011749+0.000730677371854227j)	0.3005540370941162	25.45356
268	(1.2959687061755776+0.0007878743379770015j)	0.2976720333099365	25.54889
269	(1.2957933671702864+0.0008007518375047207j)	0.29556703567504883	25.64421
270	(1.2958193595306593+0.0007326288234493772j)	0.3002002239227295	25.73954
271	(1.295920003727535+0.000736038220728652j)	0.2958519458770752	25.83487
272	(1.2959701605762461+0.0008216819499434758j)	0.30200982093811035	25.9302
273	(1.2959238089572302+0.0008737068363265932j)	0.325469970703125	26.02553
274	(1.2958612809576782+0.0007029260521794756j)	0.36118412017822266	26.12085
275	(1.2959483573397643+0.0007593824005104333j)	0.348052978515625	26.21618
276	(1.2959437437480021+0.0008473432984335005j)	0.32048892974853516	26.31151
277	(1.2958801255322248+0.0008477464512767208j)	0.3010227680206299	26.40684
278	(1.295861413099812+0.0007035499064286521j)	0.3015758991241455	26.50216
279	(1.2959496143301754+0.0007926260013710745j)	0.30733489990234375	26.59749
280	(1.295900462091955+0.0008498244674245703j)	0.2967691421508789	26.69282
281	(1.2958540391567106+0.000799219625112535j)	0.30431199073791504	26.78815
282	(1.2959062479263213+0.0007177100961883176j)	0.29833984375	26.88348
283	(1.2959232651456243+0.0008182661470522712j)	0.30458688735961914	26.9788
284	(1.2958581085892393+0.0008237848972781903j)	0.2948570251464844	27.07413
285	(1.2958568491103164+0.0007448427779616074j)	0.310621976852417	27.16946
286	(1.2959484451695678+0.0006972384764938333j)	0.29540205001831055	27.26479
287	(1.2960277836692409+0.0007434164347838168j)	0.30000805854797363	27.36012
288	(1.2958295835116174+0.000773047031437657j)	0.29994893074035645	27.45544
289	(1.2958851694751328+0.0007012832616004605j)	0.2984950542449951	27.55077
290	(1.2959877223304839+0.0007065980165907315j)	0.2978401184082031	27.6461
291	(1.2960197244163016+0.0007776070180894323j)	0.3199019432067871	27.74143
292	(1.2959607536160604+0.0007980799257204518j)	0.29641270637512207	27.83676
293	(1.2959236892455712+0.0006863291013515082j)	0.31114983558654785	27.93208
294	(1.2960067968509181+0.0007356602958233371j)	0.32694196701049805	28.02741
295	(1.2959869522648473+0.0007980935392198352j)	0.3090698719024658	28.12274
296	(1.2959229478601204+0.0007661615574443004j)	0.3178830146789551	28.21807
297	(1.2959289068759914+0.000665691432449822j)	0.3021421432495117	28.3134
298	(1.2959987220664877+0.0007689702642458274j)	0.31386590003967285	28.40872
299	(1.2959429292591156+0.0007934712477493111j)	0.3037109375	28.50405
300	(1.2959061331834052+0.0007169625347676067j)	0.2915961742401123	28.59938
301	(1.2957848183490008+0.0004223336893027785j)	0.3277931213378906	28.69471
302	(1.296045679434315+0.0006348136781997304j)	0.30124497413635254	28.79004
303	(1.295905094599255+0.0007624981155204269j)	0.29224395751953125	28.88536
304	(1.2959170270119769+0.0006670625473446101j)	0.3041541576385498	28.98069
305	(1.296005362768263+0.0006228539518930987j)	0.3083980083465576	29.07602
306	(1.296057120626868+0.0006681522277609264j)	0.32169103622436523	29.17135
307	(1.295889262217051+0.0007132946938894213j)	0.30312585830688477	29.26667
308	(1.295951225277922+0.0006335892547614588j)	0.29610300064086914	29.362
309	(1.2960384566646617+0.0006405320106304679j)	0.3018009662628174	29.45733
310	(1.2960410622943053+0.0007006221153730285j)	0.2971608638763428	29.55266
311	(1.2959641375763362+0.0006967239153666815j)	0.29990100860595703	29.64799
312	(1.2959927227101904+0.0006249589265223676j)	0.2994728088378906	29.74331
313	(1.2960482078680833+0.0006755257250863345j)	0.29576969146728516	29.83864
314	(1.2960035926882503+0.0007169139413202297j)	0.30401611328125	29.93397
315	(1.2959332356932853+0.0006605755534625501j)	0.32593393325805664	30.0293
316	(1.295940090011447+0.0005615849007055695j)	0.3299860954284668	30.12463
317	(1.2960324351618469+0.0007055916675499097j)	0.2969939708709717	30.21995
318	(1.295962248439102+0.0007031710090340537j)	0.29696202278137207	30.31528
319	(1.2959259082462449+0.0006121069117858147j)	0.29921793937683105	30.41061
320	(1.295978707274232+0.000536554565474745j)	0.2996959686279297	30.50594
321	(1.2960366956311502+0.0005573307184932319j)	0.3005521297454834	30.60127
322	(1.2959316007950528+0.0006670535338567721j)	0.30139994621276855	30.69659
323	(1.2959454911918602+0.0005683650002315244j)	0.2877471446990967	30.79192
324	(1.2960191176792164+0.0005386578725047331j)	0.29995012283325195	30.88725
325	(1.2960416295515678+0.0005931226695939928j)	0.31299805641174316	30.98258
326	(1.2959651197306892+0.0006251448586049868j)	0.3054051399230957	31.07791
327	(1.2959824670561+0.0005449633549895472j)	0.31353306770324707	31.17323
328	(1.2960460926180415+0.0005635844013720526j)	0.298353910446167	31.26856
329	(1.2960171010150923+0.0006192569574311468j)	0.30260300636291504	31.36389
330	(1.2959264295879431+0.0006060612536222809j)	0.30106401443481445	31.45922
331	(1.2958864284099798+0.0005211081092295622j)	0.30280613899230957	31.55455
332	(1.2960485898735845+0.0005983390196701022j)	0.30553388595581055	31.64987
333	(1.2959779036836983+0.0006268811055006873j)	0.30225515365600586	31.7452
334	(1.2959034858810767+0.0005659191261985774j)	0.30438709259033203	31.84053
335	(1.2959132072428807+0.0004833978123559568j)	0.3060181140899658	31.93586
336	(1.2960213503626836+0.0006279251126934671j)	0.3278820514678955	32.03118
337	(1.295940242785156+0.0006078280746202383j)	0.33089208602905273	32.12651
338	(1.2959057286689242+0.0005192964730912075j)	0.31633782386779785	32.22184
339	(1.2959548299782557+0.00046756871488512486j)	0.30933094024658203	32.31717
340	(1.2959971261658798+0.000501323740312476j)	0.3111720085144043	32.4125
341	(1.2959177868682905+0.0005681666412730157j)	0.30818891525268555	32.50782
342	(1.2959323894486374+0.00048163815129975696j)	0.3010091781616211	32.60315
343	(1.2959920119668364+0.0004776648926503313j)	0.33919596672058105	32.69848
344	(1.2959877474537658+0.0005468125262831913j)	0.3191821575164795	32.79381
345	(1.2959018094305645+0.0005804410017526962j)	0.39270806312561035	32.88914
346	(1.295972668076198+0.0004670202669569967j)	0.6406011581420898	32.98446
347	(1.296012277555406+0.0005072376496587649j)	0.505889892578125	33.07979
348	(1.2959599273590041+0.0005686077247084587j)	0.32341718673706055	33.17512
349	(1.295868738052447+0.0005536718626927839j)	0.43918490409851074	33.27045
350	(1.2958444414377037+0.0004842741808736839j)	0.3079359531402588	33.36578
351	(1.2960063135903357+0.0005416549691389383j)	0.3065149784088135	33.4611
352	(1.2960253109371889+0.000574424644747551j)	0.3076460361480713	33.55643
353	(1.2958518741587637+0.0005017530658301128j)	0.310535192489624	33.65176
354	(1.2958717091419807+0.00045372122979236984j)	0.3468649387359619	33.74709
355	(1.2959592461835934+0.0004936866711586219j)	0.3777589797973633	33.84242
356	(1.295887310186748+0.0005416501663771944j)	0.30792903900146484	33.93774
357	(1.295864699452257+0.0004662377620392455j)	0.3163621425628662	34.03307
358	(1.2959167276963552+0.00044788660086581j)	0.30610108375549316	34.1284
359	(1.2959446759369386+0.0005145066132533627j)	0.3018519878387451	34.22373
360	(1.295888954972202+0.0005857212369850817j)	0.29700398445129395	34.31906
361	(1.2958964766671102+0.0004355686901444944j)	0.3117537498474121	34.41438
362	(1.2959508359914307+0.0004617039954319946j)	0.4329547882080078	34.50971
363	(1.295932812897303+0.0005449686489973349j)	0.7268657684326172	34.60504
364	(1.2958501573868604+0.0005759639611401246j)	0.762444019317627	34.70037
365	(1.2959369557792628+0.00042973809088109327j)	0.7228782176971436	34.79569
366	(1.295874774919815+0.0004958482322528872j)	0.7272346019744873	34.89102
367	(1.2959009044382108+0.000559587624384586j)	0.8290150165557861	34.98635
368	(1.295823609565399+0.0005442515983307694j)	0.8642709255218506	35.08168
369	(1.295825199184436+0.0004869741364200153j)	0.3673081398010254	35.17701
370	(1.2959485275799218+0.0005238092562574459j)	0.3006560802459717	35.27233
371	(1.295862522478199+0.0005504064257568775j)	0.37622714042663574	35.36766
372	(1.2958150942467919+0.0004983555188545763j)	0.30883097648620605	35.46299
373	(1.2958597203573117+0.00046391380697419216j)	0.29755401611328125	35.55832
374	(1.2959228625529202+0.0005136082996902713j)	0.3069901466369629	35.65365
375	(1.2958356486327847+0.0005162516555597962j)	0.29108285903930664	35.74897
376	(1.2958338530896594+0.00045837036165885525j)	0.3012998104095459	35.8443
377	(1.2958982393170577+0.0004631476414702629j)	0.682981014251709	35.93963
378	(1.295926452679484+0.0005446556309939288j)	0.6933770179748535	36.03496
379	(1.2958736313848427+0.0006072667548146782j)	0.771801233291626	36.13029
380	(1.295870913908159+0.0004374170844690384j)	0.9263927936553955	36.22561
381	(1.2959246931688624+0.0004840770026932305j)	0.45384716987609863	36.32094
382	(1.2959200697366913+0.000574507430994825j)	0.3094038963317871	36.41627
383	(1.295838650454422+0.0005904091824016633j)	0.5168969631195068	36.5116
384	(1.2958233024525465+0.0005361851663271966j)	0.30362915992736816	36.60693
385	(1.2959295919585798+0.0005186114241768625j)	0.31491827964782715	36.70225
386	(1.295870758072442+0.0005782315326505749j)	0.2955021858215332	36.79758
387	(1.2958150013832408+0.0005533870451944756j)	0.3068230152130127	36.89291
388	(1.295845574318509+0.0004996855176263582j)	0.30675578117370605	36.98824
389	(1.2921726256979404+0.0036304113727048115j)	0.2936360836029053	37.08357
390	(1.2958347236339764+0.0005608012835529586j)	0.3171868324279785	37.17889
391	(1.2958167365852415+0.0005087837078141533j)	0.30378007888793945	37.27422
392	(1.295882894358192+0.00048408057100540747j)	0.30045104026794434	37.36955
393	(1.2959487731790444+0.0005420208672561877j)	0.2986619472503662	37.46488
394	(1.2958141104523544+0.0005240472045264233j)	0.30933594703674316	37.5602
395	(1.2958385466131925+0.00047394875126520464j)	0.3025650978088379	37.65553
396	(1.295918468589822+0.0004927987122794603j)	0.3028292655944824	37.75086
397	(1.2959338958487951+0.0005577093095106567j)	0.3010990619659424	37.84619
398	(1.295895909412375+0.0006140793127104027j)	0.3016328811645508	37.94152
399	(1.2958753121220936+0.00046060247079865446j)	0.3028242588043213	38.03684
400	(1.2959243438831873+0.0004987374857823301j)	0.3045501708984375	38.13217
401	(1.29591698375122+0.0005959293855136716j)	0.2977449893951416	38.2275
402	(1.2958627793194468+0.0005901107078690737j)	0.3085298538208008	38.32283
403	(1.2958115639712138+0.00046022422635538796j)	0.2949559688568115	38.41816
404	(1.2959321394112993+0.0005521803048760265j)	0.2959451675415039	38.51348
405	(1.295920638032933+0.0006614150434069987j)	0.29773592948913574	38.60881
406	(1.2958461227558566+0.000551213653509075j)	0.3052520751953125	38.70414
407	(1.2959048412730256+0.000491424626606618j)	0.3104569911956787	38.79947
408	(1.2959843499852564+0.0005118770280243545j)	0.30654311180114746	38.8948
409	(1.2958488181780243+0.000576053564439738j)	0.3132939338684082	38.99012
410	(1.295855795508491+0.0005114280351588372j)	0.3192009925842285	39.08545
411	(1.2959340918231783+0.00048804133807595074j)	0.2975471019744873	39.18078
412	(1.2959951726501318+0.0005429411556709396j)	0.3036611080169678	39.27611
413	(1.2959697324086048+0.0005907632995044154j)	0.30186009407043457	39.37144
414	(1.2958837398454723+0.00048151445178973296j)	0.2964358329772949	39.46676
415	(1.2959657099633377+0.0005043932920297811j)	0.3113291263580322	39.56209
416	(1.2959818238974279+0.0005722524566621479j)	0.3009757995605469	39.65742
417	(1.295933087998026+0.0005827112400182966j)	0.3069300651550293	39.75275
418	(1.2959078482881614+0.0005175536949025838j)	0.306549072265625	39.84808
419	(1.295991623403966+0.0005311389192910188j)	0.3027470111846924	39.9434
420	(1.295948651895982+0.0005864317073587255j)	0.29935479164123535	40.03873
421	(1.2959031850211358+0.0005568378756511394j)	0.2981419563293457	40.13406
422	(1.2959251535060006+0.0004781540441535226j)	0.30684399604797363	40.22939
423	(1.295962536486824+0.0005637894417051537j)	0.3066060543060303	40.32471
424	(1.2959133840277535+0.0005814222717265422j)	0.302135705947876	40.42004
425	(1.2958950039223456+0.0005153561233188428j)	0.30244922637939453	40.51537
426	(1.2959561447295707+0.0004568365418512188j)	0.6924190521240234	40.6107
427	(1.2960275862270303+0.0004740816580628415j)	0.8701131343841553	40.70603
428	(1.295885939230309+0.0005517998299727211j)	0.8483090400695801	40.80135
429	(1.295908715743518+0.00047840168849611064j)	0.8372468948364258	40.89668
430	(1.2959899567624784+0.0004591182381946668j)	0.7928292751312256	40.99201
431	(1.296039671768918+0.0004944673745218564j)	0.8814551830291748	41.08734
432	(1.2959850802641841+0.0005352374056932785j)	0.8527259826660156	41.18267
433	(1.2959418979270279+0.0004575392527729205j)	0.470430850982666	41.27799
434	(1.2960055597224107+0.00047921007540707716j)	0.3046729564666748	41.37332
435	(1.2960118756953303+0.0005330982229002634j)	0.29751110076904297	41.46865
436	(1.2959507645878976+0.0005219403290684377j)	0.2990078926086426	41.56398
437	(1.2959309485437043+0.0004391690070498222j)	0.31517791748046875	41.65931
438	(1.2960169217468078+0.0005123063847945752j)	0.3127861022949219	41.75463
439	(1.295971209863226+0.0005467445511498914j)	0.30376195907592773	41.84996
440	(1.2959289757859327+0.0004892752554771923j)	0.29713010787963867	41.94529
441	(1.2959525881438378+0.00040824138891693007j)	0.3065001964569092	42.04062
442	(1.2960184184143044+0.0003938727581068169j)	0.3076779842376709	42.13595
443	(1.2959438950624087+0.000528138307949011j)	0.3012199401855469	42.23127
444	(1.2959198551940563+0.00044581083119488163j)	0.2932000160217285	42.3266
445	(1.2959877097741217+0.000397390997547431j)	0.3032219409942627	42.42193
446	(1.2960460273289027+0.00041092483205629193j)	0.3080132007598877	42.51726
447	(1.296000960410773+0.00046579720692641047j)	0.30629491806030273	42.61259
448	(1.2959492903716048+0.00041958533934405295j)	0.30432677268981934	42.70791
449	(1.2960181128969221+0.0004047553107195956j)	0.3169529438018799	42.80324
450	(1.2960318173942966+0.0004532100005018025j)	0.313809871673584	42.89857
451	(1.295966091611994+0.00046863592904555773j)	0.30356621742248535	42.9939
452	(1.2959836844679575+0.0004062018007072177j)	0.30147695541381836	43.08922
453	(1.2960367810634261+0.00043200536294901726j)	0.3021221160888672	43.18455
454	(1.2960092921661104+0.0004763237537165569j)	0.28960084915161133	43.27988
455	(1.2959378761729625+0.00045035121449821247j)	0.3115732669830322	43.37521
456	(1.2959400277292152+0.00039729942752175784j)	0.29795265197753906	43.47054
457	(1.2960324804677525+0.00046350438978909336j)	0.29668188095092773	43.56586
458	(1.2959725566114215+0.0004758117641307513j)	0.39758920669555664	43.66119
459	(1.2959217446279165+0.000415011387080666j)	0.32921385765075684	43.75652
460	(1.2959438470888713+0.00034410722891486945j)	0.3224351406097412	43.85185
461	(1.2959994342622414+0.00035549503054799203j)	0.40132594108581543	43.94718
462	(1.2959432633521355+0.00045907912092557623j)	0.30141711235046387	44.0425
463	(1.2959297315977067+0.0003772841606999311j)	0.29744720458984375	44.13783
464	(1.295979248544806+0.0003414106237601411j)	0.30875587463378906	44.23316
465	(1.2960100029411805+0.0003798358367024246j)	0.30552077293395996	44.32849
466	(1.2959554909440871+0.0004250645560736621j)	0.29513001441955566	44.42382
467	(1.2959546378698015+0.00035098327041160893j)	0.305178165435791	44.51914
468	(1.2960119064399998+0.00035978203414692433j)	0.30568695068359375	44.61447
469	(1.2959964336598204+0.000410903255226705j)	0.3217620849609375	44.7098
470	(1.2959219879666348+0.0004259746615264959j)	0.3267991542816162	44.80513
471	(1.2958684285224633+0.0003670937293980825j)	0.3122141361236572	44.90046
472	(1.2960023452420282+0.0004362573280105586j)	0.30160999298095703	44.99578
473	(1.2959690958148682+0.0004274206966111693j)	0.31625819206237793	45.09111
474	(1.2959376235781233+0.0003749188700925554j)	0.30715179443359375	45.18644
475	(1.2958833225080983+0.0003324128312639507j)	0.3279879093170166	45.28177
476	(1.2959315278595458+0.000323566031969591j)	0.3294239044189453	45.3771
477	(1.2959357853057911+0.0004219077202343158j)	0.2996339797973633	45.47242
478	(1.295885494919652+0.0003606124323433102j)	0.32872796058654785	45.56775
479	(1.295913194619613+0.000313236851698262j)	0.30040621757507324	45.66308
480	(1.2959584083761249+0.00034371747723432877j)	0.33327198028564453	45.75841
481	(1.2959095884934593+0.00039858491887068137j)	0.30919504165649414	45.85373
482	(1.2959010417379158+0.0003292037829159822j)	0.30545687675476074	45.94906
483	(1.2959498523318025+0.0003108397673921223j)	0.30353498458862305	46.04439
484	(1.2959659297130433+0.00037694853492062363j)	0.2988560199737549	46.13972
485	(1.2958941001785798+0.0004241704261080115j)	0.30635905265808105	46.23505
486	(1.295933162833194+0.0003102334604707657j)	0.29337215423583984	46.33037
487	(1.2959729070140353+0.0003353999133210439j)	0.3071730136871338	46.4257
488	(1.2959450148266862+0.0004030159651563503j)	0.29604506492614746	46.52103
489	(1.2958630637113704+0.0003992846965463759j)	0.2977478504180908	46.61636
490	(1.2958332228195197+0.0003611960843329376j)	0.3130760192871094	46.71169
491	(1.295978493055395+0.00036508485455744033j)	0.29492616653442383	46.80701
492	(1.2960441570754866+0.0005821553228292364j)	0.29827213287353516	46.90234
493	(1.2958473573346359+0.00038197698397435254j)	0.3056368827819824	46.99767
494	(1.295855197339007+0.0003319637952253207j)	0.30764293670654297	47.093
495	(1.2959128202679369+0.00034712672423270474j)	0.31250786781311035	47.18833
496	(1.2958874473485729+0.000398625465787672j)	0.3009779453277588	47.28365
497	(1.2958499762578914+0.0003465136766383492j)	0.2998850345611572	47.37898
498	(1.2958878935436642+0.00031123684572349503j)	0.3042418956756592	47.47431
499	(1.295936333152583+0.0003647181739191985j)	0.3049600124359131	47.56964
500	(1.2959011870013541+0.0004442040369375122j)	0.3288886547088623	47.66497
501	(1.29587033797376+0.0003095462657869974j)	0.3117239475250244	47.76029
502	(1.295925419187293+0.00032499150015380396j)	0.30922484397888184	47.85562
503	(1.2959286632437466+0.00040049585649093444j)	0.30490612983703613	47.95095
504	(1.2958752089394112+0.00044652133393385807j)	0.3016700744628906	48.04628
505	(1.2958340901933467+0.00042058688584412085j)	0.3039569854736328	48.14161
506	(1.2959397552481815+0.0003524482527390571j)	0.2948777675628662	48.23693
507	(1.2959088215902232+0.0004216914037483699j)	0.3033022880554199	48.33226
508	(1.2958416010398441+0.0004276104590410501j)	0.2953832149505615	48.42759
509	(1.2958287046985792+0.0003808163387192809j)	0.30428600311279297	48.52292
510	(1.295937164328517+0.000384518007423007j)	0.3128039836883545	48.61824
511	(1.2958747395451038+0.0004243701044219228j)	0.29518890380859375	48.71357
512	(1.2958285469254245+0.00043171543414652347j)	0.29540085792541504	48.8089
513	(1.2958540243259191+0.0003505899945550617j)	0.30442309379577637	48.90423
514	(1.2959231382460767+0.0003819435140532679j)	0.30601024627685547	48.99956
515	(1.295844462516659+0.0004058191874661832j)	0.2985529899597168	49.09488
516	(1.2959655166556587+0.00040950145083701317j)	0.29900383949279785	49.19021
517	(1.2958916594304037+0.00035202167525516526j)	0.516808032989502	49.28554
518	(1.2959346094264692+0.0004092943230338264j)	0.6472241878509521	49.38087
519	(1.2959089367728764+0.0004711421562061391j)	0.7647669315338135	49.4762
520	(1.2958441152176117+0.0003506242689046424j)	0.6442880630493164	49.57152
521	(1.2959212363347494+0.0003608062569110393j)	0.43345117568969727	49.66685
522	(1.2959269655753984+0.00043674180704500465j)	0.32384514808654785	49.76218
523	(1.2958790135950151+0.00046345869562269826j)	0.3354818820953369	49.85751
524	(1.2958539935380926+0.0004241669556311889j)	0.3127758502960205	49.95284
525	(1.2959309914440174+0.0003889680981032373j)	0.30638694763183594	50.04816
526	(1.2958623546323929+0.00045638798656408297j)	0.33559703826904297	50.14349
527	(1.2958445430021173+0.0004361283049535425j)	0.6114559173583984	50.23882
528	(1.295868060367185+0.00034573823748940136j)	0.8063089847564697	50.33415
529	(1.2959421691392228+0.0003847105896978009j)	0.8007810115814209	50.42948
530	(1.2959024922469553+0.00045829383084011743j)	0.8401226997375488	50.5248
531	(1.2958410360461736+0.0004084672185964422j)	0.6585531234741211	50.62013
532	(1.2958914690819792+0.00037052727857389556j)	0.3128330707550049	50.71546
533	(1.2959604171230341+0.000402001449664402j)	0.30876994132995605	50.81079
534	(1.295964700083482+0.0004643880683585788j)	0.3930671215057373	50.90612
535	(1.2958568001445552+0.0003691849071153497j)	0.29551124572753906	51.00144
536	(1.295927396183231+0.00037235697134851975j)	0.30378222465515137	51.09677
537	(1.2959680257532897+0.0004280379359379305j)	0.2993907928466797	51.1921
538	(1.2959647850275169+0.0005104235517376376j)	0.3018789291381836	51.28743
539	(1.295914122818037+0.0004280255253106269j)	0.32392287254333496	51.38276
540	(1.2959380938083733+0.00043659675010099264j)	0.304595947265625	51.47808
541	(1.295951860379823+0.0004556463427240476j)	0.30947089195251465	51.57341
542	(1.2959067187564863+0.0004640994915630584j)	0.35785603523254395	51.66874
543	(1.2958989650792578+0.0004006348791129877j)	0.30042004585266113	51.76407
544	(1.2959510436637272+0.00042367622834854624j)	0.3143889904022217	51.85939
545	(1.295922166379686+0.00047106915188710463j)	0.4169502258300781	51.95472
546	(1.2959228607764566+0.0003565566787340213j)	0.2905459403991699	52.05005
547	(1.2959167768337236+0.0003722419060894211j)	0.30869603157043457	52.14538
548	(1.2959847445456094+0.00035400643468674886j)	0.7822079658508301	52.24071
549	(1.2958907571950724+0.00045705303491683225j)	0.5558521747589111	52.33603
550	(1.2958999694335427+0.00038603513190560435j)	0.3703768253326416	52.43136
551	(1.2959681197417774+0.0003041067721093471j)	0.42644596099853516	52.52669
552	(1.296009060590709+0.0003977194086450808j)	0.4196610450744629	52.62202
553	(1.296029263171199+0.00045393155243894645j)	0.33174610137939453	52.71735
554	(1.2959043637809249+0.00036453813340575625j)	0.3200521469116211	52.81267
555	(1.2959304599487464+0.00038634757640307327j)	0.32292890548706055	52.908
556	(1.2960090756372598+0.0004127488600396134j)	0.3467261791229248	53.00333
557	(1.2959631940559464+0.0004385714197150392j)	0.3276991844177246	53.09866
558	(1.2959292960047277+0.00038487482525489947j)	0.3126258850097656	53.19399
559	(1.295991747145077+0.00039198193586864605j)	0.32018208503723145	53.28931
560	(1.2959821925051989+0.00044374044551354075j)	0.30707216262817383	53.38464
561	(1.2959491677670985+0.00042286844006711455j)	0.30684804916381836	53.47997
562	(1.2959378472741299+0.0003505865279709308j)	0.31966209411621094	53.5753
563	(1.2959955385404773+0.0003066526240799172j)	0.3082418441772461	53.67063
564	(1.2959456143225219+0.0004495570231118906j)	0.3086228370666504	53.76595
565	(1.295913414728648+0.0003955052022323047j)	0.31453895568847656	53.86128
566	(1.2959478589555424+0.00033334233744319874j)	0.3241391181945801	53.95661
567	(1.2960106578862005+0.0003285565484295594j)	0.32339906692504883	54.05194
568	(1.296018860151707+0.0003689741684653747j)	0.31883692741394043	54.14727
569	(1.2959091594660328+0.00035207967623590575j)	0.31913018226623535	54.24259
570	(1.2959927505885764+0.00032029403423600167j)	0.3126239776611328	54.33792
571	(1.2960297827534895+0.00035173068972664187j)	0.3081932067871094	54.43325
572	(1.2959943630134176+0.0003867054129487735j)	0.30522775650024414	54.52858
573	(1.2959423452503345+0.0003342811433079129j)	0.3023841381072998	54.6239
574	(1.2960114521745756+0.00033755489358655577j)	0.3188149929046631	54.71923
575	(1.2960247924662458+0.00038592618145333324j)	0.3104362487792969	54.81456
576	(1.2959605074806697+0.0003955116138464332j)	0.30153393745422363	54.90989
577	(1.2959252923018085+0.00032968993151505366j)	0.3014380931854248	55.00522
578	(1.2960186814691403+0.00036531216618129747j)	0.30460429191589355	55.10054
579	(1.2959722500486306+0.00035750714237947623j)	0.3045008182525635	55.19587
580	(1.2959340739038405+0.0003709467057555482j)	0.30473804473876953	55.2912
581	(1.2959357023031923+0.0002903653281151053j)	0.30782485008239746	55.38653
582	(1.2959333687361134+0.0002741486453079478j)	0.31264472007751465	55.48186
583	(1.2959637945549547+0.00041737182958617725j)	0.310452938079834	55.57718
584	(1.2959402586665945+0.00032927354442996437j)	0.3084280490875244	55.67251
585	(1.2959568077821273+0.0003062700775273153j)	0.3175499439239502	55.76784
586	(1.2960088184308227+0.0002387642789956658j)	0.32114410400390625	55.86317
587	(1.29593272214985+0.00035466663982766655j)	0.31371593475341797	55.9585
588	(1.295941090395911+0.0003056440033621377j)	0.3093869686126709	56.05382
589	(1.295992958010793+0.0002778049114069425j)	0.3100087642669678	56.14915
590	(1.296012081157377+0.0003147241640156784j)	0.31085991859436035	56.24448
591	(1.2959630992535138+0.0003368858704999589j)	0.30896687507629395	56.33981
592	(1.2958968138726767+0.0003032306615757818j)	0.3050239086151123	56.43514
593	(1.2960541213130334+0.00032708645095214095j)	0.3037419319152832	56.53046
594	(1.2960009162865016+0.00035097031785136235j)	0.30406904220581055	56.62579
595	(1.2959145852056628+0.00031076002483165777j)	0.3029019832611084	56.72112
596	(1.2958946861270366+0.0002806591270750891j)	0.3052351474761963	56.81645
597	(1.295962386232508+0.00024575478217586655j)	0.30594611167907715	56.91178
598	(1.295971897087753+0.0003503286012150886j)	0.3044416904449463	57.0071
599	(1.295915165596704+0.0002975894079223773j)	0.3171651363372803	57.10243
600	(1.295918938541353+0.00025152291899624424j)	0.30258798599243164	57.19776
601	(1.295930920704716+0.00022694883809089295j)	0.3087890148162842	57.29309
602	(1.295945375702577+0.0003515890833011015j)	0.302321195602417	57.38841
603	(1.2959123566895385+0.000278861576315681j)	0.3028581142425537	57.48374
604	(1.2959409686790508+0.00018912415743460587j)	0.3072388172149658	57.57907
605	(1.2959796206535836+0.00027407184574268495j)	0.311107873916626	57.6744
606	(1.2959463609299227+0.00032253192467568415j)	0.33235883712768555	57.76973
607	(1.2959293876903897+0.00025645749813862917j)	0.3275611400604248	57.86505
608	(1.2956677471482116-7.435259067389843e-05j)	0.28392672538757324	57.96038
609	(1.2959714446784778+0.00030144133016951624j)	0.30905699729919434	58.05571
610	(1.2959078730912286+0.0002957230301703362j)	0.3863539695739746	58.15104
611	(1.2958622091522138+0.00029821069984559134j)	0.32726001739501953	58.24637
612	(1.29599004034277+0.00026697324079799634j)	0.41126132011413574	58.34169
613	(1.2959596526626171+0.00032317469508863494j)	0.46576404571533203	58.43702
614	(1.2958873590729192+0.00031861841073146935j)	0.3333120346069336	58.53235
615	(1.2958621066406442+0.0002725250391638276j)	0.3282146453857422	58.62768
616	(1.295891552010588+0.0002522879897647323j)	0.3253049850463867	58.72301
617	(1.2959315802140288+0.00033544310378821884j)	0.3174018859863281	58.81833
618	(1.2959344610950232+0.00026427198930928375j)	0.3176913261413574	58.91366
619	(1.2958782850727655+0.0002456982234566585j)	0.31261181831359863	59.00899
620	(1.295931049464536+0.00026188392148873696j)	0.30626368522644043	59.10432
621	(1.2959302933573473+0.00032257096350074566j)	0.31030821800231934	59.19965
622	(1.295882989969078+0.0002519138495673534j)	0.3109419345855713	59.29497
623	(1.2959193334255863+0.0002363383324900381j)	0.3101780414581299	59.3903
624	(1.2959408528468512+0.00028636733986775464j)	0.3085598945617676	59.48563
625	(1.2958938599198722+0.0003249522098364155j)	0.3121299743652344	59.58096
626	(1.2958256260860166+0.0003254927243211414j)	0.3073160648345947	59.67629
627	(1.2959583322514165+0.00022448729943980172j)	0.3119940757751465	59.77161
628	(1.2959404372735435+0.0003193565930334208j)	0.31518101692199707	59.86694
629	(1.2958835579898265+0.00036027295460783204j)	0.30565786361694336	59.96227
630	(1.2958045697415985+0.0003110447235383368j)	0.30989623069763184	60.0576
631	(1.2959353055839224+0.0003047383876477183j)	0.3069181442260742	60.15292
632	(1.2959095142677244+0.00035516586794920313j)	0.3286588191986084	60.24825
633	(1.2958507497013199+0.000321787450654365j)	0.32281994819641113	60.34358
634	(1.2958672124233486+0.00028782976856855935j)	0.3084259033203125	60.43891
635	(1.2959078605092926+0.0002829161231567845j)	0.323728084564209	60.53424
636	(1.295879123913055+0.0003278789039976582j)	0.326373815536499	60.62956
637	(1.2958428180043402+0.00028489222731764574j)	0.31908488273620605	60.72489
638	(1.2958781106689208+0.0002544954811243283j)	0.30811190605163574	60.82022
639	(1.295920672310903+0.0002977631763226851j)	0.30539679527282715	60.91555
640	(1.295924960243262+0.0003688022707027949j)	0.3086209297180176	61.01088
641	(1.2958499916768422+0.00026682297199137617j)	0.3088507652282715	61.1062
642	(1.2959149641764316+0.0002599574800754567j)	0.3107929229736328	61.20153
643	(1.2959326645355167+0.00032139198883071596j)	0.3096499443054199	61.29686
644	(1.2959038789814106+0.0003654398676326831j)	0.3112959861755371	61.39219
645	(1.2958432139197298+0.00035777465797788566j)	0.3089778423309326	61.48752
646	(1.2959167593913363+0.0003298726827345444j)	0.313370943069458	61.58284
647	(1.2958934657334449+0.000364061763756085j)	0.3070709705352783	61.67817
648	(1.2958622511291795+0.00036776337004984505j)	0.30823230743408203	61.7735
649	(1.29584816452037+0.0003321677648769894j)	0.30846095085144043	61.86883
650	(1.2958955661856089+0.000301614239089254j)	0.30789995193481445	61.96416
651	(1.2958979736921+0.00036294979221918044j)	0.3150646686553955	62.05948
652	(1.2958426087402066+0.0003444546048507746j)	0.3089120388031006	62.15481
653	(1.2958691675495058+0.000303435311325817j)	0.31365013122558594	62.25014
654	(1.2959291476697943+0.00030696276592023786j)	0.31758594512939453	62.34547
655	(1.2959501135388556+0.0003689612946276566j)	0.33093810081481934	62.4408
656	(1.295853023733238+0.0003046579372992242j)	0.33014512062072754	62.53612
657	(1.2958993617873524+0.00027321404788388515j)	0.3252449035644531	62.63145
658	(1.295939568940535+0.00032650101328016157j)	0.3123209476470947	62.72678
659	(1.2959351205844276+0.0003859808843905653j)	0.3197598457336426	62.82211
660	(1.2958607290155146+0.0003092701550513888j)	0.31488823890686035	62.91743
661	(1.295935052391448+0.00025756266783094617j)	0.31607794761657715	63.01276
662	(1.295987653818044+0.00024322231332241095j)	0.32686519622802734	63.10809
663	(1.2958857371104657+0.0003758396325743152j)	0.31206607818603516	63.20342
664	(1.295883890725388+0.000354046353451154j)	0.3089878559112549	63.29875
665	(1.2959486905702613+0.00030090283868466905j)	0.3174917697906494	63.39407
666	(1.2959235035988907+0.00037623483903503896j)	0.33747410774230957	63.4894
667	(1.2958850470513008+0.00037524884404838144j)	0.3124260902404785	63.58473
668	(1.2958921121366327+0.00033691613109665397j)	0.3052389621734619	63.68006
669	(1.2960764046271236+0.0005526349604183523j)	0.3037838935852051	63.77539
670	(1.29595597459365+0.00035418917778790027j)	0.30405402183532715	63.87071
671	(1.2958641952640682+0.0003553804924892878j)	0.30409884452819824	63.96604
672	(1.295907487218901+0.0003035014446444162j)	0.3100259304046631	64.06137
673	(1.29597154541958+0.000310973134000872j)	0.3102271556854248	64.1567
674	(1.2959767513132647+0.00036467357161330816j)	0.3050088882446289	64.25203
675	(1.295877177715832+0.00031701607377326857j)	0.30748677253723145	64.34735
676	(1.295941560530016+0.0002985958377267339j)	0.3097259998321533	64.44268
677	(1.2959397360098512+0.00032221038930629886j)	0.3147251605987549	64.53801
678	(1.2959772849200313+0.00037496805767589514j)	0.30624818801879883	64.63334
679	(1.2959283032507403+0.00035314560511578996j)	0.3088250160217285	64.72867
680	(1.2959049410326222+0.00031739804285579876j)	0.30748605728149414	64.82399
681	(1.2958749209229394+0.0001950435988929966j)	0.3013770580291748	64.91932
682	(1.2959469636212113+0.0003732903854243297j)	0.3039848804473877	65.01465
683	(1.2959246093133183+0.000340902986487146j)	0.3071322441101074	65.10998
684	(1.29596470765767+0.00026734247615189943j)	0.30523228645324707	65.20531
685	(1.2959487072055924+0.00037797040409692784j)	0.31588196754455566	65.30063
686	(1.295971149609175+0.0003535387331388695j)	0.3629131317138672	65.39596
687	(1.295925155434987+0.00030398804757517106j)	0.32273316383361816	65.49129
688	(1.2959847513661995+0.00031005240457662037j)	0.3128187656402588	65.58662
689	(1.2959224233288358+0.00044127961292945994j)	0.319843053817749	65.68194
690	(1.295899420819678+0.00036760546398112437j)	0.3090827465057373	65.77727
691	(1.2959522764337068+0.000282421848743164j)	0.30549120903015137	65.8726
692	(1.2960102559782123+0.00028068626039912115j)	0.30721426010131836	65.96793
693	(1.295995259180991+0.00032397866724065416j)	0.30481886863708496	66.06326
694	(1.2959163638572206+0.0003272218268812743j)	0.3051438331604004	66.15858
695	(1.2959956896410922+0.00027226005859737334j)	0.3038818836212158	66.25391
696	(1.296015203259845+0.0003194482652185693j)	0.3043041229248047	66.34924
697	(1.2959896725668603+0.000354998355636571j)	0.30749011039733887	66.44457
698	(1.2959230165504891+0.00032796879091745446j)	0.3066530227661133	66.5399
699	(1.2959931724914642+0.000291657395291689j)	0.3105020523071289	66.63522
700	(1.2960228442166013+0.0003279559961418266j)	0.3038179874420166	66.73055
701	(1.2959523157038333+0.0003451478023691612j)	0.3092019557952881	66.82588
702	(1.2959384776961822+0.0002671065923928462j)	0.31477928161621094	66.92121
703	(1.295936395908703+0.00022343979703624405j)	0.305499792098999	67.01654
704	(1.295982446676341+0.0003659541128264443j)	0.304736852645874	67.11186
705	(1.2959332197127993+0.00031643700527483887j)	0.3147900104522705	67.20719
706	(1.2959592406018932+0.00021430854890530648j)	0.6164159774780273	67.30252
707	(1.2959505344350344+0.0002495154453725501j)	0.640631914138794	67.39785
708	(1.2960030901063093+0.0002680541383969226j)	0.4316067695617676	67.49318
709	(1.2959492019175691+0.0002915959630571674j)	0.39121198654174805	67.5885
710	(1.2959813257700523+0.00025184927529930956j)	0.5974998474121094	67.68383
711	(1.2960249310230085+0.00022240080369861914j)	0.3392019271850586	67.77916
712	(1.2959746341303429+0.00029739261047423415j)	0.28905701637268066	67.87449
713	(1.2959308005359558+0.0002844477877462781j)	0.3026878833770752	67.96982
714	(1.2960074460507118+0.00025648987957826996j)	0.30879926681518555	68.06514
715	(1.295992047096286+0.0002725310274637738j)	0.2876160144805908	68.16047
716	(1.2959963769812017+0.0003089580225831279j)	0.2846410274505615	68.2558
717	(1.295916516791951+0.0002569048084019171j)	0.28606581687927246	68.35113
718	(1.296032195485076+0.0002704759446941138j)	0.2880728244781494	68.44645
719	(1.2960160655753155+0.00029207038014414377j)	0.28375720977783203	68.54178
720	(1.2959571451129686+0.00029141874061922035j)	0.2901918888092041	68.63711
721	(1.2959203306169407+0.00022410718862264645j)	0.28622007369995117	68.73244
722	(1.2959540666012106+0.00015651741220912285j)	0.289808988571167	68.82777
723	(1.2959651953939013+0.00028029158228892737j)	0.3893089294433594	68.92309
724	(1.2959203906048469+0.000268644595292411j)	0.36265110969543457	69.01842
725	(1.2959592539991123+0.00022643738583905115j)	0.3131132125854492	69.11375
726	(1.295971288490019+0.00018812427937364706j)	0.2978818416595459	69.20908
727	(1.2959924372233487+0.0002550575426785162j)	0.3127400875091553	69.30441
728	(1.2959416409891626+0.00021329348818954763j)	0.29347991943359375	69.39973
729	(1.2960078696165456+0.00018991821551977983j)	0.4791741371154785	69.49506
730	(1.2959927946613004+0.00022235152206040443j)	0.4648308753967285	69.59039
731	(1.295922289064813+0.00028389807264195266j)	0.4907410144805908	69.68572
732	(1.2959233377630064+0.00024918299925965476j)	0.3424508571624756	69.78105
733	(1.2959854181176724+0.00022897494558403453j)	0.34090709686279297	69.87637
734	(1.2959889181856605+0.0002512716841664431j)	0.36487913131713867	69.9717
735	(1.2959155168636196+0.0002808880748310649j)	0.32332277297973633	70.06703
736	(1.295911166390614+0.00022574386197060647j)	0.32985901832580566	70.16236
737	(1.2958958514046615+0.0002163166298386754j)	0.3211231231689453	70.25769
738	(1.2959614170189349+0.0002740462436324753j)	0.32491087913513184	70.35301
739	(1.295929625925566+0.0002465592484566237j)	0.43627476692199707	70.44834
740	(1.2959552085147248+0.0002746438553689057j)	0.35561299324035645	70.54367
741	(1.295974742923962+0.00015478274694791239j)	0.2993168830871582	70.639
742	(1.2959316813159516+0.0002475181723119446j)	0.3490619659423828	70.73433
743	(1.295894995918139+0.0002303595069863551j)	0.3556101322174072	70.82965
744	(1.2959122057784773+0.00018868709931629812j)	0.3573157787322998	70.92498
745	(1.2959275918206403+0.00021513560975949808j)	0.4061429500579834	71.02031
746	(1.2959300407728336+0.0002811512422461748j)	0.40877294540405273	71.11564
747	(1.2959299493864875+0.00017942800164445468j)	0.4431619644165039	71.21096
748	(1.2959506257979745+0.00019015411084902234j)	0.3768479824066162	71.30629
749	(1.2959561501079733+0.00023942233204993224j)	0.3997201919555664	71.40162
750	(1.2959114013150292+0.0002904069092115602j)	0.31272292137145996	71.49695
751	(1.2958513824809872+0.00026665196922370793j)	0.3914988040924072	71.59228
752	(1.29596558006537+0.00020485477122811346j)	0.42653584480285645	71.6876
753	(1.29572639721714+0.00023961821511486736j)	0.37647008895874023	71.78293
754	(1.2958903318564645+0.00027342238432526145j)	0.30383896827697754	71.87826
755	(1.295858431568881+0.0002258920500007866j)	0.29518795013427734	71.97359
756	(1.2958860007627764+0.000236006152435575j)	0.30205678939819336	72.06892
757	(1.2958701045859295+0.0003262136611621447j)	0.3322019577026367	72.16424
758	(1.2963400566687726+8.463331883173941e-05j)	0.29777002334594727	72.25957
759	(1.295888470737817+0.00022370563208401473j)	0.3132171630859375	72.3549
760	(1.2959045409238072+0.00020717056089300523j)	0.30764317512512207	72.45023
761	(1.2959456328249088+0.0003338410339649156j)	0.300429105758667	72.54556
762	(1.295900393666455+0.00021675306515798326j)	0.3031809329986572	72.64088
763	(1.2959083306847141+0.000157504860050367j)	0.29744482040405273	72.73621
764	(1.2959230888300597+0.0002425202928129644j)	0.30418825149536133	72.83154
765	(1.2959206899011162+0.00030854588014816997j)	0.3076341152191162	72.92687
766	(1.2958781222896034+0.0003007260427747571j)	0.29990696907043457	73.0222
767	(1.2958904017585395+0.00020973126872037007j)	0.30066585540771484	73.11752
768	(1.2959112575731362+0.0002752519602468029j)	0.3023660182952881	73.21285
769	(1.2959010403860138+0.00029800050575912174j)	0.29619574546813965	73.30818
770	(1.2958615282184884+0.00029116959724417857j)	0.3001132011413574	73.40351
771	(1.2958380804260012+0.0002392831970048359j)	0.3028531074523926	73.49884
772	(1.2958954344891882+0.00020927608963128286j)	0.3005979061126709	73.59416
773	(1.295845255142779+0.0002933862858393588j)	0.2978498935699463	73.68949
774	(1.295874311227816+0.00028779306482384914j)	0.30534791946411133	73.78482
775	(1.2958982323615733+0.0002386295326863297j)	0.2985107898712158	73.88015
776	(1.2959130783846606+0.0003091429873001983j)	0.3042302131652832	73.97547
777	(1.2958354648881913+0.0002605640557077349j)	0.30107593536376953	74.0708
778	(1.295856684469787+0.00027788571404113727j)	0.3004899024963379	74.16613
779	(1.2959065259567921+0.000261121546075771j)	0.3206181526184082	74.26146
780	(1.295954194027363+0.00030396845994729027j)	0.3015410900115967	74.35679
781	(1.295791201991721+0.0002904102617297122j)	0.3048110008239746	74.45211
782	(1.2959004852372433+0.0002583284974585487j)	0.30388569831848145	74.54744
783	(1.2959092361576818+0.0002082280129469538j)	0.2973191738128662	74.64277
784	(1.2959171648446024+0.00028411890251844873j)	0.32060694694519043	74.7381
785	(1.2958599450213855+0.000295637877426258j)	0.3104116916656494	74.83343
786	(1.2959552322147725+0.00022793075059479584j)	0.29943203926086426	74.92875
787	(1.2959373112406383+0.00029029777669720147j)	0.3019542694091797	75.02408
788	(1.2958890784024433+0.00033743545348652315j)	0.29860973358154297	75.11941
789	(1.2958754465567095+0.0002946631639133557j)	0.2983229160308838	75.21474
790	(1.29585226568191+0.0002739869584685306j)	0.31162214279174805	75.31007
791	(1.295715425762683+0.00029793853483284574j)	0.2911508083343506	75.40539
792	(1.295873143658961+0.00030656145660407086j)	0.30577683448791504	75.50072
793	(1.2958709008008023+0.00027339530800374323j)	0.29836392402648926	75.59605
794	(1.2959559527553386+0.00023758103674004216j)	0.3154287338256836	75.69138
795	(1.2959675790991558+0.00029221373181120835j)	0.42781519889831543	75.78671
796	(1.2956886289364986+0.0001857986154387703j)	0.3811938762664795	75.88203
797	(1.2958786437503433+0.0002252583899138294j)	0.6110618114471436	75.97736
798	(1.295947289256219+0.0002773856244191464j)	0.4255499839782715	76.07269
799	(1.2959059729853193+0.00033926110107462826j)	0.37992405891418457	76.16802
