	res_adaptive	time_adaptive	w
0	(1.0612924334203409-0.014298066453424357j)	0.428325891494751	0.001
1	(1.2662379905789567-0.3366377391443232j)	0.5221576690673828	0.09633
2	(1.3497761240401047-0.5128606893559684j)	0.4119558334350586	0.19166
3	(1.3990402200803846-0.6672894353906045j)	0.4417707920074463	0.28698
4	(1.422161695245432-0.803700175363824j)	0.32120203971862793	0.38231
5	(1.4265197527022466-0.9341091417452505j)	0.32828783988952637	0.47764
6	(1.4146170910405855-1.055053252535722j)	0.3259758949279785	0.57297
7	(1.3852850984481144-1.1655000889884903j)	0.30499911308288574	0.6683
8	(1.3450395995669728-1.2694893241577208j)	0.3751389980316162	0.76362
9	(1.2920926790911405-1.3629333685867195j)	0.30785417556762695	0.85895
10	(1.2280981176406194-1.4505522204573562j)	0.3504798412322998	0.95428
11	(1.154136633871004-1.5274184848262486j)	0.35105419158935547	1.04961
12	(1.0700455782740352-1.5936679840526313j)	0.3269779682159424	1.14494
13	(0.9795955891294318-1.6517432330987907j)	0.3226010799407959	1.24026
14	(0.8812511634013339-1.6988981354554227j)	0.3741729259490967	1.33559
15	(0.7763281255134462-1.7374895469925082j)	0.33275508880615234	1.43092
16	(0.6665479950786053-1.7634323216649683j)	0.31890010833740234	1.52625
17	(0.5517355199850683-1.7795425605135793j)	0.33625316619873047	1.62157
18	(0.43542205194378697-1.7840525419564721j)	0.31464385986328125	1.7169
19	(0.31525703565376784-1.7784473754102708j)	0.33245062828063965	1.81223
20	(0.19358545804924499-1.7626741306261102j)	0.3341240882873535	1.90756
21	(0.07227063839883585-1.7342968335960816j)	0.3046987056732178	2.00289
22	(-0.049309918680021325-1.6966666999998865j)	0.35139036178588867	2.09821
23	(-0.1680520242295902-1.6481135079236737j)	0.3740370273590088	2.19354
24	(-0.28628517765318173-1.5899436869921209j)	0.3338761329650879	2.28887
25	(-0.400742808261107-1.52204864739252j)	0.3870429992675781	2.3842
26	(-0.5103205235768488-1.4436574530047301j)	0.35365891456604004	2.47953
27	(-0.6408707678260162-1.3798417959743878j)	0.30402112007141113	2.57485
28	(-0.715097233638641-1.2631442960269315j)	0.3129298686981201	2.67018
29	(-0.8095077716822423-1.1608089095049325j)	0.2993919849395752	2.76551
30	(-0.8956689161701523-1.0513200976218842j)	0.3114011287689209	2.86084
31	(-0.9738342781501451-0.9349260547311871j)	0.36428093910217285	2.95617
32	(-1.0446196460150987-0.8139715874498419j)	0.31226015090942383	3.05149
33	(-1.106513079147769-0.6874416338846856j)	0.3049049377441406	3.14682
34	(-1.16020571442947-0.5567008515136834j)	0.43242597579956055	3.24215
35	(-1.202662549954661-0.423056080168594j)	0.485339879989624	3.33748
36	(-1.236227905806134-0.28649789054706304j)	0.3485910892486572	3.43281
37	(-1.2599949798687713-0.14930427112910594j)	0.33971405029296875	3.52813
38	(-1.2737457600079476-0.01044464019127389j)	0.401839017868042	3.62346
39	(-1.2774866346843485+0.1280374867341415j)	0.34996771812438965	3.71879
40	(-1.2697417804298323+0.26492017818290337j)	0.33051085472106934	3.81412
41	(-1.2527805555652936+0.40018255759812915j)	0.3242530822753906	3.90945
42	(-1.2260892043347547+0.5321690480465255j)	0.3772239685058594	4.00477
43	(-1.1890728295791015+0.661355355812332j)	0.378248929977417	4.1001
44	(-1.1407361417214095+0.7846814281901031j)	0.34072279930114746	4.19543
45	(-1.086782364866519+0.903584249163613j)	0.36426711082458496	4.29076
46	(-1.0225015915432125+1.0167516645220704j)	0.38367509841918945	4.38608
47	(-0.9497798391950674+1.1224898562201953j)	0.35601210594177246	4.48141
48	(-0.8693703160944148+1.2218026608536088j)	0.3489081859588623	4.57674
49	(-0.781657685423323+1.3118794277219026j)	0.33973097801208496	4.67207
50	(-0.6871428396836651+1.3932929113791328j)	0.4481949806213379	4.7674
51	(-0.5876026888510233+1.4659618466201376j)	0.5808560848236084	4.86272
52	(-0.4822523765846541+1.5290810763419294j)	0.551821231842041	4.95805
53	(-0.37255460457968703+1.5826413085180888j)	0.5255920886993408	5.05338
54	(-0.2594115597092016+1.6246267221606583j)	0.34972596168518066	5.14871
55	(-0.14396023624196616+1.6566430092739082j)	0.3642139434814453	5.24404
56	(-0.02596291142730489+1.6778639666410071j)	0.3249540328979492	5.33936
57	(0.0934578889602855+1.6885243204475335j)	0.44594502449035645	5.43469
58	(0.21278931121016065+1.688181806972991j)	0.4261329174041748	5.53002
59	(0.33118573775798393+1.6760107548881908j)	0.36496877670288086	5.62535
60	(0.44841721030655735+1.653998617392335j)	0.31823277473449707	5.72068
61	(0.5628671194519268+1.6210383493342289j)	0.4128577709197998	5.816
62	(0.6752131204648705+1.5779599339418255j)	0.4074423313140869	5.91133
63	(0.7827965150812125+1.5249065280308778j)	0.5000498294830322	6.00666
64	(0.8855699376385988+1.4609826711385923j)	0.376201868057251	6.10199
65	(0.9834023587840287+1.3891618026831445j)	0.3597080707550049	6.19732
66	(1.0745255617839777+1.3079639411747832j)	0.34524083137512207	6.29264
67	(1.1597265540748227+1.218766416085501j)	0.34949493408203125	6.38797
68	(1.236405299038611+1.121856504823791j)	0.3292868137359619	6.4833
69	(1.3053098613024372+1.017960126828457j)	0.29947495460510254	6.57863
70	(1.3663117632486255+0.9085634046245623j)	0.2947661876678467	6.67396
71	(1.4176852889322584+0.7930063937673173j)	0.31662511825561523	6.76928
72	(1.460289801774451+0.6729868194477107j)	0.3155379295349121	6.86461
73	(1.4921866699709423+0.5492341377033302j)	0.3330349922180176	6.95994
74	(1.5148408243812157+0.42244446231365557j)	0.3334782123565674	7.05527
75	(1.5272050995471202+0.2939660725196227j)	0.3387598991394043	7.15059
76	(1.5281949528563132+0.16265485616225278j)	0.3710908889770508	7.24592
77	(1.521602820861793+0.03292947167842153j)	0.36678504943847656	7.34125
78	(1.5025857444000152-0.09685168991906279j)	0.31473398208618164	7.43658
79	(1.4743231701495425-0.2254953485110277j)	0.30907583236694336	7.53191
80	(1.4355406202309546-0.3515049481189835j)	0.3616790771484375	7.62723
81	(1.3872831441178115-0.4752659028439027j)	0.50724196434021	7.72256
82	(1.3291964978904216-0.5942793380984767j)	0.39082813262939453	7.81789
83	(1.2617683035186933-0.7085797339692981j)	0.5577878952026367	7.91322
84	(1.1864902638561627-0.8178300669894724j)	0.41794490814208984	8.00855
85	(1.1023072647311225-0.9204049186370327j)	0.48410773277282715	8.10387
86	(1.010707836129631-1.0167414833886488j)	0.47208714485168457	8.1992
87	(0.9118908378739402-1.1045601661671534j)	0.43620800971984863	8.29453
88	(0.806700101214872-1.1846698444691748j)	0.46605515480041504	8.38986
89	(0.696320848147848-1.2565333443796414j)	0.9877979755401611	8.48519
90	(0.5802662546338582-1.3187541175629471j)	0.467487096786499	8.58051
91	(0.4602778204944744-1.3717944461437248j)	0.3255190849304199	8.67584
92	(0.3369310642426223-1.4141570449221368j)	0.4121270179748535	8.77117
93	(0.2109995551887598-1.4471567568344368j)	0.6906397342681885	8.8665
94	(0.08355406647313512-1.469903963907413j)	0.8030309677124023	8.96183
95	(-0.04522068130242374-1.4817990119390796j)	0.9464466571807861	9.05715
96	(-0.17377754211712193-1.4830036696190079j)	1.1259958744049072	9.15248
97	(-0.30132807190701777-1.473456871456503j)	1.2704169750213623	9.24781
98	(-0.42737538565604916-1.4542883061666327j)	0.7937991619110107	9.34314
99	(-0.5507198154540313-1.424484828735253j)	0.7124888896942139	9.43847
100	(-0.6710749164365688-1.384421484888003j)	0.7083449363708496	9.53379
101	(-0.7865700089340861-1.3344816015786893j)	0.6309659481048584	9.62912
102	(-0.8972690345428513-1.2750873821703865j)	0.6313412189483643	9.72445
103	(-1.0025734672517528-1.2073969117629908j)	0.6254310607910156	9.81978
104	(-1.1010817133796622-1.1304757588494885j)	0.5165202617645264	9.9151
105	(-1.1929326908053097-1.045868131853715j)	0.6605391502380371	10.01043
106	(-1.2762134930747109-0.9537251065709103j)	0.3535120487213135	10.10576
107	(-1.351746869000133-0.8549784639318485j)	0.3508470058441162	10.20109
108	(-1.4186907010757812-0.7505682899427374j)	0.31682801246643066	10.29642
109	(-1.4759919571188629-0.6402131918375243j)	0.33271121978759766	10.39174
110	(-1.52377761267736-0.5256614259466009j)	0.45745420455932617	10.48707
111	(-1.5609899008529031-0.4073793240371758j)	0.33899998664855957	10.5824
112	(-1.5887683461148392-0.286219762997448j)	0.33193492889404297	10.67773
113	(-1.6059965987691844-0.1631273258149938j)	0.31769800186157227	10.77306
114	(-1.6124204576618861-0.03835877332455562j)	0.341519832611084	10.86838
115	(-1.6081384933755887+0.08625149997001744j)	0.35938525199890137	10.96371
116	(-1.593081896965889+0.21038367995843216j)	0.36848998069763184	11.05904
117	(-1.5683401688113177+0.33328242734555613j)	0.3325619697570801	11.15437
118	(-1.5327817367782854+0.45381670540968183j)	0.33063507080078125	11.2497
119	(-1.487156696272363+0.5716031001862267j)	0.5686540603637695	11.34502
120	(-1.431455042731183+0.6851108054803866j)	0.4441537857055664	11.44035
121	(-1.366542208881806+0.7936892241718082j)	0.3905761241912842	11.53568
122	(-1.2933137200365241+0.8973111494989273j)	0.3443162441253662	11.63101
123	(-1.2107899512582492+0.9944903737168153j)	0.3452579975128174	11.72634
124	(-1.1206528736318118+1.085152322488695j)	0.4050447940826416	11.82166
125	(-1.0230228760071947+1.1676309801773161j)	0.33788418769836426	11.91699
126	(-0.9189050778009089+1.2427018050008771j)	0.37932610511779785	12.01232
127	(-0.8090408135760025+1.3092582901239325j)	0.3906421661376953	12.10765
128	(-0.6933048017052716+1.3663279558796124j)	0.3348500728607178	12.20298
129	(-0.5736318767087947+1.4143773954990566j)	0.5181312561035156	12.2983
130	(-0.4501914348628474+1.4520657254285547j)	0.3832240104675293	12.39363
131	(-0.3239843596872233+1.4805111493841356j)	0.3307957649230957	12.48896
132	(-0.19585720639883603+1.498433510167234j)	0.3270382881164551	12.58429
133	(-0.0662427550647422+1.5059196785930504j)	0.31682705879211426	12.67961
134	(0.06308758504545486+1.5027584377384264j)	0.32239270210266113	12.77494
135	(0.19192846225794236+1.4891873530887978j)	0.31201815605163574	12.87027
136	(0.3193724460904538+1.465974503529605j)	0.30661702156066895	12.9656
137	(0.4443597191184858+1.4319919511751036j)	0.323714017868042	13.06093
138	(0.5664086219096005+1.3882612719040286j)	0.3336308002471924	13.15625
139	(0.6837993960825666+1.3346138144340485j)	0.3196570873260498	13.25158
140	(0.7967930280503908+1.2719069358042063j)	0.3204038143157959	13.34691
141	(0.9043189838142589+1.200718673535747j)	0.3254988193511963	13.44224
142	(1.0052821420625044+1.1204455054992004j)	0.3411390781402588	13.53757
143	(1.0995421668411622+1.032782794689471j)	0.30326199531555176	13.63289
144	(1.185580800375621+0.9376624611016834j)	0.3184781074523926	13.72822
145	(1.2641033994101765+0.8361712080213325j)	0.30755186080932617	13.82355
146	(1.3338092587524921+0.7288700744693221j)	0.33116984367370605	13.91888
147	(1.393964957684172+0.6158331096609111j)	0.30374717712402344	14.01421
148	(1.444896462370565+0.49896589631319027j)	0.3088979721069336	14.10953
149	(1.485471049916545+0.37831133085333224j)	0.38761091232299805	14.20486
150	(1.5165864639340054+0.2549403900723287j)	0.5492851734161377	14.30019
151	(1.5368885422645095+0.12960845936800813j)	0.5354840755462646	14.39552
152	(1.546400518839444+0.0028867806306541732j)	0.3543541431427002	14.49085
153	(1.5457334192186734-0.12351507332994038j)	0.33527684211730957	14.58617
154	(1.5343065700291367-0.24952037677997696j)	0.33058905601501465	14.6815
155	(1.5129430523712888-0.37408017946590183j)	0.31213903427124023	14.77683
156	(1.4805978423321247-0.49621501164198184j)	0.34005117416381836	14.87216
157	(1.4381819511743048-0.6152804035416546j)	0.30611515045166016	14.96749
158	(1.386275738854259-0.729922178921113j)	0.31802892684936523	15.06281
159	(1.324929510744067-0.8401817254382301j)	0.3095839023590088	15.15814
160	(1.2547947605094396-0.9448954815809316j)	0.3632490634918213	15.25347
161	(1.1754664041057337-1.0431172771998973j)	0.34171104431152344	15.3488
162	(1.0886905381338658-1.1346214135497212j)	0.3124542236328125	15.44412
163	(0.9942802325406583-1.2180711853073722j)	0.30783581733703613	15.53945
164	(0.8933779269681756-1.2940428563703574j)	0.3212418556213379	15.63478
165	(0.7864122992765707-1.3611113068426433j)	0.32396697998046875	15.73011
166	(0.673674832138234-1.4187788004743598j)	0.3903059959411621	15.82544
167	(0.5569923154638654-1.4672085759772837j)	0.41307997703552246	15.92076
168	(0.43634477945228184-1.5054975083961928j)	0.33824896812438965	16.01609
169	(0.31286658436482556-1.5342849371707605j)	0.31911802291870117	16.11142
170	(0.18725301608748127-1.5522202125793698j)	0.37085390090942383	16.20675
171	(0.060227643656752206-1.5595841067292449j)	0.3150961399078369	16.30208
172	(-0.06662630439237063-1.5567229898610062j)	0.3191840648651123	16.3974
173	(-0.19325865845937534-1.5433181480970914j)	0.31539463996887207	16.49273
174	(-0.31849656075960003-1.5198799715637787j)	0.34595727920532227	16.58806
175	(-0.44143430561915525-1.4855124137096483j)	0.31162595748901367	16.68339
176	(-0.5613502810364533-1.4413075939306006j)	0.31162309646606445	16.77872
177	(-0.6777162089626411-1.3873520627128364j)	0.3034989833831787	16.87404
178	(-0.788373989347207-1.3244859911563502j)	0.31836795806884766	16.96937
179	(-0.894199093348599-1.2525671186532732j)	0.3166060447692871	17.0647
180	(-0.9936567920461684-1.1715922257533657j)	0.3198270797729492	17.16003
181	(-1.0863778933154165-1.0831776022111077j)	0.3428947925567627	17.25536
182	(-1.1713165460383175-0.9873761260897471j)	0.3182830810546875	17.35068
183	(-1.2487589144356435-0.8850450355988764j)	0.31005406379699707	17.44601
184	(-1.317244501010862-0.7766146750319987j)	0.3187239170074463	17.54134
185	(-1.3764859386229098-0.6625869477182251j)	0.31418585777282715	17.63667
186	(-1.4265617956572438-0.5446730392634406j)	0.31940603256225586	17.732
187	(-1.466485441420597-0.4227838975244995j)	0.31139111518859863	17.82732
188	(-1.496918303876694-0.2981479889222344j)	0.3121190071105957	17.92265
189	(-1.5164701713541402-0.17139436657505053j)	0.3292841911315918	18.01798
190	(-1.5256242706773493-0.043379753817063604j)	0.3918752670288086	18.11331
191	(-1.5244556642825517+0.08446545091288638j)	0.32919788360595703	18.20863
192	(-1.512892557939076+0.2120781175798092j)	0.317852258682251	18.30396
193	(-1.4911397593158913+0.33818941624965215j)	0.35755300521850586	18.39929
194	(-1.458489088712537+0.4619700429598669j)	0.3392219543457031	18.49462
195	(-1.4161395141002062+0.5826331349090804j)	0.3305978775024414	18.58995
196	(-1.3640629511784366+0.6990223516843348j)	0.40051817893981934	18.68527
197	(-1.3028041085239788+0.8111415680027256j)	0.3828580379486084	18.7806
198	(-1.2325138532948308+0.9175544547577872j)	0.393604040145874	18.87593
199	(-1.1532480453927676+1.0176063181578145j)	0.3205568790435791	18.97126
200	(-1.0665929878649987+1.11086285526029j)	0.3565189838409424	19.06659
201	(-0.9723819823041734+1.1963311798099734j)	0.3542478084564209	19.16191
202	(-0.8716633640136435+1.2742272057553063j)	0.32921481132507324	19.25724
203	(-0.7647332196472709+1.3430383687778598j)	0.34854578971862793	19.35257
204	(-0.6522694575884236+1.4023172113948j)	0.34458422660827637	19.4479
205	(-0.5358986160551718+1.4530412395167376j)	0.34937596321105957	19.54323
206	(-0.41540023388886715+1.4932838047636414j)	0.3232390880584717	19.63855
207	(-0.29214759357974984+1.52388357912487j)	0.5676660537719727	19.73388
208	(-0.16670146275577613+1.5435389564288893j)	0.5746219158172607	19.82921
209	(-0.040029956774446096+1.5528872659296336j)	0.303494930267334	19.92454
210	(0.0865641691934006+1.552014367376179j)	0.3097531795501709	20.01987
211	(0.21307694146829514+1.5402887901289248j)	0.30106592178344727	20.11519
212	(0.33805760879226454+1.5184323460353868j)	0.4358348846435547	20.21052
213	(0.46078593889682384+1.4856987658257848j)	0.5428478717803955	20.30585
214	(0.5804180773676633+1.4433294137227242j)	0.40343499183654785	20.40118
215	(0.6959449977794099+1.3913499708714756j)	0.5230603218078613	20.49651
216	(0.8071709458642125+1.3296235537052616j)	0.48417091369628906	20.59183
217	(0.9127156332521803+1.2589983983695265j)	0.5084438323974609	20.68716
218	(1.0120179642539713+1.1794756327554081j)	0.44884777069091797	20.78249
219	(1.1045688073130622+1.092554561808484j)	0.7503600120544434	20.87782
220	(1.1898487325221505+0.9980705975978118j)	0.6284968852996826	20.97314
221	(1.2667289846572518+0.8967742113227077j)	0.35860681533813477	21.06847
222	(1.3349421822145424+0.7893211607784533j)	0.3812239170074463	21.1638
223	(1.3941329177946449+0.6764340630223011j)	0.7183079719543457	21.25913
224	(1.4440803023793198+0.5595202700805388j)	0.5558021068572998	21.35446
225	(1.483987329806736+0.43839329750821904j)	0.3582782745361328	21.44978
226	(1.5141898280102213+0.3145094460011033j)	0.333967924118042	21.54511
227	(1.5335148303572819+0.18838205092319604j)	0.3005199432373047	21.64044
228	(1.5426925971747465+0.06107268380014075j)	0.3179340362548828	21.73577
229	(1.5415933588691235-0.06627539851012204j)	0.39406800270080566	21.8311
230	(1.5297415589978587-0.19358277897620121j)	0.3453347682952881	21.92642
231	(1.5076624548091289-0.3193378642929836j)	0.317842960357666	22.02175
232	(1.4748361562824768-0.44289009779693594j)	0.3015601634979248	22.11708
233	(1.4324774940480542-0.5633414643620281j)	0.2976109981536865	22.21241
234	(1.3803945337321362-0.6797804497771371j)	0.31290102005004883	22.30774
235	(1.3186904958549117-0.7919134850649051j)	0.3102540969848633	22.40306
236	(1.2479909682080823-0.8983247547394216j)	0.5150158405303955	22.49839
237	(1.1685476455441492-0.9985739896977647j)	0.6757898330688477	22.59372
238	(1.081719148661946-1.0920672815981585j)	0.6288471221923828	22.68905
239	(0.9872695861467868-1.1780144091518843j)	0.8098900318145752	22.78438
240	(0.886020165440804-1.256165472922119j)	0.7755532264709473	22.8797
241	(0.7786050275842296-1.325300358843958j)	0.5511269569396973	22.97503
242	(0.6658804231203328-1.3855154078937346j)	0.347714900970459	23.07036
243	(0.5490640635102864-1.4364350580186138j)	0.32725095748901367	23.16569
244	(0.42803733803513305-1.477377232509126j)	0.3244929313659668	23.26102
245	(0.30422274004549643-1.5084566122140552j)	0.37439990043640137	23.35634
246	(0.1781924854013473-1.5287215472108682j)	0.30419301986694336	23.45167
247	(0.0510452501609881-1.5389202474655732j)	0.3018040657043457	23.547
248	(-0.07623509191598687-1.5387225677224787j)	0.31528806686401367	23.64233
249	(-0.2034569927234613-1.5278293617297045j)	0.30748891830444336	23.73765
250	(-0.32909175438942284-1.5065577488764585j)	0.3405880928039551	23.83298
251	(-0.4525483173546051-1.4746363247420455j)	0.3835599422454834	23.92831
252	(-0.5728856423127522-1.4331931470778803j)	0.29290103912353516	24.02364
253	(-0.6892822712505696-1.3818635647704212j)	0.2917497158050537	24.11897
254	(-0.8013325769240962-1.3209911070737754j)	0.309553861618042	24.21429
255	(-0.90762640841294-1.2509835959356606j)	0.3342459201812744	24.30962
256	(-1.0078258426433135-1.1723349120252986j)	0.3652472496032715	24.40495
257	(-1.1012520492638729-1.0862243466023442j)	0.34940314292907715	24.50028
258	(-1.1871604581438813-0.9923409401743736j)	0.3102529048919678	24.59561
259	(-1.2652345646780452-0.8917461454718267j)	0.3813610076904297	24.69093
260	(-1.3342821528964133-0.7848736165816749j)	0.41983604431152344	24.78626
261	(-1.3944988005309675-0.6727531650751668j)	0.8313331604003906	24.88159
262	(-1.4453606149953604-0.5564035535874103j)	0.8388569355010986	24.97692
263	(-1.4862507134627398-0.43574979982191897j)	0.5381193161010742	25.07225
264	(-1.5172508202323858-0.3123789513256886j)	0.5693423748016357	25.16757
265	(-1.5374701081087985-0.18670111759701324j)	0.36159777641296387	25.2629
266	(-1.5476839357932717-0.05991048908638219j)	0.43005800247192383	25.35823
267	(-1.547390553881983+0.06715704366344133j)	0.4551208019256592	25.45356
268	(-1.5363132817281713+0.19423838530327675j)	0.4845588207244873	25.54889
269	(-1.5150563541881994+0.3196085639022861j)	0.38515615463256836	25.64421
270	(-1.483111262977913+0.4429383753560819j)	0.4033527374267578	25.73954
271	(-1.441634885079269+0.5631758693686741j)	0.3945889472961426	25.83487
272	(-1.390141587473907+0.6795772971660132j)	0.6291651725769043	25.9302
273	(-1.3289669066495362+0.7916054261192267j)	0.3902778625488281	26.02553
274	(-1.2590269380322145+0.8979144728997516j)	0.7025079727172852	26.12085
275	(-1.1803272175334831+0.9982184735032393j)	0.4876689910888672	26.21618
276	(-1.0940795189733745+1.0917597519893123j)	0.555706262588501	26.31151
277	(-0.9999604097080478+1.1778396859066738j)	0.33591222763061523	26.40684
278	(-0.89923049975344+1.2560682561812628j)	0.588242769241333	26.50216
279	(-0.7921525327514298+1.3253147347209322j)	0.6086130142211914	26.59749
280	(-0.6798952168570038+1.3858279017253798j)	0.6078891754150391	26.69282
281	(-0.5632821139256223+1.436944443273402j)	0.3408210277557373	26.78815
282	(-0.44233252339499557+1.4781270841808378j)	0.3281128406524658	26.88348
283	(-0.31873970577666605+1.5094058264944479j)	0.30977296829223633	26.9788
284	(-0.19278747329889262+1.5299845084809252j)	0.3039281368255615	27.07413
285	(-0.06573762348698098+1.5406058515461107j)	0.319350004196167	27.16946
286	(0.0617042173222426+1.5406295713328644j)	0.31033992767333984	27.26479
287	(0.18913005885045742+1.5299278683348712j)	0.38566088676452637	27.36012
288	(0.31481668778427896+1.5090178471139033j)	0.6661951541900635	27.45544
289	(0.43851739795522826+1.4775270656503847j)	0.33913111686706543	27.55077
290	(0.5591319845752953+1.4364721499097617j)	0.43746113777160645	27.6461
291	(0.6759790957870019+1.3853004545971919j)	0.3437771797180176	27.74143
292	(0.7884391534871762+1.3245210781551526j)	0.31642794609069824	27.83676
293	(0.8951105554984037+1.254957479124855j)	0.5330119132995605	27.93208
294	(0.995882147287888+1.1767172747009966j)	0.44942188262939453	28.02741
295	(1.0898720156478727+1.0908233230615088j)	0.4373128414154053	28.12274
296	(1.1764275113128178+0.9969967596612486j)	0.42259907722473145	28.21807
297	(1.255047446290955+0.8964120757215779j)	0.328261137008667	28.3134
298	(1.3248020519134522+0.7898960251481761j)	0.34261417388916016	28.40872
299	(1.3858770957356794+0.6780218798862757j)	0.3281581401824951	28.50405
300	(1.4374088241544576+0.5616445592049271j)	0.3353409767150879	28.59938
301	(1.479066110965938+0.4409375393807245j)	0.32218003273010254	28.69471
302	(1.5107250022670986+0.3175026810067972j)	0.3440239429473877	28.79004
303	(1.5318647764603888+0.1919235954102488j)	0.313060998916626	28.88536
304	(1.5429902853670057+0.06511135867066015j)	0.36687374114990234	28.98069
305	(1.5434152814716064-0.06220567130376742j)	0.46209096908569336	29.07602
306	(1.5331641839525474-0.18946025404955663j)	0.48531198501586914	29.17135
307	(1.5126448916222783-0.31498381578234796j)	0.3802759647369385	29.26667
308	(1.4816428698608335-0.438574185350229j)	0.4001779556274414	29.362
309	(1.440993449858243-0.55909794569221j)	0.38480210304260254	29.45733
310	(1.390134215180285-0.675921787513256j)	0.35706186294555664	29.55266
311	(1.3297526802190132-0.78830587905963j)	0.3382871150970459	29.64799
312	(1.2604906286376993-0.8949483934219624j)	0.34284281730651855	29.74331
313	(1.182640450581821-0.9957531598541641j)	0.3457059860229492	29.83864
314	(1.0969971955525042-1.0897665006994957j)	0.3861508369445801	29.93397
315	(1.0033790352884269-1.1763814516816005j)	0.39711713790893555	30.0293
316	(0.9030960047354735-1.2550345148514865j)	0.330078125	30.12463
317	(0.7967479343589596-1.324878586148691j)	0.32164978981018066	30.21995
318	(0.6850918412304589-1.386054971739577j)	0.40683794021606445	30.31528
319	(0.5687984141781907-1.4377127697552428j)	0.46247196197509766	30.41061
320	(0.44818781820415543-1.479497769827983j)	0.45656609535217285	30.50594
321	(0.3249069537865211-1.5112849041262444j)	0.4800839424133301	30.60127
322	(0.1993336424748694-1.5325925599575823j)	1.13590407371521	30.69659
323	(0.0725506212055046-1.5438974414000335j)	0.5252680778503418	30.79192
324	(-0.05484825370084623-1.5444283481148875j)	0.519108772277832	30.88725
325	(-0.1821299283396467-1.5343557211692547j)	0.4786949157714844	30.98258
326	(-0.3077071752913694-1.5140274992030518j)	0.46144676208496094	31.07791
327	(-0.43143540052736945-1.4831998883002246j)	0.45165276527404785	31.17323
328	(-0.5521092440165016-1.4426971403502946j)	0.3968348503112793	31.26856
329	(-0.669145466385386-1.391934531994655j)	0.4190800189971924	31.36389
330	(-0.7816920101051681-1.3317485009792978j)	0.42978405952453613	31.45922
331	(-0.8885323769797782-1.262764490528831j)	0.3379368782043457	31.55455
332	(-0.9896597633364019-1.1849426906458882j)	0.30152106285095215	31.64987
333	(-1.083951623907847-1.0993646268408446j)	0.31604504585266113	31.7452
334	(-1.1708820508288227-1.0058166817730656j)	0.33936214447021484	31.84053
335	(-1.2498295050261488-0.9056932924745382j)	0.34151124954223633	31.93586
336	(-1.320037020789005-0.7993849614603183j)	0.33211183547973633	32.03118
337	(-1.3816076487555238-0.6878230772450056j)	0.3326101303100586	32.12651
338	(-1.4336122155419366-0.5714970604676144j)	0.32492589950561523	32.22184
339	(-1.475970053112001-0.45142597303481136j)	0.30692195892333984	32.31717
340	(-1.5079692107600582-0.3276940061395707j)	0.31850481033325195	32.4125
341	(-1.5297139366898578-0.20206087243482124j)	0.32116103172302246	32.50782
342	(-1.5414396504384282-0.07523844001953273j)	0.3153538703918457	32.60315
343	(-1.5423345866393658+0.052283021705630706j)	0.3429560661315918	32.69848
344	(-1.5327016272733656+0.17961255010968183j)	0.40711212158203125	32.79381
345	(-1.512793564402809+0.3052630307664785j)	0.5819990634918213	32.88914
346	(-1.4824094695926473+0.4291597729486162j)	0.35320401191711426	32.98446
347	(-1.4422776063412521+0.5499918253331326j)	0.3181419372558594	33.07979
348	(-1.3919553355823047+0.6673926565010908j)	0.3119170665740967	33.17512
349	(-1.3321107046384053+0.7799164638033514j)	0.3998856544494629	33.27045
350	(-1.2634912453788012+0.8869694544752215j)	0.4486689567565918	33.36578
351	(-1.18605517864122+0.988357539904314j)	0.43681788444519043	33.4611
352	(-1.1007487530186661+1.0828856712984376j)	0.3664240837097168	33.55643
353	(-1.0075015697861336+1.170079069357071j)	0.30531811714172363	33.65176
354	(-0.9077414223981228+1.2492677920894755j)	0.2994101047515869	33.74709
355	(-0.8018990119679847+1.3197972496284187j)	0.31868696212768555	33.84242
356	(-0.690387453443094+1.381670621824058j)	0.31168580055236816	33.93774
357	(-0.5742154765986401+1.43394438776379j)	0.3784599304199219	34.03307
358	(-0.4538518824459656+1.4764375081117063j)	0.362138032913208	34.1284
359	(-0.3308598823969008+1.5089225313749584j)	0.3085758686065674	34.22373
360	(-0.20550103770339626+1.531074153541959j)	0.30939817428588867	34.31906
361	(-0.07862601286760096+1.543050642328121j)	0.3040027618408203	34.41438
362	(0.04885851264944058+1.5442139323704318j)	0.2986268997192383	34.50971
363	(0.17579568345042884+1.5350595509953593j)	0.30565404891967773	34.60504
364	(0.30168338866709843+1.5153189977269497j)	0.3066117763519287	34.70037
365	(0.4256108236028307+1.4852683490154315j)	0.30602312088012695	34.79569
366	(0.546479888084886+1.4453755605051526j)	0.31488919258117676	34.89102
367	(0.6637884854959809+1.3952021894849518j)	0.29620885848999023	34.98635
368	(0.7765108165099714+1.3357666174391756j)	0.2938520908355713	35.08168
369	(0.8836897302023226+1.2673777315610595j)	0.29987311363220215	35.17701
370	(0.985233007712381+1.190202709977461j)	0.2997410297393799	35.27233
371	(1.0799074577209171+1.1050338999364409j)	0.2965419292449951	35.36766
372	(1.1672790716040586+1.0119784275008084j)	0.2894909381866455	35.46299
373	(1.2466388183380257+0.9124446764719719j)	0.29258012771606445	35.55832
374	(1.317418240630806+0.8066991623555717j)	0.2897000312805176	35.65365
375	(1.3795329593025687+0.6953365269514986j)	0.2936999797821045	35.74897
376	(1.432022739631006+0.5791913854850639j)	0.29221415519714355	35.8443
377	(1.4747853353430131+0.45893593397720667j)	0.3028891086578369	35.93963
378	(1.5075370223187718+0.3360223679304991j)	0.29053783416748047	36.03496
379	(1.5299918004292112+0.2106068330221309j)	0.30364418029785156	36.13029
380	(1.5422460632927755+0.08374856437596956j)	0.2929518222808838	36.22561
381	(1.5436623701908398-0.043816493035091386j)	0.2892441749572754	36.32094
382	(1.5346946380002964-0.17104915279750255j)	0.29192209243774414	36.41627
383	(1.5153819701082196-0.2967502985526935j)	0.29152584075927734	36.5116
384	(1.4856551609233417-0.4208103487876229j)	0.2886369228363037	36.60693
385	(1.445922995238813-0.5419384829743906j)	0.2922859191894531	36.70225
386	(1.3960799344309702-0.6593453691097331j)	0.2893352508544922	36.79758
387	(1.3369660935542091-0.7722199763355362j)	0.2932279109954834	36.89291
388	(1.2688113006204538-0.8796535036037224j)	0.2894883155822754	36.98824
389	(1.1918085630402393-0.9815033554074852j)	0.29416799545288086	37.08357
390	(1.1069007646100495-1.076383180038742j)	0.294903039932251	37.17889
391	(1.0140801769682957-1.1640387861875436j)	0.2901458740234375	37.27422
392	(0.9147905658322517-1.2436787234738835j)	0.2898983955383301	37.36955
393	(0.8091670344182753-1.3148146602020598j)	0.30600690841674805	37.46488
394	(0.6979877951350886-1.377257519767868j)	0.29775309562683105	37.5602
395	(0.5819164955679408-1.4300612354581494j)	0.2901270389556885	37.65553
396	(0.4618233625789208-1.4731889820769983j)	0.28952813148498535	37.75086
397	(0.3390153881473304-1.5062971548027346j)	0.29395198822021484	37.84619
398	(0.21359172635227236-1.529139706663653j)	0.28969812393188477	37.94152
399	(0.08679905981258867-1.5417433970892354j)	0.28910207748413086	38.03684
400	(-0.040782722332273924-1.5435023274459616j)	0.2947709560394287	38.13217
401	(-0.1679702194260003-1.53493797404573j)	0.2918069362640381	38.2275
402	(-0.2937289722170445-1.5159822261847113j)	0.28984498977661133	38.32283
403	(-0.4178893745961603-1.4864932786444456j)	0.2825908660888672	38.41816
404	(-0.5390110712888732-1.4472686668089108j)	0.2934708595275879	38.51348
405	(-0.6566198247272326-1.3976965560164523j)	0.2876119613647461	38.60881
406	(-0.7695897827041456-1.3389574313185608j)	0.2904388904571533	38.70414
407	(-0.8772252431962048-1.2710823492594896j)	0.28707385063171387	38.79947
408	(-0.9792805445537125-1.1943667726723848j)	0.2895517349243164	38.8948
409	(-1.0743308224836081-1.1097085397766078j)	0.2886641025543213	38.99012
410	(-1.1621993788012308-1.0170646329884165j)	0.29136180877685547	39.08545
411	(-1.2420607271822448-0.9181589083347719j)	0.2960200309753418	39.18078
412	(-1.3134890619522328-0.8126901669510369j)	0.2867391109466553	39.27611
413	(-1.3762240779208474-0.7015060249987191j)	0.28955698013305664	39.37144
414	(-1.4292401908481798-0.5857690491142618j)	0.2906310558319092	39.46676
415	(-1.4726688482938548-0.46587315435036525j)	0.28809499740600586	39.56209
416	(-1.5060698253706652-0.3431761155185267j)	0.29143381118774414	39.65742
417	(-1.5292321440343428-0.21777008403402448j)	0.2913367748260498	39.75275
418	(-1.542087467883684-0.09083723129117477j)	0.2905550003051758	39.84808
419	(-1.5441615898979817+0.036514146743193754j)	0.2873249053955078	39.9434
420	(-1.5359377386917665+0.16364658462882253j)	0.29146313667297363	40.03873
421	(-1.5172707565587331+0.28947050480970365j)	0.29700565338134766	40.13406
422	(-1.4881954197039202+0.413756760228256j)	0.28995466232299805	40.22939
423	(-1.449105986166222+0.5349137550111983j)	0.29324793815612793	40.32471
424	(-1.3998301624396012+0.6526302087227553j)	0.29052090644836426	40.42004
425	(-1.3413995276410926+0.7657050512131476j)	0.28931283950805664	40.51537
426	(-1.2737414713127233+0.8735543746965468j)	0.2881338596343994	40.6107
427	(-1.1972630441736807+0.975804747377583j)	0.35741686820983887	40.70603
428	(-1.1127876152803242+1.0710345322118506j)	0.3869016170501709	40.80135
429	(-1.0205150067915876+1.1591347449547875j)	0.37639665603637695	40.89668
430	(-0.921699815921759+1.2392359048464703j)	0.38814878463745117	40.99201
431	(-0.8163357434422112+1.3109716535021532j)	0.3500490188598633	41.08734
432	(-0.705310200225392+1.3739663016175996j)	0.4078090190887451	41.18267
433	(-0.5896571398632731+1.4272593874276878j)	0.2998049259185791	41.27799
434	(-0.46991455030183804+1.4710094487096455j)	0.4350569248199463	41.37332
435	(-0.3472724952129469+1.504730927898203j)	0.42910003662109375	41.46865
436	(-0.2218475035305718+1.5282309395787308j)	0.4133450984954834	41.56398
437	(-0.09497645117964326+1.5413845046958035j)	0.3042871952056885	41.65931
438	(0.03241795032113204+1.5437852778143504j)	0.47833800315856934	41.75463
439	(0.15953806694287298+1.5359265879474864j)	0.33541297912597656	41.84996
440	(0.2854749837009999+1.517572931300534j)	0.4128100872039795	41.94529
441	(0.4098818337591129+1.488822229063402j)	0.41785216331481934	42.04062
442	(0.5312384885289225+1.449976816558343j)	0.31624770164489746	42.13595
443	(0.6489834947165527+1.4010804125595657j)	0.32140278816223145	42.23127
444	(0.7622006766490206+1.3429796048723615j)	0.4080507755279541	42.3266
445	(0.8702937443534464+1.2755663795223193j)	0.2994539737701416	42.42193
446	(0.9725373558597523+1.1993708761707733j)	0.3115208148956299	42.51726
447	(1.0682019831491953+1.1151258393044652j)	0.3032081127166748	42.61259
448	(1.1565424567932272+1.0231350231661624j)	0.31007814407348633	42.70791
449	(1.2369108918630611+0.9245410905516989j)	0.3148188591003418	42.80324
450	(1.308968852034627+0.8193195231041462j)	0.28804612159729004	42.89857
451	(1.3722301353914244+0.7084963856070179j)	0.28779029846191406	42.9939
452	(1.425826397066765+0.592962497923813j)	0.29331302642822266	43.08922
453	(1.4699181977945597+0.4734113294200773j)	0.29417991638183594	43.18455
454	(1.503961812147419+0.3508314170444128j)	0.28908300399780273	43.27988
455	(1.5278088282946998+0.22550210717702363j)	0.2970700263977051	43.37521
456	(1.5412698911096046+0.0986714067411712j)	0.2887728214263916	43.47054
457	(1.5440154252025853-0.028731396567939604j)	0.2952439785003662	43.56586
458	(1.536524288260498-0.15581484658817712j)	0.28759121894836426	43.66119
459	(1.518433742718505-0.28196931902894323j)	0.29343080520629883	43.75652
460	(1.4900645769404504-0.4063187749486731j)	0.2904832363128662	43.85185
461	(1.4515264795535132-0.5276999479986832j)	0.2903871536254883	43.94718
462	(1.4029602913891266-0.6455875120641112j)	0.29222798347473145	44.0425
463	(1.345175659586351-0.7589267618262334j)	0.29070425033569336	44.13783
464	(1.2780101394531764-0.8672347156627986j)	0.2876317501068115	44.23316
465	(1.2020895075844287-0.9698488766977875j)	0.28703999519348145	44.32849
466	(1.1181049304582986-1.0654617440595555j)	0.2890207767486572	44.42382
467	(1.0263732567252255-1.1540602597911278j)	0.2929389476776123	44.51914
468	(0.9279794574679784-1.2346740892901447j)	0.2911350727081299	44.61447
469	(0.8229008154122596-1.3070227992077652j)	0.2937190532684326	44.7098
470	(0.7122801634323097-1.3705179420097675j)	0.2887589931488037	44.80513
471	(0.596999396156983-1.4243546265788365j)	0.2912421226501465	44.90046
472	(0.47748363340949185-1.4688098631795288j)	0.29180002212524414	44.99578
473	(0.35494851784212356-1.5031581314462399j)	0.2929563522338867	45.09111
474	(0.22959337170770777-1.5273280479738995j)	0.2955598831176758	45.18644
475	(0.10291567146799391-1.5410717641093723j)	0.2997431755065918	45.28177
476	(-0.024317639191068108-1.5441405915700273j)	0.29044675827026367	45.3771
477	(-0.15157565091323066-1.5370031332417509j)	0.2959327697753906	45.47242
478	(-0.27770907561175984-1.5192590962738315j)	0.2934000492095947	45.56775
479	(-0.40225435440905005-1.491151974493352j)	0.28948402404785156	45.66308
480	(-0.5236817330992863-1.4529077376458879j)	0.2911820411682129	45.75841
481	(-0.6417243016015945-1.4046650129347324j)	0.28935885429382324	45.85373
482	(-0.7552106990181191-1.347172856104987j)	0.2872500419616699	45.94906
483	(-0.8637444502383295-1.280238114926901j)	0.29025721549987793	46.04439
484	(-0.9665217675773261-1.2045917124275536j)	0.29071688652038574	46.13972
485	(-1.0623255598314294-1.1208516814203153j)	0.28668904304504395	46.23505
486	(-1.1511933478268372-1.029373163443235j)	0.2987990379333496	46.33037
487	(-1.2320739182559688-0.9311542285558728j)	0.28868675231933594	46.4257
488	(-1.3047229630877857-0.8262201228221492j)	0.2920403480529785	46.52103
489	(-1.3684650568778665-0.7157989354244868j)	0.28761982917785645	46.61636
490	(-1.4226091192207273-0.6006492540196086j)	0.28941893577575684	46.71169
491	(-1.4674027494977848-0.48127251812246324j)	0.29334282875061035	46.80701
492	(-1.5020137086458725-0.35872506218067124j)	0.2816150188446045	46.90234
493	(-1.5265758133946776-0.23345841231688325j)	0.29404282569885254	46.99767
494	(-1.5406235788352864-0.10686676152016805j)	0.29339122772216797	47.093
495	(-1.544053427306423+0.020390222492925658j)	0.29063987731933594	47.18833
496	(-1.5373327899064386+0.1477163257490799j)	0.2708761692047119	47.28365
497	(-1.5198330045935364+0.2738871886032854j)	0.2896089553833008	47.37898
498	(-1.4920583597065402+0.39848544398367114j)	0.291126012802124	47.47431
499	(-1.454127137749846+0.5199700717739173j)	0.2909412384033203	47.56964
500	(-1.4062562602265773+0.6380285726140793j)	0.287700891494751	47.66497
501	(-1.3490307462095676+0.7518062120444644j)	0.2902519702911377	47.76029
502	(-1.2823494188798747+0.8605584712852006j)	0.2924520969390869	47.85562
503	(-1.2069976782699712+0.9634874552989642j)	0.2872328758239746	47.95095
504	(-1.1235144213368091+1.0594951939138908j)	0.2892751693725586	48.04628
505	(-1.0323186457883367+1.148576322881741j)	0.29674196243286133	48.14161
506	(-0.9342653407435135+1.2297710420512036j)	0.2900421619415283	48.23693
507	(-0.8295016309288622+1.3027097086815773j)	0.2876160144805908	48.33226
508	(-0.7192962237701901+1.3666930132597368j)	0.2907228469848633	48.42759
509	(-0.6042830074968413+1.4211531239084247j)	0.290621280670166	48.52292
510	(-0.48505937459479403+1.466273788569367j)	0.2896840572357178	48.61824
511	(-0.3625901455273294+1.5012580375471067j)	0.3216078281402588	48.71357
512	(-0.2373565774148061+1.5260873209163346j)	0.3154299259185791	48.8089
513	(-0.11085679521948633+1.5404369355468064j)	0.3204529285430908	48.90423
514	(0.016421251872892895+1.5442292034597986j)	0.37921619415283203	48.99956
515	(0.14366021959653946+1.5377767625324714j)	0.3353097438812256	49.09488
516	(0.2700000045157837+1.5206475763231393j)	0.34865427017211914	49.19021
517	(0.3946276193954031+1.4932006339597415j)	0.3261430263519287	49.28554
518	(0.5161736570324406+1.4555788652499542j)	0.3975658416748047	49.38087
519	(0.6338291405309002+1.408168942059688j)	0.3737332820892334	49.4762
520	(0.7483035239469249+1.351097911459378j)	0.32234621047973633	49.57152
521	(0.8572580576432055+1.2846694984135296j)	0.3476269245147705	49.66685
522	(0.9603252892199661+1.2096090118337648j)	0.3899049758911133	49.76218
523	(1.0565465062817123+1.1263729974097296j)	0.39051198959350586	49.85751
524	(1.1459175925229466+1.0354118364332696j)	0.39789915084838867	49.95284
525	(1.2273338878616464+0.9375473814934804j)	0.3922920227050781	50.04816
526	(1.3005482280925467+0.8329599111774456j)	0.3160839080810547	50.14349
527	(1.3647704088819124+0.7229616409061376j)	0.3358330726623535	50.23882
528	(1.4195576746499377+0.6080714587968885j)	0.4872019290924072	50.33415
529	(1.4650390551595067+0.4888926724398537j)	0.4875490665435791	50.42948
530	(1.5002850321116934+0.36654868550985387j)	0.3323819637298584	50.5248
531	(1.5254335333146771+0.24139813017387082j)	0.3245849609375	50.62013
532	(1.54008850010999+0.11497411555613715j)	0.44147396087646484	50.71546
533	(1.5442460734336632-0.012338808958301445j)	0.31485581398010254	50.81079
534	(1.538156355122061-0.13975046261392265j)	0.3358170986175537	50.90612
535	(1.5212949782300704-0.266009005532054j)	0.33521103858947754	51.00144
536	(1.494176149287894-0.3906630076150921j)	0.33114194869995117	51.09677
537	(1.456865386266512-0.5122930116359852j)	0.3206501007080078	51.1921
538	(1.4096547922261426-0.6307103634831908j)	0.39081907272338867	51.28743
539	(1.3529764456965534-0.7449345395017626j)	0.3934309482574463	51.38276
540	(1.2866958712607655-0.8535045263032854j)	0.3673980236053467	51.47808
541	(1.2120600955474528-0.9570959257778215j)	0.43630003929138184	51.57341
542	(1.1290691810865283-1.0535530317306123j)	0.3906559944152832	51.66874
543	(1.0383436889834-1.1432110737641508j)	0.3678929805755615	51.76407
544	(0.9406641985870291-1.2248588721028653j)	0.370297908782959	51.85939
545	(0.8362698077558481-1.2983474821789778j)	0.38627195358276367	51.95472
546	(0.7264776488623452-1.362819683836749j)	0.5147812366485596	52.05005
547	(0.6117060235664118-1.4179451588601257j)	0.3974120616912842	52.14538
548	(0.49264215376482706-1.4637617959892926j)	0.32752513885498047	52.24071
549	(0.370361397597829-1.4993023361259352j)	0.4390389919281006	52.33603
550	(0.24531024868872053-1.5247740135206074j)	0.45025110244750977	52.43136
551	(0.11895484867408623-1.539746170263316j)	0.31618428230285645	52.52669
552	(-0.008391956199481632-1.544277411715544j)	0.34955716133117676	52.62202
553	(-0.13581012960284167-1.5385114537304587j)	0.37111997604370117	52.71735
554	(-0.26213878039969174-1.5219587493548428j)	0.36891698837280273	52.81267
555	(-0.38680754863848643-1.495177236038952j)	0.29572296142578125	52.908
556	(-0.5085326889148212-1.4581849853132551j)	0.3425571918487549	53.00333
557	(-0.6271237257087829-1.4113068172604366j)	0.3136320114135742	53.09866
558	(-0.7414600313336392-1.3549033383220217j)	0.32016992568969727	53.19399
559	(-0.8506059923926312-1.2890282667364652j)	0.3306879997253418	53.28931
560	(-0.9539573079607294-1.2145615568945438j)	0.4121530055999756	53.38464
561	(-1.0506597128586925-1.1318172979042112j)	0.3174741268157959	53.47997
562	(-1.1405884919163718-1.0413301110968283j)	0.3205869197845459	53.5753
563	(-1.2225884171545736-0.9437882521204244j)	0.32147216796875	53.67063
564	(-1.2962180763760962-0.8396499615965266j)	0.3116769790649414	53.76595
565	(-1.3610377375641418-0.7300016130732059j)	0.2923431396484375	53.86128
566	(-1.41641183808284-0.6154076374082973j)	0.299638032913208	53.95661
567	(-1.4625411707896694-0.49646455498536013j)	0.3060920238494873	54.05194
568	(-1.4984092495438732-0.3742291586344111j)	0.30507326126098633	54.14727
569	(-1.524167829577045-0.24930980289904403j)	0.29935503005981445	54.24259
570	(-1.5394598283596002-0.12301163727266817j)	0.29676294326782227	54.33792
571	(-1.5443595430125134+0.004367406413930186j)	0.30804920196533203	54.43325
572	(-1.53881594164735+0.13200795270745413j)	0.2914259433746338	54.52858
573	(-1.5226641361298487+0.2581797784326883j)	0.307232141494751	54.6239
574	(-1.496216132276842+0.38285849059873067j)	0.30159497261047363	54.71923
575	(-1.4595405213333292+0.5046930426615824j)	0.29831624031066895	54.81456
576	(-1.412987068927013+0.6234497842863332j)	0.303663969039917	54.90989
577	(-1.3568513317611863+0.7378900727510053j)	0.30269694328308105	55.00522
578	(-1.291258974333225+0.847231348393361j)	0.44243502616882324	55.10054
579	(-1.217086159121478+0.9507274174732749j)	0.3808629512786865	55.19587
580	(-1.1346766771290597+1.0477008341359944j)	0.30197715759277344	55.2912
581	(-1.0443279629340856+1.137866806887699j)	0.2892611026763916	55.38653
582	(-0.9469829487927061+1.2200681070963602j)	0.2904050350189209	55.48186
583	(-0.8430473810932846+1.293993854033079j)	0.2970108985900879	55.57718
584	(-0.7336512707956522+1.3589811569960968j)	0.3371729850769043	55.67251
585	(-0.619109952566152+1.4147973100634788j)	0.2918708324432373	55.76784
586	(-0.5002902441283811+1.4612268290739168j)	0.30091214179992676	55.86317
587	(-0.3781489381779311+1.497364282166263j)	0.30306482315063477	55.9585
588	(-0.25331637158106207+1.5234773394565992j)	0.30982279777526855	56.05382
589	(-0.12705888382419914+1.5390965571879662j)	0.30042386054992676	56.14915
590	(0.00035270490729549797+1.5443603983714607j)	0.2960939407348633	56.24448
591	(0.12775714684476447+1.5392068703661619j)	0.29918789863586426	56.33981
592	(0.25412865690682707+1.5232469433185094j)	0.300753116607666	56.43514
593	(0.37891469103779973+1.4971831233729112j)	0.2994990348815918	56.53046
594	(0.5008741077802616+1.4608276761289656j)	0.3025999069213867	56.62579
595	(0.6197868396765771+1.4145979955383121j)	0.30091404914855957	56.72112
596	(0.7343281843240522+1.3587287904969796j)	0.30463314056396484	56.81645
597	(0.8435582783878+1.29346313576674j)	0.3018300533294678	56.91178
598	(0.9475153178696885+1.2195514105357583j)	0.29636096954345703	57.0071
599	(1.0447387333101665+1.137288867392855j)	0.29819393157958984	57.10243
600	(1.1351668332633738+1.0472734567536341j)	0.2987980842590332	57.19776
601	(1.2175649952332044+0.9501266128792496j)	0.2981419563293457	57.29309
602	(1.2917855914667364+0.8464059781133898j)	0.2980470657348633	57.38841
603	(1.357046552837209+0.7371936086643489j)	0.2964620590209961	57.48374
604	(1.4132104903475549+0.6227670930194724j)	0.29504919052124023	57.57907
605	(1.4599277636124215+0.5040781775292781j)	0.29622817039489746	57.6744
606	(1.4963459591356687+0.38203388927796605j)	0.30063700675964355	57.76973
607	(1.5228117849972393+0.2572965976062581j)	0.2975311279296875	57.86505
608	(1.5387655071759627+0.13107105961533183j)	0.3009822368621826	57.96038
609	(1.5443953780244228+0.003638213271739743j)	0.30168914794921875	58.05571
610	(1.5395326577079946-0.12375071362883305j)	0.2968287467956543	58.15104
611	(1.523795838783328-0.25023908489915947j)	0.2978391647338867	58.24637
612	(1.4981826095122934-0.3749862267170073j)	0.29840612411499023	58.34169
613	(1.462149074076697-0.4970786689668355j)	0.3046078681945801	58.43702
614	(1.4162377716005725-0.6161329621712746j)	0.2970621585845947	58.53235
615	(1.360636261813545-0.7307713089245063j)	0.30104589462280273	58.62768
616	(1.29560878798765-0.8403320357437942j)	0.3058159351348877	58.72301
617	(1.2220513727885742-0.9443096398798146j)	0.30274486541748047	58.81833
618	(1.1400286439831424-1.0418009810464863j)	0.29867076873779297	58.91366
619	(1.0502504942045081-1.1324547692360918j)	0.29712581634521484	59.00899
620	(0.9533066211726571-1.2150585644828038j)	0.2991957664489746	59.10432
621	(0.8498168276477112-1.2894237049379038j)	0.30132198333740234	59.19965
622	(0.7407698828924052-1.3551095304495255j)	0.3051567077636719	59.29497
623	(0.6264597405173458-1.411619073517829j)	0.3068380355834961	59.3903
624	(0.5079057054510032-1.4586105359471815j)	0.3004300594329834	59.48563
625	(0.3859581122903343-1.49532113809625j)	0.29855799674987793	59.58096
626	(0.261340054259832-1.5220542246763458j)	0.3024868965148926	59.67629
627	(0.13510559136958078-1.5384382438945305j)	0.2976710796356201	59.77161
628	(0.007665674263821476-1.5444101779391304j)	0.29678797721862793	59.86694
629	(-0.11970201596584645-1.539837878353704j)	0.3306248188018799	59.96227
630	(-0.24613988835255796-1.524497956826279j)	0.3331139087677002	60.0576
631	(-0.37101944977602486-1.4991657793125173j)	0.2950150966644287	60.15292
632	(-0.4932547810285063-1.4634521654343262j)	0.2971508502960205	60.24825
633	(-0.6124338403113216-1.4178467588384112j)	0.2950892448425293	60.34358
634	(-0.7271735623031585-1.3625230940873465j)	0.29542088508605957	60.43891
635	(-0.8369263639290427-1.2978064881388454j)	0.2978339195251465	60.53424
636	(-0.9410752220173739-1.2245417481277467j)	0.29712986946105957	60.62956
637	(-1.038831880659767-1.1427451452937216j)	0.2941281795501709	60.72489
638	(-1.1296991267670933-1.0532061168223823j)	0.29660487174987793	60.82022
639	(-1.2125180214984572-0.9564684470022611j)	0.30886387825012207	60.91555
640	(-1.287200352797124-0.8531990106578647j)	0.30387306213378906	61.01088
641	(-1.3531497096452163-0.744319931074563j)	0.2895810604095459	61.1062
642	(-1.409995582339683-0.6301310769825949j)	0.2940361499786377	61.20153
643	(-1.4572535589271476-0.5117168513994494j)	0.29182887077331543	61.29686
644	(-1.4942718729420197-0.3898654882930176j)	0.29157090187072754	61.39219
645	(-1.521385385899675-0.2653270128899947j)	0.2898259162902832	61.48752
646	(-1.5380620470868611-0.13912915009388543j)	0.2890141010284424	61.58284
647	(-1.5443961549156104-0.011672291141964594j)	0.2953977584838867	61.67817
648	(-1.5401129942742657+0.11566539625468242j)	0.29337215423583984	61.7735
649	(-1.5251570525903748+0.2421664736648872j)	0.29149627685546875	61.86883
650	(-1.500149317342638+0.3671302322400787j)	0.29114603996276855	61.96416
651	(-1.4647344271122276+0.4894525474150858j)	0.2954401969909668	62.05948
652	(-1.41945003706719+0.6087461255574658j)	0.2952449321746826	62.15481
653	(-1.3643924436460098+0.7235870778503644j)	0.2881131172180176	62.25014
654	(-1.2999961968724485+0.833539845305936j)	0.2864089012145996	62.34547
655	(-1.2270264882738093+0.9379882649058667j)	0.28850269317626953	62.4408
656	(-1.1454500470378541+1.0358782961800836j)	0.2913079261779785	62.53612
657	(-1.0561509161095666+1.1269441283087005j)	0.2890920639038086	62.63145
658	(-0.959658555260948+1.2100830407034435j)	0.27611494064331055	62.72678
659	(-0.8565755273167222+1.2849919219237522j)	0.29095029830932617	62.82211
660	(-0.7478597680444905+1.3512034732708555j)	0.291471004486084	62.91743
661	(-0.6337988485237492+1.4083783726613224j)	0.2925848960876465	63.01276
662	(-0.5327897485550808+1.489847342262592j)	0.2377936840057373	63.10809
663	(-0.3937738018167806+1.4932382753074314j)	0.2914860248565674	63.20342
664	(-0.2692058009042941+1.520537145425484j)	0.3030111789703369	63.29875
665	(-0.14314068557220216+1.5377090445193322j)	0.29325103759765625	63.39407
666	(-0.01574639300741465+1.5444537038164925j)	0.2868378162384033	63.4894
667	(0.11161984765562472+1.5403925085028871j)	0.2951982021331787	63.58473
668	(0.23817255842094853+1.5257958545883732j)	0.29451417922973633	63.68006
669	(0.36320723250901343+1.5011445941045385j)	0.2926020622253418	63.77539
670	(0.4856443604285412+1.466025455341942j)	0.29254770278930664	63.87071
671	(0.605036802751969+1.4210480040387878j)	0.2896301746368408	63.96604
672	(0.7200069153641552+1.3662886235456533j)	0.287966251373291	64.06137
673	(0.8301432975491132+1.3021983094924885j)	0.29381608963012695	64.1567
674	(0.934785727178973+1.229503095960986j)	0.290863037109375	64.25203
675	(1.032908885711035+1.1481608414326854j)	0.2922070026397705	64.34735
676	(1.1241639569384043+1.0591023438558231j)	0.29865479469299316	64.44268
677	(1.207449709982556+0.962789988421216j)	0.2946321964263916	64.53801
678	(1.2827696914906714+0.8599618208814486j)	0.28935813903808594	64.63334
679	(1.349420791876513+0.7513965305181398j)	0.28876805305480957	64.72867
680	(1.4067381007374398+0.6374756879950583j)	0.2879769802093506	64.82399
681	(1.4545171941859605+0.5193510187926104j)	0.2933170795440674	64.91932
682	(1.4921917127056998+0.3976906919133847j)	0.28685688972473145	65.01465
683	(1.5200462216773631+0.27331207303319827j)	0.2918682098388672	65.10998
684	(1.537469154552139+0.1471099051918252j)	0.2900669574737549	65.20531
685	(1.544343552592589+0.01973662452304481j)	0.2882816791534424	65.30063
686	(1.5406499498256712-0.10756172716228607j)	0.2895548343658447	65.39596
687	(1.5264225875565072-0.2341712999195606j)	0.28966617584228516	65.49129
688	(1.5021140900949634-0.3592714446193527j)	0.29404282569885254	65.58662
689	(1.4672956076437733-0.48182888858666756j)	0.2863140106201172	65.68194
690	(1.4226232191258874-0.6013071985858351j)	0.2906942367553711	65.77727
691	(1.3681503090621785-0.716383753864996j)	0.284653902053833	65.8726
692	(1.3043873622647273-0.8267393644486021j)	0.2864959239959717	65.96793
693	(1.2316940989913585-0.9314907299682508j)	0.2896871566772461	66.06326
694	(1.150852211078734-1.029926472953098j)	0.29441094398498535	66.15858
695	(1.06205768105449-1.1212787289238102j)	0.30184507369995117	66.25391
696	(0.9659435169735276-1.2049031616245296j)	0.29395198822021484	66.34924
697	(0.8633364646765948-1.2805356384980162j)	0.31835007667541504	66.44457
698	(0.7549202221415686-1.3474429220819701j)	0.292172908782959	66.5399
699	(0.6411431636696178-1.405081438631585j)	0.29352498054504395	66.63522
700	(0.5231641352310518-1.4531215676878697j)	0.288485050201416	66.73055
701	(0.4015997131283754-1.4911428951271155j)	0.2876098155975342	66.82588
702	(0.2772977849408276-1.5193539450777684j)	0.28963708877563477	66.92121
703	(0.15112281601572078-1.5370587280408503j)	0.28745484352111816	67.01654
704	(0.023772328332230558-1.5442890235673692j)	0.2889680862426758	67.11186
705	(-0.10350869030909442-1.540900025881404j)	0.4447619915008545	67.20719
706	(-0.23017715635455444-1.5270475376060475j)	0.35915327072143555	67.30252
707	(-0.35534055563813866-1.5030691680294075j)	0.401278018951416	67.39785
708	(-0.4780280481622059-1.468571841753687j)	0.290233850479126	67.49318
709	(-0.5975772398932903-1.42416049021285j)	0.3061680793762207	67.5885
710	(-0.7127674783927535-1.3699915486446477j)	0.30544114112854004	67.68383
711	(-0.8233386341214772-1.3065737040261458j)	0.28736281394958496	67.77916
712	(-0.9283374151384565-1.2343937236166256j)	0.28859710693359375	67.87449
713	(-1.026877801306842-1.1534995026727115j)	0.30378198623657227	67.96982
714	(-1.11847197196292-1.0649475498242835j)	0.2933533191680908	68.06514
715	(-1.2023607347721452-0.9690985143181918j)	0.29320216178894043	68.16047
716	(-1.2782489072209842-0.8666911068533859j)	0.28501415252685547	68.2558
717	(-1.345450256930368-0.7584382827437999j)	0.2935469150543213	68.35113
718	(-1.403412132257929-0.6448148528919299j)	0.2914237976074219	68.44645
719	(-1.4516592801854262-0.5269555997402295j)	0.3227369785308838	68.54178
720	(-1.4900966872830979-0.4055109633854837j)	0.31736326217651367	68.63711
721	(-1.518649537723291-0.281285924562463j)	0.2880699634552002	68.73244
722	(-1.5366375881782102-0.15513964545873393j)	0.2922210693359375	68.82777
723	(-1.5442230175027194-0.027821665589641387j)	0.293377161026001	68.92309
724	(-1.5411642766538765+0.0994779617562751j)	0.2870030403137207	69.01842
725	(-1.5276719277113322+0.2261770049963303j)	0.29056501388549805	69.11375
726	(-1.5040107983702389+0.35139989891147483j)	0.2962207794189453	69.20908
727	(-1.4697914420767209+0.47417985832668863j)	0.2905750274658203	69.30441
728	(-1.4257463798940586+0.5938186445742997j)	0.29447078704833984	69.39973
729	(-1.371850687240844+0.7091597906224459j)	0.28737306594848633	69.49506
730	(-1.3087556818389785+0.8199274151469415j)	0.2886018753051758	69.59039
731	(-1.2368204868451713+0.9250946340523929j)	0.28802990913391113	69.68572
732	(-1.1561659136180369+1.0238411615052965j)	0.2859528064727783	69.78105
733	(-1.0679032216732454+1.115728549729129j)	0.2930319309234619	69.87637
734	(-0.9722550745843834+1.1998123848950293j)	0.2895679473876953	69.9717
735	(-0.8700762823409036+1.2760460934600844j)	0.32389307022094727	70.06703
736	(-0.7619491877012762+1.3434451703561252j)	0.29625797271728516	70.16236
737	(-0.6484418589453076+1.401573873954269j)	0.290024995803833	70.25769
738	(-0.5307985492886904+1.4502977997330528j)	0.287384033203125	70.35301
739	(-0.40944068222734953+1.489158440011927j)	0.29300594329833984	70.44834
740	(-0.28527266043014576+1.5179260279328195j)	0.29196619987487793	70.54367
741	(-0.15915453961669368+1.5361970294502412j)	0.29004716873168945	70.639
742	(-0.03187550008202533+1.5439811047275267j)	0.2934739589691162	70.73433
743	(0.09538824752146957+1.541381228286558j)	0.28894996643066406	70.82965
744	(0.2221774534997395+1.5282858038136495j)	0.29765892028808594	70.92498
745	(0.3474553144325734+1.504929513124734j)	0.28944897651672363	71.02031
746	(0.4703265039099089+1.4709989571196096j)	0.289841890335083	71.11564
747	(0.590053277584834+1.4272873681275173j)	0.297802209854126	71.21096
748	(0.7055496345491116+1.3737013493806263j)	0.29708075523376465	71.30629
749	(0.8165114694621549+1.3109260439539727j)	0.2893049716949463	71.40162
750	(0.9218431143871251+1.2392291060412541j)	0.2947571277618408	71.49695
751	(1.0208005618356468+1.1588268455970177j)	0.28896093368530273	71.59228
752	(1.1128917947131747+1.0708254851921593j)	0.29354405403137207	71.6876
753	(1.1972622496850978+0.9754017136583378j)	0.29100728034973145	71.78293
754	(1.2737819035183835+0.873431751983565j)	0.2920248508453369	71.87826
755	(1.3414243119364484+0.7654507741812578j)	0.2872750759124756	71.97359
756	(1.399863750447953+0.6521136569639244j)	0.288532018661499	72.06892
757	(1.449488333555625+0.5343358405600223j)	0.27156615257263184	72.16424
758	(1.487986326165714+0.41332811760216853j)	0.289003849029541	72.25957
759	(1.5171859074092156+0.28925440290193283j)	0.2864081859588623	72.3549
760	(1.5357473116224518+0.16317098743150787j)	0.2915620803833008	72.45023
761	(1.5439005704398407+0.03593662235935219j)	0.28835201263427734	72.54556
762	(1.5416140072111215-0.09133075785231387j)	0.2959721088409424	72.64088
763	(1.5288930066734079-0.21817795538078427j)	0.28719282150268555	72.73621
764	(1.5058328575422135-0.3435067606878872j)	0.2884330749511719	72.83154
765	(1.4722041547493816-0.4664685756999648j)	0.28560590744018555	72.92687
766	(1.4287487903729255-0.5862727284207573j)	0.2993800640106201	73.0222
767	(1.3755507043412942-0.7019376793790973j)	0.2881801128387451	73.11752
768	(1.3130881566649357-0.8130913337726327j)	0.29255032539367676	73.21285
769	(1.2416263265212557-0.9185810199998926j)	0.2912881374359131	73.30818
770	(1.161489938324452-1.0177512745679165j)	0.28647804260253906	73.40351
771	(1.0737376317513216-1.1100750376122883j)	0.2920699119567871	73.49884
772	(0.9785477923203241-1.1947125502197253j)	0.28641819953918457	73.59416
773	(0.8767837879590772-1.2715040566933764j)	0.2874941825866699	73.68949
774	(0.7689499673517346-1.339390676523958j)	0.28794407844543457	73.78482
775	(0.6557894953073654-1.3981500195787901j)	0.29265689849853516	73.88015
776	(0.5384254370331416-1.4474428053304393j)	0.28722190856933594	73.97547
777	(0.4172320552448574-1.486923755954507j)	0.28702521324157715	74.0708
778	(0.2932362559915403-1.516427253980882j)	0.2928450107574463	74.16613
779	(0.1671914849614649-1.5352877485202823j)	0.2921640872955322	74.26146
780	(0.0400047216733741-1.543815255865059j)	0.29465293884277344	74.35679
781	(-0.08714213505431323-1.5419707106908958j)	0.42815709114074707	74.45211
782	(-0.2141735232973061-1.5294900538831542j)	0.4808969497680664	74.54744
783	(-0.33954965336292753-1.5067189278062258j)	0.30216073989868164	74.64277
784	(-0.4625996827411848-1.4734031940707437j)	0.2979280948638916	74.7381
785	(-0.5825066159634702-1.4303112311172699j)	0.4221627712249756	74.83343
786	(-0.6983247434035214-1.3773957684817595j)	0.3143188953399658	74.92875
787	(-0.8096557854159816-1.3152372293592476j)	0.3092360496520996	75.02408
788	(-0.9153058753214913-1.244012884131641j)	0.30718111991882324	75.11941
789	(-1.0146940460701304-1.1641538078312534j)	0.28484606742858887	75.21474
790	(-1.10725048573177-1.0766802571820653j)	0.29100990295410156	75.31007
791	(-1.1921573765500508-0.9816903004025637j)	0.29083991050720215	75.40539
792	(-1.2692094026110725-0.8801244909148982j)	0.2888221740722656	75.50072
793	(-1.337343179428555-0.7724438811796766j)	0.30371689796447754	75.59605
794	(-1.3964263488970932-0.6594693146873618j)	0.2880520820617676	75.69138
795	(-1.4461250618950272-0.5422647787401552j)	0.29012203216552734	75.78671
796	(-1.485852058074538-0.4211342001623136j)	0.28648900985717773	75.88203
797	(-1.5156487974633435-0.29721555640370123j)	0.29522204399108887	75.97736
798	(-1.5348180579105923-0.17121295523271274j)	0.2905237674713135	76.07269
799	(-1.5437222150035983-0.04407639904792715j)	0.2866082191467285	76.16802
800	(-1.5421659861158223+0.08330259490971681j)	0.2909088134765625	76.26335
801	(-1.5300738966637555+0.21016854517530464j)	0.2871367931365967	76.35867
802	(-1.5075848727972445+0.33559148139486045j)	0.29317188262939453	76.454
803	(-1.4745977015296292+0.4587275739245211j)	0.3029932975769043	76.54933
804	(-1.4318654972699314+0.5787367681205735j)	0.3516368865966797	76.64466
805	(-1.379233103116265+0.6947155202210566j)	0.3393850326538086	76.73998
806	(-1.31737328565935+0.8062129187642515j)	0.6333119869232178	76.83531
807	(-1.2463870490124034+0.9120222285741069j)	0.8109641075134277	76.93064
808	(-1.166818315138329+1.0116312137284704j)	0.4370241165161133	77.02597
809	(-1.0796135438443137+1.1044184363326248j)	0.3884139060974121	77.1213
810	(-0.984824461560492+1.1896002901770466j)	0.3246440887451172	77.21662
811	(-0.8834572038124333+1.2669006357312074j)	0.3339531421661377	77.31195
812	(-0.7759338816412618+1.3352892818033202j)	0.3462812900543213	77.40728
813	(-0.6631538652968357+1.3946957015337182j)	0.3307631015777588	77.50261
814	(-0.5460813369809914+1.4447044067017893j)	0.3041520118713379	77.59794
815	(-0.42503180605176055+1.4847722660915432j)	0.3740220069885254	77.69326
816	(-0.3011922681328395+1.51485277925911j)	0.32294201850891113	77.78859
817	(-0.17523741312949992+1.534343748377191j)	0.3357701301574707	77.88392
818	(-0.048150769224664436+1.543623140953167j)	0.33929014205932617	77.97925
819	(0.07916247700175508+1.5424355867596848j)	0.3342020511627197	78.07458
820	(0.20616036641879454+1.530645885484202j)	0.3692631721496582	78.1699
821	(0.33162179543954573+1.5084401314505713j)	0.3268611431121826	78.26523
822	(0.4548521815072474+1.4757934466791514j)	0.394819974899292	78.36056
823	(0.57496272258759+1.4334046460733352j)	0.3165559768676758	78.45589
824	(0.6911355998566875+1.3811727486544347j)	0.31612586975097656	78.55122
825	(0.8027609233194926+1.3194974589200126j)	0.304091215133667	78.64654
826	(0.9087287832967701+1.24875413825513j)	0.2960059642791748	78.74187
827	(1.0085613091000378+1.1694833174330062j)	0.301922082901001	78.8372
828	(1.1015783647878536+1.0825346868198937j)	0.2997720241546631	78.93253
829	(1.1870588333872747+0.9879888642263921j)	0.30637073516845703	79.02786
830	(1.264573389567883+0.8867807564333412j)	0.2981729507446289	79.12318
831	(1.3332257786052288+0.7794247676558591j)	0.2980458736419678	79.21851
832	(1.3929588608065997+0.6668389749204784j)	0.29718613624572754	79.31384
833	(1.4432674321742813+0.5498874844054941j)	0.2944951057434082	79.40917
834	(1.4836788301777235+0.4289306716613497j)	0.3058149814605713	79.50449
835	(1.514038856539838+0.30516897520406105j)	0.30919671058654785	79.59982
836	(1.5338629267617319+0.17926577837018198j)	0.30092406272888184	79.69515
837	(1.5435152492070496+0.05222693455473837j)	0.29851698875427246	79.79048
838	(1.5426349911264081-0.07511537350743536j)	0.3061671257019043	79.88581
839	(1.5312001105881647-0.2021463382319355j)	0.3054049015045166	79.98113
840	(1.5092781207792383-0.3276552064211612j)	0.29932737350463867	80.07646
841	(1.4769830787759495-0.450967368960861j)	0.3007359504699707	80.17179
842	(1.4349428379794946-0.5711839639265908j)	0.29790616035461426	80.26712
843	(1.3829129327922904-0.6875569475063121j)	0.3431549072265625	80.36245
844	(1.3216045343244287-0.7992959984542856j)	0.3489060401916504	80.45777
845	(1.251115262803612-0.9054256855919209j)	0.3275749683380127	80.5531
846	(1.172144174743879-1.005484354605897j)	0.41931796073913574	80.64843
847	(1.085401417619556-1.098683473212747j)	0.40332508087158203	80.74376
848	(0.9910728752595669-1.1844603948576298j)	0.41289281845092773	80.83909
849	(0.8900957382248522-1.2622288060681475j)	0.39284205436706543	80.93441
