	basis	result	time	integration range
0	10	0.498313393686376	0.4328770637512207	1
1	15	0.498008021768164	0.951848030090332	1
2	20	0.498970810224777	2.1193511486053467	1
3	25	0.498107016883356	4.695737838745117	1
4	30	0.522672430894228	6.340222120285034	1
5	35	0.498958127874919	9.018356084823608	1
6	40	0.500469625778266	15.985242128372192	1
7	45	0.497859918322421	16.113346099853516	1
8	50	0.500040385994134	20.08901619911194	1
9	55	0.499119914760310	27.737734079360962	1
10	60	0.509177380368923	34.96687698364258	1
11	65	0.498466524414360	44.94516205787659	1
12	70	0.501609956512509	52.4071991443634	1
13	75	0.498565733850852	64.88403391838074	1
14	80	0.499496573430026	79.42337799072266	1
15	85	0.500010555214379	105.25161123275757	1
16	90	0.498193865570827	111.54591679573059	1
17	95	0.497922347572774	136.41280388832092	1
18	10	7.26734470636416	0.3598470687866211	4
19	15	7.24092873899524	0.8204519748687744	4
20	20	7.61741161635967	1.705780029296875	4
21	25	8.42364483464791	2.977484941482544	4
22	30	7.74228433372440	4.907562971115112	4
23	35	7.52298556124959	7.162175893783569	4
24	40	7.73077310080668	256.313129901886	4
25	45	8.56985420171855	20.882972955703735	4
26	50	6.80357660680816	19.772727251052856	4
27	55	7.56873529818319	26.69614005088806	4
28	60	8.14205575346826	34.05687880516052	4
29	65	7.64426320188515	42.08039402961731	4
30	70	7.54390801440795	51.37317705154419	4
31	75	7.70740421787470	65.52444815635681	4
32	80	7.76594231370039	76.95765519142151	4
33	85	7.25070946558731	94.74820613861084	4
34	90	9.92187640101219	110.60407400131226	4
35	95	8.34206793936095	152.21109890937805	4
36	10	18.3093672171151	0.5738790035247803	6
37	15	15.2809583948511	1.315171241760254	6
38	20	17.1804754110721	1.8075017929077148	6
39	25	27.3305295200822	3.568647861480713	6
40	30	15.9691872040950	6.2022058963775635	6
41	35	16.5097652348111	9.111002922058105	6
42	40	14.9639936645504	14.881984949111938	6
43	45	15.2402558620409	19.265402793884277	6
44	50	15.7700080449881	24.64543890953064	6
45	55	14.5502316557300	32.88132905960083	6
46	60	16.4520355196397	39.33448910713196	6
47	65	18.6887548620866	46.24543595314026	6
48	70	16.7188284969793	17.381463050842285	6
49	75	17.7642914663261	72.78704690933228	6
50	80	17.5970424491025	94.51202487945557	6
51	85	17.3827690855539	113.06964993476868	6
52	90	17.9646444538573	124.41782808303833	6
53	95	23.1129212127596	146.53776097297668	6
54	10	32.3319369493842	0.3751988410949707	8
55	15	16.0706942939627	0.8825809955596924	8
56	20	22.2539841127947	1.766874074935913	8
57	25	34.1152059040803	3.1104371547698975	8
58	30	18.2792866163715	5.234187126159668	8
59	35	31.5235124585868	7.797703981399536	8
60	40	51.0098101983866	11.868133783340454	8
61	45	25.9640606157873	14.886322736740112	8
62	50	35.3276426290631	20.156571865081787	8
63	55	17.5526812528932	31.380610942840576	8
64	60	35.6294652372970	36.192627906799316	8
65	65	23.9111713655254	57.88339829444885	8
66	70	27.7425632586359	85.8977460861206	8
67	75	29.4862631972902	81.27584099769592	8
68	80	37.1315414438042	89.23412775993347	8
69	85	39.5552708804232	112.51534700393677	8
70	90	49.3322209892726	151.97668313980103	8
71	95	-3.19644124243663	154.38511776924133	8
