	res_adaptive	time_adaptive	w
0	(1.0146440950194966-0.012622243869153265j)	0.5133447647094727	0.001
1	(1.2853183319831472-0.2604056213704174j)	0.3572990894317627	0.1010990990990991
2	(1.4085607996264486-0.34858785002031795j)	0.3319981098175049	0.2011981981981982
3	(1.5016234006486455-0.41387289342285094j)	0.3621370792388916	0.3012972972972973
4	(1.5818435338221453-0.45904007658137397j)	0.36716270446777344	0.4013963963963964
5	(1.6575756537548432-0.4966484065130471j)	0.3237898349761963	0.5014954954954955
6	(1.7235203932312992-0.5259027064659366j)	0.41092777252197266	0.6015945945945946
7	(1.7867792793463715-0.5457629587607874j)	0.36835789680480957	0.7016936936936937
8	(1.8452207363565865-0.5637497350498982j)	0.3384439945220947	0.8017927927927928
9	(1.8974421136202604-0.5757290501615981j)	0.3228030204772949	0.9018918918918919
10	(1.9490881916466136-0.5850240067341159j)	0.39018797874450684	1.001990990990991
11	(1.9971617094528717-0.5935039127064841j)	0.3851149082183838	1.10209009009009
12	(2.0432432345985343-0.5965965589396112j)	0.3778681755065918	1.2021891891891892
13	(2.0889280303472146-0.5987779706595306j)	0.33350682258605957	1.3022882882882882
14	(2.129870384775897-0.5979903950746275j)	0.34593796730041504	1.4023873873873873
15	(2.1702037123218174-0.5937920507417421j)	0.3653860092163086	1.5024864864864864
16	(2.207858150591027-0.5904392772191714j)	0.34366917610168457	1.6025855855855855
17	(2.242549459535841-0.5842138122377462j)	0.34345006942749023	1.7026846846846846
18	(2.2780237209592684-0.5773366426659214j)	0.3287770748138428	1.8027837837837837
19	(2.31055012102877-0.5700920556358974j)	0.34534382820129395	1.9028828828828828
20	(2.342193398826133-0.559307985057143j)	0.3336300849914551	2.002981981981982
21	(2.372992254274074-0.5488260921579058j)	0.39357590675354004	2.103081081081081
22	(2.4000636992618225-0.5367805524331684j)	0.3412208557128906	2.2031801801801802
23	(2.427127418603667-0.523401758213168j)	0.3588869571685791	2.303279279279279
24	(2.4522705490359216-0.5113679251143477j)	0.3235640525817871	2.4033783783783784
25	(2.475761334622832-0.49714847407870116j)	0.31650686264038086	2.5034774774774773
26	(2.499916487209008-0.4827895378821409j)	0.3442528247833252	2.6035765765765766
27	(2.5212433833997605-0.46806889177231675j)	0.3299238681793213	2.7036756756756755
28	(2.5417952578828418-0.45105955158168165j)	0.33103203773498535	2.8037747747747748
29	(2.5612734238429455-0.43524999132399933j)	0.3142719268798828	2.9038738738738736
30	(2.5779811911220163-0.4186108312980728j)	0.3255901336669922	3.003972972972973
31	(2.595260133428622-0.40155631508815826j)	0.32622194290161133	3.104072072072072
32	(2.6109755697727315-0.3856333628162264j)	0.3270599842071533	3.204171171171171
33	(2.6255481476451923-0.3677161272520159j)	0.31550097465515137	3.3042702702702704
34	(2.6403068502782028-0.35010014781099813j)	0.32100725173950195	3.4043693693693693
35	(2.65226528529234-0.33240079140882645j)	0.32910799980163574	3.5044684684684686
36	(2.663791524127949-0.3135209610575923j)	0.3640120029449463	3.6045675675675675
37	(2.6744428227654335-0.2963394811075704j)	0.3103358745574951	3.7046666666666668
38	(2.68323915221291-0.278468321204574j)	0.3115079402923584	3.8047657657657656
39	(2.6928785371002886-0.2604673435327637j)	0.33032917976379395	3.904864864864865
40	(2.7008821237619625-0.24326730736670055j)	0.3356342315673828	4.004963963963965
41	(2.707884059965005-0.2244224408108798j)	0.3316609859466553	4.105063063063064
42	(2.7140591831930045-0.20663490008501534j)	0.3405630588531494	4.205162162162162
43	(2.7191450573645044-0.18884908162248615j)	0.3125622272491455	4.305261261261261
44	(2.7237411462182917-0.17071977901030888j)	0.3068239688873291	4.405360360360361
45	(2.7277330156510504-0.1542575074596072j)	0.34233593940734863	4.50545945945946
46	(2.7304422610180374-0.13689974503576763j)	0.318162202835083	4.605558558558559
47	(2.733846416475794-0.11959719079321196j)	0.30472493171691895	4.705657657657658
48	(2.73540337624774-0.1030267808333093j)	0.3062169551849365	4.805756756756757
49	(2.7361990086616195-0.0853989797240895j)	0.3202691078186035	4.905855855855856
50	(2.736869711884263-0.0692549926257231j)	0.3067600727081299	5.005954954954955
51	(2.7357559615057854-0.05341251147675308j)	0.3076059818267822	5.106054054054055
52	(2.7353420924609453-0.03732544653718062j)	0.306286096572876	5.206153153153154
53	(2.7343185080045838-0.0225867207449173j)	0.3179008960723877	5.306252252252253
54	(2.732210144705258-0.006829288228896835j)	0.3123641014099121	5.4063513513513515
55	(2.730535320117837+0.008475376778789845j)	0.3232917785644531	5.506450450450451
56	(2.7271306100743313+0.023184619216639946j)	0.32242488861083984	5.60654954954955
57	(2.7232944553408496+0.03785180806983868j)	0.3098759651184082	5.706648648648649
58	(2.719675775972942+0.0511537206530156j)	0.31054067611694336	5.806747747747748
59	(2.7148129302273247+0.06446504688070531j)	0.31439709663391113	5.906846846846848
60	(2.7112681586112566+0.07812734821872336j)	0.32896900177001953	6.006945945945946
61	(2.706485090422326+0.0905603762360161j)	0.301555871963501	6.107045045045045
62	(2.700097482662321+0.10364924182114976j)	0.3092219829559326	6.207144144144144
63	(2.6946557195655028+0.1159284019003044j)	0.3261599540710449	6.307243243243244
64	(2.687734348116507+0.12727502569187588j)	0.310122013092041	6.407342342342343
65	(2.6811897361495474+0.13897351086061982j)	0.3153188228607178	6.507441441441442
66	(2.674857697830248+0.1492143443945827j)	0.32532191276550293	6.607540540540541
67	(2.6675020740322615+0.15984227404436502j)	0.31742119789123535	6.70763963963964
68	(2.660881749761483+0.17052441812237473j)	0.31197381019592285	6.807738738738739
69	(2.653177836316814+0.18004582705942374j)	0.3226790428161621	6.907837837837838
70	(2.6448861966397463+0.19009700419697273j)	0.31908297538757324	7.007936936936938
71	(2.6371842362760898+0.19886726655309117j)	0.309528112411499	7.108036036036037
72	(2.6284324602231974+0.2069763663648777j)	0.3148679733276367	7.2081351351351355
73	(2.6204197314959323+0.21551645254272844j)	0.3317849636077881	7.308234234234234
74	(2.612412959300795+0.22285439809030094j)	0.31026697158813477	7.408333333333334
75	(2.6034216148574787+0.2307185645274491j)	0.3139519691467285	7.508432432432433
76	(2.5950859116709553+0.2382472757535007j)	0.33650994300842285	7.608531531531532
77	(2.5857417446517688+0.24453905590912894j)	0.3170890808105469	7.708630630630631
78	(2.5763651348293766+0.25121848466678043j)	0.3975059986114502	7.8087297297297305
79	(2.5677582139775894+0.2566560503779777j)	0.36977219581604004	7.908828828828829
80	(2.5583132603965617+0.26189467880079487j)	0.36872291564941406	8.008927927927928
81	(2.549638399772944+0.2675978216224326j)	0.31712889671325684	8.109027027027027
82	(2.5406496344910914+0.2721515798794879j)	0.3681349754333496	8.209126126126126
83	(2.530837705241455+0.277126336187542j)	0.5436201095581055	8.309225225225225
84	(2.521824406877805+0.28139225581132266j)	0.30620288848876953	8.409324324324324
85	(2.512072778075602+0.2845749606499798j)	0.40478515625	8.509423423423423
86	(2.502750684930707+0.28827071669527127j)	0.3407728672027588	8.609522522522521
87	(2.4941073056597687+0.290940764079067j)	0.32843804359436035	8.709621621621622
88	(2.4845955433385654+0.2937555264132349j)	0.3259251117706299	8.80972072072072
89	(2.4757776340555004+0.29682338385421647j)	0.3196399211883545	8.90981981981982
90	(2.466502307858933+0.2986416461544722j)	0.3081190586090088	9.009918918918919
91	(2.45680388845229+0.30078849944729424j)	0.34822988510131836	9.110018018018017
92	(2.448134648362762+0.302117329910925j)	0.3465390205383301	9.210117117117116
93	(2.4389053433416903+0.30277530940322217j)	0.3525359630584717	9.310216216216215
94	(2.430268603958869+0.30413055636076824j)	0.4466080665588379	9.410315315315314
95	(2.4219925505428455+0.3045621620030723j)	0.4188239574432373	9.510414414414415
96	(2.4128202435247426+0.30521491571988413j)	0.3106071949005127	9.610513513513514
97	(2.404418684120048+0.30577488238946426j)	0.31923818588256836	9.710612612612612
98	(2.3956560870442045+0.3050945497919493j)	0.3238341808319092	9.810711711711711
99	(2.387122660262759+0.30461982506312j)	0.44984889030456543	9.91081081081081
100	(2.3792712451134443+0.3039559876009671j)	0.4059739112854004	10.010909909909909
101	(2.3716506130934323+0.3033368037148495j)	0.34247493743896484	10.111009009009008
102	(2.3632604263902053+0.302326917977754j)	0.31323719024658203	10.211108108108109
103	(2.3556115316816713+0.3008256976359742j)	0.3858640193939209	10.311207207207207
104	(2.34725889534085+0.2995072729082394j)	0.3213188648223877	10.411306306306306
105	(2.339913481325551+0.2978826565901852j)	0.3061370849609375	10.511405405405405
106	(2.3323350424396625+0.2952891774569023j)	0.2980668544769287	10.611504504504504
107	(2.3250412425808253+0.2934179014758017j)	0.3073148727416992	10.711603603603603
108	(2.3185936719112714+0.2909803127250694j)	0.3293650150299072	10.811702702702702
109	(2.311351971711243+0.28851194912919553j)	0.3075220584869385	10.9118018018018
110	(2.3046735218594385+0.28647750627524604j)	0.36504197120666504	11.011900900900901
111	(2.2980184712114+0.2832973508835629j)	0.3009011745452881	11.112
112	(2.2910203062885546+0.2803943848034627j)	0.30991601943969727	11.212099099099099
113	(2.2851970264304633+0.27721470981271423j)	0.31539392471313477	11.312198198198198
114	(2.2790754564169817+0.27347133643955035j)	0.32352519035339355	11.412297297297297
115	(2.2732445619988413+0.2706043922906677j)	0.31183815002441406	11.512396396396396
116	(2.267940204594535+0.2670914780705719j)	0.39151835441589355	11.612495495495494
117	(2.2618223973406537+0.2635636473390417j)	0.34160470962524414	11.712594594594595
118	(2.256467021815863+0.2602154364365368j)	0.3129580020904541	11.812693693693694
119	(2.251204519634377+0.25580978851284975j)	0.33118200302124023	11.912792792792793
120	(2.245882742084829+0.25196236466470967j)	0.30851221084594727	12.012891891891892
121	(2.2416483885563787+0.24795153770537193j)	0.3043179512023926	12.11299099099099
122	(2.236873251827103+0.24365944013972352j)	0.3150501251220703	12.21309009009009
123	(2.232354007975236+0.24014460434519014j)	0.3093721866607666	12.313189189189188
124	(2.2281910301972427+0.23578226012257386j)	0.31378817558288574	12.413288288288287
125	(2.22342015047914+0.23145146936104588j)	0.3059659004211426	12.513387387387388
126	(2.2196583719056995+0.22723811281950035j)	0.40221118927001953	12.613486486486487
127	(2.215950119739341+0.22226303874105746j)	0.4012877941131592	12.713585585585585
128	(2.2122394223786186+0.21812101995895816j)	0.34820079803466797	12.813684684684684
129	(2.2093419698151386+0.2137797742863322j)	0.44881200790405273	12.913783783783783
130	(2.205710565921949+0.2092210779143091j)	0.3496568202972412	13.013882882882882
131	(2.2024635846908898+0.20521139559550905j)	0.37560176849365234	13.113981981981981
132	(2.1995832474691186+0.20026484324445826j)	0.38730692863464355	13.214081081081082
133	(2.196351344660808+0.19558246519497058j)	0.3465268611907959	13.31418018018018
134	(2.194193890514497+0.19110506977038588j)	0.38336896896362305	13.41427927927928
135	(2.1918455754542374+0.18615323351457036j)	0.3478209972381592	13.514378378378378
136	(2.18943046316956+0.1820933226445577j)	0.37969303131103516	13.614477477477477
137	(2.187604274851113+0.17761125758225704j)	0.30596017837524414	13.714576576576576
138	(2.1850714158666227+0.17291005265691584j)	0.35604095458984375	13.814675675675675
139	(2.1831891907622873+0.16863271972474092j)	0.3378596305847168	13.914774774774774
140	(2.1816742710626733+0.16355561688036657j)	0.35696983337402344	14.014873873873874
141	(2.179902410933593+0.1590685536710127j)	0.4333939552307129	14.114972972972973
142	(2.17903918901033+0.15480467403986353j)	0.3769857883453369	14.215072072072072
143	(2.177685328935784+0.15016440835753597j)	0.3923180103302002	14.31517117117117
144	(2.176304677036737+0.14626921397710124j)	0.3713500499725342	14.41527027027027
145	(2.17547296429761+0.14172966447222157j)	0.31234312057495117	14.515369369369369
146	(2.1741119005971195+0.13711292310104395j)	0.41498708724975586	14.615468468468467
147	(2.1735938880688987+0.13297032056298708j)	0.3118629455566406	14.715567567567568
148	(2.173256917858228+0.12826085433545398j)	0.41044020652770996	14.815666666666667
149	(2.1725901004745674+0.12433550999595522j)	0.3285229206085205	14.915765765765766
150	(2.1726128644755174+0.12044855909060914j)	0.3018758296966553	15.015864864864865
151	(2.1720084414080176+0.11614676542297842j)	0.3209989070892334	15.115963963963964
152	(2.171603003811186+0.11244228663162226j)	0.30837488174438477	15.216063063063062
153	(2.1717852130315705+0.1080622617895477j)	0.35912299156188965	15.316162162162161
154	(2.17154758856731+0.10390739122865011j)	0.36177492141723633	15.41626126126126
155	(2.172127340624471+0.10029819186503341j)	0.5300540924072266	15.51636036036036
156	(2.1725612067391498+0.09623489590878131j)	0.3705451488494873	15.61645945945946
157	(2.1726170989550724+0.09292173216833044j)	0.30762219429016113	15.716558558558559
158	(2.173287091046758+0.08936120694613314j)	0.29456305503845215	15.816657657657657
159	(2.1733966826015516+0.08541851535663958j)	0.3292548656463623	15.916756756756756
160	(2.1739697720976756+0.08208385675381114j)	0.43036389350891113	16.01685585585586
161	(2.1750412371974743+0.07821044451937631j)	0.3192708492279053	16.116954954954956
162	(2.1756311709494693+0.0748410722673778j)	0.32460999488830566	16.217054054054056
163	(2.1768712501002856+0.07191468661229816j)	0.40384984016418457	16.317153153153154
164	(2.177712641945732+0.0684770940294257j)	0.3133418560028076	16.417252252252254
165	(2.1783133496774703+0.06566051012699181j)	0.30534815788269043	16.51735135135135
166	(2.179592534619516+0.06242438417573437j)	0.3191061019897461	16.617450450450452
167	(2.1804115929527406+0.059024616566463184j)	0.2923579216003418	16.717549549549553
168	(2.1817979035714163+0.05633939887334938j)	0.2983689308166504	16.81764864864865
169	(2.183407295400748+0.05322272794457161j)	0.3056299686431885	16.91774774774775
170	(2.184416236201036+0.05069214126426047j)	0.30426597595214844	17.017846846846847
171	(2.1859837404623463+0.04833137490370709j)	0.3003098964691162	17.117945945945948
172	(2.187102205816835+0.04538922834573289j)	0.3005180358886719	17.218045045045045
173	(2.1882489151366826+0.043045183864870884j)	0.3077361583709717	17.318144144144146
174	(2.19009243279789+0.04030286156852991j)	0.343721866607666	17.418243243243246
175	(2.1914351203196425+0.0376939978151456j)	0.3244328498840332	17.518342342342343
176	(2.1932674803598022+0.03580231123528099j)	0.30045318603515625	17.618441441441444
177	(2.1950166531305237+0.03342141784242347j)	0.2947990894317627	17.71854054054054
178	(2.196188669503228+0.03154909261570982j)	0.3004608154296875	17.818639639639642
179	(2.197990557220777+0.02958764102906386j)	0.2979300022125244	17.91873873873874
180	(2.1994080916823937+0.02714022845106201j)	0.3228340148925781	18.01883783783784
181	(2.201054035248525+0.02540923903888559j)	0.3491072654724121	18.11893693693694
182	(2.203228876591357+0.023361724969577002j)	0.29582881927490234	18.219036036036037
183	(2.2047451472620208+0.021621818668957626j)	0.31093502044677734	18.319135135135138
184	(2.2063385007115115+0.020049904732140078j)	0.339400053024292	18.419234234234235
185	(2.208346056650833+0.01855102357371008j)	0.3244669437408447	18.519333333333336
186	(2.2096623174999612+0.01716088627486334j)	0.4512758255004883	18.619432432432433
187	(2.2117190370626236+0.015594872207071786j)	0.2938840389251709	18.719531531531533
188	(2.213379363971237+0.01379228259574039j)	0.3350703716278076	18.81963063063063
189	(2.215285650182602+0.01280701157747588j)	0.3386521339416504	18.91972972972973
190	(2.217433957302963+0.011464540384006128j)	0.2951200008392334	19.01982882882883
191	(2.2188331761945017+0.010419914560929167j)	0.29842424392700195	19.11992792792793
192	(2.2206911438130232+0.009619708047669207j)	0.30980801582336426	19.22002702702703
193	(2.2223315012822464+0.00814739129097486j)	0.29180002212524414	19.320126126126127
194	(2.223844631303126+0.007241959633259798j)	0.2941629886627197	19.420225225225227
195	(2.22606512417805+0.006201501504343732j)	0.29428601264953613	19.520324324324324
196	(2.227728733537135+0.0051469512409478835j)	0.2953040599822998	19.620423423423425
197	(2.229570189122235+0.004832652839647622j)	0.29817795753479004	19.720522522522526
198	(2.2314427730210484+0.00398236339167668j)	0.29414820671081543	19.820621621621623
199	(2.232669148834284+0.00337465924844782j)	0.30073022842407227	19.920720720720723
200	(2.2344239426378687+0.002720778412674152j)	0.2934248447418213	20.02081981981982
201	(2.2361721354799537+0.0017938118035369932j)	0.2931990623474121	20.12091891891892
202	(2.2377940403420187+0.001479599165107759j)	0.29338812828063965	20.221018018018018
203	(2.2399177394883787+0.0010157412567703972j)	0.2962212562561035	20.32111711711712
204	(2.2413061324969887+0.0005952418385020142j)	0.295703649520874	20.42121621621622
205	(2.24290174762457+0.0006858019431954521j)	0.3275449275970459	20.521315315315316
206	(2.244490516379897+8.769754615634007e-05j)	0.3100550174713135	20.621414414414417
207	(2.2456536952003385-0.00019857687808011448j)	0.34343814849853516	20.721513513513514
208	(2.2475412482723396-0.00041336858088469874j)	0.292309045791626	20.821612612612615
209	(2.249095548975003-0.000933064697974606j)	0.2984609603881836	20.921711711711712
210	(2.250587176455105-0.0006634703283865395j)	0.3078272342681885	21.021810810810813
211	(2.252357477126282-0.0007113005444336906j)	0.322174072265625	21.121909909909913
212	(2.253370230947959-0.00076649557780617j)	0.41323399543762207	21.22200900900901
213	(2.254770420693456-0.0005123392377932579j)	0.34081006050109863	21.32210810810811
214	(2.2561950856030304-0.0009244730405082446j)	0.32213282585144043	21.422207207207208
215	(2.2573458103966217-0.0008288425353579765j)	0.3579888343811035	21.52230630630631
216	(2.259135193066741-0.0006477582416009042j)	0.3178732395172119	21.622405405405406
217	(2.2603698146096107-0.0006637982533304054j)	0.36460018157958984	21.722504504504506
218	(2.2615353321376617-2.275905167192782e-05j)	0.3035731315612793	21.822603603603604
219	(2.2628969949755637+7.586232086964628e-05j)	0.3039090633392334	21.922702702702704
220	(2.263649548198828+0.0001873388274507004j)	0.39426493644714355	22.022801801801805
221	(2.2649841863512057+0.000558232632501543j)	0.3630359172821045	22.122900900900902
222	(2.2662709416659714+0.0004251457491890598j)	0.3497130870819092	22.223000000000003
223	(2.2672853035713145+0.0009602743763963417j)	0.4273970127105713	22.3230990990991
224	(2.268753256483118+0.0014603867621576505j)	0.30342984199523926	22.4231981981982
225	(2.269528951617043+0.0017295903877891927j)	0.4141409397125244	22.523297297297297
226	(2.2703832263771506+0.0024662247895914646j)	0.30483317375183105	22.623396396396398
227	(2.2714721818607693+0.0025577176435642723j)	0.29894185066223145	22.7234954954955
228	(2.2721153228359334+0.0028368293193092864j)	0.3148479461669922	22.823594594594596
229	(2.2733854576989776+0.00341001107047445j)	0.2913360595703125	22.923693693693696
230	(2.2743939834777827+0.0036094081637920716j)	0.2965259552001953	23.023792792792793
231	(2.2750904541499275+0.004466208049743625j)	0.2931630611419678	23.123891891891894
232	(2.276132761764802+0.005046550199650279j)	0.29373812675476074	23.22399099099099
233	(2.276527485033416+0.0053645271379941795j)	0.2960062026977539	23.324090090090092
234	(2.277239857914461+0.006068780135019325j)	0.298386812210083	23.424189189189192
235	(2.2781827394323013+0.006200678158684303j)	0.2991061210632324	23.52428828828829
236	(2.278718112427576+0.006750873170492611j)	0.29497694969177246	23.62438738738739
237	(2.2797644422682493+0.007533555938212477j)	0.29510998725891113	23.724486486486487
238	(2.2799665138325524+0.007939154390204983j)	0.30147719383239746	23.824585585585588
239	(2.2806802263830854+0.008864208409355201j)	0.31336402893066406	23.924684684684685
240	(2.2814020421508205+0.009315697824267j)	0.296525239944458	24.024783783783786
241	(2.281612332008956+0.009617593152362325j)	0.30055928230285645	24.124882882882886
242	(2.2822964671864767+0.010352128847591957j)	0.3332023620605469	24.224981981981983
243	(2.2830527726127188+0.010633670961614272j)	0.4439079761505127	24.325081081081084
244	(2.283334904803003+0.0114317354916873j)	0.4011571407318115	24.42518018018018
245	(2.2840271479898266+0.012272518608455019j)	0.3010389804840088	24.52527927927928
246	(2.2841776262902846+0.01265557898049785j)	0.38622283935546875	24.62537837837838
247	(2.284322801321851+0.013466969990258315j)	0.310575008392334	24.72547747747748
248	(2.2849063354838712+0.013773060190707898j)	0.37418103218078613	24.825576576576577
249	(2.285035689707296+0.014161961830564174j)	0.4194371700286865	24.925675675675677
250	(2.2856268207878436+0.015011064543892227j)	0.40951085090637207	25.025774774774778
251	(2.2860491355272727+0.015419844556261997j)	0.3875162601470947	25.125873873873875
252	(2.285997887725691+0.016290888849448848j)	0.361997127532959	25.225972972972976
253	(2.286376877259198+0.016960361106055033j)	0.30520200729370117	25.326072072072073
254	(2.286290835681341+0.017199981879763904j)	0.32637882232666016	25.426171171171173
255	(2.286424590616912+0.017911313295924658j)	0.2963860034942627	25.52627027027027
256	(2.2869263490919334+0.018198285665068203j)	0.3064708709716797	25.62636936936937
257	(2.2869037769161995+0.01875709052827479j)	0.4540097713470459	25.72646846846847
258	(2.2872585774074485+0.019655048510417772j)	0.3646831512451172	25.82656756756757
259	(2.2872901419952556+0.02001620753756339j)	0.41593003273010254	25.92666666666667
260	(2.2870078349729486+0.020755252135457147j)	0.4123401641845703	26.026765765765767
261	(2.287259814817835+0.021169567204477602j)	0.4317450523376465	26.126864864864867
262	(2.2871126114553455+0.02133896637982735j)	0.40249013900756836	26.226963963963964
263	(2.2872672679264845+0.022072345008281702j)	0.42527103424072266	26.327063063063065
264	(2.2875804104106994+0.02241245671557157j)	0.4233551025390625	26.427162162162166
265	(2.287291894654569+0.023058271144003162j)	0.3888862133026123	26.527261261261263
266	(2.287383248484415+0.023810590983898372j)	0.3056497573852539	26.627360360360363
267	(2.287154383527975+0.023966077113632966j)	0.31015682220458984	26.72745945945946
268	(2.286849975261516+0.02452844393176079j)	0.3513920307159424	26.82755855855856
269	(2.287108593980988+0.024790599583021877j)	0.31088685989379883	26.927657657657658
270	(2.2869073630324+0.025032021080387157j)	0.33266210556030273	27.02775675675676
271	(2.286966114816635+0.02582031391470474j)	0.4596900939941406	27.127855855855856
272	(2.286978921812105+0.02611786891952561j)	0.34991002082824707	27.227954954954956
273	(2.2864513457053985+0.026664717728258402j)	0.3831470012664795	27.328054054054057
274	(2.286426601356034+0.02713347064057825j)	0.3166160583496094	27.428153153153154
275	(2.2861387341351493+0.027101901427526887j)	0.3267509937286377	27.528252252252255
276	(2.2859290718240546+0.02760839470844112j)	0.34960508346557617	27.628351351351352
277	(2.286150582886364+0.02785360445717333j)	0.35207295417785645	27.728450450450453
278	(2.2857800664675825+0.02818850929309058j)	0.3081231117248535	27.82854954954955
279	(2.285655021074715+0.02890079616140251j)	0.3041720390319824	27.92864864864865
280	(2.285415398587713+0.02899225673710082j)	0.2950761318206787	28.02874774774775
281	(2.2848319928488574+0.0293411865035067j)	0.3151090145111084	28.128846846846848
282	(2.2848670805660207+0.02957415906724159j)	0.31606578826904297	28.22894594594595
283	(2.2846017201078426+0.02951286491312277j)	0.3023688793182373	28.329045045045046
284	(2.2844247804481856+0.03007379621168904j)	0.29854607582092285	28.429144144144146
285	(2.2844737501791257+0.03029744392202971j)	0.30731797218322754	28.529243243243243
286	(2.283884612069663+0.030593012472693082j)	0.3251967430114746	28.629342342342344
287	(2.2836526534085846+0.031064643473519227j)	0.29903674125671387	28.729441441441445
288	(2.2833432702845635+0.03090495153097006j)	0.3086831569671631	28.829540540540542
289	(2.282876457484138+0.03113858803880043j)	0.301328182220459	28.929639639639642
290	(2.283001195355922+0.03129376093633773j)	0.3220639228820801	29.02973873873874
291	(2.282672929209123+0.03131190890514468j)	0.3050389289855957	29.12983783783784
292	(2.28240566394576+0.031881080547497276j)	0.2958719730377197	29.229936936936937
293	(2.282243005904129+0.031945815525851184j)	0.306657075881958	29.330036036036038
294	(2.281554260156406+0.03206780441261725j)	0.30977630615234375	29.43013513513514
295	(2.281395942891141+0.032277755778728934j)	0.29823803901672363	29.530234234234236
296	(2.2811533121257095+0.031995810136987934j)	0.3046548366546631	29.630333333333336
297	(2.2808106442565017+0.0322680495614438j)	0.31002116203308105	29.730432432432433
298	(2.2809024148105084+0.032423124449237894j)	0.3139612674713135	29.830531531531534
299	(2.280403605187084+0.032463934989710674j)	0.32537007331848145	29.93063063063063
300	(2.280042617966235+0.03288499401668005j)	0.30496883392333984	30.03072972972973
301	(2.2797941933038257+0.032690463875135134j)	0.2968730926513672	30.13082882882883
302	(2.2798291757745885+0.03263845136956728j)	0.3251631259918213	30.23092792792793
303	(2.279207185717193+0.032748032567950724j)	0.30428194999694824	30.33102702702703
304	(2.2789969672175094+0.03250699970597082j)	0.33974695205688477	30.431126126126127
305	(2.2786562458838255+0.03285913240342325j)	0.3073747158050537	30.531225225225228
306	(2.27860669247873+0.03292950217739582j)	0.32392406463623047	30.631324324324325
307	(2.277972185616685+0.03285389530314592j)	0.33337974548339844	30.731423423423426
308	(2.2775731509409116+0.032558454789720526j)	0.35524892807006836	30.831522522522523
309	(2.27749051888824+0.03265524611004278j)	0.3764309883117676	30.931621621621623
310	(2.277446368926442+0.032565196882573755j)	0.46031689643859863	31.031720720720724
311	(2.2771633899522805+0.03272895836971956j)	0.3085057735443115	31.13181981981982
312	(2.2768535669726915+0.03255611617866183j)	0.29723405838012695	31.23191891891892
313	(2.276439269126683+0.032873011119618156j)	0.30512213706970215	31.33201801801802
314	(2.2762243058551284+0.03228379396873132j)	0.3824939727783203	31.43211711711712
315	(2.2756900756574057+0.03249349843938659j)	0.318511962890625	31.532216216216217
316	(2.2755748119024295+0.032529131830922264j)	0.3205740451812744	31.632315315315317
317	(2.275507019420595+0.032128044581565096j)	0.3117189407348633	31.732414414414418
318	(2.2751537452368575+0.032225536678766264j)	0.3087790012359619	31.832513513513515
319	(2.275204926694219+0.032316164729021435j)	0.3068878650665283	31.932612612612616
320	(2.2747452024863066+0.032097585499831105j)	0.29862499237060547	32.03271171171171
321	(2.2743402461994577+0.032250061222821425j)	0.3052358627319336	32.13281081081081
322	(2.274252431153196+0.031881013440809014j)	0.30326414108276367	32.23290990990991
323	(2.273808071098443+0.03161025217546548j)	0.31685900688171387	32.333009009009004
324	(2.273875611940057+0.031651542955792034j)	0.31850719451904297	32.43310810810811
325	(2.2737903384808282+0.03133459465353444j)	0.3136887550354004	32.533207207207205
326	(2.273393076159247+0.031502534653372966j)	0.315169095993042	32.6333063063063
327	(2.273354618696705+0.031456374457284914j)	0.30628013610839844	32.733405405405406
328	(2.272853516868277+0.03109853020121975j)	0.30661606788635254	32.8335045045045
329	(2.2726145396075292+0.031098119985902645j)	0.3001821041107178	32.9336036036036
330	(2.2726688135297057+0.030650729428401913j)	0.32281994819641113	33.0337027027027
331	(2.2723526577349555+0.03049745453496744j)	0.3050260543823242	33.1338018018018
332	(2.2724534459838353+0.03051790498651813j)	0.3092670440673828	33.2339009009009
333	(2.2722412017506324+0.03030535191486064j)	0.32332801818847656	33.333999999999996
334	(2.271805609183511+0.03040290840730947j)	0.30872297286987305	33.4340990990991
335	(2.271789282428561+0.030143732203944923j)	0.3060181140899658	33.5341981981982
336	(2.27140093601365+0.029703876183897304j)	0.31508398056030273	33.634297297297294
337	(2.271385396901359+0.02969342018791568j)	0.3138771057128906	33.73439639639639
338	(2.2712596256601714+0.029326855883747144j)	0.30089902877807617	33.834495495495496
339	(2.271178491742982+0.029306378389608964j)	0.3012359142303467	33.93459459459459
340	(2.2712209636289087+0.02936979503297603j)	0.2998321056365967	34.03469369369369
341	(2.2709003197024042+0.028975679582570066j)	0.3010833263397217	34.134792792792794
342	(2.2710872118638017+0.02872126637139484j)	0.30065202713012695	34.23489189189189
343	(2.270691982015876+0.028554458908901605j)	0.3167569637298584	34.33499099099099
344	(2.2700026444386836+0.027814932294768724j)	0.31818079948425293	34.435090090090085
345	(2.270552618468276+0.028283301711768162j)	0.3130323886871338	34.53518918918919
346	(2.270584001837854+0.027977544564209623j)	0.3171560764312744	34.63528828828829
347	(2.2701865079729937+0.02799610403665103j)	0.3054049015045166	34.735387387387384
348	(2.2702115518972135+0.027896027301310047j)	0.312849760055542	34.83548648648649
349	(2.269932729299366+0.027387815269270525j)	0.30612707138061523	34.935585585585585
350	(2.269809222853513+0.027323714627002355j)	0.3161931037902832	35.03568468468468
351	(2.270063050755185+0.026962778917550043j)	0.31673192977905273	35.13578378378378
352	(2.269851025449655+0.026776487860589733j)	0.3124861717224121	35.23588288288288
353	(2.269931098707049+0.026920947302889273j)	0.3111429214477539	35.33598198198198
354	(2.269827932501733+0.026568724768385694j)	0.31804513931274414	35.43608108108108
355	(2.2694454672053155+0.026503728470225044j)	0.3102388381958008	35.53618018018018
356	(2.269585660188857+0.026245497419953245j)	0.31925487518310547	35.63627927927928
357	(2.2694368295620957+0.02575405564636135j)	0.31987810134887695	35.736378378378376
358	(2.269485362350836+0.025795868995555138j)	0.33210015296936035	35.83647747747747
359	(2.269721843729739+0.025531745971098058j)	0.3015270233154297	35.93657657657658
360	(2.2694229297350437+0.02545357028002114j)	0.32282495498657227	36.036675675675674
361	(2.269457226371833+0.025512935714509966j)	0.3451111316680908	36.13677477477477
362	(2.269320017299044+0.025036765238855452j)	0.4800710678100586	36.236873873873876
363	(2.2690936926102596+0.024918311359569914j)	0.3396589756011963	36.33697297297297
364	(2.269395952343644+0.02463807029728432j)	0.39078617095947266	36.43707207207207
365	(2.2693124698397336+0.024302318542965662j)	0.33061814308166504	36.53717117117117
366	(2.2693870548874195+0.024471412020352246j)	0.3805830478668213	36.63727027027027
367	(2.269493073758979+0.02421782271130221j)	0.40486788749694824	36.73736936936937
368	(2.2691292447865328+0.024114815316924748j)	0.33665895462036133	36.837468468468465
369	(2.269227329215422+0.024020739799380242j)	0.3356468677520752	36.93756756756757
370	(2.269181143670906+0.023492123497795808j)	0.398118257522583	37.03766666666667
371	(2.2691416719568256+0.023457158295171032j)	0.3542609214782715	37.137765765765764
372	(2.2695007144011377+0.02326846236352631j)	0.3061060905456543	37.23786486486486
373	(2.2693435589437363+0.02309064186167953j)	0.3600289821624756	37.337963963963965
374	(2.2693596811012835+0.023266451993106174j)	0.3043227195739746	37.43806306306306
375	(2.2693719060530086+0.022904412452651873j)	0.34436511993408203	37.53816216216216
376	(2.269615688779307+0.02280416058853918j)	0.2957649230957031	37.638261261261256
377	(2.269340540373757+0.02257345481703832j)	0.32703495025634766	37.73836036036036
378	(2.269381600614109+0.022144095337193692j)	0.3330368995666504	37.83845945945946
379	(2.269416228109126+0.022272848222654462j)	0.2998840808868408	37.938558558558555
380	(2.269684228671663+0.022145292370242375j)	0.31824731826782227	38.03865765765766
381	(2.2694050272374113+0.022001642853019254j)	0.33704614639282227	38.138756756756756
382	(2.269427138871272+0.02206255616360331j)	0.39016222953796387	38.23885585585585
383	(2.2694746130878003+0.021591836030301126j)	0.32724785804748535	38.33895495495495
384	(2.2693447433431495+0.02146470617275409j)	0.40906524658203125	38.439054054054054
385	(2.2697272308346994+0.021364914041751948j)	0.2981140613555908	38.53915315315315
386	(2.26973064665043+0.021102813674555077j)	0.40178823471069336	38.63925225225225
387	(2.2697118193306967+0.021323863337722182j)	0.2967238426208496	38.73935135135135
388	(2.269855490797386+0.021126319245314717j)	0.35471367835998535	38.83945045045045
389	(2.269553102269735+0.02092411756698459j)	0.3414158821105957	38.93954954954955
390	(2.269706743002953+0.02088346722493528j)	0.3182857036590576	39.039648648648644
391	(2.269847771607856+0.020433385246004077j)	0.322171688079834	39.13974774774775
392	(2.2698256031881074+0.02046681049585608j)	0.33667612075805664	39.239846846846845
393	(2.2701811869922555+0.020460645663870736j)	0.3034250736236572	39.33994594594594
394	(2.270039062827039+0.020283313589518903j)	0.29671621322631836	39.440045045045046
395	(2.269975717286928+0.020453188036741066j)	0.35696911811828613	39.54014414414414
396	(2.2700971592459536+0.020118100825319063j)	0.32080817222595215	39.64024324324324
397	(2.2699014453027204+0.019905278402662985j)	0.31322407722473145	39.74034234234234
398	(2.2702137154426407+0.019886922588276734j)	0.31375694274902344	39.84044144144144
399	(2.2703619296503903+0.01957442305748719j)	0.2914698123931885	39.94054054054054
400	(2.2703122702579077+0.01976207059379148j)	0.2940409183502197	40.040639639639636
401	(2.2702849802426663+0.01853817179468842j)	0.27526378631591797	40.14073873873874
402	(2.270300148906297+0.019523834765749815j)	0.29630017280578613	40.24083783783784
403	(2.270443812980783+0.019055714552043912j)	0.3169281482696533	40.340936936936934
404	(2.2705135086623476+0.01919270511074611j)	0.3039729595184326	40.44103603603603
405	(2.2704375395045435+0.01910054811691253j)	0.3172450065612793	40.541135135135136
406	(2.2707949182767755+0.01918713744088607j)	0.29933786392211914	40.64123423423423
407	(2.2708156534279245+0.018989712712765172j)	0.30289411544799805	40.74133333333333
408	(2.2706836416731537+0.019201432476048885j)	0.2922220230102539	40.841432432432434
409	(2.270849074357487+0.019048478720986695j)	0.29337596893310547	40.94153153153153
410	(2.270633606051225+0.018775848003029005j)	0.2955930233001709	41.04163063063063
411	(2.2708063529172597+0.018817262945740487j)	0.29450082778930664	41.141729729729725
412	(2.271062254390169+0.018501786043277124j)	0.2979116439819336	41.24182882882883
413	(2.2709918326394596+0.01858965947728719j)	0.2942321300506592	41.34192792792793
414	(2.2712631795293654+0.018718771206099327j)	0.2984631061553955	41.442027027027024
415	(2.271128362342046+0.018512480780296103j)	0.3017599582672119	41.54212612612613
416	(2.271000966089186+0.018638701966887883j)	0.3132750988006592	41.642225225225225
417	(2.2712190941316748+0.018365573183262263j)	0.30399107933044434	41.74232432432432
418	(2.2711089244198797+0.018150497184101555j)	0.2901327610015869	41.84242342342342
419	(2.271389545334299+0.018284083586303623j)	0.3027818202972412	41.94252252252252
420	(2.2715659212322152+0.018088251585043902j)	0.2950141429901123	42.04262162162162
421	(2.2714009468353695+0.01826999801856566j)	0.29277682304382324	42.14272072072072
422	(2.2715760465603103+0.018306105373886883j)	0.3031799793243408	42.24281981981982
423	(2.27139380901519+0.018016747494181584j)	0.29493117332458496	42.34291891891892
424	(2.2713961596836585+0.018086235172658616j)	0.2919890880584717	42.443018018018016
425	(2.271701533672872+0.017818042240472898j)	0.291579008102417	42.54311711711711
426	(2.2716304796510856+0.01776843049527721j)	0.29364490509033203	42.64321621621622
427	(2.271880725186469+0.01799338895560687j)	0.29433417320251465	42.743315315315314
428	(2.271948188350059+0.017667688829856476j)	0.31119775772094727	42.84341441441441
429	(2.2716638934208264+0.01796305305432j)	0.2951500415802002	42.94351351351351
430	(2.2718531720247217+0.017849743425945808j)	0.3174450397491455	43.04361261261261
431	(2.271739506993704+0.01754552184596181j)	0.30098414421081543	43.14371171171171
432	(2.271886600414818+0.017676351289992676j)	0.3053267002105713	43.24381081081081
433	(2.272179284460777+0.01750714669981046j)	0.3216230869293213	43.34390990990991
434	(2.2720247022577404+0.01759933060746277j)	0.3100581169128418	43.44400900900901
435	(2.272177344013746+0.017792255359271203j)	0.3320152759552002	43.544108108108105
436	(2.2720747223840423+0.01753506083621925j)	0.32236528396606445	43.6442072072072
437	(2.2719174839391716+0.017599999324267368j)	0.33225202560424805	43.74430630630631
438	(2.2722079105777904+0.017422085231322826j)	0.342465877532959	43.8444054054054
439	(2.2721569499090206+0.017233354662070544j)	0.31519103050231934	43.9445045045045
440	(2.272336486091893+0.01748308951793165j)	0.2998502254486084	44.044603603603605
441	(2.2724906352937264+0.017368718935015237j)	0.3155038356781006	44.1447027027027
442	(2.272226125775943+0.01747505925952708j)	0.294903039932251	44.2448018018018
443	(2.272352865914367+0.017527942355556658j)	0.30712127685546875	44.344900900900896
444	(2.2722677251024828+0.017191442421595426j)	0.330554723739624	44.445
445	(2.2722576173138385+0.017276013777863364j)	0.3268599510192871	44.5450990990991
446	(2.2726024466733814+0.017155338788584884j)	0.29738306999206543	44.645198198198194
447	(2.272499742117393+0.017125351535943967j)	0.3194899559020996	44.7452972972973
448	(2.2726030159897617+0.01741242922872721j)	0.32137608528137207	44.845396396396396
449	(2.272608965894171+0.01723023087129283j)	0.46484827995300293	44.94549549549549
450	(2.272339600922413+0.01726430242540422j)	0.36374998092651367	45.04559459459459
451	(2.272556308143663+0.017201515424481006j)	0.3670339584350586	45.145693693693694
452	(2.272542083984628+0.016907770083431917j)	0.2984132766723633	45.24579279279279
453	(2.2723562049351544+0.017628576056644252j)	0.29013681411743164	45.34589189189189
454	(2.2728847132556016+0.0170649195898529j)	0.308351993560791	45.44599099099099
455	(2.27265044138177+0.0171011064026656j)	0.30138301849365234	45.54609009009009
456	(2.2727019572883953+0.017278551533751685j)	0.32390880584716797	45.64618918918919
457	(2.272660427898869+0.0169960543638068j)	0.293964147567749	45.746288288288284
458	(2.2729018940842494+0.017210343974368714j)	0.29555416107177734	45.84638738738739
459	(2.272833140160473+0.016942879266771405j)	0.2955160140991211	45.946486486486485
460	(2.2728089732614163+0.016788903104682396j)	0.2917940616607666	46.04658558558558
461	(2.2728477340436015+0.017091377289132792j)	0.2978940010070801	46.146684684684686
462	(2.2729651827863155+0.017012346637054532j)	0.29305005073547363	46.24678378378378
463	(2.2726545528180413+0.01699797708819306j)	0.2912943363189697	46.34688288288288
464	(2.272757691341402+0.017053048383905978j)	0.2938070297241211	46.44698198198198
465	(2.2727876202768535+0.016714351948109774j)	0.29572391510009766	46.54708108108108
466	(2.2727512358891917+0.016819310275779542j)	0.29265308380126953	46.64718018018018
467	(2.2727513497708167+0.0177896095368697j)	0.28035926818847656	46.747279279279276
468	(2.272926063632755+0.016787954606936717j)	0.3041269779205322	46.84737837837838
469	(2.272887658661454+0.017060477969280563j)	0.29450297355651855	46.94747747747748
470	(2.27292253028133+0.016851073167230446j)	0.29297518730163574	47.047576576576574
471	(2.272668515206483+0.016779340475268745j)	0.3033461570739746	47.14767567567567
472	(2.2729032836028207+0.016788712746162338j)	0.32886195182800293	47.247774774774776
473	(2.27296600311609+0.01654045456991038j)	0.3351411819458008	47.34787387387387
474	(2.272938038230601+0.016780323056524216j)	0.29757094383239746	47.44797297297297
475	(2.2731359645694598+0.016821486752112147j)	0.3573319911956787	47.548072072072074
476	(2.272868359889891+0.016745145078637558j)	0.32277488708496094	47.64817117117117
477	(2.2728432893430965+0.016895128065070653j)	0.31963109970092773	47.74827027027027
478	(2.272913972086413+0.0165826134638416j)	0.3220219612121582	47.848369369369365
479	(2.272780507800594+0.016559860416796246j)	0.2993159294128418	47.94846846846847
480	(2.2730858776495673+0.016630076537524907j)	0.306351900100708	48.04856756756757
481	(2.2730628276818656+0.016499774168138748j)	0.3064229488372803	48.148666666666664
482	(2.2729578851360954+0.01678290643996805j)	0.3474690914154053	48.24876576576577
483	(2.27305445429535+0.016704383561038316j)	0.31527113914489746	48.348864864864865
484	(2.2727652269162903+0.016563139908226887j)	0.3025698661804199	48.44896396396396
485	(2.272864388007384+0.016629749891387435j)	0.31810593605041504	48.54906306306306
486	(2.2730001612876434+0.016339294277754934j)	0.3138899803161621	48.64916216216216
487	(2.2729168951407717+0.016457334586646555j)	0.3075900077819824	48.74926126126126
488	(2.27316493128354+0.016579369840676428j)	0.32677197456359863	48.84936036036036
489	(2.272991788416275+0.016472449163850822j)	0.3075370788574219	48.949459459459455
490	(2.2728517871288796+0.01667514305204576j)	0.30855703353881836	49.04955855855856
491	(2.272950705121018+0.016453571404363432j)	0.3047149181365967	49.149657657657656
492	(2.272754855903282+0.016307168544701156j)	0.29326796531677246	49.24975675675675
493	(2.2729788490742293+0.016405819896405216j)	0.3250119686126709	49.34985585585586
494	(2.2730834818014953+0.016219648523213337j)	0.33797216415405273	49.449954954954954
495	(2.2729408009155816+0.016442497766197883j)	0.3225269317626953	49.55005405405405
496	(2.273079729201232+0.0165027915823448j)	0.30614280700683594	49.65015315315315
497	(2.272824787090026+0.01632075959354573j)	0.30052685737609863	49.75025225225225
498	(2.27270975001362+0.016502357650280963j)	0.30414509773254395	49.85035135135135
499	(2.2729501942620916+0.016152775320221968j)	0.3542971611022949	49.95045045045045
500	(2.272833635503836+0.01611996774800928j)	0.3387870788574219	50.05054954954955
501	(2.269417487670861+0.01330815548395492j)	0.2775871753692627	50.15064864864865
502	(2.2730373149688905+0.01616822216185909j)	0.3115272521972656	50.250747747747745
503	(2.272820809566632+0.016371356298267914j)	0.3201289176940918	50.35084684684684
504	(2.272926830429854+0.01628347234114358j)	0.32601213455200195	50.450945945945946
505	(2.2727165947422234+0.01604504190005973j)	0.3283979892730713	50.55104504504504
506	(2.2728116640502916+0.016144863865576786j)	0.37215590476989746	50.65114414414414
507	(2.2730182945481827+0.015940749440911617j)	0.3220789432525635	50.751243243243245
508	(2.2728719809828393+0.016048249944993653j)	0.3068850040435791	50.85134234234234
509	(2.2730228927930627+0.0162248069597577j)	0.36342287063598633	50.95144144144144
510	(2.2728618459530434+0.016038949526138824j)	0.37937426567077637	51.051540540540536
511	(2.27267550735134+0.016149614439541438j)	0.3196399211883545	51.15163963963964
512	(2.272855641638211+0.01595463421736487j)	0.30681300163269043	51.25173873873874
513	(2.2727324680383933+0.01577758223525705j)	0.32117772102355957	51.351837837837834
514	(2.2729043749568922+0.015964070246511586j)	0.3202791213989258	51.45193693693694
515	(2.2730176166194616+0.015835269560968035j)	0.31168627738952637	51.552036036036036
516	(2.272776867095081+0.015987331740980215j)	0.3642752170562744	51.65213513513513
517	(2.2728685506659803+0.016044939140553938j)	0.3222219944000244	51.75223423423423
518	(2.272692532445275+0.01576662476484536j)	0.30969929695129395	51.852333333333334
519	(2.272640712856214+0.015840649831319276j)	0.3066868782043457	51.95243243243243
520	(2.272899355487031+0.01565987055494711j)	0.29961419105529785	52.05253153153153
521	(2.2727832464338036+0.015625382420972223j)	0.3124868869781494	52.15263063063063
522	(2.2729128083775434+0.015869212884661588j)	0.3378632068634033	52.25272972972973
523	(2.272653240627057+0.015488828037297564j)	0.31675100326538086	52.35282882882883
524	(2.2726072432045132+0.015805099185971727j)	0.310579776763916	52.452927927927924
525	(2.272749335912655+0.01572412493649611j)	0.3707540035247803	52.55302702702703
526	(2.2726475149701244+0.015441874437601921j)	0.32027387619018555	52.653126126126125
527	(2.2727172098841044+0.015589371810465602j)	0.318178653717041	52.75322522522522
528	(2.2729466131674725+0.015484738737229886j)	0.3339688777923584	52.853324324324326
529	(2.272737139906501+0.015546758921491488j)	0.3040633201599121	52.95342342342342
530	(2.272795060013462+0.015728060838718694j)	0.33240509033203125	53.05352252252252
531	(2.272693100619625+0.015469160221126765j)	0.35164904594421387	53.15362162162162
532	(2.2725096383107175+0.01549733851164814j)	0.30265283584594727	53.25372072072072
533	(2.2727599803401035+0.015375502184098j)	0.3634450435638428	53.35381981981982
534	(2.272697944480589+0.015204627368215817j)	0.29599833488464355	53.453918918918916
535	(2.2727775039751252+0.01545294510934303j)	0.31592607498168945	53.55401801801802
536	(2.272878998056335+0.015360956019973226j)	0.34834909439086914	53.65411711711712
537	(2.2725830829502964+0.015403241410905988j)	0.3090701103210449	53.754216216216214
538	(2.272656402098769+0.015447186689006909j)	0.34801793098449707	53.85431531531531
539	(2.2725978348774873+0.015121474348541719j)	0.3265419006347656	53.954414414414416
540	(2.2725506181789314+0.015192758415615515j)	0.3157491683959961	54.05451351351351
541	(2.272840293431675+0.015129259466330591j)	0.2995011806488037	54.15461261261261
542	(2.272708370071012+0.015083507233283111j)	0.3228762149810791	54.25471171171171
543	(2.272720277984756+0.015338807413071809j)	0.3338298797607422	54.35481081081081
544	(2.2727149721426754+0.015151630256361459j)	0.2967848777770996	54.45490990990991
545	(2.2724439571934862+0.015125139951984501j)	0.3109607696533203	54.555009009009005
546	(2.2726288650805095+0.015083530518620325j)	0.30567502975463867	54.65510810810811
547	(2.2726326335202933+0.014812622946046572j)	0.2950901985168457	54.75520720720721
548	(2.2726436114854396+0.01500319001460415j)	0.3066701889038086	54.855306306306304
549	(2.2728522289833553+0.014984506471314107j)	0.2928450107574463	54.9554054054054
550	(2.2726012588503828+0.014966169499031956j)	0.3008410930633545	55.055504504504505
551	(2.272590962543337+0.015117395294417912j)	0.2934737205505371	55.1556036036036
552	(2.272587472450361+0.014818619761744367j)	0.2975289821624756	55.2557027027027
553	(2.2724358743462814+0.014794760569526666j)	0.2992591857910156	55.3558018018018
554	(2.2728025722217597+0.014716392785405485j)	0.29414796829223633	55.4559009009009
555	(2.2726885014607325+0.014633467507867426j)	0.3012959957122803	55.556
556	(2.272654829175682+0.014895955699338437j)	0.30120301246643066	55.656099099099094
557	(2.272743916149615+0.01481625556136601j)	0.3004186153411865	55.7561981981982
558	(2.2724494131172737+0.014735894713197695j)	0.3015108108520508	55.856297297297296
559	(2.2725282167028364+0.014778154550252776j)	0.2946960926055908	55.95639639639639
560	(2.272593143176886+0.014465592273662509j)	0.2994210720062256	56.0564954954955
561	(2.2725338680354863+0.014550758322051216j)	0.29575490951538086	56.156594594594594
562	(2.2727991065656914+0.014601260825918727j)	0.2943079471588135	56.25669369369369
563	(2.2726480747150455+0.014520661055050121j)	0.29460620880126953	56.35679279279279
564	(2.272560013267038+0.014737765790814539j)	0.29342198371887207	56.45689189189189
565	(2.2726105785621056+0.014527555288627259j)	0.3021838665008545	56.55699099099099
566	(2.272390095081938+0.014411652870351288j)	0.2992861270904541	56.65709009009009
567	(2.2726007077457275+0.01444146811744318j)	0.29822206497192383	56.75718918918919
568	(2.2726782599729964+0.014222741712413445j)	0.2940359115600586	56.85728828828829
569	(2.272603750068984+0.014427849879667942j)	0.2955300807952881	56.957387387387385
570	(2.272766383807427+0.014463698815596393j)	0.30460500717163086	57.05748648648648
571	(2.2725149695304605+0.014344757904440897j)	0.29122090339660645	57.157585585585586
572	(2.2724717020584597+0.014453682258768863j)	0.2960209846496582	57.25768468468468
573	(2.27258122644864+0.01416631624906195j)	0.2998530864715576	57.35778378378378
574	(2.272465222277261+0.014123383676543977j)	0.2952911853790283	57.457882882882885
575	(2.272724383583764+0.014224549920623497j)	0.29951906204223633	57.55798198198198
576	(2.272705965248705+0.014095650939594861j)	0.29512596130371094	57.65808108108108
577	(2.2725607657693505+0.014320065938016269j)	0.31522417068481445	57.758180180180176
578	(2.272653238800744+0.014238411601538603j)	0.29242897033691406	57.85827927927928
579	(2.272415045262189+0.014053194068022301j)	0.29471802711486816	57.95837837837838
580	(2.2725045460026223+0.014116853822037645j)	0.2977328300476074	58.058477477477474
581	(2.2726689079900244+0.013870599691531704j)	0.30361294746398926	58.15857657657658
582	(2.2725716711681865+0.0139657008823173j)	0.2965281009674072	58.258675675675676
583	(2.272768461505591+0.014100569978985567j)	0.2970449924468994	58.35877477477477
584	(2.2726170684292346+0.01396348508576195j)	0.3007659912109375	58.45887387387387
585	(2.2724644798649174+0.014108005988162642j)	0.2931210994720459	58.558972972972974
586	(2.272470097560692+0.013972755829940509j)	0.2992081642150879	58.65907207207207
587	(2.272445767731705+0.013742041368244862j)	0.2944669723510742	58.75917117117117
588	(2.272639606248622+0.013863082194174425j)	0.29650020599365234	58.85927027027027
589	(2.272753351262468+0.013708379086858513j)	0.2945683002471924	58.95936936936937
590	(2.2725856380708835+0.013883847035484398j)	0.3127281665802002	59.05946846846847
591	(2.2726995975475175+0.013940383475682161j)	0.3023340702056885	59.159567567567564
592	(2.2724978550687025+0.013724477273180158j)	0.2944061756134033	59.25966666666667
593	(2.2724497850811263+0.013801139081137115j)	0.2997128963470459	59.359765765765765
594	(2.2726586307747265+0.013578526629286047j)	0.2950921058654785	59.45986486486486
595	(2.2725608605246617+0.013538542583493629j)	0.2941908836364746	59.559963963963966
596	(2.272746596219379+0.013732400753963092j)	0.29570889472961426	59.66006306306306
597	(2.2727270941923585+0.013602939562419314j)	0.30448389053344727	59.76016216216216
598	(2.2724694824609206+0.013760541338304733j)	0.29128289222717285	59.86026126126126
599	(2.2726206113045597+0.013664921253909501j)	0.29789066314697266	59.96036036036036
600	(2.2724759210261527+0.01341592191537444j)	0.29953503608703613	60.06045945945946
601	(2.2725610384204105+0.013523319574426429j)	0.296994686126709	60.160558558558556
602	(2.272777436283584+0.01337205311559797j)	0.2934122085571289	60.26065765765765
603	(2.2726259461873126+0.013453500388700856j)	0.29385995864868164	60.36075675675676
604	(2.27273495306059+0.01362652820051824j)	0.2951622009277344	60.460855855855854
605	(2.2726156494482903+0.013424035240400145j)	0.2964448928833008	60.56095495495495
606	(2.272443877432562+0.013490425716662036j)	0.29380106925964355	60.661054054054055
607	(2.272648950074385+0.013336964618855474j)	0.2955930233001709	60.76115315315315
608	(2.2725710243112696+0.013168220079549209j)	0.2968308925628662	60.86125225225225
609	(2.2727037424658687+0.013369651817384698j)	0.294888973236084	60.96135135135135
610	(2.2728181287598224+0.013270493894353419j)	0.2997860908508301	61.06145045045045
611	(2.27257592884329+0.01337050063285683j)	0.2973449230194092	61.16154954954955
612	(2.272656972462833+0.013424703777770386j)	0.300142765045166	61.261648648648645
613	(2.2725476691693904+0.01314297483000082j)	0.29746484756469727	61.36174774774775
614	(2.272506018469883+0.013208625282937314j)	0.2947382926940918	61.461846846846846
615	(2.2727735892017766+0.013089333062903497j)	0.3104546070098877	61.56194594594594
616	(2.272671390024447+0.013053442194916998j)	0.2938542366027832	61.66204504504504
617	(2.2727515420700666+0.01329508425035586j)	0.2966930866241455	61.762144144144145
618	(2.2727411155730017+0.013145889602891314j)	0.2954728603363037	61.86224324324324
619	(2.272487888166796+0.013183036197853881j)	0.29360008239746094	61.96234234234234
620	(2.2726427308799693+0.013126802292034778j)	0.30045199394226074	62.06244144144144
621	(2.272601668039337+0.012864878541076985j)	0.3170790672302246	62.16254054054054
622	(2.2726510509191664+0.013022843273313711j)	0.2962019443511963	62.26263963963964
623	(2.2728706386070594+0.012968621402247194j)	0.2997128963470459	62.362738738738734
624	(2.272665738151281+0.012999888095821865j)	0.3042328357696533	62.46283783783784
625	(2.2726946021376957+0.013167537018838549j)	0.29564499855041504	62.562936936936936
626	(2.272644774358503+0.012913240099686418j)	0.3251171112060547	62.66303603603603
627	(2.272488639197851+0.012917887898800107j)	0.3239738941192627	62.76313513513514
628	(2.272745006139771+0.012852109092424957j)	0.3258349895477295	62.863234234234234
629	(2.272713527734351+0.012703752637543753j)	0.32762789726257324	62.96333333333333
630	(2.272748373422759+0.012951512969269219j)	0.3023529052734375	63.06343243243243
631	(2.272847070838739+0.012882435982430551j)	0.29676103591918945	63.16353153153153
632	(2.2725724857684297+0.012877383354741312j)	0.2969241142272949	63.26363063063063
633	(2.2726920967330386+0.012911086969553232j)	0.29527997970581055	63.36372972972973
634	(2.2726474197829782+0.0126271758402966j)	0.29241299629211426	63.46382882882883
635	(2.272604247851265+0.01270121817843517j)	0.293759822845459	63.56392792792793
636	(2.2728767533945+0.01269777041098219j)	0.2953488826751709	63.664027027027025
637	(2.2727552599464973+0.012648693351255291j)	0.29309797286987305	63.76412612612612
638	(2.272726906680001+0.01288415162814971j)	0.29701781272888184	63.864225225225226
639	(2.2727484844582255+0.012709430745856065j)	0.2950122356414795	63.96432432432432
640	(2.2725158293652132+0.012649133370691512j)	0.29975414276123047	64.06442342342343
641	(2.2727027243431173+0.012646102019837069j)	0.29555702209472656	64.16452252252253
642	(2.2727486840646156+0.01241644764532035j)	0.296083927154541	64.26462162162163
643	(2.2727295172751383+0.012608413050034684j)	0.31008100509643555	64.36472072072073
644	(2.272913922826379+0.01262806166483843j)	0.3140437602996826	64.46481981981982
645	(2.2726818516914875+0.01257756811875066j)	0.3024766445159912	64.56491891891892
646	(2.272656207260277+0.01271197015011205j)	0.297774076461792	64.66501801801802
647	(2.2727551296602377+0.012429623777306054j)	0.301616907119751	64.76511711711713
648	(2.2725785290422214+0.012412211351892133j)	0.30112504959106445	64.86521621621623
649	(2.272840881814414+0.012455388007870882j)	0.29444003105163574	64.96531531531532
650	(2.2728287375639478+0.012332172192647817j)	0.30072903633117676	65.06541441441442
651	(2.2727515592583307+0.012575164428056562j)	0.2957193851470947	65.16551351351352
652	(2.2728394936908916+0.012513069223957118j)	0.29334306716918945	65.26561261261261
653	(2.2725852252654297+0.012399559048103359j)	0.30109500885009766	65.36571171171171
654	(2.272661668190898+0.012453862981938124j)	0.2943570613861084	65.46581081081082
655	(2.2727715393241064+0.012192124132770876j)	0.2942678928375244	65.56590990990992
656	(2.272705101559893+0.012280819063420323j)	0.29665613174438477	65.66600900900902
657	(2.2729320366496113+0.012376974131214746j)	0.3057842254638672	65.76610810810811
658	(2.272794947115422+0.012288676375018348j)	0.2949807643890381	65.86620720720721
659	(2.2726073608195567+0.012486323667525778j)	0.296342134475708	65.96630630630631
660	(2.2728224270754733+0.01227707668520922j)	0.2944800853729248	66.0664054054054
661	(2.272584679905005+0.012159312316551374j)	0.30184125900268555	66.16650450450452
662	(2.27277695965526+0.01223308322467731j)	0.4234287738800049	66.26660360360361
663	(2.2728749504290082+0.012061039835043641j)	0.29654979705810547	66.36670270270271
664	(2.27276820900569+0.012250907314297899j)	0.2922811508178711	66.46680180180181
665	(2.272901711552702+0.012308756990102532j)	0.2945263385772705	66.5669009009009
666	(2.272685277613942+0.012163808404997922j)	0.2997100353240967	66.667
667	(2.272637368026917+0.012259785583450977j)	0.2962229251861572	66.7670990990991
668	(2.2727847484217434+0.012021293460127258j)	0.29405975341796875	66.86719819819821
669	(2.2726857018145736+0.011984235584896197j)	0.2945709228515625	66.9672972972973
670	(2.272903012729152+0.012128968383043504j)	0.30289173126220703	67.0673963963964
671	(2.272891114616811+0.012018091372465067j)	0.2926509380340576	67.1674954954955
672	(2.2727179815306235+0.012205131747882514j)	0.2949259281158447	67.2675945945946
673	(2.272812688877935+0.012140723889959931j)	0.2966141700744629	67.3676936936937
674	(2.272625408960627+0.01194237867807485j)	0.29468488693237305	67.46779279279279
675	(2.2727058112989322+0.012024526707268779j)	0.29303812980651855	67.5678918918919
676	(2.2728892280716355+0.011838933060216272j)	0.2952241897583008	67.667990990991
677	(2.2727775368667813+0.011928649093403965j)	0.2941868305206299	67.7680900900901
678	(2.2729265132634597+0.012086153021201557j)	0.30468297004699707	67.8681891891892
679	(2.2727974627004124+0.011939112063070967j)	0.2957019805908203	67.96828828828829
680	(2.2726387040855274+0.012049686473403265j)	0.3019282817840576	68.06838738738739
681	(2.2727898784768925+0.011885306559845848j)	0.2966887950897217	68.16848648648649
682	(2.272681423214736+0.011729240709468541j)	0.294996976852417	68.2685855855856
683	(2.272839671692692+0.011884290938881936j)	0.2969179153442383	68.3686846846847
684	(2.2729532657632427+0.011771202294353883j)	0.2959592342376709	68.46878378378379
685	(2.2727620157428077+0.011914050405040955j)	0.30267786979675293	68.56888288288289
686	(2.272851640797583+0.01197915815289241j)	0.3123447895050049	68.66898198198199
687	(2.2726970987851303+0.01175252678853593j)	0.29659080505371094	68.76908108108108
688	(2.272649073366616+0.011823023803498423j)	0.29627180099487305	68.86918018018018
689	(2.2728735540579468+0.011661018583435254j)	0.2948899269104004	68.96927927927929
690	(2.2727828672508665+0.011627889080391043j)	0.3063621520996094	69.06937837837839
691	(2.272913853034481+0.011842188801041986j)	0.29591822624206543	69.16947747747749
692	(2.2729003790931395+0.011722468061822672j)	0.293734073638916	69.26957657657658
693	(2.272670362337366+0.011819160618824681j)	0.2958388328552246	69.36967567567568
694	(2.272791622685584+0.011761116450497162j)	0.2946960926055908	69.46977477477478
695	(2.272697720519608+0.011520580310905894j)	0.3066871166229248	69.56987387387387
696	(2.272761764770409+0.011646168905043868j)	0.29558610916137695	69.66997297297299
697	(2.2729728661342525+0.01155258438072344j)	0.292940616607666	69.77007207207208
698	(2.272807699206989+0.011614564598161108j)	0.29216694831848145	69.87017117117118
699	(2.2728723841827345+0.01178797252691929j)	0.3005201816558838	69.97027027027028
700	(2.272786340561029+0.01158154797112861j)	0.3020050525665283	70.07036936936937
701	(2.272623410871262+0.011620597028560418j)	0.29474401473999023	70.17046846846847
702	(2.2728374060917087+0.011516010441901897j)	0.29383301734924316	70.27056756756757
703	(2.2727866868960147+0.011365652487746826j)	0.2944469451904297	70.37066666666668
704	(2.272882056928911+0.011583243758004722j)	0.29903721809387207	70.47076576576578
705	(2.2729745358554774+0.011512453085534072j)	0.29325008392333984	70.57086486486487
706	(2.272727387972984+0.011569023678272422j)	0.29570913314819336	70.67096396396397
707	(2.272792759447704+0.011625731569875453j)	0.29738783836364746	70.77106306306307
708	(2.272734622612759+0.011353792103158428j)	0.29465198516845703	70.87116216216216
709	(2.272691310571723+0.011419006641093299j)	0.2953770160675049	70.97126126126126
710	(2.272949918009255+0.011361217194200565j)	0.30270981788635254	71.07136036036037
711	(2.272847924996882+0.011325266361653735j)	0.294903039932251	71.17145945945947
712	(2.2728743045782602+0.011561385866439816j)	0.2931861877441406	71.27155855855857
713	(2.2728760452278363+0.011417977469230484j)	0.29877614974975586	71.37165765765766
714	(2.2726378922655774+0.011414232255461676j)	0.29396796226501465	71.47175675675676
715	(2.2727933465334114+0.011387016929724741j)	0.3175790309906006	71.57185585585586
716	(2.2727923532189926+0.011151939493610541j)	0.2930591106414795	71.67195495495496
717	(2.2728107098270374+0.011318444221331353j)	0.2945728302001953	71.77205405405407
718	(2.2730067461811476+0.011307468821428801j)	0.29428696632385254	71.87215315315316
719	(2.2727998496311748+0.011308516847688993j)	0.2927849292755127	71.97225225225226
720	(2.2727968870185755+0.011461550854355768j)	0.30193209648132324	72.07235135135136
721	(2.272787369995124+0.011217211272711053j)	0.2939260005950928	72.17245045045046
722	(2.272647741017656+0.01120595603364341j)	0.31398916244506836	72.27254954954955
723	(2.2728934769443363+0.011191769418298081j)	0.2955911159515381	72.37264864864865
724	(2.2728769860109757+0.011064398428257571j)	0.2981698513031006	72.47274774774776
725	(2.2728604983534795+0.011303936401700687j)	0.3007791042327881	72.57284684684686
726	(2.2729483836165776+0.011251423218772316j)	0.2943859100341797	72.67294594594595
727	(2.2728867508798687+0.011134293352692448j)	0.2877318859100342	72.77304504504505
728	(2.2727542208769553+0.011255317144240218j)	0.29992008209228516	72.87314414414415
729	(2.272802000800657+0.010987348649283968j)	0.295212984085083	72.97324324324325
730	(2.272751046150684+0.01106290210133043j)	0.30650901794433594	73.07334234234234
731	(2.272993086936856+0.011108851767045624j)	0.2999238967895508	73.17344144144145
732	(2.272873218404803+0.01105032735193573j)	0.2957310676574707	73.27354054054055
733	(2.272804147822291+0.011259556599209908j)	0.3009629249572754	73.37363963963965
734	(2.272845777761047+0.011094939969802764j)	0.29546594619750977	73.47373873873875
735	(2.2726435258716826+0.011007762266541599j)	0.2950880527496338	73.57383783783784
736	(2.272820685751687+0.011037898549607017j)	0.2964191436767578	73.67393693693694
737	(2.272889713164347+0.010844464205528426j)	0.2988002300262451	73.77403603603604
738	(2.272869054152755+0.011035633971800518j)	0.30310773849487305	73.87413513513515
739	(2.272637471361902+0.011006777064937023j)	0.28954219818115234	73.97423423423425
740	(2.2727730492118514+0.010990147596155408j)	0.298947811126709	74.07433333333334
741	(2.2727310685355513+0.0111049269697297j)	0.29813504219055176	74.17443243243244
742	(2.2728165480061717+0.010862753179722906j)	0.2933340072631836	74.27453153153154
743	(2.272839827379258+0.011169693983605067j)	0.28962159156799316	74.37463063063063
744	(2.2729398001976135+0.01091532576973231j)	0.2965378761291504	74.47472972972973
745	(2.2729325103973017+0.01080802692133731j)	0.29842209815979004	74.57482882882883
746	(2.272815261656638+0.011021454588644508j)	0.2964761257171631	74.67492792792794
747	(2.2728984768826974+0.010969300301908347j)	0.2953457832336426	74.77502702702704
748	(2.272680993490836+0.010824692680288461j)	0.2957727909088135	74.87512612612613
749	(2.2727503813892946+0.010888863144826622j)	0.29755640029907227	74.97522522522523
750	(2.272755365539093+0.011222281496408915j)	0.2893247604370117	75.07532432432433
751	(2.272807830794331+0.010756937565050806j)	0.2973670959472656	75.17542342342342
752	(2.2729923125897784+0.010881231900988553j)	0.29738879203796387	75.27552252252252
753	(2.2728654365532477+0.010778384893914805j)	0.29407811164855957	75.37562162162163
754	(2.27273130183851+0.01092641893247226j)	0.30345797538757324	75.47572072072073
755	(2.2728339095698233+0.010761649652584304j)	0.2990150451660156	75.57581981981983
756	(2.272693026744711+0.010624836362829515j)	0.2922241687774658	75.67591891891892
757	(2.272861749772173+0.010729373706391376j)	0.29453587532043457	75.77601801801802
758	(2.2729663268715306+0.010593254199000368j)	0.30127811431884766	75.87611711711712
759	(2.2728296057396298+0.010758681980855944j)	0.2962648868560791	75.97621621621622
760	(2.2729348747752667+0.010825521493412205j)	0.29476022720336914	76.07631531531533
761	(2.272752526140267+0.010654827092408503j)	0.2960820198059082	76.17641441441442
762	(2.272700290849951+0.010734674680590306j)	0.2973902225494385	76.27651351351352
763	(2.272873668100591+0.01054030004775508j)	0.29459571838378906	76.37661261261262
764	(2.2727856654333785+0.010504528587620299j)	0.2958981990814209	76.47671171171172
765	(2.272957750865932+0.010676706095681499j)	0.3027770519256592	76.57681081081081
766	(2.2729484976862286+0.010573007851629845j)	0.2974121570587158	76.67690990990991
767	(2.272754723729753+0.01071718224595064j)	0.30311083793640137	76.77700900900902
768	(2.2728520589632657+0.010663604391865755j)	0.2956528663635254	76.87710810810812
769	(2.2727114598685083+0.010454092681156602j)	0.2948620319366455	76.97720720720721
770	(2.272778994874304+0.010549544130300403j)	0.2969553470611572	77.07730630630631
771	(2.2729697108458247+0.010413054527207644j)	0.30107593536376953	77.17740540540541
772	(2.272843762233608+0.010489261901130642j)	0.29314589500427246	77.2775045045045
773	(2.272949360440532+0.010653571644911541j)	0.29403185844421387	77.3776036036036
774	(2.272842778017208+0.010493390945452319j)	0.2962319850921631	77.47770270270271
775	(2.2726830870453125+0.010568274473807038j)	0.2973639965057373	77.57780180180181
776	(2.2728522316754147+0.010438300253652888j)	0.29512500762939453	77.67790090090091
777	(2.272114307590603+0.010040850728286421j)	0.2859499454498291	77.778
778	(2.2728963320644753+0.010464434154110247j)	0.2949979305267334	77.8780990990991
779	(2.2730049960168297+0.010380366235642202j)	0.2955589294433594	77.9781981981982
780	(2.2727978987776414+0.010484541584987017j)	0.29354214668273926	78.0782972972973
781	(2.2728677888987017+0.010549225254667727j)	0.30076122283935547	78.17839639639641
782	(2.2727598194859664+0.010313433469710254j)	0.30680108070373535	78.2784954954955
783	(2.2727122118083565+0.010375924817393467j)	0.29334235191345215	78.3785945945946
784	(2.2729436529948206+0.010266535725281911j)	0.2977416515350342	78.4786936936937
785	(2.2728564984146424+0.010234042862813153j)	0.2931241989135742	78.5787927927928
786	(2.272937946671758+0.010453857467716765j)	0.29303812980651855	78.6788918918919
787	(2.272932004536438+0.010335930338004395j)	0.2979750633239746	78.77899099099099
788	(2.2727038046869086+0.010387269115393671j)	0.29735803604125977	78.8790900900901
789	(2.272829924311981+0.010347173962186762j)	0.2959859371185303	78.9791891891892
790	(2.2727812541606456+0.010117055011942488j)	0.2964050769805908	79.0792882882883
791	(2.2728237114168457+0.010253304135979802j)	0.30579400062561035	79.1793873873874
792	(2.2730234957142708+0.010203045932463906j)	0.3017239570617676	79.27948648648649
793	(2.2728501968437094+0.010240647021214522j)	0.2945740222930908	79.37958558558559
794	(2.2728793521796065+0.010404275805279473j)	0.2966129779815674	79.47968468468468
795	(2.272827856950756+0.010194080337187494j)	0.29396700859069824	79.5797837837838
796	(2.2726779272769204+0.010207000700924729j)	0.29398298263549805	79.6798828828829
797	(2.2728960431550704+0.010146466754131556j)	0.29236507415771484	79.77998198198199
798	(2.2728579005756155+0.01000699714937836j)	0.2942781448364258	79.88008108108109
799	(2.2729059262899693+0.010232040994927805j)	0.3066520690917969	79.98018018018018
800	(2.273000798038814+0.0101792502261705j)	0.29822421073913574	80.08027927927928
801	(2.2727578109472324+0.01019254979953077j)	0.30281710624694824	80.18037837837838
802	(2.2728137484202+0.01024785145973095j)	0.2916748523712158	80.28047747747749
803	(2.2728036217877654+0.009988223384012729j)	0.2926151752471924	80.38057657657659
804	(2.2727584531236293+0.010051790908018332j)	0.29476189613342285	80.48067567567568
805	(2.273002157246062+0.010043554196938032j)	0.29210495948791504	80.58077477477478
806	(2.2729016671362756+0.010002977339439112j)	0.2930879592895508	80.68087387387388
807	(2.272884871375281+0.01022341571378349j)	0.2968180179595947	80.78097297297298
808	(2.2729014207507836+0.01008309863630752j)	0.29138803482055664	80.88107207207207
809	(2.2726849028462985+0.01004230828035202j)	0.29136109352111816	80.98117117117118
810	(2.272840240017659+0.010041478684831517j)	0.2910730838775635	81.08127027027028
811	(2.272873989792881+0.009832945278000271j)	0.29961609840393066	81.18136936936938
812	(2.272862256640655+0.010000715098894108j)	0.293104887008667	81.28146846846847
813	(2.2730349130874714+0.010020674309676458j)	0.29257917404174805	81.38156756756757
814	(2.2728332070780795+0.009989986589843847j)	0.296583890914917	81.48166666666667
815	(2.2728085030895477+0.010124487341981236j)	0.29361796379089355	81.58176576576577
816	(2.27283681227095+0.009891700010156157j)	0.2932000160217285	81.68186486486488
817	(2.2727166870227062+0.009868097876981285j)	0.29292893409729004	81.78196396396397
818	(2.2729478182229546+0.009899500312855025j)	0.29706335067749023	81.88206306306307
819	(2.2729413580492412+0.009787612642599974j)	0.30061984062194824	81.98216216216217
820	(2.272883232188112+0.010010650410155586j)	0.2911379337310791	82.08226126126127
821	(2.2729647797904637+0.009967650259001815j)	0.2948911190032959	82.18236036036036
822	(2.2727322736341327+0.009882400418844473j)	0.31241393089294434	82.28245945945946
823	(2.2727902910555198+0.009937118150621371j)	0.3073122501373291	82.38255855855857
824	(2.2728143222704267+0.009799606263669824j)	0.30299901962280273	82.48265765765767
825	(2.2728182952397002+0.009775827361367284j)	0.3035709857940674	82.58275675675677
826	(2.2730284501010023+0.009858659025801852j)	0.31948208808898926	82.68285585585586
827	(2.2729135688866657+0.009788754931830068j)	0.3177659511566162	82.78295495495496
828	(2.272815481085508+0.009967978405537092j)	0.3201148509979248	82.88305405405406
829	(2.2728787924504723+0.009813989410956125j)	0.3177189826965332	82.98315315315315
830	(2.272709612401283+0.00970577808637163j)	0.33490896224975586	83.08325225225227
831	(2.2728749974108817+0.00976669621064219j)	0.34381985664367676	83.18335135135136
832	(2.2729625687558537+0.009607256848645607j)	0.36637020111083984	83.28345045045046
833	(2.2733988281309987+0.010204055337386775j)	0.29675984382629395	83.38354954954956
834	(2.273004162295992+0.009838179159103344j)	0.33568787574768066	83.48364864864865
835	(2.2728097141395334+0.009724499114537322j)	0.33942294120788574	83.58374774774775
836	(2.272759867860257+0.0098213170142889j)	0.30817198753356934	83.68384684684685
837	(2.272879152444715+0.009609312252563562j)	0.31040406227111816	83.78394594594596
838	(2.272785891262359+0.009572245168435245j)	0.3413362503051758	83.88404504504506
839	(2.272984641031397+0.009695572623288573j)	0.2903130054473877	83.98414414414415
840	(2.272981840634057+0.009599155804042248j)	0.3314549922943115	84.08424324324325
841	(2.2728350275862406+0.009778641441438474j)	0.3400540351867676	84.18434234234235
842	(2.2729172715144883+0.009733786229762176j)	0.2940080165863037	84.28444144144144
843	(2.2727391676739894+0.009566898874146856j)	0.31011319160461426	84.38454054054054
844	(2.27280236247291+0.009639821314998409j)	0.3123178482055664	84.48463963963965
845	(2.2729620095337406+0.009466870065864885j)	0.2935757637023926	84.58473873873875
846	(2.2728685124396546+0.009544771919705486j)	0.34545302391052246	84.68483783783785
847	(2.2730122229188674+0.009688844771590377j)	0.3305039405822754	84.78493693693694
848	(2.2729002538562577+0.009570307150252422j)	0.3009910583496094	84.88503603603604
849	(2.2727555137483098+0.009683645386644457j)	0.2998626232147217	84.98513513513514
850	(2.272879801451075+0.009541910030155476j)	0.30954408645629883	85.08523423423424
851	(2.2727733964053227+0.00940141486258761j)	0.30116724967956543	85.18533333333335
852	(2.272916573812036+0.009533923161495483j)	0.2970619201660156	85.28543243243244
853	(2.27302353366996+0.009428969640601581j)	0.29892873764038086	85.38553153153154
854	(2.2728623648593795+0.009565002504221543j)	0.2936859130859375	85.48563063063064
855	(2.2729462997273515+0.009635221974344521j)	0.3093690872192383	85.58572972972974
856	(2.2728004883968738+0.0094454904803698j)	0.3507809638977051	85.68582882882883
857	(2.2727481460617507+0.009513163192717444j)	0.2988910675048828	85.78592792792793
858	(2.2729410051176364+0.009362967539526812j)	0.31241893768310547	85.88602702702703
859	(2.272807957835476+0.009281107263041433j)	0.31221485137939453	85.98612612612614
860	(2.2729891249334324+0.00951944550418915j)	0.3135848045349121	86.08622522522523
861	(2.2729841367519374+0.009420489072487603j)	0.29493188858032227	86.18632432432433
862	(2.272779588149111+0.009521909831808673j)	0.31540918350219727	86.28642342342343
863	(2.2728813760906066+0.009479726051063064j)	0.30836033821105957	86.38652252252253
864	(2.273279234875052+0.009241339905181167j)	0.3143730163574219	86.48662162162162
865	(2.2728393624231993+0.009375187476444724j)	0.30210304260253906	86.58672072072072
866	(2.273031479767812+0.00928408443965889j)	0.3063499927520752	86.68681981981983
867	(2.2728929920521983+0.009342824543734585j)	0.2986488342285156	86.78691891891893
868	(2.2729595647466976+0.009507676966592271j)	0.29265904426574707	86.88701801801803
869	(2.272879773419669+0.009336328863535748j)	0.3035731315612793	86.98711711711712
870	(2.2727258931209877+0.009381647266102355j)	0.2945430278778076	87.08721621621622
871	(2.272908110884845+0.009286292466824442j)	0.2948610782623291	87.18731531531532
872	(2.272857819823132+0.009146501756930325j)	0.29766297340393066	87.28741441441441
873	(2.2729411607051047+0.009336800371315901j)	0.2924060821533203	87.38751351351353
874	(2.2730433988528844+0.009276257038281832j)	0.29525303840637207	87.48761261261262
875	(2.2728275285247967+0.009340430229468621j)	0.29334592819213867	87.58771171171172
876	(2.272884083924385+0.009403480118510776j)	0.2942197322845459	87.68781081081082
877	(2.2728206341644563+0.00916663796359507j)	0.29427576065063477	87.78790990990991
878	(2.2727743587390545+0.009224181935318043j)	0.2975349426269531	87.88800900900901
879	(2.2730050233122014+0.009163281525224498j)	0.29669189453125	87.98810810810811
880	(2.272920681248825+0.009130270409655417j)	0.29783010482788086	88.08820720720722
881	(2.2729556809156657+0.009347934786624545j)	0.3022451400756836	88.18830630630632
882	(2.2729598789737726+0.009231114741153457j)	0.29523396492004395	88.28840540540541
883	(2.272741240745342+0.009241710506637135j)	0.29128408432006836	88.38850450450451
884	(2.272871581770622+0.009220786867891961j)	0.304534912109375	88.48860360360361
885	(2.2729121852556986+0.009062873099266344j)	0.29833388328552246	88.5887027027027
886	(2.272881398875432+0.009150297945130781j)	0.29109811782836914	88.6888018018018
887	(2.273065963849379+0.009137794143318612j)	0.2937500476837158	88.78890090090091
888	(2.272888386747801+0.009148100024991335j)	0.2907421588897705	88.88900000000001
889	(2.2728890908312076+0.009298531038198776j)	0.2923891544342041	88.9890990990991
890	(2.2728722775854573+0.009089336383517388j)	0.2988560199737549	89.0891981981982
891	(2.2727382755566614+0.009081976119910795j)	0.29289889335632324	89.1892972972973
892	(2.272953439439287+0.009064075409502381j)	0.2921569347381592	89.2893963963964
893	(2.272940308344341+0.008944195783791242j)	0.293226957321167	89.3894954954955
894	(2.272937205556359+0.009161223124396045j)	0.30211496353149414	89.4895945945946
895	(2.2730233932148534+0.009122354609660821j)	0.29624295234680176	89.5896936936937
896	(2.2727914433029444+0.009094156610415016j)	0.2957940101623535	89.6897927927928
897	(2.272841195503311+0.009149514776745304j)	0.29984188079833984	89.7898918918919
898	(2.272873585405156+0.008908449310470523j)	0.3026618957519531	89.889990990991
899	(2.272824752369178+0.008971888608716894j)	0.2974529266357422	89.99009009009009
900	(2.273048466967258+0.009006319918762662j)	0.30227208137512207	90.09018918918919
901	(2.272949489515358+0.008958367490660812j)	0.3033428192138672	90.1902882882883
902	(2.2728950140592437+0.009158002609679583j)	0.29173994064331055	90.2903873873874
903	(2.2729290044276027+0.009021841113113771j)	0.29329895973205566	90.3904864864865
904	(2.2728626036142234+0.008859153200562409j)	0.29261112213134766	90.49058558558559
905	(2.2728896775068157+0.008976836051725723j)	0.2932240962982178	90.59068468468469
906	(2.2729490947863353+0.008796193477043968j)	0.29221296310424805	90.69078378378379
907	(2.272908850717243+0.008960493386450219j)	0.2925851345062256	90.79088288288288
908	(2.273056989364094+0.00900437516537611j)	0.2908051013946533	90.890981981982
909	(2.2729718172478948+0.009118824647583512j)	0.3008120059967041	90.99108108108109
910	(2.2728248572417113+0.009057969437262559j)	0.4427797794342041	91.09118018018019
911	(2.272890930745025+0.00884399436335892j)	0.38369321823120117	91.19127927927929
912	(2.272785957992206+0.008811341514982418j)	0.37471914291381836	91.29137837837838
913	(2.2729967625318643+0.00888197707001126j)	0.3236658573150635	91.39147747747748
914	(2.272997157969783+0.008783769818241582j)	0.32989072799682617	91.49157657657658
915	(2.2729019272433644+0.008984354542011186j)	0.40020084381103516	91.59167567567569
916	(2.2729791260609775+0.008948828597953762j)	0.3955690860748291	91.69177477477479
917	(2.272775882006276+0.008830902227514148j)	0.3232231140136719	91.79187387387388
918	(2.272830049249692+0.008891516182320869j)	0.3802030086517334	91.89197297297298
919	(2.2729473770833977+0.008689952614911567j)	0.4617600440979004	91.99207207207208
920	(2.2728785951928208+0.008762123549549417j)	0.41274476051330566	92.09217117117117
921	(2.2730548490774085+0.008873519508921346j)	0.6245598793029785	92.19227027027027
922	(2.272947026897854+0.008790278899454496j)	0.4697141647338867	92.29236936936938
923	(2.2728276673642656+0.008937807605133186j)	0.6521470546722412	92.39246846846848
924	(2.2729119546378245+0.008797221173554526j)	0.6404049396514893	92.49256756756758
925	(2.272774963069693+0.008675548225370644j)	0.298490047454834	92.59266666666667
926	(2.272924496912691+0.008764051136481932j)	0.39786601066589355	92.69276576576577
927	(2.273077944899241+0.00860320202292697j)	0.5812900066375732	92.79286486486487
928	(2.2729094522034385+0.008788556154848748j)	0.3026747703552246	92.89296396396396
929	(2.273011663701806+0.00885809343466637j)	0.38170289993286133	92.99306306306308
930	(2.272843788421212+0.008717408350145561j)	0.46555018424987793	93.09316216216217
931	(2.272789148886633+0.00879790494151833j)	0.5842370986938477	93.19326126126127
932	(2.2729364944261805+0.008619954085234416j)	0.6803939342498779	93.29336036036037
933	(2.2728544679568827+0.008582685172774496j)	0.33489489555358887	93.39345945945946
934	(2.2730179897497953+0.008733506276629832j)	0.3438870906829834	93.49355855855856
935	(2.2730177855676015+0.008643933223416611j)	0.3870809078216553	93.59365765765766
936	(2.272936412615803+0.00867414281850265j)	0.33806800842285156	93.69375675675677
937	(2.2729323965399164+0.008749714153323151j)	0.5035300254821777	93.79385585585587
938	(2.2727948050392293+0.008566832632412313j)	0.4920792579650879	93.89395495495496
939	(2.2728497243599777+0.008650275386122064j)	0.6744070053100586	93.99405405405406
940	(2.2730214957189054+0.00851918554782738j)	0.41602516174316406	94.09415315315316
941	(2.2729155723122685+0.008587366625110948j)	0.4990248680114746	94.19425225225226
942	(2.2730213300792332+0.008741294836998925j)	0.6547918319702148	94.29435135135135
943	(2.272926295270864+0.008609023211086364j)	0.5667479038238525	94.39445045045046
944	(2.2727771521758537+0.008689006333778337j)	0.42603278160095215	94.49454954954956
945	(2.272920265143381+0.008573335409981842j)	0.3134009838104248	94.59464864864866
946	(2.2728438345933695+0.00843451559713948j)	0.337601900100708	94.69474774774775
947	(2.2729569535020517+0.008587242030072995j)	0.3047780990600586	94.79484684684685
948	(2.2730630485997936+0.008509768769165205j)	0.31101512908935547	94.89494594594595
949	(2.272883793319115+0.008613686086436867j)	0.3339989185333252	94.99504504504505
950	(2.2729489923454302+0.008684047032045061j)	0.3013310432434082	95.09514414414416
951	(2.27284232538515+0.008480550540886034j)	0.41001009941101074	95.19524324324325
952	(2.2727739571868986+0.008501772336504287j)	0.3155031204223633	95.29534234234235
953	(2.272995713374562+0.008432994740522615j)	0.32138776779174805	95.39544144144145
954	(2.2729203453964706+0.0083993910539919j)	0.34097719192504883	95.49554054054055
955	(2.273005099260123+0.008599590634990384j)	0.369887113571167	95.59563963963964
956	(2.27300516297264+0.008502221241403207j)	0.6191418170928955	95.69573873873874
957	(2.2727976266250085+0.00856263171824978j)	0.4426853656768799	95.79583783783785
958	(2.2729039239332995+0.008532779588799833j)	0.3156731128692627	95.89593693693695
959	(2.272849381148091+0.008324028573862607j)	0.3677067756652832	95.99603603603605
960	(2.272886907870183+0.008441657661969915j)	0.4151158332824707	96.09613513513514
961	(2.2730736255691033+0.008390933875692785j)	0.39869093894958496	96.19623423423424
962	(2.2729261074559095+0.008429131947565782j)	0.4112241268157959	96.29633333333334
963	(2.2729584770694684+0.00858822398562853j)	0.4743540287017822	96.39643243243243
964	(2.272906793199345+0.008409318571394153j)	0.47938108444213867	96.49653153153155
965	(2.2727621799214086+0.008428202390230788j)	0.3066589832305908	96.59663063063064
966	(2.2729494078853305+0.00836102335810529j)	0.31200385093688965	96.69672972972974
967	(2.272924320760999+0.008240711308027726j)	0.412639856338501	96.79682882882884
968	(2.2729687414233983+0.008438236757054352j)	0.31124305725097656	96.89692792792793
969	(2.27310790255899+0.008518409177606046j)	0.32779979705810547	96.99702702702703
970	(2.2728457186224067+0.008420231965166725j)	0.3466629981994629	97.09712612612613
971	(2.272892832904706+0.008480726399208827j)	0.3140869140625	97.19722522522522
972	(2.2728718622070434+0.008248561436731028j)	0.30698490142822266	97.29732432432434
973	(2.2728253043170215+0.008303086106982827j)	0.3072319030761719	97.39742342342343
974	(2.2730483614398636+0.008287593516372094j)	0.3007009029388428	97.49752252252253
975	(2.272964595680091+0.008250609592733937j)	0.320343017578125	97.59762162162163
976	(2.272959226853205+0.008458128664817544j)	0.42342185974121094	97.69772072072072
977	(2.272974384487296+0.008342081273981727j)	0.3385181427001953	97.79781981981982
978	(2.2727709873867568+0.008317526689074373j)	0.31729888916015625	97.89791891891892
979	(2.2729032302775036+0.00831596996868278j)	0.3316309452056885	97.99801801801803
980	(2.272927545739642+0.008121107867757993j)	0.3184080123901367	98.09811711711713
981	(2.272921747095822+0.008268561831806132j)	0.32549190521240234	98.19821621621622
982	(2.273087647246068+0.008285910147733389j)	0.33142518997192383	98.29831531531532
983	(2.272910591236758+0.008268283088586514j)	0.5027720928192139	98.39841441441442
984	(2.272888810475085+0.008402600954961703j)	0.316486120223999	98.49851351351352
985	(2.272906195648522+0.008199144624206567j)	0.3214988708496094	98.59861261261261
986	(2.2727870182401726+0.00817773067173655j)	0.3553578853607178	98.69871171171172
987	(2.2729949504871962+0.008198556233895538j)	0.3501169681549072	98.79881081081082
988	(2.272993106568633+0.008092335920672378j)	0.3335568904876709	98.89890990990992
989	(2.272951733869279+0.008298350684193712j)	0.32778501510620117	98.99900900900901
990	(2.2730299519222785+0.008268765677383882j)	0.31723499298095703	99.09910810810811
991	(2.2728153054211075+0.008204126669027034j)	0.42308878898620605	99.19920720720721
992	(2.272860586637517+0.008259689895263711j)	0.3082730770111084	99.2993063063063
993	(2.272929881393202+0.008041903427598696j)	0.3110368251800537	99.39940540540542
994	(2.2728758815419305+0.008104233319654042j)	0.38410091400146484	99.49950450450451
995	(2.273074509937696+0.008175198212019175j)	0.3146040439605713	99.59960360360361
996	(2.2729778467067105+0.008116419234856898j)	0.3846571445465088	99.69970270270271
997	(2.2728941989573426+0.008293060966769517j)	0.4007289409637451	99.7998018018018
998	(2.272945902333746+0.008160824891313923j)	0.4657938480377197	99.8999009009009
999	(2.2727816749891416+0.008068352553716573j)	0.37695789337158203	100.0
