	res_adaptive	time_adaptive	w
0	(1.0825975688154919-0.05983745522452089j)	0.3490159511566162	0.001
1	(1.3064982190383434-0.30806385257756047j)	0.29077601432800293	0.11110910910910911
2	(1.4446766268195297-0.43667038471186104j)	0.29709815979003906	0.22121821821821822
3	(1.5652746647896798-0.5270033872425202j)	0.3085360527038574	0.33132732732732734
4	(1.6719065993817364-0.5957256021127024j)	0.2786991596221924	0.44143643643643643
5	(1.7744080617791589-0.65315162801502j)	0.31197166442871094	0.5515455455455456
6	(1.8756477352187937-0.6957615776507934j)	0.2916600704193115	0.6616546546546547
7	(1.971344048800896-0.7277257334037057j)	0.2963991165161133	0.7717637637637638
8	(2.066530833915673-0.754688651715055j)	0.3510267734527588	0.8818728728728729
9	(2.1609229664590957-0.7669213665985762j)	0.3248140811920166	0.991981981981982
10	(2.250929520675314-0.773379327951933j)	0.2794780731201172	1.102091091091091
11	(2.340546142442799-0.7739479947129659j)	0.30213499069213867	1.2122002002002001
12	(2.428357323149557-0.7649647212554812j)	0.29018211364746094	1.3223093093093092
13	(2.511633575161435-0.7498105392155034j)	0.28081583976745605	1.4324184184184183
14	(2.5939232755991615-0.729008499933212j)	0.2756309509277344	1.5425275275275274
15	(2.6731040385216165-0.6996330321685733j)	0.27956295013427734	1.6526366366366365
16	(2.747413585307646-0.6651450286002882j)	0.293532133102417	1.7627457457457456
17	(2.819968075385854-0.6252459295583352j)	0.4396390914916992	1.8728548548548547
18	(2.8881919819408974-0.5778497921033985j)	0.32996106147766113	1.9829639639639638
19	(2.9511923327569223-0.5264435348276082j)	0.2879350185394287	2.093073073073073
20	(3.0115790262745326-0.4701341557457592j)	0.27211880683898926	2.203182182182182
21	(3.0664897206590807-0.40767738771245765j)	0.3662388324737549	2.313291291291291
22	(3.1157860856460498-0.3424397148729069j)	0.309161901473999	2.4234004004004004
23	(3.1615093704696364-0.2730622209818061j)	0.2997870445251465	2.5335095095095093
24	(3.2006913372826338-0.19906980157614357j)	0.3759748935699463	2.6436186186186186
25	(3.2338728929933915-0.12353838908864229j)	0.37322425842285156	2.7537277277277274
26	(3.2625327800328763-0.044754520314997215j)	0.3874633312225342	2.8638368368368368
27	(3.2838096360303184+0.03706599305838909j)	0.3795170783996582	2.9739459459459456
28	(3.2988704365472192+0.11925489413861756j)	0.3871920108795166	3.084055055055055
29	(3.3069189495115423+0.2034739555955527j)	0.40059685707092285	3.194164164164164
30	(3.310654991522268+0.28962983860407565j)	0.33919596672058105	3.304273273273273
31	(3.306512771897141+0.3747495349835438j)	0.35428476333618164	3.414382382382382
32	(3.2967110176221888+0.461031655132364j)	0.39198899269104004	3.5244914914914913
33	(3.279088404730701+0.5470399210532081j)	0.3656768798828125	3.6346006006006006
34	(3.255727233707126+0.6310567937236551j)	0.38718390464782715	3.7447097097097095
35	(3.226594250877795+0.7149197457085968j)	0.3943512439727783	3.854818818818819
36	(3.1899899341702884+0.7967324969242373j)	0.38361072540283203	3.9649279279279277
37	(3.148207448758895+0.8753269099437049j)	0.3943040370941162	4.0750370370370375
38	(3.1007459941249675+0.952362751536159j)	0.3540918827056885	4.185146146146146
39	(3.0464218774524867+1.0256556038065805j)	0.3940281867980957	4.295255255255255
40	(2.987607248217282+1.0946407703355732j)	0.31087589263916016	4.405364364364365
41	(2.9234260039473594+1.160752208356826j)	0.3325622081756592	4.515473473473474
42	(2.8532749286361434+1.2216841236918237j)	0.3770020008087158	4.625582582582583
43	(2.7795125845744932+1.2774722758367207j)	0.4018418788909912	4.735691691691692
44	(2.701010135853176+1.3292578448159063j)	0.4027101993560791	4.845800800800801
45	(2.6177790610494687+1.3747353639734707j)	0.2937312126159668	4.95590990990991
46	(2.5320641529291783+1.4144716198084666j)	0.40833306312561035	5.066019019019019
47	(2.442583384395826+1.449239894676162j)	0.28853416442871094	5.176128128128128
48	(2.3499252885426722+1.4768358107278479j)	0.3868110179901123	5.286237237237238
49	(2.2560926343391148+1.4982665806500182j)	0.38912224769592285	5.396346346346347
50	(2.159714072425902+1.5139043887198098j)	0.31885385513305664	5.5064554554554554
51	(2.061863189479335+1.5217650231004862j)	0.3258507251739502	5.616564564564565
52	(1.9641797747975152+1.5232265680663848j)	0.33913326263427734	5.726673673673674
53	(1.8654205271726723+1.5177752247522678j)	0.27828216552734375	5.836782782782783
54	(1.7665996420086398+1.5053239633343645j)	0.3154921531677246	5.946891891891892
55	(1.669376595579978+1.4860171053207833j)	0.3526878356933594	6.057001001001002
56	(1.5722867213113878+1.4600534578344482j)	0.28874993324279785	6.1671101101101105
57	(1.4771063239795343+1.4262609858539168j)	0.3412778377532959	6.277219219219219
58	(1.3846048580419066+1.3865389492459848j)	0.33621788024902344	6.387328328328328
59	(1.2936520216052112+1.3402976985670623j)	0.2841300964355469	6.497437437437438
60	(1.2062497467405757+1.2868590818638765j)	0.3869059085845947	6.607546546546547
61	(1.1227278369725617+1.2282002383169548j)	0.4042391777038574	6.717655655655656
62	(1.0422072699606162+1.163484211542167j)	0.3081660270690918	6.827764764764765
63	(0.9667871613933954+1.0925216402841804j)	0.44861793518066406	6.937873873873874
64	(0.8963468007198134+1.0172339939272201j)	0.3133249282836914	7.047982982982983
65	(0.8302746276368919+0.9365909488236576j)	0.28326892852783203	7.158092092092092
66	(0.7706145828742368+0.8508836819585704j)	0.37073802947998047	7.268201201201202
67	(0.7167967285412229+0.7618865601230169j)	0.3137543201446533	7.378310310310311
68	(0.6684790514928776+0.6684705935193274j)	0.42246580123901367	7.48841941941942
69	(0.6275216021023332+0.5714029108631895j)	0.4337947368621826	7.5985285285285284
70	(0.5923244292883746+0.47107487193633774j)	0.29553985595703125	7.708637637637638
71	(0.5647288999502672+0.36988940901986833j)	0.43289899826049805	7.818746746746747
72	(0.5444319232366924+0.2655260387875078j)	0.3087451457977295	7.928855855855856
73	(0.5307968756485959+0.16045461192858346j)	0.4543159008026123	8.038964964964965
74	(0.5240689636640727+0.05362972077606856j)	0.404080867767334	8.149074074074074
75	(0.5255160206642715-0.05339811038640099j)	0.3224318027496338	8.259183183183183
76	(0.53366698548714-0.15968228500981943j)	0.3092458248138428	8.369292292292291
77	(0.5490445480905645-0.26615244411075023j)	0.3182997703552246	8.4794014014014
78	(0.5725208070264093-0.371035203245318j)	0.30917787551879883	8.58951051051051
79	(0.6024969484701268-0.47378913174859616j)	0.28936314582824707	8.699619619619618
80	(0.6397054011667509-0.5751858551121354j)	0.28446388244628906	8.809728728728729
81	(0.6845555921985828-0.6733384897923236j)	0.29555702209472656	8.919837837837838
82	(0.7353884900427644-0.7681155180091717j)	0.2838888168334961	9.029946946946946
83	(0.7930700254882624-0.8600692727895989j)	0.28247499465942383	9.140056056056055
84	(0.8575223225617359-0.9472874914935759j)	0.2832949161529541	9.250165165165164
85	(0.9271169625583604-1.0300103907379485j)	0.2880058288574219	9.360274274274273
86	(1.0027991441816477-1.1085203451226275j)	0.35716819763183594	9.470383383383382
87	(1.0840366691520766-1.1809700449521816j)	0.3219168186187744	9.580492492492493
88	(1.1693414019929718-1.2479330298348945j)	0.3729217052459717	9.690601601601601
89	(1.259697566222147-1.3094120811199244j)	0.30509424209594727	9.80071071071071
90	(1.3541785715453507-1.3637399098576406j)	0.2823011875152588	9.91081981981982
91	(1.4512062199894233-1.4114269630233052j)	0.30435800552368164	10.020928928928928
92	(1.5527052101729935-1.453331681465139j)	0.3104879856109619	10.131038038038037
93	(1.6563573460299255-1.4870228027352994j)	0.4026789665222168	10.241147147147146
94	(1.7617765463276172-1.5138730504344695j)	0.3074979782104492	10.351256256256255
95	(1.869545614326054-1.5335615452040214j)	0.36072683334350586	10.461365365365365
96	(1.978207155008513-1.5450387776386107j)	0.3706531524658203	10.571474474474474
97	(2.0870738437395664-1.5496292484617413j)	0.37928104400634766	10.681583583583583
98	(2.1968251082745294-1.5466834282771185j)	0.3703310489654541	10.791692692692692
99	(2.3057096484671438-1.5355953576257035j)	0.31183528900146484	10.9018018018018
100	(2.4133554538389976-1.5177683076116082j)	0.3341329097747803	11.01191091091091
101	(2.5202308233590283-1.4923856960010107j)	0.3831970691680908	11.122020020020019
102	(2.624499055010253-1.4592496185584505j)	0.3554048538208008	11.23212912912913
103	(2.726131399859309-1.4197529680749228j)	0.2788350582122803	11.342238238238238
104	(2.8253787818675624-1.3729694053327226j)	0.4118192195892334	11.452347347347347
105	(2.92044364634153-1.3191238917813775j)	0.2957780361175537	11.562456456456456
106	(3.0116398442022145-1.2595384880826876j)	0.30046892166137695	11.672565565565565
107	(3.098664567986047-1.1931219024901205j)	0.30403995513916016	11.782674674674674
108	(3.1808407153298512-1.120943902117283j)	0.33860087394714355	11.892783783783782
109	(3.2577937274805358-1.0437847336865906j)	0.31879186630249023	12.002892892892891
110	(3.3296347355142366-0.9608836960712419j)	0.3919060230255127	12.113002002002002
111	(3.3949031376488445-0.8732743018357669j)	0.4686391353607178	12.22311111111111
112	(3.4544382284019886-0.7819700572029851j)	0.3315458297729492	12.33322022022022
113	(3.507776991560534-0.6861650123541079j)	0.2991979122161865	12.443329329329329
114	(3.5550511773020204-0.5892806683119141j)	0.29921412467956543	12.553438438438437
115	(3.5933010058822297-0.48581526599980607j)	0.3102850914001465	12.663547547547546
116	(3.6256018474018763-0.3814929703932517j)	0.2978188991546631	12.773656656656655
117	(3.6504524302444015-0.27533802249672723j)	0.3024482727050781	12.883765765765766
118	(3.6683165944434686-0.16824485042882165j)	0.3896758556365967	12.993874874874875
119	(3.6786047990920316-0.05956355256079804j)	0.3009510040283203	13.103983983983984
120	(3.6808770836780136+0.04903538949285502j)	0.3629610538482666	13.214093093093092
121	(3.6763292973919+0.1573796208800453j)	0.3056347370147705	13.324202202202201
122	(3.6640665835028807+0.26574915373487995j)	0.32787084579467773	13.43431131131131
123	(3.644066830336262+0.372418485728923j)	0.37271809577941895	13.544420420420419
124	(3.6175111355714664+0.4774824603555663j)	0.287503719329834	13.654529529529528
125	(3.583459262922277+0.5809647999726992j)	0.44306302070617676	13.764638638638639
126	(3.542281709191159+0.6811769460545656j)	0.5306508541107178	13.874747747747747
127	(3.495057056943481+0.7784666841341192j)	0.34927797317504883	13.984856856856856
128	(3.4408445909355825+0.8726109923892587j)	0.5143380165100098	14.094965965965965
129	(3.3803691262407867+0.9620676197544753j)	0.30869412422180176	14.205075075075074
130	(3.314548887257422+1.047423858572978j)	0.38024187088012695	14.315184184184183
131	(3.242509506452746+1.128241724997193j)	0.28327274322509766	14.425293293293292
132	(3.1652975703541424+1.2032209193333983j)	0.3493928909301758	14.535402402402402
133	(3.083645153494328+1.2731500938626454j)	0.29039692878723145	14.645511511511511
134	(2.996819235935234+1.3373996956135805j)	0.2953481674194336	14.75562062062062
135	(2.906144654999397+1.3949692475802296j)	0.30166125297546387	14.865729729729729
136	(2.812145943631412+1.4467768307268405j)	0.35874462127685547	14.975838838838838
137	(2.714285125640454+1.4920205578194745j)	0.45084714889526367	15.085947947947947
138	(2.61408422871941+1.5300274430775156j)	0.28763580322265625	15.196057057057056
139	(2.511832496142977+1.561767921743484j)	0.38715696334838867	15.306166166166165
140	(2.4072046190784473+1.5863036717221197j)	0.43506503105163574	15.416275275275275
141	(2.3018153067948393+1.603316821436584j)	0.3036158084869385	15.526384384384384
142	(2.1956944922470374+1.6137733086859851j)	0.3001852035522461	15.636493493493493
143	(2.0887380822227506+1.616667291837384j)	0.39020276069641113	15.746602602602602
144	(1.9825545345605522+1.612061723887501j)	0.32149696350097656	15.85671171171171
145	(1.8769255820593511+1.600880418556359j)	0.3296489715576172	15.96682082082082
146	(1.7719845226786937+1.5821283838109657j)	0.36899304389953613	16.076929929929932
147	(1.6692602298182675+1.5562524707934466j)	0.29529404640197754	16.18703903903904
148	(1.5683300878701636+1.5240883454757819j)	0.30205392837524414	16.29714814814815
149	(1.4695796610812222+1.4847111963798136j)	0.3007509708404541	16.407257257257257
150	(1.3743944595484268+1.4389117180714894j)	0.29024600982666016	16.517366366366367
151	(1.2821973511529243+1.3873775333692722j)	0.2805466651916504	16.627475475475478
152	(1.1936114213279225+1.3292929452538451j)	0.28113889694213867	16.737584584584585
153	(1.1098054817709275+1.265723503678047j)	0.3240950107574463	16.847693693693696
154	(1.030082718414624+1.1971593397456946j)	0.2819979190826416	16.957802802802803
155	(0.9552545315814025+1.1229339088748764j)	0.28600597381591797	17.067911911911914
156	(0.8861965303296668+1.0443209786935208j)	0.292421817779541	17.17802102102102
157	(0.822125356763473+0.9615976099224408j)	0.2785956859588623	17.28813013013013
158	(0.7639802546734844+0.8743004730504333j)	0.2846212387084961	17.39823923923924
159	(0.7122950517561661+0.7838537283325452j)	0.3856160640716553	17.50834834834835
160	(0.6662513642985636+0.690334890034212j)	0.3214740753173828	17.61845745745746
161	(0.6268701627843579+0.593531098416221j)	0.363818883895874	17.728566566566567
162	(0.5943350049782401+0.49495154458617563j)	0.3667159080505371	17.838675675675677
163	(0.5680550329118254+0.39579785786111055j)	0.3016378879547119	17.948784784784785
164	(0.5485160440366106+0.2921911343391618j)	0.289719820022583	18.058893893893895
165	(0.5361428407987201+0.18956732883324423j)	0.3213648796081543	18.169003003003002
166	(0.5300560919258639+0.08632552183848533j)	0.3314187526702881	18.279112112112113
167	(0.5313020636712356-0.01723100809360334j)	0.2972397804260254	18.389221221221224
168	(0.5394087985918593-0.11970247648132859j)	0.3265218734741211	18.49933033033033
169	(0.553815596715407-0.22154620071815417j)	0.3299119472503662	18.60943943943944
170	(0.5754765764465062-0.32223184260290505j)	0.2996652126312256	18.71954854854855
171	(0.6036169265010298-0.4205393388042925j)	0.28316378593444824	18.82965765765766
172	(0.6378133042752423-0.517049142790017j)	0.28014302253723145	18.939766766766766
173	(0.6788588646257236-0.6110218677964124j)	0.28485894203186035	19.049875875875877
174	(0.7257145826938513-0.70145957417607j)	0.29540300369262695	19.159984984984987
175	(0.7781153462333807-0.7890048705726478j)	0.29406189918518066	19.270094094094095
176	(0.8366505443689531-0.872729576902543j)	0.3830080032348633	19.380203203203205
177	(0.9000918321484652-0.9518945553943707j)	0.3974330425262451	19.490312312312312
178	(0.9683557748397496-1.027149142546155j)	0.329495906829834	19.600421421421423
179	(1.0418098055640024-1.0974281461374675j)	0.2839620113372803	19.71053053053053
180	(1.1191221405573222-1.162289188726912j)	0.2785778045654297	19.82063963963964
181	(1.2003989964902382-1.2223567853274198j)	0.2740190029144287	19.93074874874875
182	(1.2857652676709592-1.2765028841773018j)	0.2911961078643799	20.04085785785786
183	(1.373857984156329-1.3246149534179974j)	0.2842371463775635	20.15096696696697
184	(1.4649548448145053-1.3672535085369404j)	0.28713011741638184	20.261076076076076
185	(1.5588911029005055-1.4033308009832608j)	0.2804849147796631	20.371185185185187
186	(1.654351565667319-1.43303306689958j)	0.2876431941986084	20.481294294294294
187	(1.7517191665947665-1.4568465285312502j)	0.3218560218811035	20.591403403403405
188	(1.8505758022426448-1.473715426955964j)	0.29465198516845703	20.70151251251251
189	(1.9496704297094358-1.4841489790458515j)	0.3043091297149658	20.811621621621622
190	(2.049475134094605-1.4884874547742177j)	0.31938719749450684	20.921730730730733
191	(2.1493312304170433-1.4857669208243511j)	0.31336426734924316	21.03183983983984
192	(2.248139295435054-1.4767555099510778j)	0.34630393981933594	21.14194894894895
193	(2.346439407138752-1.4616183806439604j)	0.297360897064209	21.252058058058058
194	(2.443362382029791-1.4395665826139432j)	0.2824361324310303	21.36216716716717
195	(2.538048794616166-1.411557854054758j)	0.27931809425354004	21.472276276276276
196	(2.631064787853818-1.3776022938875983j)	0.2840230464935303	21.582385385385386
197	(2.7213914054525676-1.3371342920669704j)	0.2943108081817627	21.692494494494497
198	(2.8084348958271326-1.2912729235712435j)	0.29079294204711914	21.802603603603604
199	(2.8927398224532865-1.23988868006318j)	0.28498315811157227	21.912712712712715
200	(2.9731773121559226-1.182681652824333j)	0.27512073516845703	22.02282182182182
201	(3.0494264182404254-1.120871812141138j)	0.27729296684265137	22.132930930930932
202	(3.1219535216817875-1.0541998343812187j)	0.2906031608581543	22.24304004004004
203	(3.1895681605248773-0.9826416859052169j)	0.283588171005249	22.35314914914915
204	(3.252221267412555-0.9074357666682248j)	0.3062479496002197	22.46325825825826
205	(3.3102662057207777-0.8282008707920446j)	0.2827939987182617	22.573367367367368
206	(3.362520473624795-0.745177501868551j)	0.3133387565612793	22.68347647647648
207	(3.40921110502797-0.6595444887655844j)	0.35523295402526855	22.793585585585586
208	(3.450567477577926-0.5708246658761966j)	0.45538926124572754	22.903694694694696
209	(3.4853202427206553-0.47940893839110377j)	0.32334470748901367	23.013803803803803
210	(3.514492871075494-0.38667568921248563j)	0.27446508407592773	23.123912912912914
211	(3.537657179758971-0.2917889227307289j)	0.3055250644683838	23.234022022022025
212	(3.5634597838714726-0.17917196536486646j)	0.2636699676513672	23.34413113113113
213	(3.5643963987632787-0.09900718373105799j)	0.3463139533996582	23.454240240240242
214	(3.5686528085447167-0.0015133894099343959j)	0.31629323959350586	23.56434934934935
215	(3.566073568043587+0.09592836510928615j)	0.3402731418609619	23.67445845845846
216	(3.557550347959199+0.1925934686671955j)	0.31087303161621094	23.784567567567567
217	(3.54288560556399+0.2889489342502811j)	0.31499695777893066	23.894676676676678
218	(3.521768487336358+0.3837192813296142j)	0.3158717155456543	24.004785785785785
219	(3.4945579730436873+0.47689393226756227j)	0.3513307571411133	24.114894894894896
220	(3.4615539486957942+0.5683930062143823j)	0.3168301582336426	24.225004004004006
221	(3.422278642124457+0.6571770702606936j)	0.28648805618286133	24.335113113113113
222	(3.3777861628321126+0.7430176075290806j)	0.27617502212524414	24.445222222222224
223	(3.3276386708345633+0.8262220324479164j)	0.29068803787231445	24.55533133133133
224	(3.271859509852286+0.9055711446298869j)	0.2854189872741699	24.66544044044044
225	(3.2115172289206617+0.9810928098881329j)	0.28837108612060547	24.77554954954955
226	(3.145925097290841+1.0529961840566564j)	0.2894020080566406	24.88565865865866
227	(3.0759734811226838+1.119999194498758j)	0.2921719551086426	24.99576776776777
228	(3.0021126876926005+1.1824520826895364j)	0.28911519050598145	25.105876876876877
229	(2.9240088839237117+1.2403434735061938j)	0.28377604484558105	25.215985985985988
230	(2.84224712903318+1.2925687866391553j)	0.3000051975250244	25.326095095095095
231	(2.7577370586449814+1.33958801478351j)	0.2850160598754883	25.436204204204206
232	(2.669949990209696+1.3812611782387685j)	0.2786259651184082	25.546313313313313
233	(2.5796958663248835+1.416636933977107j)	0.2776482105255127	25.656422422422423
234	(2.487719958102128+1.4463570503577645j)	0.28831005096435547	25.766531531531534
235	(2.393529055355976+1.4701428683578832j)	0.2895622253417969	25.87664064064064
236	(2.298120982468463+1.4872629425415167j)	0.283005952835083	25.98674974974975
237	(2.202053819757455+1.4985079881299774j)	0.29407787322998047	26.09685885885886
238	(2.1049217654259618+1.5034841163223904j)	0.2892608642578125	26.20696796796797
239	(2.0078736769954837+1.5017183378187149j)	0.2785758972167969	26.317077077077077
240	(1.9112728192417598+1.4940950635057284j)	0.2812678813934326	26.427186186186187
241	(1.814843747870361+1.48011903581577j)	0.27991414070129395	26.537295295295298
242	(1.7197113828634887+1.4596641011942064j)	0.3042120933532715	26.647404404404405
243	(1.6263878839978387+1.4334109817192586j)	0.2790069580078125	26.757513513513516
244	(1.5343899771380087+1.4010130598784039j)	0.28745603561401367	26.867622622622623
245	(1.4450960022339896+1.3624634293418998j)	0.2818779945373535	26.977731731731733
246	(1.3584450111007047+1.3186465326991077j)	0.2821180820465088	27.08784084084084
247	(1.2744558807465047+1.2689456067699676j)	0.296144962310791	27.19794994994995
248	(1.19432671727045+1.2137099231563213j)	0.2886960506439209	27.308059059059058
249	(1.1177862734639332+1.1537614515233714j)	0.30196189880371094	27.41816816816817
250	(1.0450040314702476+1.0885018163925124j)	0.2780270576477051	27.52827727727728
251	(0.9770579392018006+1.0185551284972476j)	0.29379725456237793	27.638386386386387
252	(0.9135013907419323+0.9446508406636694j)	0.2813541889190674	27.748495495495497
253	(0.8546628919112451+0.866256207942772j)	0.28731274604797363	27.858604604604604
254	(0.8014579360299054+0.7842375312934367j)	0.29059290885925293	27.968713713713715
255	(0.7533123678650242+0.6991905664866204j)	0.28269505500793457	28.078822822822822
256	(0.7107060239921781+0.6106780685035854j)	0.33174800872802734	28.188931931931933
257	(0.6743486705703671+0.5197476717332842j)	0.30908679962158203	28.299041041041043
258	(0.6435761075153209+0.4268226202656906j)	0.38425326347351074	28.40915015015015
259	(0.6189855957221088+0.3315819433560524j)	0.33814072608947754	28.51925925925926
260	(0.601032554015662+0.23519116745504146j)	0.3147318363189697	28.629368368368368
261	(0.5889909823015854+0.13788495648669033j)	0.3049449920654297	28.73947747747748
262	(0.5835262414533489+0.03948843976615268j)	0.3497180938720703	28.849586586586586
263	(0.5848039036250523-0.05876716296121612j)	0.3265831470489502	28.959695695695697
264	(0.592023640066814-0.1570117643568659j)	0.30691099166870117	29.069804804804807
265	(0.6060262971404344-0.2546855436149209j)	0.30468201637268066	29.179913913913914
266	(0.626535094445191-0.35109877346172597j)	0.2947351932525635	29.290023023023025
267	(0.6528777424102767-0.44617132315121555j)	0.3092210292816162	29.400132132132132
268	(0.6853452588301224-0.5396906468338156j)	0.30604076385498047	29.510241241241243
269	(0.7247245259273544-0.6305149284524421j)	0.30475425720214844	29.62035035035035
270	(0.7691885992482497-0.7188461615166164j)	0.31192708015441895	29.73045945945946
271	(0.8197777317115947-0.8043316345206356j)	0.3034229278564453	29.840568568568568
272	(0.8758500701819081-0.8859030102735908j)	0.30196499824523926	29.950677677677678
273	(0.9368531605598897-0.9640447025399644j)	0.3179781436920166	30.06078678678679
274	(1.0034015719309146-1.0379688540011616j)	0.29081106185913086	30.170895895895896
275	(1.0745714452705828-1.107067833339319j)	0.3579421043395996	30.281005005005007
276	(1.1499687244794423-1.1717722512144528j)	0.3130371570587158	30.391114114114114
277	(1.230014136410419-1.2313908454644356j)	0.4074549674987793	30.501223223223224
278	(1.313647387564663-1.2853222966375735j)	0.31380510330200195	30.61133233233233
279	(1.4005903722525102-1.3341157915127033j)	0.28123021125793457	30.721441441441442
280	(1.4910780373429524-1.3770274623516923j)	0.29207921028137207	30.831550550550553
281	(1.5839345045102977-1.4136516465760993j)	0.3040809631347656	30.94165965965966
282	(1.6787871479256715-1.4445260706125571j)	0.27726292610168457	31.05176876876877
283	(1.7763966582525166-1.4689668483938711j)	0.28501415252685547	31.161877877877878
284	(1.874827484160716-1.4867070100249244j)	0.28992795944213867	31.271986986986988
285	(1.974336133582301-1.4983517402564928j)	0.2942850589752197	31.382096096096095
286	(2.074786892063235-1.503084292272712j)	0.31362295150756836	31.492205205205206
287	(2.174974241104195-1.5010458397052977j)	0.2916431427001953	31.602314314314317
288	(2.2750594535314126-1.4927626710329507j)	0.2871701717376709	31.712423423423424
289	(2.3747152937999196-1.4774716783297341j)	0.28963708877563477	31.822532532532534
290	(2.472806851659018-1.4555949992129984j)	0.2890639305114746	31.93264164164164
291	(2.5696037464682875-1.4275958619663354j)	0.28536510467529297	32.04275075075075
292	(2.6645874757121315-1.3928094094936967j)	0.2843620777130127	32.15285985985986
293	(2.7567407613839214-1.3519046579516167j)	0.29474616050720215	32.26296896896896
294	(2.8464086768704453-1.3052480538321822j)	0.36318516731262207	32.37307807807807
295	(2.93290525821289-1.2523007775472548j)	0.392179012298584	32.483187187187184
296	(3.015385913868009-1.193929759580205j)	0.4210197925567627	32.593296296296295
297	(3.094253533278066-1.1303770737637144j)	0.33251094818115234	32.703405405405405
298	(3.168700575577423-1.0612633920429806j)	0.27664804458618164	32.81351451451451
299	(3.2381109920818107-0.9876036629220839j)	0.3374619483947754	32.92362362362362
300	(3.302926470231515-0.9095166321390986j)	0.29245686531066895	33.03373273273273
301	(3.3622698048137893-0.8268178875374778j)	0.3045229911804199	33.14384184184184
302	(3.415788182999969-0.740631754659655j)	0.3193528652191162	33.25395095095095
303	(3.4639263556483746-0.6509650241135093j)	0.32127904891967773	33.364060060060055
304	(3.505782440607872-0.5578582330152667j)	0.31559014320373535	33.474169169169166
305	(3.5412675875660145-0.46249119863123567j)	0.32059288024902344	33.584278278278276
306	(3.5707899245796675-0.36477284401958954j)	0.3009929656982422	33.69438738738739
307	(3.5934582482427126-0.2649684381735913j)	0.29577088356018066	33.80449649649649
308	(3.609439441551517-0.16424309608840468j)	0.29254913330078125	33.9146056056056
309	(3.619071738131344-0.06241219517768262j)	0.2803173065185547	34.02471471471471
310	(3.6215262018388437+0.04005679629475767j)	0.32563281059265137	34.13482382382382
311	(3.6172163096129744+0.1420858396111018j)	0.3334352970123291	34.24493293293293
312	(3.606399921721026+0.24394306835073218j)	0.30269312858581543	34.35504204204204
313	(3.5883711714220614+0.3449846771623908j)	0.27962183952331543	34.46515115115115
314	(3.5637779926950266+0.44427361517295405j)	0.28914880752563477	34.57526026026026
315	(3.5327965542882818+0.5421315249881465j)	0.2906179428100586	34.68536936936937
316	(3.494896177578654+0.6377580450830845j)	0.49300098419189453	34.79547847847847
317	(3.450925411709904+0.7303931898704524j)	0.3051481246948242	34.90558758758758
318	(3.400970303950982+0.8203703209636992j)	0.2998981475830078	35.01569669669669
319	(3.3447040612664853+0.9067643170110348j)	0.35759520530700684	35.125805805805804
320	(3.2831156031147466+0.9890194210077493j)	0.3251657485961914	35.235914914914915
321	(3.2161905004596707+1.0674502160758315j)	0.2792048454284668	35.34602402402402
322	(3.1438149228285615+1.141059946875513j)	0.3615450859069824	35.45613313313313
323	(3.067054335325265+1.2095279031706478j)	0.3806440830230713	35.56624224224224
324	(2.985794973464099+1.2731382626073995j)	0.3496220111846924	35.67635135135135
325	(2.900146055596151+1.3308875832262614j)	0.36437392234802246	35.78646046046046
326	(2.811197197250424+1.3827164676780568j)	0.37743210792541504	35.896569569569564
327	(2.7187580612330025+1.4288642913274272j)	0.29958081245422363	36.006678678678675
328	(2.623171533391907+1.4683836038211522j)	0.4131929874420166	36.116787787787786
329	(2.5255063086930005+1.501471581152806j)	0.29489803314208984	36.226896896896896
330	(2.4255273763112815+1.5283011229966594j)	0.3889920711517334	36.337006006006
331	(2.3238065168483364+1.5480242777288407j)	0.3322269916534424	36.44711511511511
332	(2.2213397562495807+1.5610662738399559j)	0.3114800453186035	36.55722422422422
333	(2.1178694012600943+1.5675113139593533j)	0.34558701515197754	36.66733333333333
334	(2.0141615195243765+1.566645811226675j)	0.3306410312652588	36.77744244244244
335	(1.9110784290564753+1.5590900435912338j)	0.29633307456970215	36.887551551551546
336	(1.8083531619070543+1.5448301808167828j)	0.2955660820007324	36.99766066066066
337	(1.7068512929007968+1.5237641604346182j)	0.2894446849822998	37.10776976976977
338	(1.6073798125599215+1.495384079995975j)	0.27979207038879395	37.21787887887888
339	(1.5095501427666207+1.4608845229747054j)	0.2951784133911133	37.32798798798799
340	(1.414408972429627+1.419528267704474j)	0.2801191806793213	37.43809709709709
341	(1.3224238587923012+1.3722274810142627j)	0.28870487213134766	37.5482062062062
342	(1.2333734481930951+1.3188229149108404j)	0.44972777366638184	37.65831531531531
343	(1.1483157642058743+1.2592573027889329j)	0.5122287273406982	37.768424424424424
344	(1.0675009834836882+1.1945215674554115j)	0.32733678817749023	37.87853353353353
345	(0.9907790117718883+1.1244020545220008j)	0.43222713470458984	37.98864264264264
346	(0.9192126624921116+1.0490893889360786j)	0.40734291076660156	38.09875175175175
347	(0.8528325839434059+0.9695868575420791j)	0.36857104301452637	38.20886086086086
348	(0.7915730868887796+0.8856330812285329j)	0.4177360534667969	38.31896996996997
349	(0.7364377519884864+0.797649633123695j)	0.36054086685180664	38.429079079079074
350	(0.6872344379348179+0.7065908245677335j)	0.31546497344970703	38.539188188188184
351	(0.643976484950905+0.6121693846369433j)	0.4548799991607666	38.649297297297295
352	(0.6075429544014682+0.5150185162174471j)	0.2810051441192627	38.759406406406406
353	(0.5775242433809057+0.4160043257307561j)	0.3012082576751709	38.86951551551551
354	(0.5540100855134258+0.31484828780886404j)	0.287106990814209	38.97962462462462
355	(0.5377044810518921+0.21237668857399278j)	0.27765822410583496	39.08973373373373
356	(0.5280141255939851+0.10933562749674484j)	0.27684998512268066	39.19984284284284
357	(0.5251085065692154+0.005489913265647073j)	0.2811861038208008	39.30995195195195
358	(0.5294890747034207-0.09817796568326738j)	0.2883310317993164	39.420061061061055
359	(0.5404279775296092-0.2010766318724659j)	0.2815849781036377	39.530170170170166
360	(0.5581755617874576-0.30338148203130677j)	0.2922322750091553	39.64027927927928
361	(0.5830101928952979-0.40401322063248296j)	0.27959227561950684	39.75038838838839
362	(0.6141163904851102-0.5025738706270347j)	0.2790820598602295	39.8604974974975
363	(0.6518076784346412-0.5991702117777706j)	0.27834200859069824	39.9706066066066
364	(0.6961157381719527-0.692694858592969j)	0.27722620964050293	40.08071571571571
365	(0.7461760850128574-0.7829622840256955j)	0.2898890972137451	40.19082482482482
366	(0.8031830420220363-0.86932677065424j)	0.27054786682128906	40.30093393393393
367	(0.8643477039864311-0.9527300639848798j)	0.27762913703918457	40.41104304304304
368	(0.931353237683923-1.0311718021933864j)	0.2859518527984619	40.52115215215215
369	(1.0036845060058275-1.1052574643643371j)	0.2798471450805664	40.63126126126126
370	(1.0808606326117993-1.1739780546038099j)	0.28539109230041504	40.74137037037037
371	(1.162043607590723-1.2375420417459655j)	0.278378963470459	40.85147947947948
372	(1.2475515306531355-1.29577241775338j)	0.28162503242492676	40.96158858858858
373	(1.3366859050986406-1.3477812893460346j)	0.27289795875549316	41.071697697697694
374	(1.4287028199188643-1.3939440866983153j)	0.2873671054840088	41.181806806806804
375	(1.523883975958983-1.4339865022567644j)	0.28217220306396484	41.291915915915915
376	(1.6213578201220722-1.4671986427832875j)	0.2811298370361328	41.40202502502502
377	(1.7205143085843424-1.494104301096595j)	0.28165507316589355	41.51213413413413
378	(1.8219139533380326-1.5142530758239738j)	0.28023195266723633	41.62224324324324
379	(1.9235298828343224-1.527477638961262j)	0.28108811378479004	41.73235235235235
380	(2.0259241939723687-1.534106251315324j)	0.2788081169128418	41.84246146146146
381	(2.1288809172855463-1.533849392926283j)	0.294450044631958	41.952570570570565
382	(2.231303780118023-1.526470436985572j)	0.2813150882720947	42.062679679679675
383	(2.3328900863604902-1.5126905096137815j)	0.2772707939147949	42.172788788788786
384	(2.4336491668755-1.492078110089563j)	0.27710485458374023	42.2828978978979
385	(2.532447413959972-1.4646445883561547j)	0.303009033203125	42.39300700700701
386	(2.6291526571707964-1.4311322523087415j)	0.29858922958374023	42.50311611611611
387	(2.723657441062372-1.3910915010439944j)	0.3007190227508545	42.61322522522522
388	(2.8148610844602917-1.3447768986169542j)	0.3047182559967041	42.72333433433433
389	(2.9028113350684164-1.2929101936790053j)	0.37250614166259766	42.83344344344344
390	(2.987293666382367-1.235058195521473j)	0.3270690441131592	42.943552552552546
391	(3.0673058003393634-1.1717145816122867j)	0.40905332565307617	43.05366166166166
392	(3.143066350248921-1.103551817815374j)	0.2946631908416748	43.16377077077077
393	(3.21425872717016-1.0301956204212106j)	0.32354187965393066	43.27387987987988
394	(3.280024726099966-0.9523628472322807j)	0.35653090476989746	43.38398898898899
395	(3.340971607056071-0.871258874572507j)	0.2785329818725586	43.49409809809809
396	(3.3959382076927596-0.7847695619429909j)	0.29576611518859863	43.6042072072072
397	(3.444987175905151-0.6956234409585262j)	0.2975602149963379	43.714316316316314
398	(3.488332341690056-0.6036960188021281j)	0.3056149482727051	43.824425425425424
399	(3.525471247264492-0.5088047232424309j)	0.3853487968444824	43.93453453453453
400	(3.555931740994115-0.4119721324898764j)	0.35369086265563965	44.04464364364364
401	(3.580249515423697-0.3135418744955316j)	0.38315582275390625	44.15475275275275
402	(3.597871053112277-0.21344362637005432j)	0.40555596351623535	44.26486186186186
403	(3.6085693719007472-0.1127681929262474j)	0.3330559730529785	44.37497097097097
404	(3.6129269892553633-0.011699099866643303j)	0.30205202102661133	44.485080080080074
405	(3.610384090334072+0.08969823832248824j)	0.357205867767334	44.595189189189185
406	(3.60097252405664+0.1903198872566667j)	0.4212617874145508	44.705298298298295
407	(3.585296495925007+0.29011878899703314j)	0.29043102264404297	44.815407407407406
408	(3.56281453864208+0.38889013074641277j)	0.29444408416748047	44.92551651651652
409	(3.5339333014739953+0.4856171951177022j)	0.29409313201904297	45.03562562562562
410	(3.4987268465279375+0.58007503640791j)	0.2853412628173828	45.14573473473473
411	(3.4574822369807063+0.672489349395986j)	0.27994704246520996	45.25584384384384
412	(3.4101745563499466+0.7614020353810808j)	0.28046488761901855	45.36595295295295
413	(3.357444039052407+0.8471664134518677j)	0.28063416481018066	45.476062062062056
414	(3.2988706908802516+0.9293075408659075j)	0.2899200916290283	45.586171171171166
415	(3.23515919799699+1.0069848651615891j)	0.28731489181518555	45.69628028028028
416	(3.1667295191120504+1.080512049195883j)	0.2847621440887451	45.80638938938939
417	(3.0932663320634886+1.1493306838420005j)	0.29826903343200684	45.9164984984985
418	(3.015642944974771+1.2127941783842828j)	0.3977539539337158	46.0266076076076
419	(2.9341810311269234+1.271301576681286j)	0.380429744720459	46.13671671671671
420	(2.848709565491905+1.324225124800579j)	0.5618448257446289	46.24682582582582
421	(2.7602297927048585+1.3711363324612909j)	0.37873005867004395	46.356934934934934
422	(2.668958193782803+1.4124770802579594j)	0.32551097869873047	46.467044044044044
423	(2.5748838855302836+1.4475734776899083j)	0.38783812522888184	46.57715315315315
424	(2.4790773644486297+1.4762235932648278j)	0.30899524688720703	46.68726226226226
425	(2.381629561838932+1.4988898084573083j)	0.2902700901031494	46.79737137137137
426	(2.2827111904078135+1.514842225775844j)	0.32535719871520996	46.90748048048048
427	(2.183370246320508+1.5241593868447256j)	0.33335089683532715	47.01758958958958
428	(2.083592177609925+1.5272568889830747j)	0.35764288902282715	47.127698698698694
429	(1.9835853878895109+1.5235228093185815j)	0.4604158401489258	47.237807807807805
430	(1.8846293149321691+1.5131227954153113j)	0.4046628475189209	47.347916916916915
431	(1.7863340376846288+1.4965659254519221j)	0.4230802059173584	47.458026026026026
432	(1.6892298922716376+1.4732488332852445j)	0.3918929100036621	47.56813513513513
433	(1.594242197359408+1.443677032117034j)	0.3355979919433594	47.67824424424424
434	(1.501161438351043+1.4081947329532047j)	0.3928191661834717	47.78835335335335
435	(1.410570160681563+1.3663486487558516j)	0.28896188735961914	47.89846246246246
436	(1.3232635292586896+1.3188359588747525j)	0.4141578674316406	48.008571571571565
437	(1.2389771471981639+1.2659178089466745j)	0.3764350414276123	48.118680680680676
438	(1.1584054979331813+1.2072738004086083j)	0.3750767707824707	48.228789789789786
439	(1.0821680162271523+1.1437442652713248j)	0.36867499351501465	48.3388988988989
440	(1.009961718118527+1.0754903814925638j)	0.43721580505371094	48.44900800800801
441	(0.9425480956319503+1.0023461876673943j)	0.40820908546447754	48.55911711711711
442	(0.880296249019549+0.9253005891074124j)	0.3951079845428467	48.66922622622622
443	(0.8229877675810275+0.8442702866841473j)	0.4180269241333008	48.77933533533533
444	(0.771299102809117+0.7594163462993861j)	0.43361997604370117	48.88944444444444
445	(0.7254503474240034+0.6716738408703022j)	0.37410688400268555	48.999553553553554
446	(0.6850862874204545+0.5810767547849814j)	0.32385921478271484	49.10966266266266
447	(0.6510143526203177+0.48777949040303253j)	0.32935285568237305	49.21977177177177
448	(0.623167592427201+0.3928138575315152j)	0.30163097381591797	49.32988088088088
449	(0.601268244586217+0.2960926072380452j)	0.30249595642089844	49.43998998998999
450	(0.5860418298214307+0.198002604453965j)	0.2906179428100586	49.55009909909909
451	(0.5772226863407148+0.09951427004062555j)	0.33104920387268066	49.6602082082082
452	(0.5745948064361324+0.00047292870934600995j)	0.38356685638427734	49.770317317317314
453	(0.5787965681634832-0.09857597417114386j)	0.36464595794677734	49.880426426426425
454	(0.5893629842150414-0.19676752114327173j)	0.3613910675048828	49.990535535535535
455	(0.6061458309464811-0.29430938699991804j)	0.2999699115753174	50.10064464464464
456	(0.6296474979072788-0.3905258216088956j)	0.37012577056884766	50.21075375375375
457	(0.6592222410620276-0.4846944680587589j)	0.30068182945251465	50.32086286286286
458	(0.6947865479249729-0.5770490213180336j)	0.3268921375274658	50.43097197197197
459	(0.7366706607793874-0.6668052320282614j)	0.44080591201782227	50.541081081081074
460	(0.7840838774332926-0.7534063396371479j)	0.6241600513458252	50.651190190190185
461	(0.8370115338027229-0.8370787444017063j)	0.3784599304199219	50.761299299299296
462	(0.8955972988676304-0.9169608060830677j)	0.37114596366882324	50.871408408408406
463	(0.9589581045342028-0.9926803913729785j)	0.3249020576477051	50.98151751751752
464	(1.027156044936969-1.0644355762261593j)	0.3038918972015381	51.09162662662662
465	(1.1001434889781634-1.1313351774131988j)	0.31015872955322266	51.20173573573573
466	(1.1770004313305753-1.1932141414691195j)	0.31398987770080566	51.31184484484484
467	(1.2578575018816354-1.2502326321273953j)	0.304675817489624	51.42195395395395
468	(1.3424721049086206-1.3015285602139846j)	0.3229100704193115	51.53206306306306
469	(1.4299304853319033-1.3471551481429458j)	0.3006429672241211	51.64217217217217
470	(1.5204072157980413-1.3872275190066916j)	0.45408201217651367	51.75228128128128
471	(1.6134618897373167-1.420958888271698j)	0.3678920269012451	51.86239039039039
472	(1.7082228222217233-1.4486117089036517j)	0.3831298351287842	51.9724994994995
473	(1.8048799245594016-1.4702373686665897j)	0.31190919876098633	52.0826086086086
474	(1.9028103503505445-1.485162939069508j)	0.31643104553222656	52.19271771771771
475	(2.0008715932533185-1.4939653726892412j)	0.31483006477355957	52.30282682682682
476	(2.1003087828028346-1.4962003763943914j)	0.32375597953796387	52.412935935935934
477	(2.199295009918619-1.4917556200970314j)	0.318666934967041	52.523045045045045
478	(2.2975225906326004-1.481074586304726j)	0.3186371326446533	52.63315415415415
479	(2.395168108252669-1.4640560280853423j)	0.304318904876709	52.74326326326326
480	(2.4913604326238556-1.4403460142168305j)	0.30661678314208984	52.85337237237237
481	(2.5856052450321405-1.4106442474867529j)	0.30088186264038086	52.96348148148148
482	(2.6780522668807105-1.374794035184979j)	0.30121707916259766	53.07359059059059
483	(2.767771486658238-1.3326506012892558j)	0.3189890384674072	53.183699699699694
484	(2.854449634068035-1.2850017614598015j)	0.33977508544921875	53.293808808808805
485	(2.938182287789732-1.2316528962317403j)	0.35249900817871094	53.403917917917916
486	(3.0180188550676728-1.172682429530799j)	0.35497617721557617	53.514027027027026
487	(3.0938253105983033-1.1089216735113074j)	0.3159751892089844	53.62413613613613
488	(3.1655832491307865-1.0401928109029108j)	0.28440403938293457	53.73424524524524
489	(3.2324818299035103-0.9666561540250811j)	0.3079040050506592	53.84435435435435
490	(3.2944479875511954-0.8892633678361781j)	0.30179882049560547	53.95446346346346
491	(3.3514634700145374-0.8077335093618982j)	0.30191993713378906	54.06457257257257
492	(3.4026783741354643-0.7225534185177251j)	0.3022887706756592	54.174681681681676
493	(3.4483157869988474-0.634484760218402j)	0.3085329532623291	54.28479079079079
494	(3.4881117607120187-0.5431843581078986j)	0.306718111038208	54.3948998998999
495	(3.5219503684349958-0.44978645925181504j)	0.3732109069824219	54.50500900900901
496	(3.549231511828931-0.35422292151058765j)	0.3366367816925049	54.61511811811811
497	(3.5704855110828024-0.2568207912109113j)	0.28562188148498535	54.72522722722722
498	(3.584973810386237-0.15826248062006143j)	0.2830519676208496	54.83533633633633
499	(3.5932219779485806-0.05911589738208978j)	0.28674983978271484	54.94544544544544
500	(3.5949759308047953+0.040749902227821044j)	0.28435468673706055	55.055554554554554
501	(3.589887534934129+0.1403990232042811j)	0.2821800708770752	55.16566366366366
502	(3.578573513497763+0.23939615769679867j)	0.2905271053314209	55.27577277277277
503	(3.5607281660074994+0.33779811985218045j)	0.2815990447998047	55.38588188188188
504	(3.53620892844803+0.43460804362349736j)	0.2919628620147705	55.49599099099099
505	(3.5056894373192207+0.5295528457099574j)	0.285290002822876	55.6061001001001
506	(3.4688329560658424+0.6226096441537627j)	0.2911090850830078	55.716209209209204
507	(3.425721952996372+0.7127806847834475j)	0.2857809066772461	55.826318318318314
508	(3.3770561943110944+0.7999631598701824j)	0.290571928024292	55.936427427427425
509	(3.3225045239423086+0.8840519173935208j)	0.29229092597961426	56.046536536536536
510	(3.2623800281751594+0.9640933600348569j)	0.28368115425109863	56.15664564564564
511	(3.1973805794734087+1.0401460488924066j)	0.28833794593811035	56.26675475475475
512	(3.127206819387249+1.1120101523715942j)	0.2808072566986084	56.37686386386386
513	(3.052388216875701+1.178817550410462j)	0.28226280212402344	56.48697297297297
514	(2.9735795266758536+1.2407668639463583j)	0.28278398513793945	56.59708208208208
515	(2.890530276352735+1.2975646495813549j)	0.2831432819366455	56.707191191191185
516	(2.8039501665464304+1.3484700186145075j)	0.29982924461364746	56.817300300300296
517	(2.7143697167764715+1.393832970230279j)	0.304837703704834	56.92740940940941
518	(2.6217200643891454+1.4332064579233421j)	0.3268928527832031	57.03751851851852
519	(2.5267336000331015+1.4661043844416142j)	0.30061793327331543	57.14762762762762
520	(2.429907177529318+1.492934889302922j)	0.2856729030609131	57.25773673673673
521	(2.3311401770858726+1.5132823972746774j)	0.29250574111938477	57.36784584584584
522	(2.231385477356831+1.5267962356671614j)	0.28047800064086914	57.47795495495495
523	(2.1309824466060414+1.533997723863868j)	0.2851426601409912	57.58806406406406
524	(2.029939850880788+1.5344477045856055j)	0.2821648120880127	57.69817317317317
525	(1.929275827858545+1.5280244587851075j)	0.2826411724090576	57.80828228228228
526	(1.829205863609348+1.51529599245577j)	0.2850058078765869	57.91839139139139
527	(1.7298597941460274+1.4958181262624257j)	0.281419038772583	58.0285005005005
528	(1.6322677549427898+1.4696938514073132j)	0.2916100025177002	58.13860960960961
529	(1.5365147603126807+1.4374959093282018j)	0.3655998706817627	58.24871871871871
530	(1.4428415825956287+1.3988001766938167j)	0.34095096588134766	58.358827827827824
531	(1.3522296935689064+1.3539249353055625j)	0.28653907775878906	58.468936936936935
532	(1.2646250981379576+1.3034212767997662j)	0.2832179069519043	58.579046046046045
533	(1.180370923511286+1.2469149385904972j)	0.2820911407470703	58.68915515515515
534	(1.1003385937334258+1.1849369165771118j)	0.3092689514160156	58.79926426426426
535	(1.0243489434641597+1.117996112295828j)	0.27515125274658203	58.90937337337337
536	(0.9528320073958239+1.0458072936853493j)	0.28539609909057617	59.01948248248248
537	(0.8865160363586513+0.9690928089747101j)	0.28782224655151367	59.12959159159159
538	(0.8251220068870653+0.8882991938412792j)	0.28800106048583984	59.239700700700695
539	(0.7691576705885852+0.8032543786833362j)	0.28244519233703613	59.349809809809805
540	(0.7191786468814254+0.7148297671878685j)	0.2797970771789551	59.459918918918916
541	(0.674836436357702+0.6233862222650757j)	0.29975223541259766	59.57002802802803
542	(0.6366925061350717+0.5288698984027573j)	0.2795577049255371	59.68013713713713
543	(0.6051032324755758+0.43224804462834615j)	0.3041243553161621	59.79024624624624
544	(0.5796680566399648+0.33377206171561835j)	0.27870702743530273	59.90035535535535
545	(0.5609656943300978+0.23351377468711945j)	0.28505682945251465	60.01046446446446
546	(0.5491226472306079+0.13248411884268302j)	0.286104679107666	60.12057357357357
547	(0.5437264550881917+0.030811325452526767j)	0.29122090339660645	60.230682682682676
548	(0.5452689489734054-0.0712686700503761j)	0.28762078285217285	60.34079179179179
549	(0.5536996567838877-0.17277458469959767j)	0.28007984161376953	60.4509009009009
550	(0.568555611059552-0.2736595104778874j)	0.27905774116516113	60.56101001001001
551	(0.590335682715757-0.3735766770504041j)	0.28527379035949707	60.67111911911912
552	(0.6187015875890312-0.47155998920612674j)	0.28769779205322266	60.78122822822822
553	(0.6532370045239219-0.5676628198523006j)	0.2826082706451416	60.89133733733733
554	(0.6943622782350688-0.661411081007798j)	0.278270959854126	61.001446446446444
555	(0.7415431983820158-0.7519346522907888j)	0.2901158332824707	61.111555555555555
556	(0.7944154253435944-0.8393731585151867j)	0.27730607986450195	61.22166466466466
557	(0.8532980802453853-0.9231554571042226j)	0.28932809829711914	61.33177377377377
558	(0.9174863290304319-1.0025613663974258j)	0.28386592864990234	61.44188288288288
559	(0.986681478947352-1.077807823460239j)	0.2856917381286621	61.55199199199199
560	(1.0610685876652337-1.1482604144676416j)	0.2793278694152832	61.6621011011011
561	(1.1398011549967606-1.2133861185383905j)	0.2971782684326172	61.772210210210204
562	(1.2226470440787949-1.2734582522872344j)	0.31394410133361816	61.882319319319315
563	(1.3096329470011339-1.3278046549200537j)	0.305009126663208	61.992428428428425
564	(1.3998093337807622-1.376097212708172j)	0.30229830741882324	62.102537537537536
565	(1.4930181045512472-1.4186335900375444j)	0.3788931369781494	62.21264664664665
566	(1.5891197225667475-1.4547305218208026j)	0.333111047744751	62.32275575575575
567	(1.6871194090141837-1.4842721359770288j)	0.30826497077941895	62.43286486486486
568	(1.7869389767399293-1.5075544729346295j)	0.3066880702972412	62.54297397397397
569	(1.8882873360280945-1.5239212085774256j)	0.3346831798553467	62.65308308308308
570	(1.9901819619317973-1.5334753731814452j)	0.42618894577026367	62.763192192192186
571	(2.0926295448668313-1.5364992567280154j)	0.34512996673583984	62.8733013013013
572	(2.195197358689689-1.532409969904748j)	0.31821393966674805	62.98341041041041
573	(2.2969649717494947-1.521530438390905j)	0.30907416343688965	63.09351951951952
574	(2.3980094078693726-1.50412139105409j)	0.3171420097351074	63.20362862862863
575	(2.4977659793054134-1.4797136287527248j)	0.3041038513183594	63.31373773773773
576	(2.5954140969836743-1.4488324865446434j)	0.30506110191345215	63.42384684684684
577	(2.6910765024357146-1.411701443506948j)	0.3027198314666748	63.53395595595595
578	(2.78407540101733-1.36798786164066j)	0.30501508712768555	63.644065065065064
579	(2.873724998287798-1.3183832130086712j)	0.403702974319458	63.75417417417417
580	(2.960170200474709-1.263050532628573j)	0.3090829849243164	63.86428328328328
581	(3.0426760065863623-1.2018154145356048j)	0.2978661060333252	63.97439239239239
582	(3.1207081724312165-1.1354821355832434j)	0.3088362216949463	64.0845015015015
583	(3.194448383704918-1.0641510574833286j)	0.30820393562316895	64.19461061061061
584	(3.2631110886980443-0.9878097630811546j)	0.30396413803100586	64.30471971971973
585	(3.3263874584531674-0.9073480878010595j)	0.29883694648742676	64.41482882882883
586	(3.384461319819937-0.8228048914186439j)	0.3063838481903076	64.52493793793793
587	(3.4365643516919606-0.7343492122942881j)	0.31951212882995605	64.63504704704705
588	(3.4826011665680996-0.6429141156269469j)	0.3040027618408203	64.74515615615616
589	(3.522747122887659-0.5484929075960431j)	0.30510425567626953	64.85526526526527
590	(3.5562802265910967-0.4514395655523551j)	0.314586877822876	64.96537437437438
591	(3.5833132115249606-0.35268285973322944j)	0.3005800247192383	65.07548348348348
592	(3.603997176512027-0.25215943702341237j)	0.2916238307952881	65.1855925925926
593	(3.617662019437385-0.15044310192357702j)	0.3081989288330078	65.2957017017017
594	(3.6246400559503558-0.04834989569499759j)	0.29732179641723633	65.40581081081082
595	(3.6250186093732513+0.054184945395239215j)	0.3152787685394287	65.51591991991992
596	(3.6182761530335714+0.15650759540860892j)	0.3027629852294922	65.62602902902903
597	(3.604893498860157+0.25785724034676494j)	0.3009939193725586	65.73613813813814
598	(3.584925256236809+0.358341645856708j)	0.2868220806121826	65.84624724724725
599	(3.5580092064410103+0.4572076622288308j)	0.2831990718841553	65.95635635635637
600	(3.524785203963284+0.5538332694326646j)	0.2878999710083008	66.06646546546547
601	(3.485268907691911+0.648330858104479j)	0.28098416328430176	66.17657457457457
602	(3.4392847697474904+0.73987345717359j)	0.2848341464996338	66.28668368368369
603	(3.3875922764609987+0.8279986416616703j)	0.2917001247406006	66.3967927927928
604	(3.330167675538281+0.9128000664564755j)	0.28883814811706543	66.50690190190191
605	(3.267026992966277+0.9934117989661208j)	0.2844350337982178	66.61701101101102
606	(3.198990649044199+1.0695500953095252j)	0.2822611331939697	66.72712012012012
607	(3.1260166413244797+1.1412738755997123j)	0.29412293434143066	66.83722922922924
608	(3.048284878695916+1.2077332560464695j)	0.2817831039428711	66.94733833833834
609	(2.96665413236139+1.2688315815596527j)	0.29464101791381836	67.05744744744744
610	(2.8810163144465983+1.3246119695210865j)	0.2827928066253662	67.16755655655656
611	(2.791766946729943+1.3742753411486222j)	0.296342134475708	67.27766566566567
612	(2.699733725850358+1.4179329955430433j)	0.2835659980773926	67.38777477477478
613	(2.604806558910548+1.4555819471214424j)	0.2824690341949463	67.49788388388389
614	(2.5075469506183583+1.4865432169385482j)	0.28864192962646484	67.60799299299299
615	(2.4087364676602045+1.511109074076894j)	0.282397985458374	67.71810210210211
616	(2.308272963014955+1.5292308499858827j)	0.28357386589050293	67.82821121121121
617	(2.206872829248186+1.5403666156017632j)	0.286452054977417	67.93832032032033
618	(2.1052261169026627+1.5449617688404984j)	0.2834639549255371	68.04842942942943
619	(2.0032526707324156+1.542918043746102j)	0.2881331443786621	68.15853853853854
620	(1.9011063096944558+1.5241940940834475j)	0.25470495223999023	68.26864764764765
621	(1.8013645107288814+1.518334076663417j)	0.28744006156921387	68.37875675675676
622	(1.7019541712556518+1.496221199742892j)	0.27910900115966797	68.48886586586588
623	(1.6044366733726643+1.4673202572626551j)	0.293795108795166	68.59897497497498
624	(1.509214364410474+1.4323054520656042j)	0.27941083908081055	68.70908408408408
625	(1.4162643507590702+1.3909857693867744j)	0.28533101081848145	68.8191931931932
626	(1.3264985612588307+1.3434022206006997j)	0.28388190269470215	68.9293023023023
627	(1.2398085325937742+1.2902924219572967j)	0.27762579917907715	69.03941141141142
628	(1.157251852082548+1.2314460663149367j)	0.2900879383087158	69.14952052052053
629	(1.0786968204055751+1.1671275134087282j)	0.2851099967956543	69.25962962962963
630	(1.0045552910245992+1.0980824853998348j)	0.2892720699310303	69.36973873873875
631	(0.9347778855518954+1.0241396066311794j)	0.2786135673522949	69.47984784784785
632	(0.8706368463142751+0.9457147881559099j)	0.29892420768737793	69.58995695695695
633	(0.8116045942577065+0.8635474500295411j)	0.3228769302368164	69.70006606606607
634	(0.7579828269228103+0.777471227545229j)	0.3102691173553467	69.81017517517517
635	(0.7104970598106686+0.688077903636108j)	0.2917759418487549	69.92028428428429
636	(0.6688971796519192+0.5960356617324261j)	0.28325819969177246	70.0303933933934
637	(0.6333886936212366+0.5012102900161576j)	0.28692197799682617	70.1405025025025
638	(0.6045410058564572+0.40433775920429826j)	0.2828528881072998	70.25061161161162
639	(0.5819610351805233+0.3059996670685907j)	0.28076624870300293	70.36072072072072
640	(0.5658906780377849+0.20611440900407693j)	0.2858757972717285	70.47082982982984
641	(0.5567179547478842+0.10553835540354965j)	0.2890889644622803	70.58093893893894
642	(0.553938244000386+0.004744638168809701j)	0.2861318588256836	70.69104804804805
643	(0.5578275843401974-0.09627559952582453j)	0.2883918285369873	70.80115715715716
644	(0.5685776127743075-0.1965921995059729j)	0.2882058620452881	70.91126626626627
645	(0.585614236882094-0.2958584088532326j)	0.2801210880279541	71.02137537537538
646	(0.6092366960452981-0.3940094200056664j)	0.28023290634155273	71.13148448448449
647	(0.6394334477007657-0.49009566278861616j)	0.28612375259399414	71.24159359359359
648	(0.6755921226882775-0.5839181315091276j)	0.2899818420410156	71.35170270270271
649	(0.71801147430975-0.6753431420752353j)	0.28319692611694336	71.46181181181181
650	(0.7664691077148658-0.7634515000977959j)	0.2856431007385254	71.57192092092093
651	(0.8203409814456754-0.8481993589972835j)	0.2820110321044922	71.68203003003003
652	(0.8798934787595107-0.9293787026560215j)	0.27716803550720215	71.79213913913914
653	(0.944697883720483-1.006146596300334j)	0.27928900718688965	71.90224824824826
654	(1.014144991548842-1.0785966435924523j)	0.2855260372161865	72.01235735735736
655	(1.0884483584138904-1.1464454855983426j)	0.28751301765441895	72.12246646646646
656	(1.1669957943607794-1.2089574318470466j)	0.28319811820983887	72.23257557557558
657	(1.2492896733280467-1.265933045308453j)	0.28272008895874023	72.34268468468468
658	(1.3352985716446222-1.3182586362546778j)	0.2906801700592041	72.4527937937938
659	(1.4244474896836163-1.3641049594902337j)	0.27787089347839355	72.5629029029029
660	(1.516203785024882-1.4042015959913308j)	0.2830219268798828	72.67301201201201
661	(1.6106448863853455-1.438148939020414j)	0.28711915016174316	72.78312112112113
662	(1.7069087551955333-1.4655411255464883j)	0.28014683723449707	72.89323023023023
663	(1.8046299613824361-1.4867836153437506j)	0.28983497619628906	73.00333933933935
664	(1.9037923586826815-1.5014584592176277j)	0.2795069217681885	73.11344844844845
665	(2.003545742411805-1.509356671290135j)	0.28312110900878906	73.22355755755756
666	(2.1034031585076054-1.5109848840328886j)	0.2830979824066162	73.33366666666667
667	(2.203470370468948-1.5058903921787328j)	0.29345273971557617	73.44377577577578
668	(2.3027158060339845-1.4941041658675955j)	0.31488704681396484	73.5538848848849
669	(2.400996613037828-1.4761236966822495j)	0.330078125	73.663993993994
670	(2.498063444098398-1.451550344743082j)	0.2891860008239746	73.7741031031031
671	(2.592999705607151-1.4206081380986797j)	0.27983880043029785	73.88421221221222
672	(2.6857663812810166-1.3837858222802837j)	0.28485822677612305	73.99432132132132
673	(2.776033851701214-1.340726378253898j)	0.28838300704956055	74.10443043043044
674	(2.86294740261061-1.2918465585340373j)	0.28339409828186035	74.21453953953954
675	(2.9465884189739002-1.2376024479765824j)	0.28946566581726074	74.32464864864865
676	(3.0265487991530007-1.1777103366554766j)	0.28730225563049316	74.43475775775777
677	(3.102096672165048-1.112764020846401j)	0.2756979465484619	74.54486686686687
678	(3.1734158296933432-1.043177565222444j)	0.2812070846557617	74.65497597597599
679	(3.240030055951054-0.9687669445413244j)	0.29117608070373535	74.76508508508509
680	(3.3013614063390597-0.8902805522404323j)	0.2843668460845947	74.8751941941942
681	(3.357667363497067-0.8080716205140871j)	0.2827489376068115	74.98530330330331
682	(3.4084199033640483-0.7220731078461187j)	0.2852180004119873	75.09541241241241
683	(3.453213344397557-0.6331440065420781j)	0.2804429531097412	75.20552152152152
684	(3.492353140134189-0.5415553884285698j)	0.2812690734863281	75.31563063063064
685	(3.5252852305353404-0.44736057054930045j)	0.28362083435058594	75.42573973973974
686	(3.5516631749295384-0.3515112752956413j)	0.28020286560058594	75.53584884884886
687	(3.5722262672601635-0.25407750621830116j)	0.2868778705596924	75.64595795795796
688	(3.5860301230187206-0.15533917758313065j)	0.27605509757995605	75.75606706706706
689	(3.5932547102887047-0.05612175738832337j)	0.2564730644226074	75.86617617617618
690	(3.59374990289975+0.04377909524811596j)	0.27670812606811523	75.97628528528529
691	(3.5882541911301953+0.14279776055832316j)	0.2821199893951416	76.0863943943944
692	(3.5758402877998994+0.24143422593318908j)	0.29009509086608887	76.19650350350351
693	(3.5572224466412568+0.3391949626257109j)	0.27982187271118164	76.30661261261261
694	(3.531978053472491+0.4356573277318656j)	0.28088808059692383	76.41672172172173
695	(3.5005125511477493+0.5299835975969254j)	0.2860851287841797	76.52683083083083
696	(3.463143990729294+0.622239737534461j)	0.2808041572570801	76.63693993993995
697	(3.419540210924784+0.7118988578655278j)	0.27823424339294434	76.74704904904905
698	(3.3702711582666094+0.7982317811595142j)	0.3130359649658203	76.85715815815816
699	(3.3156016568743256+0.8813707006125939j)	0.2743701934814453	76.96726726726727
700	(3.2553125576681894+0.9607078660173168j)	0.2842869758605957	77.07737637637638
701	(3.190110483483912+1.0356759823934358j)	0.2846240997314453	77.1874854854855
702	(3.1202019107954775+1.10645596116718j)	0.28768014907836914	77.2975945945946
703	(3.045507058251124+1.1724059144684205j)	0.32053399085998535	77.4077037037037
704	(2.9668402393212157+1.2331323389945796j)	0.31690382957458496	77.51781281281282
705	(2.8843518647334774+1.2888507933402469j)	0.3132741451263428	77.62792192192192
706	(2.798119355451681+1.3389047131806553j)	0.33652806282043457	77.73803103103103
707	(2.709025932517756+1.3830890135163438j)	0.29984474182128906	77.84814014014015
708	(2.6171632985346722+1.4216257556387857j)	0.3162839412689209	77.95824924924925
709	(2.522764877618419+1.4538690085324402j)	0.32152819633483887	78.06835835835837
710	(2.4267293536426595+1.4798067609437426j)	0.3415260314941406	78.17846746746747
711	(2.329088723765653+1.4996457877336675j)	0.337691068649292	78.28857657657657
712	(2.2302140113988616+1.512789094404001j)	0.33809590339660645	78.39868568568569
713	(2.1309726034877676+1.5194202091938371j)	0.3652808666229248	78.5087947947948
714	(2.0313306909550515+1.519720723419967j)	0.4079110622406006	78.61890390390391
715	(1.9317912067166179+1.5131898022050825j)	0.3195028305053711	78.72901301301302
716	(1.8331431396676203+1.5001966279433776j)	0.3347620964050293	78.83912212212212
717	(1.7353138451185346+1.4809022467684252j)	0.3102149963378906	78.94923123123124
718	(1.6389371058914155+1.4549366412877638j)	0.3029930591583252	79.05934034034034
719	(1.5446348320877228+1.4228105556669335j)	0.3122696876525879	79.16944944944946
720	(1.4523754380830693+1.3846736946565863j)	0.3020632266998291	79.27955855855856
721	(1.3628414768454886+1.340285933833229j)	0.2989659309387207	79.38966766766767
722	(1.276588652347065+1.2903098685342083j)	0.309495210647583	79.49977677677678
723	(1.1935134050063188+1.2348247114409248j)	0.30415916442871094	79.60988588588589
724	(1.1143705171809366+1.173747725773803j)	0.34046483039855957	79.719994994995
725	(1.0395494656632789+1.1078361536354462j)	0.35904717445373535	79.83010410410411
726	(0.9689481942817566+1.0371154050243672j)	0.3388991355895996	79.94021321321321
727	(0.9033253306409961+0.961667569565283j)	0.31755805015563965	80.05032232232233
728	(0.842885980290227+0.882304588693863j)	0.31110191345214844	80.16043143143143
729	(0.787532325965381+0.7990141650336632j)	0.30164194107055664	80.27054054054054
730	(0.7379902580604797+0.7120553079099357j)	0.3029959201812744	80.38064964964965
731	(0.6942740802241679+0.6222580406558211j)	0.2990598678588867	80.49075875875876
732	(0.656306858766188+0.5295900490586471j)	0.29863595962524414	80.60086786786788
733	(0.6247520706287744+0.4344789438617583j)	0.3075101375579834	80.71097697697698
734	(0.5994445439007575+0.3377353865827293j)	0.3011810779571533	80.82108608608608
735	(0.5803437287390508+0.23931049759084544j)	0.35144805908203125	80.9311951951952
736	(0.5678459119055098+0.13994364246236007j)	0.3427388668060303	81.0413043043043
737	(0.5621556194168726+0.039890773229286275j)	0.35031700134277344	81.15141341341342
738	(0.5627396519446447-0.06042368165724751j)	0.3335399627685547	81.26152252252253
739	(0.5702117184112239-0.16047167172960256j)	0.3120279312133789	81.37163163163163
740	(0.5840998679711729-0.2596201532582359j)	0.30561089515686035	81.48174074074075
741	(0.6044378215704667-0.3579227450194046j)	0.30256199836730957	81.59184984984985
742	(0.6314962577705674-0.4546175855464329j)	0.3061671257019043	81.70195895895897
743	(0.6644559362401927-0.549325040827757j)	0.30391693115234375	81.81206806806807
744	(0.7040278320864755-0.641698584769929j)	0.30774688720703125	81.92217717717718
745	(0.7496437970467361-0.7313032494124201j)	0.3050241470336914	82.0322862862863
746	(0.8008288331117974-0.8176492638282857j)	0.30893588066101074	82.1423953953954
747	(0.8576653990431808-0.9007421902798359j)	0.3059561252593994	82.25250450450451
748	(0.920049524779046-0.9797411787034931j)	0.3058750629425049	82.36261361361362
749	(0.98724262411704-1.054443661465808j)	0.3064126968383789	82.47272272272272
750	(1.059347625832653-1.124814452752854j)	0.30226993560791016	82.58283183183184
751	(1.1360803579027712-1.190046380579387j)	0.30710291862487793	82.69294094094094
752	(1.2166987070788577-1.250106198826951j)	0.3096489906311035	82.80305005005005
753	(1.3013110519205746-1.3049224950457319j)	0.30472898483276367	82.91315915915916
754	(1.3894605926137642-1.3537709988226243j)	0.3135499954223633	83.02326826826827
755	(1.4804306749812792-1.3967896213659141j)	0.3005809783935547	83.13337737737739
756	(1.5743129242924143-1.433870557340234j)	0.2993791103363037	83.24348648648649
757	(1.6704914655482166-1.464410965523038j)	0.31814002990722656	83.35359559559559
758	(1.7683010808689719-1.4887017122490225j)	0.30478382110595703	83.46370470470471
759	(1.8679415625891957-1.5064954177773167j)	0.2957940101623535	83.57381381381381
760	(1.968237357669762-1.5176349049542088j)	0.3134479522705078	83.68392292292293
761	(2.0690355577682933-1.5222353458318607j)	0.3019709587097168	83.79403203203204
762	(2.1702109408816384-1.520211946918761j)	0.3091118335723877	83.90414114114114
763	(2.270924053947792-1.5112732956935062j)	0.30009889602661133	84.01425025025026
764	(2.3707161651943838-1.495934697475129j)	0.3034939765930176	84.12435935935936
765	(2.469559821332894-1.473988095784707j)	0.3075902462005615	84.23446846846848
766	(2.566572533146148-1.4453334395025013j)	0.2985048294067383	84.34457757757758
767	(2.661438430015189-1.4105609888670148j)	0.3198068141937256	84.45468668668668
768	(2.7540764866482834-1.369464039927029j)	0.3007049560546875	84.5647957957958
769	(2.843604581581681-1.322146549547265j)	0.3059558868408203	84.6749049049049
770	(2.9298474810121373-1.2692514807418185j)	0.30541396141052246	84.78501401401402
771	(3.0126636719595794-1.2105858494176234j)	0.3023338317871094	84.89512312312313
772	(3.0912056541510062-1.1464579527033543j)	0.30524516105651855	85.00523223223223
773	(3.1779808898188793-1.0927640824417852j)	0.27558302879333496	85.11534134134135
774	(3.235149043668094-1.003610089717546j)	0.30750417709350586	85.22545045045045
775	(3.2995735104757395-0.9252117958605015j)	0.3042619228363037	85.33555955955956
776	(3.3588085642989602-0.842950618534146j)	0.3077409267425537	85.44566866866867
777	(3.412594566639143-0.756698965712274j)	0.3047521114349365	85.55577777777778
778	(3.4602837312203754-0.6670965942509706j)	0.297435998916626	85.6658868868869
779	(3.5021847312853094-0.5744361173472257j)	0.32618069648742676	85.775995995996
780	(3.5377795016561353-0.4794621310558145j)	0.2998840808868408	85.8861051051051
781	(3.566805349369745-0.38212564345061084j)	0.30292201042175293	85.99621421421422
782	(3.5897480296138333-0.28300148877540177j)	0.3024430274963379	86.10632332332332
783	(3.6056702193973758-0.1826499509602051j)	0.3145909309387207	86.21643243243244
784	(3.6148927165284306-0.08138261256410817j)	0.3041720390319824	86.32654154154154
785	(3.6175947056055073+0.020285464883128546j)	0.32878875732421875	86.43665065065065
786	(3.6137111905278587+0.12163334005967252j)	0.2991151809692383	86.54675975975977
787	(3.602681592255129+0.2232537022238903j)	0.31442880630493164	86.65686886886887
788	(3.585342711684249+0.3234746446866308j)	0.3038489818572998	86.76697797797799
789	(3.5612740510508596+0.422565414505119j)	0.3015408515930176	86.87708708708709
790	(3.530571642887747+0.5196068647192236j)	0.3033909797668457	86.9871961961962
791	(3.493756734399365+0.6144414279885284j)	0.31073927879333496	87.09730530530531
792	(3.450534866751575+0.706822410961248j)	0.3122999668121338	87.20741441441442
793	(3.4012054204459137+0.7958816847109915j)	0.2984619140625	87.31752352352353
794	(3.3462971835149964+0.8815892381664696j)	0.29773426055908203	87.42763263263264
795	(3.2855754176565384+0.9636276523578449j)	0.28420495986938477	87.53774174174174
796	(3.219533563824106+1.0412174123979467j)	0.28853416442871094	87.64785085085086
797	(3.148682701476537+1.1144407277585378j)	0.2844212055206299	87.75795995995996
798	(3.072870411281335+1.182917126528529j)	0.28606200218200684	87.86806906906907
799	(2.9927518667089306+1.2459838673565484j)	0.28499364852905273	87.97817817817818
800	(2.90879319263823+1.3038234231144317j)	0.2897369861602783	88.08828728728729
801	(2.8209253007010733+1.355999404325483j)	0.3043398857116699	88.1983963963964
802	(2.7299297938301317+1.4020089134085962j)	0.32289576530456543	88.30850550550551
803	(2.636199104284712+1.4421167481481776j)	0.2920711040496826	88.41861461461461
804	(2.5397565230009262+1.4758638175257066j)	0.2920072078704834	88.52872372372373
805	(2.4414671217136474+1.5029365949987312j)	0.28328394889831543	88.63883283283283
806	(2.341637207459857+1.5236733221154033j)	0.2868807315826416	88.74894194194195
807	(2.240393994402997+1.537621677937333j)	0.28772926330566406	88.85905105105105
808	(2.138652105052134+1.544675943969646j)	0.28417301177978516	88.96916016016016
809	(2.0366290962107714+1.545224844835611j)	0.28076910972595215	89.07926926926928
810	(1.9345654508900612+1.538846283457153j)	0.29799699783325195	89.18937837837838
811	(1.8333835785011767+1.5256421606262789j)	0.30620861053466797	89.2994874874875
812	(1.7332100980586744+1.5060197144118663j)	0.28333473205566406	89.4095965965966
813	(1.6343950090886545+1.4796036374032469j)	0.290755033493042	89.5197057057057
814	(1.5378160649574621+1.446690217521312j)	0.28328919410705566	89.62981481481482
815	(1.4435087012719383+1.4076780710571442j)	0.2828049659729004	89.73992392392393
816	(1.3519063191661616+1.362261863401348j)	0.2808098793029785	89.85003303303304
817	(1.263793516683601+1.3109182642342834j)	0.2982649803161621	89.96014214214215
818	(1.1791125258027242+1.2540195404287962j)	0.28614091873168945	90.07025125125125
819	(1.0983590659038893+1.1913589089380214j)	0.28322887420654297	90.18036036036037
820	(1.0221855847855208+1.123575564550912j)	0.28002405166625977	90.29046946946947
821	(0.9504524129579506+1.0510077901960064j)	0.28305912017822266	90.40057857857859
822	(0.8837044928933022+0.9735711437632615j)	0.28863072395324707	90.51068768768769
823	(0.8224322239496422+0.8920354029371015j)	0.2791328430175781	90.6207967967968
824	(0.76644026543555+0.806693737763748j)	0.2962977886199951	90.73090590590591
825	(0.7163012729356371+0.7175891025419114j)	0.2843739986419678	90.84101501501502
826	(0.6723256470919236+0.6255799913053568j)	0.28269505500793457	90.95112412412412
827	(0.6342924743151177+0.5308943251194602j)	0.28205299377441406	91.06123323323324
828	(0.6027600615226093+0.43370051019115763j)	0.2895960807800293	91.17134234234234
829	(0.5779653631612739+0.33505873081143933j)	0.28035521507263184	91.28145145145146
830	(0.5593106819222708+0.23462736798486608j)	0.2794649600982666	91.39156056056056
831	(0.5476625000108026+0.13319017959546992j)	0.2909691333770752	91.50166966966967
832	(0.5428243448934689+0.03147303101860613j)	0.28357672691345215	91.61177877877878
833	(0.5445220482388379-0.07044610261376544j)	0.2946000099182129	91.72188788788789
834	(0.553206654480628-0.17215506699251543j)	0.28821778297424316	91.831996996997
835	(0.5685945037408602-0.2728067860669841j)	0.28563618659973145	91.94210610610611
836	(0.5904155399287844-0.3723826033013615j)	0.3086819648742676	92.05221521521521
837	(0.6190230841990458-0.4703609040542417j)	0.3295607566833496	92.16232432432433
838	(0.6539574471081764-0.5659759492470109j)	0.3122589588165283	92.27243343343343
839	(0.6949750185083718-0.6592594792819275j)	0.2878708839416504	92.38254254254255
840	(0.742316679786275-0.7496051305906195j)	0.28870224952697754	92.49265165165166
841	(0.7953762124317464-0.8363729028979385j)	0.28258705139160156	92.60276076076076
842	(0.8539517884074482-0.9196413645222525j)	0.28145790100097656	92.71286986986988
843	(0.9181505781635796-0.9987566503123988j)	0.2895631790161133	92.82297897897898
844	(0.9872526071668727-1.0732390100824962j)	0.28432297706604004	92.9330880880881
845	(1.0610948976341736-1.1432080223551804j)	0.2843320369720459	93.0431971971972
846	(1.139637853194343-1.2079954864048577j)	0.2832159996032715	93.1533063063063
847	(1.2220647318143842-1.2673077413168743j)	0.2859048843383789	93.26341541541542
848	(1.3082711582091864-1.3212717908595781j)	0.33016180992126465	93.37352452452453
849	(1.3980397491760232-1.3692487347482074j)	0.3069150447845459	93.48363363363363
850	(1.4905216085223096-1.411116731290778j)	0.31081199645996094	93.59374274274275
851	(1.5856337055651524-1.4470188330124976j)	0.30507898330688477	93.70385185185185
852	(1.683028159037034-1.476343984635257j)	0.30582714080810547	93.81396096096097
853	(1.781854235817061-1.4991584533375546j)	0.30565309524536133	93.92407007007007
854	(1.8820254647138088-1.5152085224520075j)	0.286484956741333	94.03417917917918
855	(1.9832118543143067-1.5251149265241093j)	0.3078880310058594	94.1442882882883
856	(2.08447429636725-1.5279670621508739j)	0.34099411964416504	94.2543973973974
857	(2.185846964120694-1.5242805530515027j)	0.3547067642211914	94.36450650650652
858	(2.286761258527426-1.5136236814903228j)	0.36403822898864746	94.47461561561562
859	(2.386500861732867-1.4964218957707693j)	0.3162670135498047	94.58472472472472
860	(2.485093891593521-1.4727750882089103j)	0.3015258312225342	94.69483383383384
861	(2.5818638578002866-1.4424094891173518j)	0.2991809844970703	94.80494294294294
862	(2.6762122238107797-1.4058914917166885j)	0.31073474884033203	94.91505205205206
863	(2.7681762509165724-1.3632954019514036j)	0.3061227798461914	95.02516116116117
864	(2.8570167621946108-1.314502281721768j)	0.31187009811401367	95.13527027027027
865	(2.9422718629477647-1.2601850761962494j)	0.3034796714782715	95.24537937937939
866	(3.0239788976911126-1.2003841915271802j)	0.30149102210998535	95.35548848848849
867	(3.1013779026026445-1.1351403417116324j)	0.30721497535705566	95.46559759759761
868	(3.1741738404886948-1.0651923265623677j)	0.30701708793640137	95.57570670670671
869	(3.242396720868088-0.9905494188420003j)	0.309589147567749	95.68581581581581
870	(3.3052773898534156-0.911503357592174j)	0.30405712127685547	95.79592492492493
871	(3.362809113740361-0.828566218008953j)	0.3038780689239502	95.90603403403404
872	(3.4149053202309667-0.7419916469773138j)	0.30278515815734863	96.01614314314314
873	(3.4609306178847548-0.6520612326113125j)	0.3091471195220947	96.12625225225226
874	(3.5009444480399616-0.5595507430672968j)	0.3127896785736084	96.23636136136136
875	(3.5349511563659544-0.46444667429507636j)	0.3043181896209717	96.34647047047048
876	(3.562365925059384-0.3672714008857111j)	0.30361509323120117	96.45657957957958
877	(3.583409370938455-0.268762922802685j)	0.3240690231323242	96.56668868868869
878	(3.5982092193983926-0.16896439908424954j)	0.29851436614990234	96.6767977977978
879	(3.6058381867776004-0.06834941397993521j)	0.31417202949523926	96.7869069069069
880	(3.6071190377653637+0.03225390137237483j)	0.3124058246612549	96.89701601601602
881	(3.6018429493245168+0.13291365216319795j)	0.3110768795013428	97.00712512512513
882	(3.589689756879581+0.23289759816623845j)	0.3066551685333252	97.11723423423423
883	(3.571152500663244+0.33166271864255203j)	0.3013770580291748	97.22734334334335
884	(3.546156531345476+0.4292096265512131j)	0.30826425552368164	97.33745245245245
885	(3.5145570293283828+0.5247505142337903j)	0.3062708377838135	97.44756156156157
886	(3.4769478819638415+0.6178733043486077j)	0.3073112964630127	97.55767067067067
887	(3.4332499261520817+0.7085529776555317j)	0.3146951198577881	97.66777977977978
888	(3.383496463534178+0.7959720077030334j)	0.30776429176330566	97.7778888888889
889	(3.3283554940945708+0.8798636912399413j)	0.2983880043029785	97.887997997998
890	(3.267736341395131+0.9601602995777789j)	0.30890965461730957	97.99810710710712
891	(3.2018185849690166+1.0359443954359575j)	0.3728618621826172	98.10821621621622
892	(3.1313995616718144+1.1074501059913406j)	0.5371830463409424	98.21832532532532
893	(3.056277347640224+1.174215307204852j)	0.41451287269592285	98.32843443443444
894	(2.9771708252856164+1.235535460097621j)	0.29406118392944336	98.43854354354355
895	(2.893855869124107+1.2917054020424814j)	0.3126487731933594	98.54865265265265
896	(2.8071525709398775+1.3423290691421124j)	0.30495119094848633	98.65876176176177
897	(2.7172965917099643+1.3868591855591148j)	0.3130819797515869	98.76887087087087
898	(2.6249255250543646+1.4254833739025115j)	0.3072528839111328	98.87897997997999
899	(2.5299920339061632+1.4580358450587738j)	0.309643030166626	98.98908908908909
900	(2.4331695609632327+1.4840204621076394j)	0.3025219440460205	99.0991981981982
901	(2.335098515188888+1.5040155555061816j)	0.32063889503479004	99.20930730730731
902	(2.2355771010500796+1.517043944607202j)	0.35176610946655273	99.31941641641642
903	(2.1358419905549297+1.5236671975400269j)	0.33289003372192383	99.42952552552553
904	(2.0355314925972783+1.52367797303803j)	0.308560848236084	99.53963463463464
905	(1.9354712610120068+1.5172253674397032j)	0.30895209312438965	99.64974374374374
906	(1.836237513358254+1.504013892943072j)	0.2999851703643799	99.75985285285286
907	(1.738196670936738+1.4845409665120448j)	0.29921913146972656	99.86996196196196
908	(1.641443293488274+1.4585842057084923j)	0.3231339454650879	99.98007107107108
909	(1.5468538286380802+1.4262436069848519j)	0.2873969078063965	100.09018018018018
910	(1.454585864427413+1.387814018241331j)	0.3070089817047119	100.20028928928929
911	(1.3648653671451496+1.3433507154484412j)	0.3089179992675781	100.3103983983984
912	(1.2784939700042486+1.2929732100003712j)	0.30230188369750977	100.42050750750751
913	(1.1955760339877577+1.2372653725749994j)	0.306502103805542	100.53061661661663
914	(1.116402353234354+1.1760431672091625j)	0.29724621772766113	100.64072572572573
915	(1.0415015736861866+1.1097324547057248j)	0.3143138885498047	100.75083483483483
916	(0.9710996848103778+1.0388760548948404j)	0.30242300033569336	100.86094394394395
917	(0.9053823251755599+0.9633542196598228j)	0.30066514015197754	100.97105305305305
918	(0.8450241144216217+0.8837151859445678j)	0.3121907711029053	101.08116216216216
919	(0.7898908363678407+0.8004930143150798j)	0.30254197120666504	101.19127127127128
920	(0.7402929688091477+0.7136133965696005j)	0.3501150608062744	101.30138038038038
921	(0.6967683698805058+0.6237488921862637j)	0.34284114837646484	101.4114894894895
922	(0.6590688476390634+0.5313728545356868j)	0.3023369312286377	101.5215985985986
923	(0.6275300180481441+0.4364704831722663j)	0.3014030456542969	101.6317077077077
924	(0.6025185311199293+0.33982331743270805j)	0.3056788444519043	101.74181681681682
925	(0.5836950592238611+0.24182748021163852j)	0.300487756729126	101.85192592592593
926	(0.5714010436490863+0.14255768650911999j)	0.3067457675933838	101.96203503503504
927	(0.5658223067480057+0.0428598119745314j)	0.30302882194519043	102.07214414414415
928	(0.5665561214053149-0.05695587728940953j)	0.3042292594909668	102.18225325325325
929	(0.5739386782378626-0.15672947836349524j)	0.30008506774902344	102.29236236236237
930	(0.5879709623347804-0.25558430283269584j)	0.30414915084838867	102.40247147147147
931	(0.6082146949606646-0.3533122017831827j)	0.3048989772796631	102.51258058058059
932	(0.6349876673289545-0.44967294718857787j)	0.3056058883666992	102.6226896896897
933	(0.6681079427492459-0.5438158973612083j)	0.2996540069580078	102.7327987987988
934	(0.707111625316549-0.6356412269600378j)	0.3661010265350342	102.84290790790791
935	(0.7522803372975247-0.7248404070942179j)	0.34622716903686523	102.95301701701702
936	(0.8032396661846999-0.8106291769271525j)	0.312546968460083	103.06312612612614
937	(0.8595419748307586-0.8930180746902949j)	0.30499720573425293	103.17323523523524
938	(0.921381884890851-0.9716308175894065j)	0.3297090530395508	103.28334434434434
939	(0.9880292411781344-1.0460738057368808j)	0.30950403213500977	103.39345345345346
940	(1.0596276448661324-1.1155805933583811j)	0.3017699718475342	103.50356256256256
941	(1.1357162897119977-1.1805861137476774j)	0.3035440444946289	103.61367167167167
942	(1.215806620238161-1.2401848940663898j)	0.30260705947875977	103.72378078078079
943	(1.2995169955674062-1.29473722614052j)	0.3157191276550293	103.83388988988989
944	(1.3868686209488243-1.3435384424239092j)	0.3053469657897949	103.943998998999
945	(1.4770755377683091-1.3864039764636167j)	0.31146693229675293	104.05410810810811
946	(1.56983874577441-1.4234236069473942j)	0.298997163772583	104.16421721721721
947	(1.6650676995841014-1.454168334224365j)	0.30107903480529785	104.27432632632633
948	(1.7619250982951282-1.4784299266334042j)	0.29941487312316895	104.38443543543544
949	(1.8601820579285482-1.4964974607563195j)	0.3171730041503906	104.49454454454455
950	(1.9596412356228756-1.5079166769849008j)	0.3077881336212158	104.60465365365366
951	(2.0594354474003302-1.5126749698118975j)	0.30304622650146484	104.71476276276276
952	(2.1594123565900305-1.5110945439633792j)	0.3007330894470215	104.82487187187188
953	(2.2592623851675078-1.5027632948433933j)	0.34816527366638184	104.93498098098098
954	(2.358128770582981-1.4878590977296469j)	0.2980520725250244	105.0450900900901
955	(2.45593297697542-1.466708224245014j)	0.30083703994750977	105.1551991991992
956	(2.5522608280695254-1.4389647203339833j)	0.30254292488098145	105.2653083083083
957	(2.646320628987155-1.4049764787633356j)	0.30318284034729004	105.37541741741742
958	(2.7381494285461523-1.3664149500628162j)	0.2926809787750244	105.48552652652653
959	(2.8271169421060787-1.3189369420806996j)	0.2990751266479492	105.59563563563565
960	(2.9126768452238325-1.267132845891286j)	0.30611300468444824	105.70574474474475
961	(2.9948427768206027-1.2099245952814361j)	0.3008859157562256	105.81585385385385
962	(3.0730711377883666-1.1471629612978353j)	0.30154895782470703	105.92596296296297
963	(3.146812859788477-1.079494679530721j)	0.315673828125	106.03607207207207
964	(3.2161832069978535-1.0071718439677155j)	0.3016190528869629	106.14618118118119
965	(3.280605215074102-0.9301765392672112j)	0.29621195793151855	106.2562902902903
966	(3.339684821501387-0.8492623750528209j)	0.30306410789489746	106.3663993993994
967	(3.3935723152235995-0.764642904630648j)	0.30294203758239746	106.47650850850852
968	(3.4416796898244666-0.6764321021465225j)	0.3074500560760498	106.58661761761762
969	(3.483781220761679-0.5854475149900109j)	0.30821681022644043	106.69672672672672
970	(3.5200454773717684-0.49184964561970906j)	0.30275774002075195	106.80683583583584
971	(3.549907709753471-0.39587969263312056j)	0.29703688621520996	106.91694494494494
972	(3.573322591304594-0.29837456187188033j)	0.30272912979125977	107.02705405405406
973	(3.5904746640281684-0.19943425586726848j)	0.3140888214111328	107.13716316316317
974	(3.600855696093555-0.09942608394342511j)	0.30344581604003906	107.24727227227227
975	(3.6046100815943656+0.0008409815077982108j)	0.3021829128265381	107.35738138138139
976	(3.6019281040148736+0.10131053734438844j)	0.30647897720336914	107.46749049049049
977	(3.5923923394942103+0.20150353851573377j)	0.3027970790863037	107.57759959959961
978	(3.5763249822354615+0.30065925323281295j)	0.30716681480407715	107.68770870870871
979	(3.5539089385203524+0.3987615822124843j)	0.30414414405822754	107.79781781781782
980	(3.5248369691375063+0.4952305215683301j)	0.31229090690612793	107.90792692692693
981	(3.4884588875244624+0.5892250045909602j)	0.2895650863647461	108.01803603603604
982	(3.4483072919825397+0.6812633192893958j)	0.2987370491027832	108.12814514514515
983	(3.4008237130071084+0.7701898575147915j)	0.30823802947998047	108.23825425425426
984	(3.3477380303035558+0.8556086621230746j)	0.3046450614929199	108.34836336336336
985	(3.289162342261933+0.9376153959357085j)	0.301131010055542	108.45847247247248
986	(3.225067523317199+1.0154724024896487j)	0.31262803077697754	108.56858158158158
987	(3.1561472515316042+1.0888063800141534j)	0.3045830726623535	108.6786906906907
988	(3.082495526313484+1.1576778815301552j)	0.30135607719421387	108.7887997997998
989	(3.0042236812169536+1.2214451153496477j)	0.3055729866027832	108.89890890890891
